Man
0 0
0 0.001
0 0.002
-0.00306796 0.003
-0.00920388 0.004
-0.0122718 0.005
-0.0122718 0.006
-0.0122718 0.007
-0.0122718 0.008
-0.0122718 0.009
-0.0122718 0.01
-0.0122718 0.011
-0.0122718 0.012
-0.0122718 0.013
-0.0122718 0.014
-0.0122718 0.015
-0.0122718 0.016
-0.0122718 0.017
-0.0122718 0.018
-0.0122718 0.019
-0.0122718 0.02
-0.0122718 0.021
-0.0122718 0.022
-0.0122718 0.023
-0.0122718 0.024
-0.0122718 0.025
-0.0122718 0.026
-0.0122718 0.027
-0.0122718 0.028
-0.0122718 0.029
-0.0122718 0.03
-0.0122718 0.031
-0.0122718 0.032
-0.0122718 0.033
-0.0122718 0.034
-0.0122718 0.035
-0.0122718 0.036
-0.0122718 0.037
-0.0122718 0.038
-0.0122718 0.039
-0.0122718 0.04
-0.0122718 0.041
-0.0122718 0.042
-0.0122718 0.043
-0.0122718 0.044
-0.0122718 0.045
-0.0122718 0.046
-0.0122718 0.047
-0.0122718 0.048
-0.0122718 0.049
-0.0122718 0.05
-0.0122718 0.051
-0.0122718 0.052
-0.0122718 0.053
-0.0122718 0.054
-0.0122718 0.055
-0.0122718 0.056
-0.0122718 0.057
-0.0122718 0.058
-0.0122718 0.059
-0.0122718 0.06
-0.0122718 0.061
-0.0122718 0.062
-0.0122718 0.063
-0.0122718 0.064
-0.0122718 0.065
-0.0122718 0.066
-0.0122718 0.067
-0.0122718 0.068
-0.0122718 0.069
-0.0122718 0.07
-0.0122718 0.071
-0.0122718 0.072
-0.0122718 0.073
-0.0122718 0.074
-0.0122718 0.075
-0.0122718 0.076
-0.0122718 0.077
-0.0122718 0.078
-0.0122718 0.079
-0.0122718 0.08
-0.0122718 0.081
-0.0122718 0.082
-0.0122718 0.083
-0.0122718 0.084
-0.0122718 0.085
-0.0122718 0.086
-0.0122718 0.087
-0.0122718 0.088
-0.0122718 0.089
-0.0122718 0.09
-0.0122718 0.091
-0.0122718 0.092
-0.0122718 0.093
-0.0122718 0.094
-0.0122718 0.095
-0.0122718 0.096
-0.0122718 0.097
-0.0122718 0.098
-0.0122718 0.099
-0.110447 0.1
-0.306796 0.101
-0.439294 0.102
-0.507939 0.103
-0.542262 0.104
-0.554534 0.105
-0.579078 0.106
-0.59135 0.107
-0.59135 0.108
-0.59135 0.109
-0.59135 0.11
-0.59135 0.111
-0.59135 0.112
-0.59135 0.113
-0.59135 0.114
-0.59135 0.115
-0.59135 0.116
-0.59135 0.117
-0.59135 0.118
-0.59135 0.119
-0.59135 0.12
-0.59135 0.121
-0.59135 0.122
-0.59135 0.123
-0.59135 0.124
-0.59135 0.125
-0.59135 0.126
-0.59135 0.127
-0.59135 0.128
-0.59135 0.129
-0.59135 0.13
-0.59135 0.131
-0.59135 0.132
-0.59135 0.133
-0.59135 0.134
-0.59135 0.135
-0.59135 0.136
-0.59135 0.137
-0.59135 0.138
-0.59135 0.139
-0.59135 0.14
-0.59135 0.141
-0.59135 0.142
-0.59135 0.143
-0.59135 0.144
-0.59135 0.145
-0.59135 0.146
-0.59135 0.147
-0.59135 0.148
-0.59135 0.149
-0.59135 0.15
-0.59135 0.151
-0.59135 0.152
-0.59135 0.153
-0.59135 0.154
-0.59135 0.155
-0.59135 0.156
-0.59135 0.157
-0.59135 0.158
-0.59135 0.159
-0.59135 0.16
-0.59135 0.161
-0.59135 0.162
-0.59135 0.163
-0.59135 0.164
-0.59135 0.165
-0.59135 0.166
-0.59135 0.167
-0.59135 0.168
-0.59135 0.169
-0.59135 0.17
-0.59135 0.171
-0.59135 0.172
-0.59135 0.173
-0.59135 0.174
-0.59135 0.175
-0.59135 0.176
-0.59135 0.177
-0.59135 0.178
-0.59135 0.179
-0.59135 0.18
-0.59135 0.181
-0.59135 0.182
-0.59135 0.183
-0.59135 0.184
-0.59135 0.185
-0.59135 0.186
-0.59135 0.187
-0.59135 0.188
-0.59135 0.189
-0.59135 0.19
-0.59135 0.191
-0.59135 0.192
-0.59135 0.193
-0.59135 0.194
-0.59135 0.195
-0.59135 0.196
-0.59135 0.197
-0.59135 0.198
-0.59135 0.199
-0.59135 0.2
-0.59135 0.201
-0.59135 0.202
-0.59135 0.203
-0.59135 0.204
-0.59135 0.205
-0.59135 0.206
-0.59135 0.207
-0.59135 0.208
-0.59135 0.209
-0.59135 0.21
-0.59135 0.211
-0.59135 0.212
-0.59135 0.213
-0.59135 0.214
-0.59135 0.215
-0.59135 0.216
-0.59135 0.217
-0.59135 0.218
-0.59135 0.219
-0.59135 0.22
-0.59135 0.221
-0.59135 0.222
-0.59135 0.223
-0.59135 0.224
-0.59135 0.225
-0.59135 0.226
-0.59135 0.227
-0.59135 0.228
-0.59135 0.229
-0.59135 0.23
-0.59135 0.231
-0.59135 0.232
-0.59135 0.233
-0.59135 0.234
-0.59135 0.235
-0.59135 0.236
-0.59135 0.237
-0.59135 0.238
-0.59135 0.239
-0.59135 0.24
-0.59135 0.241
-0.59135 0.242
-0.59135 0.243
-0.59135 0.244
-0.59135 0.245
-0.59135 0.246
-0.59135 0.247
-0.59135 0.248
-0.59135 0.249
-0.59135 0.25
-0.59135 0.251
-0.59135 0.252
-0.59135 0.253
-0.59135 0.254
-0.59135 0.255
-0.59135 0.256
-0.59135 0.257
-0.59135 0.258
-0.59135 0.259
-0.59135 0.26
-0.59135 0.261
-0.59135 0.262
-0.59135 0.263
-0.59135 0.264
-0.59135 0.265
-0.59135 0.266
-0.59135 0.267
-0.59135 0.268
-0.59135 0.269
-0.59135 0.27
-0.59135 0.271
-0.59135 0.272
-0.59135 0.273
-0.59135 0.274
-0.59135 0.275
-0.59135 0.276
-0.59135 0.277
-0.59135 0.278
-0.59135 0.279
-0.59135 0.28
-0.59135 0.281
-0.59135 0.282
-0.59135 0.283
-0.59135 0.284
-0.59135 0.285
-0.59135 0.286
-0.59135 0.287
-0.59135 0.288
-0.59135 0.289
-0.59135 0.29
-0.59135 0.291
-0.59135 0.292
-0.59135 0.293
-0.59135 0.294
-0.59135 0.295
-0.59135 0.296
-0.59135 0.297
-0.59135 0.298
-0.59135 0.299
-0.59135 0.3
-0.59135 0.301
-0.59135 0.302
-0.59135 0.303
-0.59135 0.304
-0.59135 0.305
-0.59135 0.306
-0.59135 0.307
-0.59135 0.308
-0.59135 0.309
-0.59135 0.31
-0.59135 0.311
-0.59135 0.312
-0.59135 0.313
-0.59135 0.314
-0.59135 0.315
-0.59135 0.316
-0.59135 0.317
-0.59135 0.318
-0.59135 0.319
-0.59135 0.32
-0.59135 0.321
-0.59135 0.322
-0.59135 0.323
-0.59135 0.324
-0.59135 0.325
-0.59135 0.326
-0.59135 0.327
-0.59135 0.328
-0.59135 0.329
-0.59135 0.33
-0.59135 0.331
-0.59135 0.332
-0.59135 0.333
-0.59135 0.334
-0.59135 0.335
-0.59135 0.336
-0.59135 0.337
-0.59135 0.338
-0.59135 0.339
-0.59135 0.34
-0.59135 0.341
-0.59135 0.342
-0.59135 0.343
-0.59135 0.344
-0.59135 0.345
-0.59135 0.346
-0.59135 0.347
-0.59135 0.348
-0.59135 0.349
-0.59135 0.35
-0.59135 0.351
-0.59135 0.352
-0.59135 0.353
-0.59135 0.354
-0.59135 0.355
-0.59135 0.356
-0.59135 0.357
-0.59135 0.358
-0.59135 0.359
-0.59135 0.36
-0.59135 0.361
-0.59135 0.362
-0.59135 0.363
-0.59135 0.364
-0.59135 0.365
-0.59135 0.366
-0.59135 0.367
-0.59135 0.368
-0.59135 0.369
-0.59135 0.37
-0.59135 0.371
-0.59135 0.372
-0.59135 0.373
-0.59135 0.374
-0.59135 0.375
-0.59135 0.376
-0.59135 0.377
-0.59135 0.378
-0.59135 0.379
-0.59135 0.38
-0.59135 0.381
-0.59135 0.382
-0.59135 0.383
-0.59135 0.384
-0.59135 0.385
-0.59135 0.386
-0.59135 0.387
-0.59135 0.388
-0.59135 0.389
-0.59135 0.39
-0.59135 0.391
-0.59135 0.392
-0.59135 0.393
-0.59135 0.394
-0.59135 0.395
-0.59135 0.396
-0.59135 0.397
-0.59135 0.398
-0.59135 0.399
-0.59135 0.4
-0.59135 0.401
-0.59135 0.402
-0.59135 0.403
-0.59135 0.404
-0.59135 0.405
-0.59135 0.406
-0.59135 0.407
-0.59135 0.408
-0.59135 0.409
-0.59135 0.41
-0.59135 0.411
-0.59135 0.412
-0.59135 0.413
-0.59135 0.414
-0.59135 0.415
-0.59135 0.416
-0.59135 0.417
-0.59135 0.418
-0.59135 0.419
-0.59135 0.42
-0.59135 0.421
-0.59135 0.422
-0.59135 0.423
-0.59135 0.424
-0.59135 0.425
-0.59135 0.426
-0.59135 0.427
-0.59135 0.428
-0.59135 0.429
-0.59135 0.43
-0.59135 0.431
-0.59135 0.432
-0.59135 0.433
-0.59135 0.434
-0.59135 0.435
-0.59135 0.436
-0.59135 0.437
-0.59135 0.438
-0.59135 0.439
-0.59135 0.44
-0.59135 0.441
-0.59135 0.442
-0.59135 0.443
-0.59135 0.444
-0.59135 0.445
-0.59135 0.446
-0.59135 0.447
-0.59135 0.448
-0.59135 0.449
-0.59135 0.45
-0.59135 0.451
-0.59135 0.452
-0.59135 0.453
-0.59135 0.454
-0.59135 0.455
-0.59135 0.456
-0.59135 0.457
-0.59135 0.458
-0.59135 0.459
-0.59135 0.46
-0.59135 0.461
-0.59135 0.462
-0.59135 0.463
-0.59135 0.464
-0.59135 0.465
-0.59135 0.466
-0.59135 0.467
-0.59135 0.468
-0.59135 0.469
-0.59135 0.47
-0.59135 0.471
-0.59135 0.472
-0.59135 0.473
-0.59135 0.474
-0.59135 0.475
-0.59135 0.476
-0.59135 0.477
-0.59135 0.478
-0.59135 0.479
-0.59135 0.48
-0.59135 0.481
-0.59135 0.482
-0.59135 0.483
-0.59135 0.484
-0.59135 0.485
-0.59135 0.486
-0.59135 0.487
-0.59135 0.488
-0.59135 0.489
-0.59135 0.49
-0.59135 0.491
-0.59135 0.492
-0.59135 0.493
-0.59135 0.494
-0.59135 0.495
-0.59135 0.496
-0.59135 0.497
-0.59135 0.498
-0.59135 0.499
-0.59135 0.5
-0.59135 0.501
-0.59135 0.502
-0.59135 0.503
-0.59135 0.504
-0.59135 0.505
-0.59135 0.506
-0.59135 0.507
-0.59135 0.508
-0.59135 0.509
-0.59135 0.51
-0.59135 0.511
-0.59135 0.512
-0.59135 0.513
-0.59135 0.514
-0.59135 0.515
-0.59135 0.516
-0.59135 0.517
-0.59135 0.518
-0.59135 0.519
-0.59135 0.52
-0.59135 0.521
-0.59135 0.522
-0.59135 0.523
-0.59135 0.524
-0.59135 0.525
-0.59135 0.526
-0.59135 0.527
-0.59135 0.528
-0.59135 0.529
-0.59135 0.53
-0.59135 0.531
-0.59135 0.532
-0.59135 0.533
-0.59135 0.534
-0.59135 0.535
-0.59135 0.536
-0.59135 0.537
-0.59135 0.538
-0.59135 0.539
-0.59135 0.54
-0.59135 0.541
-0.59135 0.542
-0.59135 0.543
-0.59135 0.544
-0.59135 0.545
-0.59135 0.546
-0.59135 0.547
-0.59135 0.548
-0.59135 0.549
-0.59135 0.55
-0.59135 0.551
-0.59135 0.552
-0.59135 0.553
-0.59135 0.554
-0.59135 0.555
-0.59135 0.556
-0.59135 0.557
-0.59135 0.558
-0.59135 0.559
-0.59135 0.56
-0.59135 0.561
-0.59135 0.562
-0.59135 0.563
-0.59135 0.564
-0.59135 0.565
-0.59135 0.566
-0.59135 0.567
-0.59135 0.568
-0.59135 0.569
-0.59135 0.57
-0.59135 0.571
-0.59135 0.572
-0.59135 0.573
-0.59135 0.574
-0.59135 0.575
-0.59135 0.576
-0.59135 0.577
-0.59135 0.578
-0.59135 0.579
-0.59135 0.58
-0.59135 0.581
-0.59135 0.582
-0.59135 0.583
-0.59135 0.584
-0.59135 0.585
-0.59135 0.586
-0.59135 0.587
-0.59135 0.588
-0.59135 0.589
-0.59135 0.59
-0.59135 0.591
-0.59135 0.592
-0.59135 0.593
-0.59135 0.594
-0.59135 0.595
-0.59135 0.596
-0.59135 0.597
-0.59135 0.598
-0.59135 0.599
-0.59135 0.6
-0.59135 0.601
-0.59135 0.602
-0.59135 0.603
-0.59135 0.604
-0.59135 0.605
-0.59135 0.606
-0.59135 0.607
-0.59135 0.608
-0.59135 0.609
-0.59135 0.61
-0.59135 0.611
-0.59135 0.612
-0.59135 0.613
-0.59135 0.614
-0.59135 0.615
-0.59135 0.616
-0.59135 0.617
-0.59135 0.618
-0.59135 0.619
-0.59135 0.62
-0.59135 0.621
-0.59135 0.622
-0.59135 0.623
-0.59135 0.624
-0.59135 0.625
-0.59135 0.626
-0.59135 0.627
-0.59135 0.628
-0.59135 0.629
-0.59135 0.63
-0.59135 0.631
-0.59135 0.632
-0.59135 0.633
-0.59135 0.634
-0.59135 0.635
-0.59135 0.636
-0.59135 0.637
-0.59135 0.638
-0.59135 0.639
-0.59135 0.64
-0.59135 0.641
-0.59135 0.642
-0.59135 0.643
-0.59135 0.644
-0.59135 0.645
-0.59135 0.646
-0.59135 0.647
-0.59135 0.648
-0.59135 0.649
-0.59135 0.65
-0.59135 0.651
-0.59135 0.652
-0.59135 0.653
-0.59135 0.654
-0.59135 0.655
-0.59135 0.656
-0.59135 0.657
-0.59135 0.658
-0.59135 0.659
-0.59135 0.66
-0.59135 0.661
-0.59135 0.662
-0.59135 0.663
-0.59135 0.664
-0.59135 0.665
-0.59135 0.666
-0.59135 0.667
-0.59135 0.668
-0.59135 0.669
-0.59135 0.67
-0.59135 0.671
-0.59135 0.672
-0.59135 0.673
-0.59135 0.674
-0.59135 0.675
-0.59135 0.676
-0.59135 0.677
-0.59135 0.678
-0.59135 0.679
-0.59135 0.68
-0.59135 0.681
-0.59135 0.682
-0.59135 0.683
-0.59135 0.684
-0.59135 0.685
-0.59135 0.686
-0.59135 0.687
-0.59135 0.688
-0.59135 0.689
-0.59135 0.69
-0.59135 0.691
-0.59135 0.692
-0.59135 0.693
-0.59135 0.694
-0.59135 0.695
-0.59135 0.696
-0.59135 0.697
-0.59135 0.698
-0.59135 0.699
-0.59135 0.7
-0.59135 0.701
-0.59135 0.702
-0.59135 0.703
-0.59135 0.704
-0.59135 0.705
-0.59135 0.706
-0.59135 0.707
-0.59135 0.708
-0.59135 0.709
-0.59135 0.71
-0.59135 0.711
-0.59135 0.712
-0.59135 0.713
-0.59135 0.714
-0.59135 0.715
-0.59135 0.716
-0.59135 0.717
-0.59135 0.718
-0.59135 0.719
-0.59135 0.72
-0.59135 0.721
-0.59135 0.722
-0.59135 0.723
-0.59135 0.724
-0.59135 0.725
-0.59135 0.726
-0.59135 0.727
-0.59135 0.728
-0.59135 0.729
-0.59135 0.73
-0.59135 0.731
-0.59135 0.732
-0.59135 0.733
-0.59135 0.734
-0.59135 0.735
-0.59135 0.736
-0.59135 0.737
-0.59135 0.738
-0.59135 0.739
-0.59135 0.74
-0.59135 0.741
-0.59135 0.742
-0.59135 0.743
-0.59135 0.744
-0.59135 0.745
-0.59135 0.746
-0.59135 0.747
-0.59135 0.748
-0.59135 0.749
-0.59135 0.75
-0.59135 0.751
-0.59135 0.752
-0.59135 0.753
-0.59135 0.754
-0.59135 0.755
-0.59135 0.756
-0.59135 0.757
-0.59135 0.758
-0.59135 0.759
-0.59135 0.76
-0.59135 0.761
-0.59135 0.762
-0.59135 0.763
-0.59135 0.764
-0.59135 0.765
-0.59135 0.766
-0.59135 0.767
-0.59135 0.768
-0.59135 0.769
-0.59135 0.77
-0.59135 0.771
-0.59135 0.772
-0.59135 0.773
-0.59135 0.774
-0.59135 0.775
-0.59135 0.776
-0.59135 0.777
-0.59135 0.778
-0.59135 0.779
-0.59135 0.78
-0.59135 0.781
-0.59135 0.782
-0.59135 0.783
-0.59135 0.784
-0.59135 0.785
-0.59135 0.786
-0.59135 0.787
-0.59135 0.788
-0.59135 0.789
-0.59135 0.79
-0.59135 0.791
-0.59135 0.792
-0.59135 0.793
-0.59135 0.794
-0.59135 0.795
-0.59135 0.796
-0.59135 0.797
-0.59135 0.798
-0.59135 0.799
-0.59135 0.8
-0.59135 0.801
-0.59135 0.802
-0.59135 0.803
-0.59135 0.804
-0.59135 0.805
-0.59135 0.806
-0.59135 0.807
-0.59135 0.808
-0.59135 0.809
-0.59135 0.81
-0.59135 0.811
-0.59135 0.812
-0.59135 0.813
-0.59135 0.814
-0.59135 0.815
-0.59135 0.816
-0.59135 0.817
-0.59135 0.818
-0.59135 0.819
-0.59135 0.82
-0.59135 0.821
-0.59135 0.822
-0.59135 0.823
-0.59135 0.824
-0.59135 0.825
-0.59135 0.826
-0.59135 0.827
-0.59135 0.828
-0.59135 0.829
-0.59135 0.83
-0.59135 0.831
-0.59135 0.832
-0.59135 0.833
-0.59135 0.834
-0.59135 0.835
-0.59135 0.836
-0.59135 0.837
-0.59135 0.838
-0.59135 0.839
-0.59135 0.84
-0.59135 0.841
-0.59135 0.842
-0.59135 0.843
-0.59135 0.844
-0.59135 0.845
-0.59135 0.846
-0.59135 0.847
-0.59135 0.848
-0.59135 0.849
-0.59135 0.85
-0.59135 0.851
-0.59135 0.852
-0.59135 0.853
-0.59135 0.854
-0.59135 0.855
-0.59135 0.856
-0.59135 0.857
-0.59135 0.858
-0.59135 0.859
-0.59135 0.86
-0.59135 0.861
-0.59135 0.862
-0.59135 0.863
-0.59135 0.864
-0.59135 0.865
-0.59135 0.866
-0.59135 0.867
-0.59135 0.868
-0.59135 0.869
-0.59135 0.87
-0.59135 0.871
-0.59135 0.872
-0.59135 0.873
-0.59135 0.874
-0.59135 0.875
-0.59135 0.876
-0.59135 0.877
-0.59135 0.878
-0.59135 0.879
-0.591541 0.88
-0.591925 0.881
-0.59113 0.882
-0.601624 0.883
-0.598808 0.884
-0.600728 0.885
-0.599245 0.886
-0.600448 0.887
-0.599448 0.888
-0.598375 0.889
-0.599587 0.89
-0.598205 0.891
-0.599806 0.892
-0.597902 0.893
-0.600276 0.894
-0.59698 0.895
-0.604606 0.896
-0.605606 0.897
-0.604606 0.898
-0.603558 0.899
-0.604558 0.9
-0.605654 0.901
-0.606654 0.902
-0.607791 0.903
-0.608887 0.904
-0.609887 0.905
-0.611024 0.906
-0.61212 0.907
-0.61312 0.908
-0.614257 0.909
-0.615353 0.91
-0.616353 0.911
-0.61749 0.912
-0.618586 0.913
-0.619586 0.914
-0.620723 0.915
-0.621819 0.916
-0.622819 0.917
-0.623956 0.918
-0.625052 0.919
-0.626052 0.92
-0.627189 0.921
-0.628285 0.922
-0.629285 0.923
-0.630422 0.924
-0.631518 0.925
-0.632518 0.926
-0.633655 0.927
-0.634751 0.928
-0.635751 0.929
-0.636888 0.93
-0.637984 0.931
-0.638984 0.932
-0.640121 0.933
-0.641217 0.934
-0.642217 0.935
-0.643354 0.936
-0.64445 0.937
-0.64545 0.938
-0.646587 0.939
-0.647683 0.94
-0.648683 0.941
-0.64982 0.942
-0.650916 0.943
-0.651916 0.944
-0.653053 0.945
-0.654149 0.946
-0.655149 0.947
-0.656286 0.948
-0.657382 0.949
-0.658382 0.95
-0.659519 0.951
-0.660615 0.952
-0.661615 0.953
-0.662752 0.954
-0.663848 0.955
-0.664848 0.956
-0.665985 0.957
-0.667081 0.958
-0.668081 0.959
-0.669218 0.96
-0.670314 0.961
-0.671314 0.962
-0.672451 0.963
-0.673547 0.964
-0.674547 0.965
-0.675684 0.966
-0.67678 0.967
-0.67778 0.968
-0.678917 0.969
-0.680013 0.97
-0.681013 0.971
-0.68215 0.972
-0.683246 0.973
-0.684246 0.974
-0.685383 0.975
-0.686479 0.976
-0.687479 0.977
-0.688616 0.978
-0.689712 0.979
-0.690712 0.98
-0.691849 0.981
-0.692945 0.982
-0.693945 0.983
-0.695076 0.984
-0.696158 0.985
-0.697158 0.986
-0.69826 0.987
-0.699265 0.988
-0.700265 0.989
-0.708091 0.99
-0.704481 0.991
-0.707126 0.992
-0.704973 0.993
-0.706812 0.994
-0.705198 0.995
-0.706639 0.996
-0.705337 0.997
-0.706523 0.998
-0.705436 0.999
-0.706436 1


Shark
3.14159 1.5
3.13759 1.4995
3.13359 1.499
3.12959 1.4985
3.12559 1.498
3.12159 1.4975
3.11759 1.497
3.11359 1.4965
3.10959 1.496
3.10559 1.4955
3.10159 1.495
3.09759 1.4945
3.09359 1.494
3.08959 1.4935
3.08559 1.493
3.08159 1.4925
3.07759 1.492
3.07359 1.4915
3.06959 1.491
3.06559 1.4905
3.06159 1.49
3.05759 1.4895
3.05359 1.489
3.04959 1.4885
3.04559 1.488
3.04159 1.4875
3.03759 1.487
3.03359 1.4865
3.02959 1.486
3.02559 1.4855
3.02159 1.485
3.01759 1.4845
3.01359 1.484
3.00959 1.4835
3.00559 1.483
3.00159 1.4825
2.99759 1.482
2.99359 1.4815
2.98959 1.481
2.98559 1.4805
2.98159 1.48
2.97759 1.4795
2.97359 1.479
2.96959 1.4785
2.96559 1.478
2.96159 1.4775
2.95759 1.477
2.95359 1.4765
2.94959 1.476
2.94559 1.4755
2.94159 1.475
2.93759 1.4745
2.93359 1.474
2.92959 1.4735
2.92559 1.473
2.92159 1.4725
2.91759 1.472
2.91359 1.4715
2.90959 1.471
2.90559 1.4705
2.90159 1.47
2.89759 1.4695
2.89359 1.469
2.88959 1.4685
2.88559 1.468
2.88159 1.4675
2.87759 1.467
2.87359 1.4665
2.86959 1.466
2.86559 1.4655
2.86159 1.465
2.85759 1.4645
2.85359 1.464
2.84959 1.4635
2.84559 1.463
2.84159 1.4625
2.83759 1.462
2.83359 1.4615
2.82959 1.461
2.82559 1.4605
2.82159 1.46
2.81759 1.4595
2.81359 1.459
2.80959 1.4585
2.80559 1.458
2.80159 1.4575
2.79759 1.457
2.79359 1.4565
2.78959 1.456
2.78559 1.4555
2.78159 1.455
2.77759 1.4545
2.77359 1.454
2.76959 1.4535
2.76559 1.453
2.76159 1.4525
2.75759 1.452
2.75359 1.4515
2.74959 1.451
2.74559 1.4505
2.70633 1.45
2.62742 1.4495
2.57352 1.449
2.5451 1.4485
2.53034 1.448
2.52383 1.4475
2.51273 1.447
2.50615 1.4465
2.50215 1.446
2.49815 1.4455
2.49415 1.445
2.49015 1.4445
2.48615 1.444
2.48215 1.4435
2.47815 1.443
2.47415 1.4425
2.47015 1.442
2.46615 1.4415
2.46215 1.441
2.45815 1.4405
2.45415 1.44
2.45015 1.4395
2.44615 1.439
2.44215 1.4385
2.43815 1.438
2.43415 1.4375
2.43015 1.437
2.42615 1.4365
2.42215 1.436
2.41815 1.4355
2.41415 1.435
2.41015 1.4345
2.40615 1.434
2.40215 1.4335
2.39815 1.433
2.39415 1.4325
2.39015 1.432
2.38615 1.4315
2.38215 1.431
2.37815 1.4305
2.37415 1.43
2.37015 1.4295
2.36615 1.429
2.36215 1.4285
2.35815 1.428
2.35415 1.4275
2.35015 1.427
2.34615 1.4265
2.34215 1.426
2.33815 1.4255
2.33415 1.425
2.33015 1.4245
2.32615 1.424
2.32215 1.4235
2.31815 1.423
2.31415 1.4225
2.31015 1.422
2.30615 1.4215
2.30215 1.421
2.29815 1.4205
2.29415 1.42
2.29015 1.4195
2.28615 1.419
2.28215 1.4185
2.27815 1.418
2.27415 1.4175
2.27015 1.417
2.26615 1.4165
2.26215 1.416
2.25815 1.4155
2.25415 1.415
2.25015 1.4145
2.24615 1.414
2.24215 1.4135
2.23815 1.413
2.23415 1.4125
2.23015 1.412
2.22615 1.4115
2.22215 1.411
2.21815 1.4105
2.21415 1.41
2.21015 1.4095
2.20615 1.409
2.20215 1.4085
2.19815 1.408
2.19415 1.4075
2.19015 1.407
2.18615 1.4065
2.18215 1.406
2.17815 1.4055
2.17415 1.405
2.17015 1.4045
2.16615 1.404
2.16215 1.4035
2.15815 1.403
2.15415 1.4025
2.15015 1.402
2.14615 1.4015
2.14215 1.401
2.13815 1.4005
2.13415 1.4
2.13015 1.3995
2.12615 1.399
2.12215 1.3985
2.11815 1.398
2.11415 1.3975
2.11015 1.397
2.10615 1.3965
2.10215 1.396
2.09815 1.3955
2.09415 1.395
2.09015 1.3945
2.08615 1.394
2.08215 1.3935
2.07815 1.393
2.07415 1.3925
2.07015 1.392
2.06615 1.3915
2.06215 1.391
2.05815 1.3905
2.05415 1.39
2.05015 1.3895
2.04615 1.389
2.04215 1.3885
2.03815 1.388
2.03415 1.3875
2.03015 1.387
2.02615 1.3865
2.02215 1.386
2.01815 1.3855
2.01415 1.385
2.01015 1.3845
2.00615 1.384
2.00215 1.3835
1.99815 1.383
1.99415 1.3825
1.99015 1.382
1.98615 1.3815
1.98215 1.381
1.97815 1.3805
1.97415 1.38
1.97015 1.3795
1.96615 1.379
1.96215 1.3785
1.95815 1.378
1.95415 1.3775
1.95015 1.377
1.94615 1.3765
1.94215 1.376
1.93815 1.3755
1.93415 1.375
1.93015 1.3745
1.92615 1.374
1.92215 1.3735
1.91815 1.373
1.91415 1.3725
1.91015 1.372
1.90615 1.3715
1.90215 1.371
1.89815 1.3705
1.89415 1.37
1.89015 1.3695
1.88615 1.369
1.88215 1.3685
1.87815 1.368
1.87415 1.3675
1.87015 1.367
1.86615 1.3665
1.86215 1.366
1.85815 1.3655
1.85415 1.365
1.85015 1.3645
1.84615 1.364
1.84215 1.3635
1.83815 1.363
1.83415 1.3625
1.83015 1.362
1.82615 1.3615
1.82215 1.361
1.81815 1.3605
1.81415 1.36
1.81015 1.3595
1.80615 1.359
1.80215 1.3585
1.79815 1.358
1.79415 1.3575
1.79015 1.357
1.78615 1.3565
1.78215 1.356
1.77815 1.3555
1.77415 1.355
1.77015 1.3545
1.76615 1.354
1.76215 1.3535
1.75815 1.353
1.75415 1.3525
1.75015 1.352
1.74615 1.3515
1.74215 1.351
1.73815 1.3505
1.73415 1.35
1.73015 1.3495
1.72615 1.349
1.72215 1.3485
1.71815 1.348
1.71415 1.3475
1.71015 1.347
1.70615 1.3465
1.70215 1.346
1.69815 1.3455
1.69415 1.345
1.69015 1.3445
1.68615 1.344
1.68215 1.3435
1.67815 1.343
1.67415 1.3425
1.67015 1.342
1.66615 1.3415
1.66215 1.341
1.65815 1.3405
1.65415 1.34
1.65015 1.3395
1.64615 1.339
1.64215 1.3385
1.63815 1.338
1.63415 1.3375
1.63015 1.337
1.62615 1.3365
1.62215 1.336
1.61815 1.3355
1.61415 1.335
1.61015 1.3345
1.60615 1.334
1.60215 1.3335
1.59815 1.333
1.59415 1.3325
1.59015 1.332
1.58615 1.3315
1.58215 1.331
1.57815 1.3305
1.57415 1.33
1.57015 1.3295
1.56615 1.329
1.56215 1.3285
1.55815 1.328
1.55415 1.3275
1.55015 1.327
1.54615 1.3265
1.54215 1.326
1.53815 1.3255
1.53415 1.325
1.53015 1.3245
1.52615 1.324
1.52215 1.3235
1.51815 1.323
1.51415 1.3225
1.51015 1.322
1.50615 1.3215
1.50215 1.321
1.49815 1.3205
1.49415 1.32
1.49015 1.3195
1.48615 1.319
1.48215 1.3185
1.47815 1.318
1.47415 1.3175
1.47015 1.317
1.46615 1.3165
1.46215 1.316
1.45815 1.3155
1.45415 1.315
1.45015 1.3145
1.44615 1.314
1.44215 1.3135
1.43815 1.313
1.43415 1.3125
1.43015 1.312
1.42615 1.3115
1.42215 1.311
1.41815 1.3105
1.41415 1.31
1.41015 1.3095
1.40615 1.309
1.40215 1.3085
1.39815 1.308
1.39415 1.3075
1.39015 1.307
1.38615 1.3065
1.38215 1.306
1.37815 1.3055
1.37415 1.305
1.37015 1.3045
1.36615 1.304
1.36215 1.3035
1.35815 1.303
1.35415 1.3025
1.35015 1.302
1.34615 1.3015
1.34215 1.301
1.33815 1.3005
1.33415 1.3
1.33015 1.2995
1.32615 1.299
1.32215 1.2985
1.31815 1.298
1.31415 1.2975
1.31015 1.297
1.30615 1.2965
1.30215 1.296
1.29815 1.2955
1.29415 1.295
1.29015 1.2945
1.28615 1.294
1.28215 1.2935
1.27815 1.293
1.27415 1.2925
1.27015 1.292
1.26615 1.2915
1.26215 1.291
1.25815 1.2905
1.25415 1.29
1.25015 1.2895
1.24615 1.289
1.24215 1.2885
1.23815 1.288
1.23415 1.2875
1.23015 1.287
1.22615 1.2865
1.22215 1.286
1.21815 1.2855
1.21415 1.285
1.21015 1.2845
1.20615 1.284
1.20215 1.2835
1.19815 1.283
1.19415 1.2825
1.19015 1.282
1.18615 1.2815
1.18215 1.281
1.17815 1.2805
1.17415 1.28
1.17015 1.2795
1.16615 1.279
1.16215 1.2785
1.15815 1.278
1.15415 1.2775
1.15015 1.277
1.14615 1.2765
1.14215 1.276
1.13815 1.2755
1.13415 1.275
1.13015 1.2745
1.12615 1.274
1.12215 1.2735
1.11815 1.273
1.11415 1.2725
1.11015 1.272
1.10615 1.2715
1.10215 1.271
1.09815 1.2705
1.09415 1.27
1.09015 1.2695
1.08615 1.269
1.08215 1.2685
1.07815 1.268
1.07415 1.2675
1.07015 1.267
1.06615 1.2665
1.06215 1.266
1.05815 1.2655
1.05415 1.265
1.05015 1.2645
1.04615 1.264
1.04215 1.2635
1.03815 1.263
1.03415 1.2625
1.03015 1.262
1.02615 1.2615
1.02215 1.261
1.01815 1.2605
1.01415 1.26
1.01015 1.2595
1.00615 1.259
1.00215 1.2585
0.998148 1.258
0.994148 1.2575
0.990148 1.257
0.986148 1.2565
0.982148 1.256
0.978148 1.2555
0.974148 1.255
0.970148 1.2545
0.966148 1.254
0.962148 1.2535
0.958148 1.253
0.954148 1.2525
0.950148 1.252
0.946148 1.2515
0.942148 1.251
0.938148 1.2505
0.934148 1.25
0.930148 1.2495
0.926148 1.249
0.922148 1.2485
0.918148 1.248
0.914148 1.2475
0.910148 1.247
0.906148 1.2465
0.902148 1.246
0.898148 1.2455
0.894148 1.245
0.890148 1.2445
0.886148 1.244
0.882148 1.2435
0.878148 1.243
0.874148 1.2425
0.870148 1.242
0.866148 1.2415
0.862148 1.241
0.858148 1.2405
0.854148 1.24
0.850148 1.2395
0.846148 1.239
0.842148 1.2385
0.838148 1.238
0.834148 1.2375
0.830148 1.237
0.826148 1.2365
0.822148 1.236
0.818148 1.2355
0.814148 1.235
0.810148 1.2345
0.806148 1.234
0.802148 1.2335
0.798148 1.233
0.794148 1.2325
0.790148 1.232
0.786148 1.2315
0.782148 1.231
0.778148 1.2305
0.774148 1.23
0.770148 1.2295
0.766148 1.229
0.762148 1.2285
0.758148 1.228
0.754148 1.2275
0.750148 1.227
0.746148 1.2265
0.742148 1.226
0.738148 1.2255
0.734148 1.225
0.730148 1.2245
0.726148 1.224
0.722148 1.2235
0.718148 1.223
0.714148 1.2225
0.710148 1.222
0.706148 1.2215
0.702148 1.221
0.698148 1.2205
0.694148 1.22
0.690148 1.2195
0.686148 1.219
0.682148 1.2185
0.678148 1.218
0.674148 1.2175
0.670148 1.217
0.666148 1.2165
0.662148 1.216
0.658148 1.2155
0.654148 1.215
0.650148 1.2145
0.646148 1.214
0.642148 1.2135
0.638148 1.213
0.634148 1.2125
0.630148 1.212
0.626148 1.2115
0.622148 1.211
0.618148 1.2105
0.614148 1.21
0.610148 1.2095
0.606148 1.209
0.602148 1.2085
0.598148 1.208
0.594148 1.2075
0.590148 1.207
0.586148 1.2065
0.582148 1.206
0.578148 1.2055
0.574148 1.205
0.570148 1.2045
0.566148 1.204
0.562148 1.2035
0.558148 1.203
0.554148 1.2025
0.550148 1.202
0.546148 1.2015
0.542148 1.201
0.538148 1.2005
0.534148 1.2
0.530148 1.1995
0.526148 1.199
0.522148 1.1985
0.518148 1.198
0.514148 1.1975
0.510148 1.197
0.506148 1.1965
0.502148 1.196
0.498148 1.1955
0.494148 1.195
0.490148 1.1945
0.486148 1.194
0.482148 1.1935
0.478148 1.193
0.474148 1.1925
0.470148 1.192
0.466148 1.1915
0.462148 1.191
0.458148 1.1905
0.454148 1.19
0.450148 1.1895
0.446148 1.189
0.442148 1.1885
0.438148 1.188
0.434148 1.1875
0.430148 1.187
0.426148 1.1865
0.422148 1.186
0.418148 1.1855
0.414148 1.185
0.410148 1.1845
0.406148 1.184
0.402148 1.1835
0.398148 1.183
0.394148 1.1825
0.390148 1.182
0.386148 1.1815
0.382148 1.181
0.378148 1.1805
0.374148 1.18
0.370148 1.1795
0.366148 1.179
0.362148 1.1785
0.358148 1.178
0.354148 1.1775
0.350148 1.177
0.346148 1.1765
0.342148 1.176
0.338148 1.1755
0.334148 1.175
0.330148 1.1745
0.326148 1.174
0.322148 1.1735
0.318148 1.173
0.314148 1.1725
0.310148 1.172
0.306148 1.1715
0.302148 1.171
0.298148 1.1705
0.294148 1.17
0.290148 1.1695
0.286148 1.169
0.282148 1.1685
0.278148 1.168
0.274148 1.1675
0.270148 1.167
0.266148 1.1665
0.262148 1.166
0.258148 1.1655
0.254148 1.165
0.250148 1.1645
0.246148 1.164
0.242148 1.1635
0.238148 1.163
0.234148 1.1625
0.230148 1.162
0.226148 1.1615
0.222148 1.161
0.218148 1.1605
0.214148 1.16
0.210148 1.1595
0.206148 1.159
0.202148 1.1585
0.198148 1.158
0.194148 1.1575
0.190148 1.157
0.186148 1.1565
0.182148 1.156
0.178148 1.1555
0.174148 1.155
0.170148 1.1545
0.166148 1.154
0.162148 1.1535
0.158148 1.153
0.154148 1.1525
0.150148 1.152
0.146148 1.1515
0.142148 1.151
0.138148 1.1505
0.134148 1.15
0.130148 1.1495
0.126148 1.149
0.122148 1.1485
0.118148 1.148
0.114148 1.1475
0.110148 1.147
0.106148 1.1465
0.102148 1.146
0.098148 1.1455
0.094148 1.145
0.090148 1.1445
0.086148 1.144
0.082148 1.1435
0.078148 1.143
0.074148 1.1425
0.070148 1.142
0.066148 1.1415
0.062148 1.141
0.058148 1.1405
0.054148 1.14
0.050148 1.1395
0.046148 1.139
0.042148 1.1385
0.038148 1.138
0.034148 1.1375
0.030148 1.137
0.026148 1.1365
0.022148 1.136
0.018148 1.1355
0.014148 1.135
0.010148 1.1345
0.00614796 1.134
0.00214796 1.1335
-0.00185204 1.133
-0.00585204 1.1325
-0.00985204 1.132
-0.013852 1.1315
-0.017852 1.131
-0.021852 1.1305
-0.025852 1.13
-0.029852 1.1295
-0.033852 1.129
-0.037852 1.1285
-0.041852 1.128
-0.045852 1.1275
-0.049852 1.127
-0.053852 1.1265
-0.057852 1.126
-0.061852 1.1255
-0.065852 1.125
-0.069852 1.1245
-0.073852 1.124
-0.077852 1.1235
-0.081852 1.123
-0.085852 1.1225
-0.089852 1.122
-0.093852 1.1215
-0.097852 1.121
-0.101852 1.1205
-0.105852 1.12
-0.109852 1.1195
-0.113852 1.119
-0.117852 1.1185
-0.121852 1.118
-0.125852 1.1175
-0.129852 1.117
-0.133852 1.1165
-0.137852 1.116
-0.141852 1.1155
-0.145852 1.115
-0.149852 1.1145
-0.153852 1.114
-0.157852 1.1135
-0.161852 1.113
-0.165852 1.1125
-0.169852 1.112
-0.173852 1.1115
-0.177852 1.111
-0.181852 1.1105
-0.185852 1.11
-0.189852 1.1095
-0.193852 1.109
-0.197852 1.1085
-0.201852 1.108
-0.205852 1.1075
-0.209852 1.107
-0.213852 1.1065
-0.217852 1.106
-0.221852 1.1055
-0.225852 1.105
-0.229852 1.1045
-0.233852 1.104
-0.237852 1.1035
-0.241852 1.103
-0.245852 1.1025
-0.249852 1.102
-0.253852 1.1015
-0.257852 1.101
-0.261852 1.1005
-0.265852 1.1
-0.269852 1.0995
-0.273852 1.099
-0.277852 1.0985
-0.281852 1.098
-0.285852 1.0975
-0.289852 1.097
-0.293852 1.0965
-0.297852 1.096
-0.301852 1.0955
-0.305852 1.095
-0.309852 1.0945
-0.313852 1.094
-0.317852 1.0935
-0.321852 1.093
-0.325852 1.0925
-0.329852 1.092
-0.333852 1.0915
-0.337852 1.091
-0.341852 1.0905
-0.345852 1.09
-0.349852 1.0895
-0.353852 1.089
-0.357852 1.0885
-0.361852 1.088
-0.365852 1.0875
-0.369852 1.087
-0.373852 1.0865
-0.377852 1.086
-0.381852 1.0855
-0.385852 1.085
-0.389852 1.0845
-0.393852 1.084
-0.397852 1.0835
-0.401852 1.083
-0.405852 1.0825
-0.409852 1.082
-0.413852 1.0815
-0.417852 1.081
-0.421852 1.0805
-0.425852 1.08
-0.429852 1.0795
-0.433852 1.079
-0.437852 1.0785
-0.441852 1.078
-0.445852 1.0775
-0.449852 1.077
-0.453852 1.0765
-0.457852 1.076
-0.461852 1.0755
-0.465852 1.075
-0.469852 1.0745
-0.473852 1.074
-0.477852 1.0735
-0.481852 1.073
-0.485852 1.0725
-0.489852 1.072
-0.493852 1.0715
-0.497852 1.071
-0.501852 1.0705
-0.505852 1.07
-0.509852 1.0695
-0.513852 1.069
-0.517852 1.0685
-0.521852 1.068
-0.525852 1.0675
-0.529852 1.067
-0.533852 1.0665
-0.537852 1.066
-0.541852 1.0655
-0.545852 1.065
-0.549852 1.0645
-0.553852 1.064
-0.557852 1.0635
-0.561852 1.063
-0.565852 1.0625
-0.569852 1.062
-0.573852 1.0615
-0.577852 1.061
-0.581852 1.0605
-0.585909 1.06
-0.59013 1.0595
-0.59113 1.059
-0.601624 1.0585
-0.598808 1.058
-0.600728 1.0575
-0.599245 1.057
-0.600448 1.0565
-0.599448 1.056
-0.598375 1.0555
-0.599587 1.055
-0.598205 1.0545
-0.599806 1.054
-0.597902 1.0535
-0.600276 1.053
-0.59698 1.0525
-0.604606 1.052
-0.605606 1.0515
-0.604606 1.051
-0.603558 1.0505
-0.604558 1.05
-0.605654 1.0495
-0.606654 1.049
-0.607791 1.0485
-0.608887 1.048
-0.609887 1.0475
-0.611024 1.047
-0.61212 1.0465
-0.61312 1.046
-0.614257 1.0455
-0.615353 1.045
-0.616353 1.0445
-0.61749 1.044
-0.618586 1.0435
-0.619586 1.043
-0.620723 1.0425
-0.621819 1.042
-0.622819 1.0415
-0.623956 1.041
-0.625052 1.0405
-0.626052 1.04
-0.627189 1.0395
-0.628285 1.039
-0.629285 1.0385
-0.630422 1.038
-0.631518 1.0375
-0.632518 1.037
-0.633655 1.0365
-0.634751 1.036
-0.635751 1.0355
-0.636888 1.035
-0.637984 1.0345
-0.638984 1.034
-0.640121 1.0335
-0.641217 1.033
-0.642217 1.0325
-0.643354 1.032
-0.64445 1.0315
-0.64545 1.031
-0.646587 1.0305
-0.647683 1.03
-0.648683 1.0295
-0.64982 1.029
-0.650916 1.0285
-0.651916 1.028
-0.653053 1.0275
-0.654149 1.027
-0.655149 1.0265
-0.656286 1.026
-0.657382 1.0255
-0.658382 1.025
-0.659519 1.0245
-0.660615 1.024
-0.661615 1.0235
-0.662752 1.023
-0.663848 1.0225
-0.664848 1.022
-0.665985 1.0215
-0.667081 1.021
-0.668081 1.0205
-0.669218 1.02
-0.670314 1.0195
-0.671314 1.019
-0.672451 1.0185
-0.673547 1.018
-0.674547 1.0175
-0.675684 1.017
-0.67678 1.0165
-0.67778 1.016
-0.678917 1.0155
-0.680013 1.015
-0.681013 1.0145
-0.68215 1.014
-0.683246 1.0135
-0.684246 1.013
-0.685383 1.0125
-0.686479 1.012
-0.687479 1.0115
-0.688616 1.011
-0.689712 1.0105
-0.690712 1.01
-0.691849 1.0095
-0.692945 1.009
-0.693945 1.0085
-0.695076 1.008
-0.696158 1.0075
-0.697158 1.007
-0.69826 1.0065
-0.699265 1.006
-0.700265 1.0055
-0.708091 1.005
-0.704481 1.0045
-0.707126 1.004
-0.704973 1.0035
-0.706812 1.003
-0.705198 1.0025
-0.706639 1.002
-0.705337 1.0015
-0.706523 1.001
-0.705436 1.0005
-0.706436 1
