Man
0 0
0 0.0005
0 0.001
0 0.0015
0 0.002
0 0.0025
0 0.003
0 0.0035
0 0.004
0 0.0045
0 0.005
0 0.0055
0 0.006
0 0.0065
0 0.007
0 0.0075
0 0.008
0 0.0085
0 0.009
0 0.0095
0 0.01
0 0.0105
0 0.011
0 0.0115
0 0.012
0 0.0125
0 0.013
0 0.0135
0 0.014
0 0.0145
0 0.015
0 0.0155
0 0.016
0 0.0165
0 0.017
0 0.0175
0 0.018
0 0.0185
0 0.019
0 0.0195
0 0.02
0 0.0205
0 0.021
0 0.0215
0 0.022
0 0.0225
0 0.023
0 0.0235
0 0.024
0 0.0245
0 0.025
0 0.0255
0 0.026
0 0.0265
0 0.027
0 0.0275
0 0.028
0 0.0285
0 0.029
0 0.0295
0 0.03
0 0.0305
0 0.031
0 0.0315
0 0.032
0 0.0325
0 0.033
0 0.0335
0 0.034
0 0.0345
0 0.035
0 0.0355
0 0.036
0 0.0365
0 0.037
0 0.0375
0 0.038
0 0.0385
0 0.039
0 0.0395
0 0.04
0 0.0405
0 0.041
0 0.0415
0 0.042
0 0.0425
0 0.043
0 0.0435
0 0.044
0 0.0445
0 0.045
0 0.0455
0 0.046
0 0.0465
0 0.047
0 0.0475
0 0.048
0 0.0485
0 0.049
0 0.0495
0 0.05
0 0.0505
0 0.051
0 0.0515
0 0.052
0 0.0525
0 0.053
0 0.0535
0 0.054
0 0.0545
0 0.055
0 0.0555
0 0.056
0 0.0565
0 0.057
0 0.0575
0 0.058
0 0.0585
0 0.059
0 0.0595
0 0.06
0 0.0605
0 0.061
0 0.0615
0 0.062
0 0.0625
0 0.063
0 0.0635
0 0.064
0 0.0645
0 0.065
0 0.0655
0 0.066
0 0.0665
0 0.067
0 0.0675
0 0.068
0 0.0685
0 0.069
0 0.0695
0 0.07
0 0.0705
0 0.071
0 0.0715
0 0.072
0 0.0725
0 0.073
0 0.0735
0 0.074
0 0.0745
0 0.075
0 0.0755
0 0.076
0 0.0765
0 0.077
0 0.0775
0 0.078
0 0.0785
0 0.079
0 0.0795
0 0.08
0 0.0805
0 0.081
0 0.0815
0 0.082
0 0.0825
0 0.083
0 0.0835
0 0.084
0 0.0845
0 0.085
0 0.0855
0 0.086
0 0.0865
0 0.087
0 0.0875
0 0.088
0 0.0885
0 0.089
0 0.0895
-0.0122244 0.09
-0.0366731 0.0905
-0.0855705 0.091
-0.183365 0.0915
-0.378955 0.092
-0.47675 0.0925
-0.525647 0.093
-0.550096 0.0935
-0.56232 0.094
-0.56232 0.0945
-0.56232 0.095
-0.56232 0.0955
-0.56232 0.096
-0.56232 0.0965
-0.56232 0.097
-0.56232 0.0975
-0.56232 0.098
-0.56232 0.0985
-0.56232 0.099
-0.56232 0.0995
-0.56232 0.1
-0.56232 0.1005
-0.56232 0.101
-0.561553 0.1015
-0.560019 0.102
-0.556951 0.1025
-0.550815 0.103
-0.538543 0.1035
-0.532408 0.104
-0.52934 0.1045
-0.527806 0.105
-0.527039 0.1055
-0.527039 0.106
-0.527039 0.1065
-0.527039 0.107
-0.527039 0.1075
-0.527039 0.108
-0.527039 0.1085
-0.527039 0.109
-0.527039 0.1095
-0.527039 0.11
-0.527039 0.1105
-0.527039 0.111
-0.527039 0.1115
-0.527039 0.112
-0.527039 0.1125
-0.527039 0.113
-0.527039 0.1135
-0.527039 0.114
-0.527039 0.1145
-0.527039 0.115
-0.527039 0.1155
-0.527039 0.116
-0.527039 0.1165
-0.527039 0.117
-0.527039 0.1175
-0.527039 0.118
-0.527039 0.1185
-0.527039 0.119
-0.527039 0.1195
-0.527039 0.12
-0.527039 0.1205
-0.527039 0.121
-0.527039 0.1215
-0.527039 0.122
-0.527039 0.1225
-0.527039 0.123
-0.527039 0.1235
-0.527039 0.124
-0.527039 0.1245
-0.527039 0.125
-0.527039 0.1255
-0.527039 0.126
-0.527039 0.1265
-0.527039 0.127
-0.527039 0.1275
-0.522437 0.128
-0.513233 0.1285
-0.494825 0.129
-0.458009 0.1295
-0.384378 0.13
-0.347563 0.1305
-0.329155 0.131
-0.319951 0.1315
-0.315349 0.132
-0.314582 0.1325
-0.313048 0.133
-0.30998 0.1335
-0.303844 0.134
-0.291573 0.1345
-0.285437 0.135
-0.282369 0.1355
-0.280835 0.136
-0.280068 0.1365
-0.280068 0.137
-0.280068 0.1375
-0.280068 0.138
-0.280068 0.1385
-0.280068 0.139
-0.280068 0.1395
-0.280068 0.14
-0.280068 0.1405
-0.280068 0.141
-0.280068 0.1415
-0.280068 0.142
-0.280068 0.1425
-0.280068 0.143
-0.280068 0.1435
-0.280068 0.144
-0.280068 0.1445
-0.280068 0.145
-0.280068 0.1455
-0.280068 0.146
-0.280068 0.1465
-0.279301 0.147
-0.277767 0.1475
-0.274699 0.148
-0.268563 0.1485
-0.256291 0.149
-0.250155 0.1495
-0.247087 0.15
-0.245553 0.1505
-0.244786 0.151
-0.244019 0.1515
-0.242485 0.152
-0.239417 0.1525
-0.233281 0.153
-0.221009 0.1535
-0.214874 0.154
-0.211039 0.1545
-0.207971 0.155
-0.204136 0.1555
-0.198 0.156
-0.185728 0.1565
-0.179592 0.157
-0.176524 0.1575
-0.174223 0.158
-0.171922 0.1585
-0.168854 0.159
-0.162718 0.1595
-0.150446 0.16
-0.14431 0.1605
-0.141242 0.161
-0.139708 0.1615
-0.138941 0.162
-0.138174 0.1625
-0.13664 0.163
-0.133573 0.1635
-0.127437 0.164
-0.115165 0.1645
-0.109029 0.165
-0.105961 0.1655
-0.104427 0.166
-0.10366 0.1665
-0.10366 0.167
-0.10366 0.1675
-0.102893 0.168
-0.101359 0.1685
-0.098291 0.169
-0.092155 0.1695
-0.0798832 0.17
-0.0737473 0.1705
-0.0706793 0.171
-0.0691453 0.1715
-0.0683783 0.172
-0.0676114 0.1725
-0.0660774 0.173
-0.0630094 0.1735
-0.0568735 0.174
-0.0446016 0.1745
-0.0384657 0.175
-0.0353978 0.1755
-0.0338638 0.176
-0.0330968 0.1765
-0.0323298 0.177
-0.0307958 0.1775
-0.0277279 0.178
-0.0215919 0.1785
-0.00932008 0.179
-0.00318416 0.1795
-0.000116197 0.18
0.00141778 0.1805
0.00218477 0.181
0.00218477 0.1815
0.00293924 0.182
0.00444818 0.1825
0.00746605 0.183
0.0135018 0.1835
0.0255733 0.184
0.031609 0.1845
0.0346269 0.185
0.0361358 0.1855
0.0368903 0.186
0.0375484 0.1865
0.0388645 0.187
0.0414968 0.1875
0.0467613 0.188
0.0572904 0.1885
0.0625549 0.189
0.0651872 0.1895
0.0665033 0.19
0.0671614 0.1905
0.0677426 0.191
0.0689051 0.1915
0.07123 0.192
0.0758799 0.1925
0.0851797 0.193
0.0898296 0.1935
0.0921545 0.194
0.093317 0.1945
0.0938982 0.195
0.0942817 0.1955
0.0950487 0.196
0.0965827 0.1965
0.0996506 0.197
0.105787 0.1975
0.108855 0.198
0.110388 0.1985
0.111155 0.199
0.111539 0.1995
0.111539 0.2
0.111539 0.2005
0.111539 0.201
0.111539 0.2015
0.111539 0.202
0.111539 0.2025
0.111539 0.203
0.111539 0.2035
0.111539 0.204
0.111539 0.2045
0.111539 0.205
0.111539 0.2055
0.111539 0.206
0.111539 0.2065
0.111539 0.207
0.111539 0.2075
0.111539 0.208
0.111539 0.2085
0.111539 0.209
0.111539 0.2095
0.111539 0.21
0.111539 0.2105
0.111539 0.211
0.111539 0.2115
0.111539 0.212
0.111539 0.2125
0.111539 0.213
0.111539 0.2135
0.111539 0.214
0.111539 0.2145
0.111539 0.215
0.111539 0.2155
0.111539 0.216
0.111539 0.2165
0.111539 0.217
0.111539 0.2175
0.111539 0.218
0.111539 0.2185
0.111539 0.219
0.111539 0.2195
0.111539 0.22
0.111539 0.2205
0.111539 0.221
0.111539 0.2215
0.111539 0.222
0.111539 0.2225
0.111539 0.223
0.111539 0.2235
0.111539 0.224
0.111539 0.2245
0.111539 0.225
0.111539 0.2255
0.111539 0.226
0.111539 0.2265
0.111539 0.227
0.111539 0.2275
0.111539 0.228
0.111539 0.2285
0.111539 0.229
0.111539 0.2295
0.111539 0.23
0.111539 0.2305
0.111539 0.231
0.111539 0.2315
0.111539 0.232
0.111539 0.2325
0.111539 0.233
0.111539 0.2335
0.111539 0.234
0.111539 0.2345
0.111539 0.235
0.111539 0.2355
0.111539 0.236
0.111539 0.2365
0.111539 0.237
0.111539 0.2375
0.111539 0.238
0.111539 0.2385
0.111539 0.239
0.111539 0.2395
0.111539 0.24
0.111539 0.2405
0.111539 0.241
0.111539 0.2415
0.111539 0.242
0.111539 0.2425
0.111539 0.243
0.111539 0.2435
0.111539 0.244
0.111539 0.2445
0.111539 0.245
0.111539 0.2455
0.111539 0.246
0.111539 0.2465
0.111539 0.247
0.111539 0.2475
0.111539 0.248
0.111539 0.2485
0.111539 0.249
0.111539 0.2495
0.112114 0.25
0.113265 0.2515
0.115566 0.253
0.120168 0.2545
0.129372 0.256
0.133973 0.2575
0.136274 0.259
0.137425 0.2605
0.138384 0.262
0.139151 0.2635
0.140685 0.265
0.143753 0.2665
0.149888 0.268
0.152956 0.2695
0.15449 0.271
0.155257 0.2725
0.155641 0.274
0.156024 0.2755
0.156791 0.277
0.158325 0.2785
0.161393 0.28
0.167529 0.2815
0.170597 0.283
0.172131 0.2845
0.172898 0.286
0.173665 0.2875
0.174432 0.289
0.175966 0.2905
0.179034 0.292
0.18517 0.2935
0.188238 0.295
0.189772 0.2965
0.190539 0.298
0.190922 0.2995
0.190922 0.301
0.190922 0.3025
0.190922 0.304
0.190922 0.3055
0.190922 0.307
0.190922 0.3085
0.190922 0.31
0.190922 0.3115
0.190922 0.313
0.190922 0.3145
0.190922 0.316
0.190922 0.3175
0.190922 0.319
0.190922 0.3205
0.190922 0.322
0.190922 0.3235
0.190922 0.325
0.190922 0.3265
0.190922 0.328
0.190922 0.3295
0.190922 0.331
0.190922 0.3325
0.190922 0.334
0.190922 0.3355
0.190922 0.337
0.190922 0.3385
0.190922 0.34
0.190922 0.3415
0.190922 0.343
0.190922 0.3445
0.190922 0.346
0.190922 0.3475
0.190922 0.349
0.190922 0.3505
0.190922 0.352
0.190922 0.3535
0.190922 0.355
0.190922 0.3565
0.190922 0.358
0.190922 0.3595
0.190922 0.361
0.190922 0.3625
0.190922 0.364
0.190922 0.3655
0.190922 0.367
0.190922 0.3685
0.190922 0.37
0.190922 0.3715
0.190922 0.373
0.190922 0.3745
0.190922 0.376
0.190922 0.3775
0.190922 0.379
0.190922 0.3805
0.190922 0.382
0.190922 0.3835
0.190922 0.385
0.190922 0.3865
0.190922 0.388
0.190922 0.3895
0.190922 0.391
0.190922 0.3925
0.190922 0.394
0.190922 0.3955
0.190922 0.397
0.190922 0.3985
0.190922 0.4
0.190922 0.4015
0.190922 0.403
0.190922 0.4045
0.190922 0.406
0.190922 0.4075
0.190922 0.409
0.190922 0.4105
0.190922 0.412
0.190922 0.4135
0.190922 0.415
0.190922 0.4165
0.190922 0.418
0.190922 0.4195
0.190922 0.421
0.190922 0.4225
0.190922 0.424
0.190922 0.4255
0.190922 0.427
0.190922 0.4285
0.190922 0.43
0.190922 0.4315
0.190922 0.433
0.190922 0.4345
0.190922 0.436
0.190922 0.4375
0.190922 0.439
0.190922 0.4405
0.190922 0.442
0.190922 0.4435
0.190922 0.445
0.190922 0.4465
0.190922 0.448
0.190922 0.4495
0.190922 0.451
0.190922 0.4525
0.190922 0.454
0.190922 0.4555
0.190922 0.457
0.190922 0.4585
0.190922 0.46
0.190922 0.4615
0.190922 0.463
0.190922 0.4645
0.190922 0.466
0.190922 0.4675
0.190922 0.469
0.190922 0.4705
0.190922 0.472
0.190922 0.4735
0.190922 0.475
0.190922 0.4765
0.190922 0.478
0.190922 0.4795
0.190922 0.481
0.190922 0.4825
0.190922 0.484
0.190922 0.4855
0.190922 0.487
0.190922 0.4885
0.190922 0.49
0.190922 0.4915
0.190922 0.493
0.190922 0.4945
0.190922 0.496
0.190922 0.4975
0.190922 0.499
0.190922 0.5005
0.190922 0.502
0.190922 0.5035
0.190922 0.505
0.190922 0.5065
0.190922 0.508
0.190922 0.5095
0.190922 0.511
0.190922 0.5125
0.190922 0.514
0.190922 0.5155
0.190922 0.517
0.190922 0.5185
0.190922 0.52
0.190922 0.5215
0.190922 0.523
0.190922 0.5245
0.190922 0.526
0.190922 0.5275
0.190922 0.529
0.190922 0.5305
0.190922 0.532
0.190922 0.5335
0.190922 0.535
0.190922 0.5365
0.190922 0.538
0.190922 0.5395
0.190922 0.541
0.190922 0.5425
0.190922 0.544
0.190922 0.5455
0.190922 0.547
0.190922 0.5485
0.190922 0.55
0.190922 0.5515
0.190922 0.553
0.190922 0.5545
0.190922 0.556
0.190922 0.5575
0.190922 0.559
0.190922 0.5605
0.190922 0.562
0.190922 0.5635
0.190922 0.565
0.190922 0.5665
0.190922 0.568
0.190922 0.5695
0.190922 0.571
0.190922 0.5725
0.190922 0.574
0.190922 0.5755
0.190922 0.577
0.190922 0.5785
0.190922 0.58
0.190922 0.5815
0.190922 0.583
0.190922 0.5845
0.190922 0.586
0.190922 0.5875
0.190922 0.589
0.190922 0.5905
0.190922 0.592
0.190922 0.5935
0.190922 0.595
0.190922 0.5965
0.190922 0.598
0.190922 0.5995
0.190922 0.601
0.190922 0.6025
0.190922 0.604
0.190922 0.6055
0.190922 0.607
0.190922 0.6085
0.190922 0.61
0.190922 0.6115
0.190922 0.613
0.190922 0.6145
0.190922 0.616
0.190922 0.6175
0.190922 0.619
0.190922 0.6205
0.190922 0.622
0.190922 0.6235
0.190922 0.625
0.190922 0.6265
0.190922 0.628
0.190922 0.6295
0.190922 0.631
0.190922 0.6325
0.190922 0.634
0.190922 0.6355
0.190922 0.637
0.190922 0.6385
0.190922 0.64
0.190922 0.6415
0.190922 0.643
0.190922 0.6445
0.190922 0.646
0.190922 0.6475
0.190922 0.649
0.190922 0.6505
0.190922 0.652
0.190922 0.6535
0.190922 0.655
0.190922 0.6565
0.190922 0.658
0.190922 0.6595
0.190922 0.661
0.190922 0.6625
0.190922 0.664
0.190922 0.6655
0.190922 0.667
0.190922 0.6685
0.190922 0.67
0.190922 0.6715
0.190922 0.673
0.190922 0.6745
0.190922 0.676
0.190922 0.6775
0.190922 0.679
0.190922 0.6805
0.190922 0.682
0.190922 0.6835
0.190922 0.685
0.190922 0.6865
0.190922 0.688
0.190922 0.6895
0.190922 0.691
0.190922 0.6925
0.190922 0.694
0.190922 0.6955
0.190922 0.697
0.190922 0.6985
0.190922 0.7
0.190922 0.7015
0.190922 0.703
0.190922 0.7045
0.190922 0.706
0.190922 0.7075
0.190922 0.709
0.190922 0.7105
0.190922 0.712
0.190922 0.7135
0.190922 0.715
0.190922 0.7165
0.190922 0.718
0.190922 0.7195
0.190922 0.721
0.190922 0.7225
0.190922 0.724
0.190922 0.7255
0.190922 0.727
0.190922 0.7285
0.190922 0.73
0.190922 0.7315
0.190922 0.733
0.190922 0.7345
0.190922 0.736
0.190922 0.7375
0.190922 0.739
0.190922 0.7405
0.190922 0.742
0.190922 0.7435
0.190922 0.745
0.190922 0.7465
0.190922 0.748
0.190922 0.7495
0.190922 0.751
0.190922 0.7525
0.190922 0.754
0.190922 0.7555
0.190922 0.757
0.190922 0.7585
0.190922 0.76
0.190922 0.7615
0.190922 0.763
0.190922 0.7645
0.190922 0.766
0.190922 0.7675
0.190922 0.769
0.190922 0.7705
0.190922 0.772
0.190922 0.7735
0.190922 0.775
0.190922 0.7765
0.190922 0.778
0.190922 0.7795
0.190922 0.781
0.190922 0.7825
0.190922 0.784
0.190922 0.7855
0.190922 0.787
0.190922 0.7885
0.190922 0.79
0.190922 0.7915
0.190922 0.793
0.190922 0.7945
0.190922 0.796
0.190922 0.7975
0.190922 0.799
0.190922 0.8005
0.190922 0.802
0.190922 0.8035
0.190922 0.805
0.190922 0.8065
0.190922 0.808
0.190922 0.8095
0.190922 0.811
0.190922 0.8125
0.190922 0.814
0.190922 0.8155
0.190922 0.817
0.190922 0.8185
0.190922 0.82
0.190922 0.8215
0.190922 0.823
0.190922 0.8245
0.190922 0.826
0.190922 0.8275
0.190922 0.829
0.190922 0.8305
0.190922 0.832
0.190922 0.8335
0.190922 0.835
0.190922 0.8365
0.190922 0.838
0.190922 0.8395
0.190922 0.841
0.190922 0.8425
0.190922 0.844
0.190922 0.8455
0.190922 0.847
0.190922 0.8485
0.190922 0.85
0.190922 0.8515
0.190922 0.853
0.190922 0.8545
0.190922 0.856
0.190922 0.8575
0.190922 0.859
0.190922 0.8605
0.190922 0.862
0.190922 0.8635
0.190922 0.865
0.190922 0.8665
0.190922 0.868
0.190922 0.8695
0.190922 0.871
0.190922 0.8725
0.190922 0.874
0.190922 0.8755
0.190922 0.877
0.190922 0.8785
0.190922 0.88
0.190922 0.8815
0.190922 0.883
0.190922 0.8845
0.190922 0.886
0.190922 0.8875
0.190922 0.889
0.190922 0.8905
0.190922 0.892
0.190922 0.8935
0.190922 0.895
0.190922 0.8965
0.190922 0.898
0.190922 0.8995
0.190922 0.901
0.190922 0.9025
0.190922 0.904
0.190922 0.9055
0.190922 0.907
0.190922 0.9085
0.190922 0.91
0.190922 0.9115
0.190922 0.913
0.190922 0.9145
0.190922 0.916
0.190922 0.9175
0.190922 0.919
0.190922 0.9205
0.190922 0.922
0.190922 0.9235
0.190922 0.925
0.190922 0.9265
0.190922 0.928
0.190922 0.9295
0.190922 0.931
0.190922 0.9325
0.190922 0.934
0.190922 0.9355
0.190922 0.937
0.190922 0.9385
0.190922 0.94
0.190922 0.9415
0.190922 0.943
0.190922 0.9445
0.190922 0.946
0.190922 0.9475
0.190922 0.949
0.190922 0.9505
0.190922 0.952
0.190922 0.9535
0.190922 0.955
0.190922 0.9565
0.190922 0.958
0.190922 0.9595
0.190922 0.961
0.190922 0.9625
0.190922 0.964
0.190922 0.9655
0.190922 0.967
0.190922 0.9685
0.190922 0.97
0.190922 0.9715
0.190922 0.973
0.190922 0.9745
0.190922 0.976
0.190923 0.9775
0.190923 0.979
0.190923 0.9805
0.190924 0.982
0.190925 0.9835
0.190926 0.985
0.190923 0.9865
0.190917 0.988
0.190905 0.9895
0.191152 0.991
0.191261 0.9925
0.191742 0.994
0.192742 0.9955
0.194761 0.997
0.192252 0.9985
0.193252 1


Shark
3.14159 1.5
3.13959 1.4995
3.13759 1.499
3.13559 1.4985
3.13359 1.498
3.13159 1.4975
3.12959 1.497
3.12759 1.4965
3.12559 1.496
3.12359 1.4955
3.12159 1.495
3.11959 1.4945
3.11759 1.494
3.11559 1.4935
3.11359 1.493
3.11159 1.4925
3.10959 1.492
3.10759 1.4915
3.10559 1.491
3.10359 1.4905
3.10159 1.49
3.09959 1.4895
3.09759 1.489
3.09559 1.4885
3.09359 1.488
3.09159 1.4875
3.08959 1.487
3.08759 1.4865
3.08559 1.486
3.08359 1.4855
3.08159 1.485
3.07959 1.4845
3.07759 1.484
3.07559 1.4835
3.07359 1.483
3.07159 1.4825
3.06959 1.482
3.06759 1.4815
3.06559 1.481
3.06359 1.4805
3.06159 1.48
3.05959 1.4795
3.05759 1.479
3.05559 1.4785
3.05359 1.478
3.05159 1.4775
3.04959 1.477
3.04759 1.4765
3.04559 1.476
3.04359 1.4755
3.04159 1.475
3.03959 1.4745
3.03759 1.474
3.03559 1.4735
3.03359 1.473
3.03159 1.4725
3.02959 1.472
3.02759 1.4715
3.02559 1.471
3.02359 1.4705
3.02159 1.47
3.01959 1.4695
3.01759 1.469
3.01559 1.4685
3.01359 1.468
3.01159 1.4675
3.00959 1.467
3.00759 1.4665
3.00559 1.466
3.00359 1.4655
3.00159 1.465
2.99959 1.4645
2.99759 1.464
2.99559 1.4635
2.99359 1.463
2.99159 1.4625
2.98959 1.462
2.98759 1.4615
2.98559 1.461
2.98359 1.4605
2.98159 1.46
2.97959 1.4595
2.97759 1.459
2.97559 1.4585
2.97359 1.458
2.97159 1.4575
2.96959 1.457
2.96759 1.4565
2.96559 1.456
2.96359 1.4555
2.96159 1.455
2.95959 1.4545
2.95759 1.454
2.95559 1.4535
2.95359 1.453
2.95159 1.4525
2.94959 1.452
2.94759 1.4515
2.94559 1.451
2.94359 1.4505
2.94159 1.45
2.93959 1.4495
2.93759 1.449
2.93559 1.4485
2.93359 1.448
2.93159 1.4475
2.92959 1.447
2.92759 1.4465
2.92559 1.446
2.92359 1.4455
2.92159 1.445
2.91959 1.4445
2.91759 1.444
2.91559 1.4435
2.91359 1.443
2.91159 1.4425
2.90959 1.442
2.90759 1.4415
2.90559 1.441
2.90359 1.4405
2.90159 1.44
2.89959 1.4395
2.89759 1.439
2.89559 1.4385
2.89359 1.438
2.89159 1.4375
2.88959 1.437
2.88759 1.4365
2.88559 1.436
2.88359 1.4355
2.88159 1.435
2.87959 1.4345
2.87759 1.434
2.87559 1.4335
2.87359 1.433
2.87159 1.4325
2.86959 1.432
2.86759 1.4315
2.86559 1.431
2.86359 1.4305
2.86159 1.43
2.85959 1.4295
2.85759 1.429
2.85559 1.4285
2.85359 1.428
2.85159 1.4275
2.84959 1.427
2.84759 1.4265
2.84559 1.426
2.84359 1.4255
2.84159 1.425
2.83959 1.4245
2.83759 1.424
2.83559 1.4235
2.83359 1.423
2.83159 1.4225
2.82959 1.422
2.82759 1.4215
2.82559 1.421
2.82359 1.4205
2.82159 1.42
2.81959 1.4195
2.81759 1.419
2.81559 1.4185
2.81359 1.418
2.81159 1.4175
2.80959 1.417
2.80759 1.4165
2.80559 1.416
2.80359 1.4155
2.80159 1.415
2.79959 1.4145
2.79759 1.414
2.79559 1.4135
2.79359 1.413
2.79159 1.4125
2.78959 1.412
2.78759 1.4115
2.78559 1.411
2.78359 1.4105
2.77877 1.41
2.76972 1.4095
2.75186 1.409
2.71612 1.4085
2.64443 1.408
2.6083 1.4075
2.59005 1.407
2.58072 1.4065
2.58572 1.406
2.58772 1.4055
2.58972 1.405
2.59172 1.4045
2.59372 1.404
2.59572 1.4035
2.59772 1.403
2.59972 1.4025
2.60172 1.402
2.60372 1.4015
2.60572 1.401
2.60772 1.4005
2.60972 1.4
2.61172 1.3995
2.61372 1.399
2.61574 1.3985
2.61784 1.398
2.6202 1.3975
2.62342 1.397
2.62887 1.3965
2.6321 1.396
2.63448 1.3955
2.63658 1.395
2.6386 1.3945
2.6406 1.394
2.6426 1.3935
2.6446 1.393
2.6466 1.3925
2.6486 1.392
2.6506 1.3915
2.6526 1.391
2.6546 1.3905
2.6566 1.39
2.6586 1.3895
2.6606 1.389
2.6626 1.3885
2.6646 1.388
2.6666 1.3875
2.6686 1.387
2.6706 1.3865
2.6726 1.386
2.6746 1.3855
2.6766 1.385
2.6786 1.3845
2.6806 1.384
2.6826 1.3835
2.6846 1.383
2.6866 1.3825
2.6886 1.382
2.6906 1.3815
2.6926 1.381
2.6946 1.3805
2.6966 1.38
2.6986 1.3795
2.7006 1.379
2.7026 1.3785
2.7046 1.378
2.7066 1.3775
2.7086 1.377
2.7106 1.3765
2.7126 1.376
2.7146 1.3755
2.7166 1.375
2.7186 1.3745
2.7206 1.374
2.7226 1.3735
2.7246 1.373
2.7266 1.3725
2.72969 1.372
2.73482 1.3715
2.74451 1.371
2.76364 1.3705
2.8019 1.37
2.82119 1.3695
2.83102 1.369
2.83625 1.3685
2.83939 1.368
2.84143 1.3675
2.84359 1.367
2.84618 1.3665
2.85002 1.366
2.85691 1.3655
2.86077 1.365
2.86337 1.3645
2.86554 1.364
2.86758 1.3635
2.86958 1.363
2.87158 1.3625
2.87358 1.362
2.87558 1.3615
2.87758 1.361
2.87958 1.3605
2.88158 1.36
2.88358 1.3595
2.88558 1.359
2.88758 1.3585
2.88958 1.358
2.89158 1.3575
2.89358 1.357
2.89558 1.3565
2.89758 1.356
2.89958 1.3555
2.90158 1.355
2.90358 1.3545
2.90558 1.354
2.90758 1.3535
2.90963 1.353
2.91183 1.3525
2.91452 1.352
2.91868 1.3515
2.92625 1.351
2.93042 1.3505
2.93314 1.35
2.93534 1.3495
2.93739 1.349
2.93945 1.3485
2.94165 1.348
2.94439 1.3475
2.94864 1.347
2.95642 1.3465
2.96069 1.346
2.96379 1.3455
2.96655 1.345
2.96966 1.3445
2.97397 1.344
2.9819 1.3435
2.98623 1.343
2.98901 1.3425
2.99149 1.342
2.99396 1.3415
2.99675 1.341
3.00114 1.3405
3.00923 1.34
3.01365 1.3395
3.01646 1.339
3.01869 1.3385
3.02075 1.338
3.02281 1.3375
3.02504 1.337
3.02788 1.3365
3.03236 1.336
3.04067 1.3355
3.04518 1.335
3.04803 1.3345
3.05027 1.334
3.05234 1.3335
3.05434 1.333
3.05634 1.3325
3.0584 1.332
3.06065 1.3315
3.06353 1.331
3.06814 1.3305
3.07671 1.33
3.08135 1.3295
3.08424 1.329
3.0865 1.3285
3.08857 1.328
3.09064 1.3275
3.0929 1.327
3.09582 1.3265
3.10053 1.326
3.10932 1.3255
3.11405 1.325
3.11698 1.3245
3.11926 1.324
3.12133 1.3235
3.1234 1.323
3.12568 1.3225
3.12864 1.322
3.13345 1.3215
3.14245 1.321
3.14728 1.3205
3.15026 1.32
3.15254 1.3195
3.15462 1.319
3.15662 1.3185
3.15869 1.318
3.16097 1.3175
3.16395 1.317
3.16881 1.3165
3.1779 1.316
3.18278 1.3155
3.18578 1.315
3.18807 1.3145
3.19014 1.314
3.1922 1.3135
3.19443 1.313
3.19724 1.3125
3.20167 1.312
3.20985 1.3115
3.2143 1.311
3.21712 1.3105
3.21936 1.31
3.22142 1.3095
3.22347 1.309
3.22565 1.3085
3.22833 1.308
3.23243 1.3075
3.23988 1.307
3.24399 1.3065
3.24668 1.306
3.24887 1.3055
3.25093 1.305
3.25295 1.3045
3.25504 1.304
3.25737 1.3035
3.26051 1.303
3.26574 1.3025
3.26889 1.302
3.27123 1.3015
3.27332 1.301
3.27534 1.3005
3.27734 1.3
3.27934 1.2995
3.28134 1.299
3.28334 1.2985
3.28534 1.298
3.28734 1.2975
3.28934 1.297
3.29134 1.2965
3.29334 1.296
3.29534 1.2955
3.29734 1.295
3.29934 1.2945
3.30134 1.294
3.30334 1.2935
3.30534 1.293
3.30734 1.2925
3.30934 1.292
3.31134 1.2915
3.31334 1.291
3.31534 1.2905
3.31734 1.29
3.31934 1.2895
3.32134 1.289
3.32334 1.2885
3.32534 1.288
3.32734 1.2875
3.32934 1.287
3.33134 1.2865
3.33334 1.286
3.33534 1.2855
3.33734 1.285
3.33934 1.2845
3.34134 1.284
3.34334 1.2835
3.34534 1.283
3.34734 1.2825
3.34934 1.282
3.35134 1.2815
3.35334 1.281
3.35534 1.2805
3.35734 1.28
3.35934 1.2795
3.36134 1.279
3.36334 1.2785
3.36534 1.278
3.36734 1.2775
3.36934 1.277
3.37134 1.2765
3.37334 1.276
3.37534 1.2755
3.37734 1.275
3.37934 1.2745
3.38134 1.274
3.38334 1.2735
3.38534 1.273
3.38734 1.2725
3.38934 1.272
3.39134 1.2715
3.39334 1.271
3.39534 1.2705
3.39734 1.27
3.39934 1.2695
3.40134 1.269
3.40334 1.2685
3.40534 1.268
3.40734 1.2675
3.40934 1.267
3.41134 1.2665
3.41334 1.266
3.41534 1.2655
3.41734 1.265
3.41934 1.2645
3.42134 1.264
3.42334 1.2635
3.42534 1.263
3.42734 1.2625
3.42934 1.262
3.43134 1.2615
3.43334 1.261
3.43534 1.2605
3.43734 1.26
3.43934 1.2595
3.44134 1.259
3.44334 1.2585
3.44534 1.258
3.44734 1.2575
3.44934 1.257
3.45134 1.2565
3.45334 1.256
3.45534 1.2555
3.45734 1.255
3.45934 1.2545
3.46134 1.254
3.46334 1.2535
3.46534 1.253
3.46734 1.2525
3.46934 1.252
3.47134 1.2515
3.47334 1.251
3.47534 1.2505
3.47742 1.25
3.48353 1.2495
3.48997 1.249
3.49757 1.2485
3.50872 1.248
3.51636 1.2475
3.52281 1.247
3.52893 1.2465
3.53501 1.246
3.54107 1.2455
3.54728 1.245
3.55411 1.2445
3.563 1.244
3.56985 1.2435
3.57607 1.243
3.58213 1.2425
3.58815 1.242
3.59416 1.2415
3.60022 1.241
3.60646 1.2405
3.61337 1.24
3.6225 1.2395
3.62943 1.239
3.63568 1.2385
3.64174 1.238
3.64781 1.2375
3.65387 1.237
3.66013 1.2365
3.66711 1.236
3.67647 1.2355
3.68348 1.235
3.68975 1.2345
3.69581 1.234
3.70183 1.2335
3.70783 1.233
3.71383 1.2325
3.71983 1.232
3.72583 1.2315
3.73183 1.231
3.73783 1.2305
3.74383 1.23
3.74983 1.2295
3.75583 1.229
3.76183 1.2285
3.76783 1.228
3.77383 1.2275
3.77983 1.227
3.78583 1.2265
3.79183 1.226
3.79783 1.2255
3.80383 1.225
3.80983 1.2245
3.81583 1.224
3.82183 1.2235
3.82783 1.223
3.83383 1.2225
3.83983 1.222
3.84583 1.2215
3.85183 1.221
3.85783 1.2205
3.86383 1.22
3.86983 1.2195
3.87583 1.219
3.88183 1.2185
3.88783 1.218
3.89383 1.2175
3.89983 1.217
3.90583 1.2165
3.91183 1.216
3.91783 1.2155
3.92383 1.215
3.92983 1.2145
3.93583 1.214
3.94183 1.2135
3.94783 1.213
3.95383 1.2125
3.95983 1.212
3.96583 1.2115
3.97183 1.211
3.97783 1.2105
3.98383 1.21
3.98983 1.2095
3.99583 1.209
4.00183 1.2085
4.00783 1.208
4.01383 1.2075
4.01983 1.207
4.02583 1.2065
4.03183 1.206
4.03783 1.2055
4.04383 1.205
4.04983 1.2045
4.05583 1.204
4.06183 1.2035
4.06783 1.203
4.07383 1.2025
4.07983 1.202
4.08583 1.2015
4.09183 1.201
4.09783 1.2005
4.10383 1.2
4.10983 1.1995
4.11583 1.199
4.12183 1.1985
4.12783 1.198
4.13383 1.1975
4.13983 1.197
4.14583 1.1965
4.15183 1.196
4.15783 1.1955
4.16383 1.195
4.16983 1.1945
4.17583 1.194
4.18183 1.1935
4.18783 1.193
4.19383 1.1925
4.19983 1.192
4.20583 1.1915
4.21183 1.191
4.21783 1.1905
4.22383 1.19
4.22983 1.1895
4.23583 1.189
4.24183 1.1885
4.24783 1.188
4.25383 1.1875
4.25983 1.187
4.26583 1.1865
4.27183 1.186
4.27783 1.1855
4.28383 1.185
4.28983 1.1845
4.29583 1.184
4.30183 1.1835
4.30783 1.183
4.31383 1.1825
4.31983 1.182
4.32583 1.1815
4.33183 1.181
4.33783 1.1805
4.34383 1.18
4.34983 1.1795
4.35583 1.179
4.36183 1.1785
4.36783 1.178
4.37383 1.1775
4.37983 1.177
4.38583 1.1765
4.39183 1.176
4.39783 1.1755
4.40383 1.175
4.40983 1.1745
4.41583 1.174
4.42183 1.1735
4.42783 1.173
4.43383 1.1725
4.43983 1.172
4.44583 1.1715
4.45183 1.171
4.45783 1.1705
4.46383 1.17
4.46983 1.1695
4.47583 1.169
4.48183 1.1685
4.48783 1.168
4.49383 1.1675
4.49983 1.167
4.50583 1.1665
4.51183 1.166
4.51783 1.1655
4.52383 1.165
4.52983 1.1645
4.53583 1.164
4.54183 1.1635
4.54783 1.163
4.55383 1.1625
4.55983 1.162
4.56583 1.1615
4.57183 1.161
4.57783 1.1605
4.58383 1.16
4.58983 1.1595
4.59583 1.159
4.60183 1.1585
4.60783 1.158
4.61383 1.1575
4.61983 1.157
4.62583 1.1565
4.63183 1.156
4.63783 1.1555
4.64383 1.155
4.64983 1.1545
4.65583 1.154
4.66183 1.1535
4.66783 1.153
4.67383 1.1525
4.67983 1.152
4.68583 1.1515
4.69183 1.151
4.69783 1.1505
4.70383 1.15
4.70983 1.1495
4.71583 1.149
4.72183 1.1485
4.72783 1.148
4.73383 1.1475
4.73983 1.147
4.74583 1.1465
4.75183 1.146
4.75783 1.1455
4.76383 1.145
4.76983 1.1445
4.77583 1.144
4.78183 1.1435
4.78783 1.143
4.79383 1.1425
4.79983 1.142
4.80583 1.1415
4.81183 1.141
4.81783 1.1405
4.82383 1.14
4.82983 1.1395
4.83583 1.139
4.84183 1.1385
4.84783 1.138
4.85383 1.1375
4.85983 1.137
4.86583 1.1365
4.87183 1.136
4.87783 1.1355
4.88383 1.135
4.88983 1.1345
4.89583 1.134
4.90183 1.1335
4.90783 1.133
4.91383 1.1325
4.91983 1.132
4.92583 1.1315
4.93183 1.131
4.93783 1.1305
4.94383 1.13
4.94983 1.1295
4.95583 1.129
4.96183 1.1285
4.96783 1.128
4.97383 1.1275
4.97983 1.127
4.98583 1.1265
4.99183 1.126
4.99783 1.1255
5.00383 1.125
5.00983 1.1245
5.01583 1.124
5.02183 1.1235
5.02783 1.123
5.03383 1.1225
5.03983 1.122
5.04583 1.1215
5.05183 1.121
5.05783 1.1205
5.06383 1.12
5.06983 1.1195
5.07583 1.119
5.08183 1.1185
5.08783 1.118
5.09383 1.1175
5.09983 1.117
5.10583 1.1165
5.11183 1.116
5.11783 1.1155
5.12383 1.115
5.12983 1.1145
5.13583 1.114
5.14183 1.1135
5.14783 1.113
5.15383 1.1125
5.15983 1.112
5.16583 1.1115
5.17183 1.111
5.17783 1.1105
5.18383 1.11
5.18983 1.1095
5.19583 1.109
5.20183 1.1085
5.20783 1.108
5.21383 1.1075
5.21983 1.107
5.22583 1.1065
5.23183 1.106
5.23783 1.1055
5.24383 1.105
5.24983 1.1045
5.25583 1.104
5.26183 1.1035
5.26783 1.103
5.27383 1.1025
5.27983 1.102
5.28583 1.1015
5.29183 1.101
5.29783 1.1005
5.30383 1.1
5.30983 1.0995
5.31583 1.099
5.32183 1.0985
5.32783 1.098
5.33383 1.0975
5.33983 1.097
5.34583 1.0965
5.35183 1.096
5.35783 1.0955
5.36383 1.095
5.36983 1.0945
5.37583 1.094
5.38183 1.0935
5.38783 1.093
5.39383 1.0925
5.39983 1.092
5.40583 1.0915
5.41183 1.091
5.41783 1.0905
5.42383 1.09
5.42983 1.0895
5.43583 1.089
5.44183 1.0885
5.44783 1.088
5.45383 1.0875
5.45983 1.087
5.46583 1.0865
5.47183 1.086
5.47783 1.0855
5.48383 1.085
5.48983 1.0845
5.49583 1.084
5.50183 1.0835
5.50783 1.083
5.51383 1.0825
5.51983 1.082
5.52583 1.0815
5.53183 1.081
5.53783 1.0805
5.54383 1.08
5.54983 1.0795
5.55583 1.079
5.56183 1.0785
5.56783 1.078
5.57383 1.0775
5.57983 1.077
5.58583 1.0765
5.59183 1.076
5.59783 1.0755
5.60383 1.075
5.60983 1.0745
5.61583 1.074
5.62183 1.0735
5.62783 1.073
5.63383 1.0725
5.63983 1.072
5.64583 1.0715
5.65183 1.071
5.65783 1.0705
5.66383 1.07
5.66983 1.0695
5.67583 1.069
5.68183 1.0685
5.68783 1.068
5.69383 1.0675
5.69983 1.067
5.70583 1.0665
5.71183 1.066
5.71783 1.0655
5.72383 1.065
5.72983 1.0645
5.73583 1.064
5.74183 1.0635
5.74783 1.063
5.75383 1.0625
5.75983 1.062
5.76583 1.0615
5.77183 1.061
5.77783 1.0605
5.78383 1.06
5.78983 1.0595
5.79583 1.059
5.80183 1.0585
5.80783 1.058
5.81383 1.0575
5.81983 1.057
5.82583 1.0565
5.83183 1.056
5.83783 1.0555
5.84383 1.055
5.84983 1.0545
5.85583 1.054
5.86183 1.0535
5.86783 1.053
5.87383 1.0525
5.87983 1.052
5.88583 1.0515
5.89183 1.051
5.89783 1.0505
5.90383 1.05
5.90983 1.0495
5.91583 1.049
5.92183 1.0485
5.92783 1.048
5.93383 1.0475
5.93983 1.047
5.94583 1.0465
5.95183 1.046
5.95783 1.0455
5.96383 1.045
5.96983 1.0445
5.97583 1.044
5.98183 1.0435
5.98783 1.043
5.99383 1.0425
5.99983 1.042
6.00583 1.0415
6.01183 1.041
6.01783 1.0405
6.02383 1.04
6.02983 1.0395
6.03583 1.039
6.04183 1.0385
6.04783 1.038
6.05383 1.0375
6.05983 1.037
6.06583 1.0365
6.07183 1.036
6.07783 1.0355
6.08383 1.035
6.08983 1.0345
6.09583 1.034
6.10183 1.0335
6.10783 1.033
6.11383 1.0325
6.11983 1.032
6.12583 1.0315
6.13183 1.031
6.13783 1.0305
6.14383 1.03
6.14983 1.0295
6.15583 1.029
6.16183 1.0285
6.16783 1.028
6.17383 1.0275
6.17983 1.027
6.18583 1.0265
6.19183 1.026
6.19783 1.0255
6.20383 1.025
6.20983 1.0245
6.21583 1.024
6.22183 1.0235
6.22783 1.023
6.23383 1.0225
6.23983 1.022
6.24583 1.0215
6.25183 1.021
6.25783 1.0205
6.26383 1.02
6.26983 1.0195
6.27583 1.019
6.28183 1.0185
6.28783 1.018
6.29383 1.0175
6.29983 1.017
6.30583 1.0165
6.31183 1.016
6.31783 1.0155
6.32383 1.015
6.32983 1.0145
6.33583 1.014
6.34183 1.0135
6.34783 1.013
6.35383 1.0125
6.35983 1.012
6.36583 1.0115
6.37183 1.011
6.37783 1.0105
6.38383 1.01
6.38983 1.0095
6.39583 1.009
6.40183 1.0085
6.40783 1.008
6.41383 1.0075
6.41983 1.007
6.42583 1.0065
6.43183 1.006
6.43783 1.0055
6.44383 1.005
6.44983 1.0045
6.45583 1.004
6.46183 1.0035
6.46791 1.003
6.47393 1.0025
6.47493 1.002
6.47593 1.0015
6.47795 1.001
6.47544 1.0005
6.47644 1
