Man
0 0
0 0.001
0 0.002
0 0.003
0 0.004
0 0.005
0 0.006
0 0.007
0 0.008
0.392699 0.009
0.589049 0.01
0.490874 0.011
0.490874 0.012
0.392699 0.013
0.294524 0.014
0.19635 0.015
0.113383 0.016
0.0152084 0.017
0.0553963 0.018
0.0904382 0.019
0.0904382 0.02
0.0904382 0.021
0.0904382 0.022
0.0904382 0.023
0.0904382 0.024
0.0904382 0.025
0.0904382 0.026
0.0904382 0.027
0.0904382 0.028
0.0904382 0.029
0.0904382 0.03
0.0904382 0.031
0.0904382 0.032
0.0904382 0.033
0.0904382 0.034
0.0904382 0.035
0.0904382 0.036
0.0904382 0.037
0.0904382 0.038
0.0904382 0.039
0.0904382 0.04
0.0904382 0.041
0.0904382 0.042
0.0904382 0.043
0.0904382 0.044
0.0904383 0.045
0.0904383 0.046
0.0904383 0.047
0.0904383 0.048
0.0904383 0.049
0.0904383 0.05
0.0904383 0.051
0.0904383 0.052
0.0904383 0.053
0.0904383 0.054
0.0904383 0.055
0.0904383 0.056
0.0904383 0.057
0.0904383 0.058
0.0904383 0.059
0.0904383 0.06
0.0904383 0.061
0.0904383 0.062
0.0904383 0.063
0.0904383 0.064
0.0904383 0.065
0.0904383 0.066
0.0904383 0.067
0.0904383 0.068
0.0904383 0.069
0.0904383 0.07
0.0904383 0.071
0.0904383 0.072
0.0904383 0.073
0.0904383 0.074
0.0904383 0.075
0.0904383 0.076
0.0904383 0.077
0.0904383 0.078
0.0904384 0.079
0.0904384 0.08
0.0914384 0.081
0.0924384 0.082
0.0934384 0.083
0.0944384 0.084
0.0954384 0.085
0.0964384 0.086
0.0974384 0.087
0.0984384 0.088
0.0994384 0.089
0.100438 0.09
0.101438 0.091
0.102438 0.092
0.103438 0.093
0.104438 0.094
0.105438 0.095
0.106438 0.096
0.107438 0.097
0.108438 0.098
0.109438 0.099
0.110438 0.1
0.111438 0.101
0.112438 0.102
0.113438 0.103
0.114438 0.104
0.115438 0.105
0.116438 0.106
0.117438 0.107
0.118438 0.108
0.119438 0.109
0.120438 0.11
0.121438 0.111
0.122438 0.112
0.123438 0.113
0.124438 0.114
0.125438 0.115
0.126438 0.116
0.127438 0.117
0.128438 0.118
0.129438 0.119
0.130438 0.12
0.131438 0.121
0.132438 0.122
0.133438 0.123
0.134438 0.124
0.135438 0.125
0.136438 0.126
0.135438 0.127
0.134438 0.128
0.133438 0.129
0.132438 0.13
0.131438 0.131
0.130438 0.132
0.129438 0.133
0.128438 0.134
0.127438 0.135
0.126438 0.136
0.125438 0.137
0.124438 0.138
0.123438 0.139
0.122438 0.14
0.121438 0.141
0.122438 0.142
0.123438 0.143
0.124438 0.144
0.125438 0.145
0.126438 0.146
0.127438 0.147
0.128438 0.148
0.129438 0.149
0.130438 0.15
0.131438 0.151
0.132438 0.152
0.133438 0.153
0.134438 0.154
0.135438 0.155
0.136438 0.156
0.137438 0.157
0.138438 0.158
0.139438 0.159
0.140438 0.16
0.141438 0.161
0.142438 0.162
0.143438 0.163
0.144438 0.164
0.143438 0.165
0.142438 0.166
0.141438 0.167
0.140438 0.168
0.139438 0.169
0.138438 0.17
0.137438 0.171
0.136438 0.172
0.135438 0.173
0.134438 0.174
0.133438 0.175
0.132438 0.176
0.131438 0.177
0.130438 0.178
0.129438 0.179
0.128438 0.18
0.127438 0.181
0.126438 0.182
0.125438 0.183
0.124438 0.184
0.123438 0.185
0.122438 0.186
0.121438 0.187
0.120438 0.188
0.119438 0.189
0.118438 0.19
0.117438 0.191
0.116438 0.192
0.115438 0.193
0.114438 0.194
0.113438 0.195
0.112438 0.196
0.111438 0.197
0.110438 0.198
0.109438 0.199
0.108438 0.2
0.107438 0.201
0.106438 0.202
0.105438 0.203
0.104438 0.204
0.103438 0.205
0.102438 0.206
0.101438 0.207
0.100438 0.208
0.0994384 0.209
0.0984384 0.21
0.0974384 0.211
0.0964384 0.212
0.0954384 0.213
0.0944384 0.214
0.0934384 0.215
0.0924384 0.216
0.0914384 0.217
0.0904384 0.218
0.0894384 0.219
0.0884384 0.22
0.0874384 0.221
0.0864384 0.222
0.0854384 0.223
0.0844384 0.224
0.0834384 0.225
0.0824384 0.226
0.0814384 0.227
0.0804384 0.228
0.0794383 0.229
0.0784383 0.23
0.0774383 0.231
0.0764383 0.232
0.0754383 0.233
0.0744383 0.234
0.0734383 0.235
0.0724383 0.236
0.0714383 0.237
0.0704383 0.238
0.0694383 0.239
0.0684383 0.24
0.0674383 0.241
0.0664383 0.242
0.0654383 0.243
0.0644383 0.244
0.0634383 0.245
0.0624383 0.246
0.0614383 0.247
0.0604383 0.248
0.0594383 0.249
0.0584383 0.25
0.0574383 0.251
0.0564383 0.252
0.0554383 0.253
0.0544383 0.254
0.0534383 0.255
0.0524383 0.256
0.0514383 0.257
0.0504383 0.258
0.0494383 0.259
0.0484383 0.26
0.0474383 0.261
0.0464383 0.262
0.0454383 0.263
0.0444383 0.264
0.0434383 0.265
0.0424383 0.266
0.0414383 0.267
0.0404383 0.268
0.0394383 0.269
0.0384383 0.27
0.0374383 0.271
0.0364383 0.272
0.0354383 0.273
0.0344383 0.274
0.0334383 0.275
0.0324383 0.276
0.0314383 0.277
0.0304383 0.278
0.0294383 0.279
0.0284383 0.28
0.0274383 0.281
0.0264383 0.282
0.0274383 0.283
0.0284383 0.284
0.0294383 0.285
0.0304383 0.286
0.0314383 0.287
0.0324383 0.288
0.0334383 0.289
0.0344383 0.29
0.0354383 0.291
0.0364383 0.292
0.0374383 0.293
0.0384383 0.294
0.0394383 0.295
0.0404383 0.296
0.0414383 0.297
0.0424383 0.298
0.0434383 0.299
0.0444383 0.3
0.0454383 0.301
0.0464383 0.302
0.0474383 0.303
0.0484383 0.304
0.0494383 0.305
0.0504383 0.306
0.0514383 0.307
0.0524383 0.308
0.0534383 0.309
0.0544383 0.31
0.0554383 0.311
0.0564383 0.312
0.0574383 0.313
0.0584383 0.314
0.0594383 0.315
0.0604383 0.316
0.0614383 0.317
0.0624383 0.318
0.0634383 0.319
0.0644383 0.32
0.0654383 0.321
0.0664383 0.322
0.0674383 0.323
0.0684383 0.324
0.0694383 0.325
0.0704383 0.326
0.0714383 0.327
0.0724383 0.328
0.0734383 0.329
0.0744383 0.33
0.0754383 0.331
0.0764383 0.332
0.0774383 0.333
0.0784383 0.334
0.0794383 0.335
0.0804384 0.336
0.0814384 0.337
0.0824384 0.338
0.0834384 0.339
0.0844384 0.34
0.0854384 0.341
0.0864384 0.342
0.0874384 0.343
0.0884384 0.344
0.0894384 0.345
0.0904384 0.346
0.0914384 0.347
0.0924384 0.348
0.0934384 0.349
0.0944384 0.35
0.0954384 0.351
0.0964384 0.352
0.0974384 0.353
0.0984384 0.354
0.0994384 0.355
0.100438 0.356
0.101438 0.357
0.102438 0.358
0.103438 0.359
0.104438 0.36
0.105438 0.361
0.106438 0.362
0.107438 0.363
0.108438 0.364
0.109438 0.365
0.110438 0.366
0.111438 0.367
0.112438 0.368
0.113438 0.369
0.114438 0.37
0.115438 0.371
0.116438 0.372
0.117438 0.373
0.118438 0.374
0.119438 0.375
0.120438 0.376
0.121438 0.377
0.122438 0.378
0.123438 0.379
0.124438 0.38
0.125438 0.381
0.126438 0.382
0.127438 0.383
0.128438 0.384
0.129438 0.385
0.130438 0.386
0.131438 0.387
0.132438 0.388
0.133438 0.389
0.134438 0.39
0.135438 0.391
0.136438 0.392
0.137438 0.393
0.138438 0.394
0.139438 0.395
0.140438 0.396
0.141438 0.397
0.142438 0.398
0.143438 0.399
0.144438 0.4
0.145438 0.401
0.146438 0.402
0.147438 0.403
0.148438 0.404
0.149438 0.405
0.150438 0.406
0.151438 0.407
0.152438 0.408
0.153438 0.409
0.154438 0.41
0.155438 0.411
0.156438 0.412
0.157438 0.413
0.158438 0.414
0.159438 0.415
0.160438 0.416
0.161438 0.417
0.162438 0.418
0.163438 0.419
0.164438 0.42
0.165438 0.421
0.166438 0.422
0.167438 0.423
0.168438 0.424
0.169438 0.425
0.170438 0.426
0.171438 0.427
0.172438 0.428
0.173438 0.429
0.174438 0.43
0.175438 0.431
0.176438 0.432
0.177438 0.433
0.178438 0.434
0.179438 0.435
0.180438 0.436
0.181438 0.437
0.182438 0.438
0.183438 0.439
0.184438 0.44
0.185438 0.441
0.186438 0.442
0.187438 0.443
0.188438 0.444
0.189438 0.445
0.190438 0.446
0.191438 0.447
0.192438 0.448
0.191438 0.449
0.190438 0.45
0.189438 0.451
0.188438 0.452
0.187438 0.453
0.186438 0.454
0.185438 0.455
0.184438 0.456
0.183438 0.457
0.182438 0.458
0.181438 0.459
0.180438 0.46
0.179438 0.461
0.178438 0.462
0.177438 0.463
0.176438 0.464
0.175438 0.465
0.174438 0.466
0.173438 0.467
0.172438 0.468
0.171438 0.469
0.170438 0.47
0.169438 0.471
0.168438 0.472
0.167438 0.473
0.166438 0.474
0.167438 0.475
0.168438 0.476
0.169438 0.477
0.170438 0.478
0.171438 0.479
0.172438 0.48
0.173438 0.481
0.174438 0.482
0.175438 0.483
0.176438 0.484
0.177438 0.485
0.178438 0.486
0.179438 0.487
0.180438 0.488
0.181438 0.489
0.182438 0.49
0.181438 0.491
0.180438 0.492
0.179438 0.493
0.178438 0.494
0.177438 0.495
0.176438 0.496
0.175438 0.497
0.174438 0.498
0.173438 0.499
0.172438 0.5
0.171438 0.501
0.170438 0.502
0.169438 0.503
0.168438 0.504
0.167438 0.505
0.166438 0.506
0.165438 0.507
0.164438 0.508
0.163438 0.509
0.162438 0.51
0.161438 0.511
0.160438 0.512
0.159438 0.513
0.158438 0.514
0.157438 0.515
0.156438 0.516
0.155438 0.517
0.154438 0.518
0.153438 0.519
0.152438 0.52
0.151438 0.521
0.150438 0.522
0.149438 0.523
0.148438 0.524
0.147438 0.525
0.146438 0.526
0.145438 0.527
0.144438 0.528
0.143438 0.529
0.142438 0.53
0.141438 0.531
0.140438 0.532
0.139438 0.533
0.138438 0.534
0.137438 0.535
0.136438 0.536
0.135438 0.537
0.134438 0.538
0.133438 0.539
0.132438 0.54
0.131438 0.541
0.130438 0.542
0.129438 0.543
0.128438 0.544
0.127438 0.545
0.126438 0.546
0.125438 0.547
0.124438 0.548
0.123438 0.549
0.122438 0.55
0.121438 0.551
0.120438 0.552
0.119438 0.553
0.118438 0.554
0.117438 0.555
0.116438 0.556
0.115438 0.557
0.114438 0.558
0.113438 0.559
0.112438 0.56
0.111438 0.561
0.110438 0.562
0.109438 0.563
0.108438 0.564
0.107438 0.565
0.108438 0.566
0.109438 0.567
0.110438 0.568
0.111438 0.569
0.112438 0.57
0.113438 0.571
0.114438 0.572
0.115438 0.573
0.116438 0.574
0.117438 0.575
0.118438 0.576
0.119438 0.577
0.120438 0.578
0.121438 0.579
0.122438 0.58
0.123438 0.581
0.124438 0.582
0.125438 0.583
0.126438 0.584
0.127438 0.585
0.128438 0.586
0.129438 0.587
0.130438 0.588
0.131438 0.589
0.132438 0.59
0.133438 0.591
0.134438 0.592
0.135438 0.593
0.136438 0.594
0.137438 0.595
0.138438 0.596
0.139438 0.597
0.140438 0.598
0.141438 0.599
0.142438 0.6
0.143438 0.601
0.144438 0.602
0.145438 0.603
0.146438 0.604
0.147438 0.605
0.148438 0.606
0.149438 0.607
0.150438 0.608
0.151438 0.609
0.152438 0.61
0.153438 0.611
0.154438 0.612
0.155438 0.613
0.156438 0.614
0.157438 0.615
0.158438 0.616
0.159438 0.617
0.160438 0.618
0.161438 0.619
0.162438 0.62
0.163438 0.621
0.164438 0.622
0.165438 0.623
0.166438 0.624
0.167438 0.625
0.168438 0.626
0.169438 0.627
0.170438 0.628
0.171438 0.629
0.172438 0.63
0.173438 0.631
0.174438 0.632
0.175438 0.633
0.176438 0.634
0.177438 0.635
0.178438 0.636
0.179438 0.637
0.180438 0.638
0.181438 0.639
0.182438 0.64
0.183438 0.641
0.184438 0.642
0.185438 0.643
0.186438 0.644
0.187438 0.645
0.188438 0.646
0.189438 0.647
0.190438 0.648
0.191438 0.649
0.192438 0.65
0.193438 0.651
0.194438 0.652
0.195438 0.653
0.196438 0.654
0.197438 0.655
0.198438 0.656
0.199438 0.657
0.200438 0.658
0.201438 0.659
0.202438 0.66
0.203438 0.661
0.204438 0.662
0.205438 0.663
0.206438 0.664
0.207438 0.665
0.208438 0.666
0.209438 0.667
0.210438 0.668
0.211438 0.669
0.212438 0.67
0.213438 0.671
0.214438 0.672
0.215438 0.673
0.216438 0.674
0.217438 0.675
0.218438 0.676
0.219438 0.677
0.220438 0.678
0.221438 0.679
0.222439 0.68
0.221438 0.681
0.220438 0.682
0.219438 0.683
0.218438 0.684
0.217438 0.685
0.216438 0.686
0.215438 0.687
0.214438 0.688
0.213438 0.689
0.212438 0.69
0.211438 0.691
0.210438 0.692
0.209438 0.693
0.208438 0.694
0.207438 0.695
0.206438 0.696
0.205438 0.697
0.204438 0.698
0.203438 0.699
0.202438 0.7
0.201438 0.701
0.200438 0.702
0.199438 0.703
0.200438 0.704
0.201438 0.705
0.202438 0.706
0.203438 0.707
0.204438 0.708
0.205438 0.709
0.206438 0.71
0.207438 0.711
0.208438 0.712
0.209438 0.713
0.210438 0.714
0.211438 0.715
0.212438 0.716
0.213438 0.717
0.214438 0.718
0.215438 0.719
0.216438 0.72
0.217438 0.721
0.218438 0.722
0.219438 0.723
0.220438 0.724
0.221438 0.725
0.222439 0.726
0.223439 0.727
0.224439 0.728
0.225439 0.729
0.226439 0.73
0.227439 0.731
0.228439 0.732
0.229439 0.733
0.230439 0.734
0.231439 0.735
0.232439 0.736
0.233439 0.737
0.234439 0.738
0.235439 0.739
0.236439 0.74
0.235439 0.741
0.234439 0.742
0.233439 0.743
0.232439 0.744
0.231439 0.745
0.230439 0.746
0.229439 0.747
0.228439 0.748
0.227439 0.749
0.226439 0.75
0.225439 0.751
0.224439 0.752
0.223439 0.753
0.222439 0.754
0.221438 0.755
0.220438 0.756
0.219438 0.757
0.218438 0.758
0.217438 0.759
0.216438 0.76
0.215438 0.761
0.214438 0.762
0.213438 0.763
0.212438 0.764
0.211438 0.765
0.210438 0.766
0.209438 0.767
0.208438 0.768
0.207438 0.769
0.206438 0.77
0.205438 0.771
0.204438 0.772
0.203438 0.773
0.202438 0.774
0.201438 0.775
0.200438 0.776
0.199438 0.777
0.198438 0.778
0.197438 0.779
0.196438 0.78
0.195438 0.781
0.194438 0.782
0.193438 0.783
0.192438 0.784
0.191438 0.785
0.190438 0.786
0.189438 0.787
0.188438 0.788
0.187438 0.789
0.186438 0.79
0.185438 0.791
0.184438 0.792
0.183438 0.793
0.182438 0.794
0.181438 0.795
0.180438 0.796
0.179438 0.797
0.178438 0.798
0.177438 0.799
0.176438 0.8
0.175438 0.801
0.174438 0.802
0.173438 0.803
0.172438 0.804
0.171438 0.805
0.170438 0.806
0.169438 0.807
0.168438 0.808
0.167438 0.809
0.166438 0.81
0.165438 0.811
0.164438 0.812
0.163438 0.813
0.162438 0.814
0.161438 0.815
0.160438 0.816
0.159438 0.817
0.158438 0.818
0.157438 0.819
0.156438 0.82
0.155438 0.821
0.154438 0.822
0.153438 0.823
0.152438 0.824
0.151438 0.825
0.150438 0.826
0.149438 0.827
0.148438 0.828
0.147438 0.829
0.146438 0.83
0.145438 0.831
0.144438 0.832
0.143438 0.833
0.142438 0.834
0.141438 0.835
0.140438 0.836
0.139438 0.837
0.138438 0.838
0.137438 0.839
0.136438 0.84
0.135438 0.841
0.134438 0.842
0.133438 0.843
0.132438 0.844
0.131438 0.845
0.130438 0.846
0.129438 0.847
0.128438 0.848
0.127438 0.849
0.126438 0.85
0.125438 0.851
0.124438 0.852
0.123438 0.853
0.122438 0.854
0.121438 0.855
0.120438 0.856
0.119438 0.857
0.118438 0.858
0.117438 0.859
0.116438 0.86
0.115438 0.861
0.114438 0.862
0.113438 0.863
0.112438 0.864
0.111438 0.865
0.110438 0.866
0.109438 0.867
0.108438 0.868
0.107438 0.869
0.106438 0.87
0.105438 0.871
0.104438 0.872
0.103438 0.873
0.102438 0.874
0.101438 0.875
0.100438 0.876
0.0994384 0.877
0.0984384 0.878
0.0974384 0.879
0.0964384 0.88
0.0954384 0.881
0.0944384 0.882
0.0934384 0.883
0.0924384 0.884
0.0914384 0.885
0.0904384 0.886
0.0894384 0.887
0.0884384 0.888
0.0874384 0.889
0.0864384 0.89
0.0854384 0.891
0.0844384 0.892
0.0834384 0.893
0.0824384 0.894
0.0814384 0.895
0.0804384 0.896
0.0794383 0.897
0.0784383 0.898
0.0774383 0.899
0.0764383 0.9
0.0754383 0.901
0.0744383 0.902
0.0734383 0.903
0.0724383 0.904
0.0714383 0.905
0.0704383 0.906
0.0694383 0.907
0.0684383 0.908
0.0674383 0.909
0.0664383 0.91
0.0654383 0.911
0.0644383 0.912
0.0634383 0.913
0.0624383 0.914
0.0614383 0.915
0.0604383 0.916
0.0594383 0.917
0.0584383 0.918
0.0574383 0.919
0.0564383 0.92
0.0554383 0.921
0.0544383 0.922
0.0534383 0.923
0.0524383 0.924
0.0514383 0.925
0.0504383 0.926
0.0494383 0.927
0.0484383 0.928
0.0474383 0.929
0.0464383 0.93
0.0454383 0.931
0.0444383 0.932
0.0434383 0.933
0.0424383 0.934
0.0414383 0.935
0.0404383 0.936
0.0394383 0.937
0.0384383 0.938
0.0374383 0.939
0.0364383 0.94
0.0354383 0.941
0.0344383 0.942
0.0334383 0.943
0.0324383 0.944
0.0314383 0.945
0.0304383 0.946
0.0294383 0.947
0.0284383 0.948
0.0274383 0.949
0.0284383 0.95
0.0294383 0.951
0.0304383 0.952
0.0314383 0.953
0.0324383 0.954
0.0334383 0.955
0.0344383 0.956
0.0354383 0.957
0.0364383 0.958
0.0374383 0.959
0.0384383 0.96
0.0394383 0.961
0.0404383 0.962
0.0414383 0.963
0.0424383 0.964
0.0434383 0.965
0.0444383 0.966
0.0454383 0.967
0.0464383 0.968
0.0474383 0.969
0.0484383 0.97
0.0494383 0.971
0.0504383 0.972
0.0514383 0.973
0.0524383 0.974
0.0534383 0.975
0.0544383 0.976
0.0554383 0.977
0.0564383 0.978
0.0574383 0.979
0.0584383 0.98
0.0594383 0.981
0.0604383 0.982
0.0614383 0.983
0.0624383 0.984
0.0634383 0.985
0.0644383 0.986
0.0654383 0.987
0.0664383 0.988
0.0674383 0.989
0.0684383 0.99
0.0694383 0.991
0.0704383 0.992
0.0714383 0.993
0.0724383 0.994
0.0734383 0.995
0.0744383 0.996
0.0754383 0.997
0.0764383 0.998
0.0774383 0.999
0.0784383 1


Shark
3.14159 1.5
3.19159 1.4995
3.24159 1.499
3.29159 1.4985
3.34159 1.498
3.39159 1.4975
3.44159 1.497
3.49159 1.4965
3.54159 1.496
3.71452 1.4955
3.60894 1.495
3.53719 1.4945
3.48719 1.494
3.40809 1.4935
3.32514 1.493
3.23821 1.4925
3.1568 1.492
3.25193 1.4915
3.31304 1.491
3.37262 1.4905
3.42262 1.49
3.47262 1.4895
3.52262 1.489
3.57262 1.4885
3.62262 1.488
3.67262 1.4875
3.72262 1.487
3.77262 1.4865
3.82262 1.486
3.87262 1.4855
3.92262 1.485
3.97262 1.4845
4.02262 1.484
4.07262 1.4835
4.12262 1.483
4.17262 1.4825
4.22262 1.482
4.27262 1.4815
4.32262 1.481
4.37262 1.4805
4.42262 1.48
4.47262 1.4795
4.52262 1.479
4.57262 1.4785
4.62262 1.478
4.67262 1.4775
4.72262 1.477
4.77262 1.4765
4.82262 1.476
4.87262 1.4755
4.92262 1.475
4.97262 1.4745
5.02262 1.474
5.07262 1.4735
5.12262 1.473
5.17262 1.4725
5.22262 1.472
5.27262 1.4715
5.32262 1.471
5.37262 1.4705
5.42262 1.47
5.47262 1.4695
5.52262 1.469
5.57262 1.4685
5.62262 1.468
5.67262 1.4675
5.72262 1.467
5.77262 1.4665
5.82262 1.466
5.87262 1.4655
5.92262 1.465
5.97262 1.4645
6.02262 1.464
6.07262 1.4635
6.12262 1.463
6.17262 1.4625
6.22262 1.462
6.27262 1.4615
6.32262 1.461
6.37262 1.4605
6.37362 1.46
6.37462 1.4595
6.37562 1.459
6.37662 1.4585
6.37762 1.458
6.37862 1.4575
6.37962 1.457
6.38062 1.4565
6.38162 1.456
6.38262 1.4555
6.38362 1.455
6.38462 1.4545
6.38562 1.454
6.38662 1.4535
6.38762 1.453
6.38862 1.4525
6.38962 1.452
6.39062 1.4515
6.39162 1.451
6.39262 1.4505
6.39362 1.45
6.39462 1.4495
6.39562 1.449
6.39662 1.4485
6.39762 1.448
6.39862 1.4475
6.39962 1.447
6.40062 1.4465
6.40162 1.446
6.40262 1.4455
6.40362 1.445
6.40462 1.4445
6.40562 1.444
6.40662 1.4435
6.40762 1.443
6.40862 1.4425
6.40962 1.442
6.41062 1.4415
6.41162 1.441
6.41262 1.4405
6.41362 1.44
6.41462 1.4395
6.41562 1.439
6.41662 1.4385
6.41762 1.438
6.41862 1.4375
6.41962 1.437
6.41862 1.4365
6.41762 1.436
6.41662 1.4355
6.41562 1.435
6.41462 1.4345
6.41362 1.434
6.41262 1.4335
6.41162 1.433
6.41062 1.4325
6.40962 1.432
6.40862 1.4315
6.40762 1.431
6.40662 1.4305
6.40562 1.43
6.40462 1.4295
6.40562 1.429
6.40662 1.4285
6.40762 1.428
6.40862 1.4275
6.40962 1.427
6.41062 1.4265
6.41162 1.426
6.41262 1.4255
6.41362 1.425
6.41462 1.4245
6.41562 1.424
6.41662 1.4235
6.41762 1.423
6.41862 1.4225
6.41962 1.422
6.42062 1.4215
6.42162 1.421
6.42262 1.4205
6.42362 1.42
6.42462 1.4195
6.42562 1.419
6.42662 1.4185
6.42762 1.418
6.42662 1.4175
6.42562 1.417
6.42462 1.4165
6.42362 1.416
6.42262 1.4155
6.42162 1.415
6.42062 1.4145
6.41962 1.414
6.41862 1.4135
6.41762 1.413
6.41662 1.4125
6.41562 1.412
6.41462 1.4115
6.41362 1.411
6.41262 1.4105
6.41162 1.41
6.41062 1.4095
6.40962 1.409
6.40862 1.4085
6.40762 1.408
6.40662 1.4075
6.40562 1.407
6.40462 1.4065
6.40362 1.406
6.40262 1.4055
6.40162 1.405
6.40062 1.4045
6.39962 1.404
6.39862 1.4035
6.39762 1.403
6.39662 1.4025
6.39562 1.402
6.39462 1.4015
6.39362 1.401
6.39262 1.4005
6.39162 1.4
6.39062 1.3995
6.38962 1.399
6.38862 1.3985
6.38762 1.398
6.38662 1.3975
6.38562 1.397
6.38462 1.3965
6.38362 1.396
6.38262 1.3955
6.38162 1.395
6.38062 1.3945
6.37962 1.394
6.37862 1.3935
6.37762 1.393
6.37662 1.3925
6.37562 1.392
6.37462 1.3915
6.37362 1.391
6.37262 1.3905
6.37162 1.39
6.37062 1.3895
6.36962 1.389
6.36862 1.3885
6.36762 1.388
6.36662 1.3875
6.36562 1.387
6.36462 1.3865
6.36362 1.386
6.36262 1.3855
6.36162 1.385
6.36062 1.3845
6.35962 1.384
6.35862 1.3835
6.35762 1.383
6.35662 1.3825
6.35562 1.382
6.35462 1.3815
6.35362 1.381
6.35262 1.3805
6.35162 1.38
6.35062 1.3795
6.34962 1.379
6.34862 1.3785
6.34762 1.378
6.34662 1.3775
6.34562 1.377
6.34462 1.3765
6.34362 1.376
6.34262 1.3755
6.34162 1.375
6.34062 1.3745
6.33962 1.374
6.33862 1.3735
6.33762 1.373
6.33662 1.3725
6.33562 1.372
6.33462 1.3715
6.33362 1.371
6.33262 1.3705
6.33162 1.37
6.33062 1.3695
6.32962 1.369
6.32862 1.3685
6.32762 1.368
6.32662 1.3675
6.32562 1.367
6.32462 1.3665
6.32362 1.366
6.32262 1.3655
6.32162 1.365
6.32062 1.3645
6.31962 1.364
6.31862 1.3635
6.31762 1.363
6.31662 1.3625
6.31562 1.362
6.31462 1.3615
6.31362 1.361
6.31262 1.3605
6.31162 1.36
6.31062 1.3595
6.30962 1.359
6.31062 1.3585
6.31162 1.358
6.31262 1.3575
6.31362 1.357
6.31462 1.3565
6.31562 1.356
6.31662 1.3555
6.31762 1.355
6.31862 1.3545
6.31962 1.354
6.32062 1.3535
6.32162 1.353
6.32262 1.3525
6.32362 1.352
6.32462 1.3515
6.32562 1.351
6.32662 1.3505
6.32762 1.35
6.32862 1.3495
6.32962 1.349
6.33062 1.3485
6.33162 1.348
6.33262 1.3475
6.33362 1.347
6.33462 1.3465
6.33562 1.346
6.33662 1.3455
6.33762 1.345
6.33862 1.3445
6.33962 1.344
6.34062 1.3435
6.34162 1.343
6.34262 1.3425
6.34362 1.342
6.34462 1.3415
6.34562 1.341
6.34662 1.3405
6.34762 1.34
6.34862 1.3395
6.34962 1.339
6.35062 1.3385
6.35162 1.338
6.35262 1.3375
6.35362 1.337
6.35462 1.3365
6.35562 1.336
6.35662 1.3355
6.35762 1.335
6.35862 1.3345
6.35962 1.334
6.36062 1.3335
6.36162 1.333
6.36262 1.3325
6.36362 1.332
6.36462 1.3315
6.36562 1.331
6.36662 1.3305
6.36762 1.33
6.36862 1.3295
6.36962 1.329
6.37062 1.3285
6.37162 1.328
6.37262 1.3275
6.37362 1.327
6.37462 1.3265
6.37562 1.326
6.37662 1.3255
6.37762 1.325
6.37862 1.3245
6.37962 1.324
6.38062 1.3235
6.38162 1.323
6.38262 1.3225
6.38362 1.322
6.38462 1.3215
6.38562 1.321
6.38662 1.3205
6.38762 1.32
6.38862 1.3195
6.38962 1.319
6.39062 1.3185
6.39162 1.318
6.39262 1.3175
6.39362 1.317
6.39462 1.3165
6.39562 1.316
6.39662 1.3155
6.39762 1.315
6.39862 1.3145
6.39962 1.314
6.40062 1.3135
6.40162 1.313
6.40262 1.3125
6.40362 1.312
6.40462 1.3115
6.40562 1.311
6.40662 1.3105
6.40762 1.31
6.40862 1.3095
6.40962 1.309
6.41062 1.3085
6.41162 1.308
6.41262 1.3075
6.41362 1.307
6.41462 1.3065
6.41562 1.306
6.41662 1.3055
6.41762 1.305
6.41862 1.3045
6.41962 1.304
6.42062 1.3035
6.42162 1.303
6.42262 1.3025
6.42362 1.302
6.42462 1.3015
6.42562 1.301
6.42662 1.3005
6.42762 1.3
6.42862 1.2995
6.42962 1.299
6.43062 1.2985
6.43162 1.298
6.43262 1.2975
6.43362 1.297
6.43462 1.2965
6.43562 1.296
6.43662 1.2955
6.43762 1.295
6.43862 1.2945
6.43962 1.294
6.44062 1.2935
6.44162 1.293
6.44262 1.2925
6.44362 1.292
6.44462 1.2915
6.44562 1.291
6.44662 1.2905
6.44762 1.29
6.44862 1.2895
6.44962 1.289
6.45062 1.2885
6.45162 1.288
6.45262 1.2875
6.45362 1.287
6.45462 1.2865
6.45562 1.286
6.45662 1.2855
6.45762 1.285
6.45862 1.2845
6.45962 1.284
6.46062 1.2835
6.46162 1.283
6.46262 1.2825
6.46362 1.282
6.46462 1.2815
6.46562 1.281
6.46662 1.2805
6.46762 1.28
6.46862 1.2795
6.46962 1.279
6.47062 1.2785
6.47162 1.278
6.47262 1.2775
6.47362 1.277
6.47462 1.2765
6.47562 1.276
6.47462 1.2755
6.47362 1.275
6.47262 1.2745
6.47162 1.274
6.47062 1.2735
6.46962 1.273
6.46862 1.2725
6.46762 1.272
6.46662 1.2715
6.46562 1.271
6.46462 1.2705
6.46362 1.27
6.46262 1.2695
6.46162 1.269
6.46062 1.2685
6.45962 1.268
6.45862 1.2675
6.45762 1.267
6.45662 1.2665
6.45562 1.266
6.45462 1.2655
6.45362 1.265
6.45262 1.2645
6.45162 1.264
6.45062 1.2635
6.44962 1.263
6.45062 1.2625
6.45162 1.262
6.45262 1.2615
6.45362 1.261
6.45462 1.2605
6.45562 1.26
6.45662 1.2595
6.45762 1.259
6.45862 1.2585
6.45962 1.258
6.46062 1.2575
6.46162 1.257
6.46262 1.2565
6.46362 1.256
6.46462 1.2555
6.46562 1.255
6.46462 1.2545
6.46362 1.254
6.46262 1.2535
6.46162 1.253
6.46062 1.2525
6.45962 1.252
6.45862 1.2515
6.45762 1.251
6.45662 1.2505
6.45562 1.25
6.45462 1.2495
6.45362 1.249
6.45262 1.2485
6.45162 1.248
6.45062 1.2475
6.44962 1.247
6.44862 1.2465
6.44762 1.246
6.44662 1.2455
6.44562 1.245
6.44462 1.2445
6.44362 1.244
6.44262 1.2435
6.44162 1.243
6.44062 1.2425
6.43962 1.242
6.43862 1.2415
6.43762 1.241
6.43662 1.2405
6.43562 1.24
6.43462 1.2395
6.43362 1.239
6.43262 1.2385
6.43162 1.238
6.43062 1.2375
6.42962 1.237
6.42862 1.2365
6.42762 1.236
6.42662 1.2355
6.42562 1.235
6.42462 1.2345
6.42362 1.234
6.42262 1.2335
6.42162 1.233
6.42062 1.2325
6.41962 1.232
6.41862 1.2315
6.41762 1.231
6.41662 1.2305
6.41562 1.23
6.41462 1.2295
6.41362 1.229
6.41262 1.2285
6.41162 1.228
6.41062 1.2275
6.40962 1.227
6.40862 1.2265
6.40762 1.226
6.40662 1.2255
6.40562 1.225
6.40462 1.2245
6.40362 1.224
6.40262 1.2235
6.40162 1.223
6.40062 1.2225
6.39962 1.222
6.39862 1.2215
6.39762 1.221
6.39662 1.2205
6.39562 1.22
6.39462 1.2195
6.39362 1.219
6.39262 1.2185
6.39162 1.218
6.39062 1.2175
6.39162 1.217
6.39262 1.2165
6.39362 1.216
6.39462 1.2155
6.39562 1.215
6.39662 1.2145
6.39762 1.214
6.39862 1.2135
6.39962 1.213
6.40062 1.2125
6.40162 1.212
6.40262 1.2115
6.40362 1.211
6.40462 1.2105
6.40562 1.21
6.40662 1.2095
6.40762 1.209
6.40862 1.2085
6.40962 1.208
6.41062 1.2075
6.41162 1.207
6.41262 1.2065
6.41362 1.206
6.41462 1.2055
6.41562 1.205
6.41662 1.2045
6.41762 1.204
6.41862 1.2035
6.41962 1.203
6.42062 1.2025
6.42162 1.202
6.42262 1.2015
6.42362 1.201
6.42462 1.2005
6.42562 1.2
6.42662 1.1995
6.42762 1.199
6.42862 1.1985
6.42962 1.198
6.43062 1.1975
6.43162 1.197
6.43262 1.1965
6.43362 1.196
6.43462 1.1955
6.43562 1.195
6.43662 1.1945
6.43762 1.194
6.43862 1.1935
6.43962 1.193
6.44062 1.1925
6.44162 1.192
6.44262 1.1915
6.44362 1.191
6.44462 1.1905
6.44562 1.19
6.44662 1.1895
6.44762 1.189
6.44862 1.1885
6.44962 1.188
6.45062 1.1875
6.45162 1.187
6.45262 1.1865
6.45362 1.186
6.45462 1.1855
6.45562 1.185
6.45662 1.1845
6.45762 1.184
6.45862 1.1835
6.45962 1.183
6.46062 1.1825
6.46162 1.182
6.46262 1.1815
6.46362 1.181
6.46462 1.1805
6.46562 1.18
6.46662 1.1795
6.46762 1.179
6.46862 1.1785
6.46962 1.178
6.47062 1.1775
6.47162 1.177
6.47262 1.1765
6.47362 1.176
6.47462 1.1755
6.47562 1.175
6.47662 1.1745
6.47762 1.174
6.47862 1.1735
6.47962 1.173
6.48062 1.1725
6.48162 1.172
6.48262 1.1715
6.48362 1.171
6.48462 1.1705
6.48562 1.17
6.48662 1.1695
6.48762 1.169
6.48862 1.1685
6.48962 1.168
6.49062 1.1675
6.49162 1.167
6.49262 1.1665
6.49362 1.166
6.49462 1.1655
6.49562 1.165
6.49662 1.1645
6.49762 1.164
6.49862 1.1635
6.49962 1.163
6.50062 1.1625
6.50162 1.162
6.50262 1.1615
6.50362 1.161
6.50462 1.1605
6.50562 1.16
6.50462 1.1595
6.50362 1.159
6.50262 1.1585
6.50162 1.158
6.50062 1.1575
6.49962 1.157
6.49862 1.1565
6.49762 1.156
6.49662 1.1555
6.49562 1.155
6.49462 1.1545
6.49362 1.154
6.49262 1.1535
6.49162 1.153
6.49062 1.1525
6.48962 1.152
6.48862 1.1515
6.48762 1.151
6.48662 1.1505
6.48562 1.15
6.48462 1.1495
6.48362 1.149
6.48262 1.1485
6.48362 1.148
6.48462 1.1475
6.48562 1.147
6.48662 1.1465
6.48762 1.146
6.48862 1.1455
6.48962 1.145
6.49062 1.1445
6.49162 1.144
6.49262 1.1435
6.49362 1.143
6.49462 1.1425
6.49562 1.142
6.49662 1.1415
6.49762 1.141
6.49862 1.1405
6.49962 1.14
6.50062 1.1395
6.50162 1.139
6.50262 1.1385
6.50362 1.138
6.50462 1.1375
6.50562 1.137
6.50662 1.1365
6.50762 1.136
6.50862 1.1355
6.50962 1.135
6.51062 1.1345
6.51162 1.134
6.51262 1.1335
6.51362 1.133
6.51462 1.1325
6.51562 1.132
6.51662 1.1315
6.51762 1.131
6.51862 1.1305
6.51962 1.13
6.51862 1.1295
6.51762 1.129
6.51662 1.1285
6.51562 1.128
6.51462 1.1275
6.51362 1.127
6.51262 1.1265
6.51162 1.126
6.51062 1.1255
6.50962 1.125
6.50862 1.1245
6.50762 1.124
6.50662 1.1235
6.50562 1.123
6.50462 1.1225
6.50362 1.122
6.50262 1.1215
6.50162 1.121
6.50062 1.1205
6.49962 1.12
6.49862 1.1195
6.49762 1.119
6.49662 1.1185
6.49562 1.118
6.49462 1.1175
6.49362 1.117
6.49262 1.1165
6.49162 1.116
6.49062 1.1155
6.48962 1.115
6.48862 1.1145
6.48762 1.114
6.48662 1.1135
6.48562 1.113
6.48462 1.1125
6.48362 1.112
6.48262 1.1115
6.48162 1.111
6.48062 1.1105
6.47962 1.11
6.47862 1.1095
6.47762 1.109
6.47662 1.1085
6.47562 1.108
6.47462 1.1075
6.47362 1.107
6.47262 1.1065
6.47162 1.106
6.47062 1.1055
6.46962 1.105
6.46862 1.1045
6.46762 1.104
6.46662 1.1035
6.46562 1.103
6.46462 1.1025
6.46362 1.102
6.46262 1.1015
6.46162 1.101
6.46062 1.1005
6.45962 1.1
6.45862 1.0995
6.45762 1.099
6.45662 1.0985
6.45562 1.098
6.45462 1.0975
6.45362 1.097
6.45262 1.0965
6.45162 1.096
6.45062 1.0955
6.44962 1.095
6.44862 1.0945
6.44762 1.094
6.44662 1.0935
6.44562 1.093
6.44462 1.0925
6.44362 1.092
6.44262 1.0915
6.44162 1.091
6.44062 1.0905
6.43962 1.09
6.43862 1.0895
6.43762 1.089
6.43662 1.0885
6.43562 1.088
6.43462 1.0875
6.43362 1.087
6.43262 1.0865
6.43162 1.086
6.43062 1.0855
6.42962 1.085
6.42862 1.0845
6.42762 1.084
6.42662 1.0835
6.42562 1.083
6.42462 1.0825
6.42362 1.082
6.42262 1.0815
6.42162 1.081
6.42062 1.0805
6.41962 1.08
6.41862 1.0795
6.41762 1.079
6.41662 1.0785
6.41562 1.078
6.41462 1.0775
6.41362 1.077
6.41262 1.0765
6.41162 1.076
6.41062 1.0755
6.40962 1.075
6.40862 1.0745
6.40762 1.074
6.40662 1.0735
6.40562 1.073
6.40462 1.0725
6.40362 1.072
6.40262 1.0715
6.40162 1.071
6.40062 1.0705
6.39962 1.07
6.39862 1.0695
6.39762 1.069
6.39662 1.0685
6.39562 1.068
6.39462 1.0675
6.39362 1.067
6.39262 1.0665
6.39162 1.066
6.39062 1.0655
6.38962 1.065
6.38862 1.0645
6.38762 1.064
6.38662 1.0635
6.38562 1.063
6.38462 1.0625
6.38362 1.062
6.38262 1.0615
6.38162 1.061
6.38062 1.0605
6.37962 1.06
6.37862 1.0595
6.37762 1.059
6.37662 1.0585
6.37562 1.058
6.37462 1.0575
6.37362 1.057
6.37262 1.0565
6.37162 1.056
6.37062 1.0555
6.36962 1.055
6.36862 1.0545
6.36762 1.054
6.36662 1.0535
6.36562 1.053
6.36462 1.0525
6.36362 1.052
6.36262 1.0515
6.36162 1.051
6.36062 1.0505
6.35962 1.05
6.35862 1.0495
6.35762 1.049
6.35662 1.0485
6.35562 1.048
6.35462 1.0475
6.35362 1.047
6.35262 1.0465
6.35162 1.046
6.35062 1.0455
6.34962 1.045
6.34862 1.0445
6.34762 1.044
6.34662 1.0435
6.34562 1.043
6.34462 1.0425
6.34362 1.042
6.34262 1.0415
6.34162 1.041
6.34062 1.0405
6.33962 1.04
6.33862 1.0395
6.33762 1.039
6.33662 1.0385
6.33562 1.038
6.33462 1.0375
6.33362 1.037
6.33262 1.0365
6.33162 1.036
6.33062 1.0355
6.32962 1.035
6.32862 1.0345
6.32762 1.034
6.32662 1.0335
6.32562 1.033
6.32462 1.0325
6.32362 1.032
6.32262 1.0315
6.32162 1.031
6.32062 1.0305
6.31962 1.03
6.31862 1.0295
6.31762 1.029
6.31662 1.0285
6.31562 1.028
6.31462 1.0275
6.31362 1.027
6.31262 1.0265
6.31162 1.026
6.31062 1.0255
6.31162 1.025
6.31262 1.0245
6.31362 1.024
6.31462 1.0235
6.31562 1.023
6.31662 1.0225
6.31762 1.022
6.31862 1.0215
6.31962 1.021
6.32062 1.0205
6.32162 1.02
6.32262 1.0195
6.32362 1.019
6.32462 1.0185
6.32562 1.018
6.32662 1.0175
6.32762 1.017
6.32862 1.0165
6.32962 1.016
6.33062 1.0155
6.33162 1.015
6.33262 1.0145
6.33362 1.014
6.33462 1.0135
6.33562 1.013
6.33662 1.0125
6.33762 1.012
6.33862 1.0115
6.33962 1.011
6.34062 1.0105
6.34162 1.01
6.34262 1.0095
6.34362 1.009
6.34462 1.0085
6.34562 1.008
6.34662 1.0075
6.34762 1.007
6.34862 1.0065
6.34962 1.006
6.35062 1.0055
6.35162 1.005
6.35262 1.0045
6.35362 1.004
6.35462 1.0035
6.35562 1.003
6.35662 1.0025
6.35762 1.002
6.35862 1.0015
6.35962 1.001
6.36062 1.0005
6.36162 1
