Man
0 0
0 0.001
0 0.002
0 0.003
0 0.004
0 0.005
0 0.006
0 0.007
0 0.008
-0.0122718 0.009
-0.0368155 0.01
-0.0490874 0.011
-0.0490874 0.012
-0.0490874 0.013
-0.0490874 0.014
-0.0490874 0.015
-0.0490874 0.016
-0.0490874 0.017
-0.0490874 0.018
-0.0490874 0.019
-0.0490874 0.02
-0.0490874 0.021
-0.0490874 0.022
-0.0490874 0.023
-0.0490874 0.024
-0.0490874 0.025
-0.0490874 0.026
-0.0490874 0.027
-0.0490874 0.028
-0.0490874 0.029
-0.0490874 0.03
-0.0490874 0.031
-0.0490874 0.032
-0.0490874 0.033
-0.0490874 0.034
-0.0490874 0.035
-0.0490874 0.036
-0.0490874 0.037
-0.0490874 0.038
-0.0490874 0.039
-0.0490874 0.04
-0.0490874 0.041
-0.0490874 0.042
-0.0490874 0.043
-0.0490874 0.044
-0.0490874 0.045
-0.0490874 0.046
-0.0490874 0.047
-0.0490874 0.048
-0.0490874 0.049
-0.0490874 0.05
-0.0490874 0.051
-0.0490874 0.052
-0.0490874 0.053
-0.0490874 0.054
-0.0490874 0.055
-0.0490874 0.056
-0.0490874 0.057
-0.0490874 0.058
-0.0490874 0.059
-0.0490874 0.06
-0.0490874 0.061
-0.0490874 0.062
-0.0490874 0.063
-0.0490874 0.064
-0.0490874 0.065
-0.0490874 0.066
-0.0490874 0.067
-0.0490874 0.068
-0.0490874 0.069
-0.0490874 0.07
-0.0490874 0.071
-0.0490874 0.072
-0.0490874 0.073
-0.0490874 0.074
-0.0490874 0.075
-0.0490874 0.076
-0.0490874 0.077
-0.0490874 0.078
-0.0490874 0.079
-0.129238 0.08
-0.289539 0.081
-0.369689 0.082
-0.399602 0.083
-0.459427 0.084
-0.48934 0.085
-0.501612 0.086
-0.526155 0.087
-0.538427 0.088
-0.538427 0.089
-0.538427 0.09
-0.538427 0.091
-0.538427 0.092
-0.538427 0.093
-0.538427 0.094
-0.538427 0.095
-0.538427 0.096
-0.538427 0.097
-0.538427 0.098
-0.538427 0.099
-0.538427 0.1
-0.538427 0.101
-0.538427 0.102
-0.538427 0.103
-0.538427 0.104
-0.538427 0.105
-0.538427 0.106
-0.538427 0.107
-0.538427 0.108
-0.538427 0.109
-0.538427 0.11
-0.538427 0.111
-0.538427 0.112
-0.538427 0.113
-0.538427 0.114
-0.538427 0.115
-0.538427 0.116
-0.538427 0.117
-0.538427 0.118
-0.538427 0.119
-0.538427 0.12
-0.538427 0.121
-0.538427 0.122
-0.538427 0.123
-0.538427 0.124
-0.538427 0.125
-0.538427 0.126
-0.538427 0.127
-0.538427 0.128
-0.538427 0.129
-0.538427 0.13
-0.538427 0.131
-0.538427 0.132
-0.538427 0.133
-0.538427 0.134
-0.538427 0.135
-0.538427 0.136
-0.538427 0.137
-0.538427 0.138
-0.538427 0.139
-0.538427 0.14
-0.538427 0.141
-0.538427 0.142
-0.538427 0.143
-0.538427 0.144
-0.538427 0.145
-0.538427 0.146
-0.538427 0.147
-0.538427 0.148
-0.538427 0.149
-0.538427 0.15
-0.538427 0.151
-0.538427 0.152
-0.538427 0.153
-0.538427 0.154
-0.538427 0.155
-0.538427 0.156
-0.538427 0.157
-0.538427 0.158
-0.538427 0.159
-0.538427 0.16
-0.538427 0.161
-0.538427 0.162
-0.538427 0.163
-0.538427 0.164
-0.538427 0.165
-0.538427 0.166
-0.538427 0.167
-0.538427 0.168
-0.538427 0.169
-0.538427 0.17
-0.538427 0.171
-0.538427 0.172
-0.538427 0.173
-0.538427 0.174
-0.538427 0.175
-0.538427 0.176
-0.538427 0.177
-0.538427 0.178
-0.538427 0.179
-0.538427 0.18
-0.538427 0.181
-0.538427 0.182
-0.538427 0.183
-0.538427 0.184
-0.538427 0.185
-0.538427 0.186
-0.538427 0.187
-0.538427 0.188
-0.538427 0.189
-0.538427 0.19
-0.538427 0.191
-0.538427 0.192
-0.538427 0.193
-0.538427 0.194
-0.538427 0.195
-0.538427 0.196
-0.538427 0.197
-0.538427 0.198
-0.538427 0.199
-0.538427 0.2
-0.538427 0.201
-0.538427 0.202
-0.538427 0.203
-0.538427 0.204
-0.538427 0.205
-0.538427 0.206
-0.538427 0.207
-0.538427 0.208
-0.538427 0.209
-0.538427 0.21
-0.538427 0.211
-0.538427 0.212
-0.538427 0.213
-0.538427 0.214
-0.538427 0.215
-0.538427 0.216
-0.538427 0.217
-0.538427 0.218
-0.538427 0.219
-0.538427 0.22
-0.538427 0.221
-0.538427 0.222
-0.538427 0.223
-0.538427 0.224
-0.538427 0.225
-0.538427 0.226
-0.538427 0.227
-0.538427 0.228
-0.538427 0.229
-0.538427 0.23
-0.538427 0.231
-0.538427 0.232
-0.538427 0.233
-0.538427 0.234
-0.538427 0.235
-0.538427 0.236
-0.538427 0.237
-0.538427 0.238
-0.538427 0.239
-0.538427 0.24
-0.538427 0.241
-0.538427 0.242
-0.538427 0.243
-0.538427 0.244
-0.538427 0.245
-0.538427 0.246
-0.538427 0.247
-0.538427 0.248
-0.538427 0.249
-0.538427 0.25
-0.538427 0.251
-0.538427 0.252
-0.538427 0.253
-0.538427 0.254
-0.538427 0.255
-0.538427 0.256
-0.538427 0.257
-0.538427 0.258
-0.538427 0.259
-0.538427 0.26
-0.538427 0.261
-0.538427 0.262
-0.538427 0.263
-0.538427 0.264
-0.538427 0.265
-0.538427 0.266
-0.538427 0.267
-0.538427 0.268
-0.538427 0.269
-0.538427 0.27
-0.538427 0.271
-0.538427 0.272
-0.538427 0.273
-0.538427 0.274
-0.538427 0.275
-0.538427 0.276
-0.538427 0.277
-0.538427 0.278
-0.538427 0.279
-0.538427 0.28
-0.538427 0.281
-0.538427 0.282
-0.538427 0.283
-0.538427 0.284
-0.538427 0.285
-0.538427 0.286
-0.538427 0.287
-0.538427 0.288
-0.538427 0.289
-0.538427 0.29
-0.538427 0.291
-0.538427 0.292
-0.538427 0.293
-0.538427 0.294
-0.538427 0.295
-0.538427 0.296
-0.538427 0.297
-0.538427 0.298
-0.538427 0.299
-0.538427 0.3
-0.538427 0.301
-0.538427 0.302
-0.538427 0.303
-0.538427 0.304
-0.538427 0.305
-0.538427 0.306
-0.538427 0.307
-0.538427 0.308
-0.538427 0.309
-0.538427 0.31
-0.538427 0.311
-0.538427 0.312
-0.538427 0.313
-0.538427 0.314
-0.538427 0.315
-0.538427 0.316
-0.538427 0.317
-0.538427 0.318
-0.538427 0.319
-0.538427 0.32
-0.538427 0.321
-0.538427 0.322
-0.538427 0.323
-0.538427 0.324
-0.538427 0.325
-0.538427 0.326
-0.538427 0.327
-0.538427 0.328
-0.538427 0.329
-0.538427 0.33
-0.538427 0.331
-0.538427 0.332
-0.538427 0.333
-0.538427 0.334
-0.538427 0.335
-0.538427 0.336
-0.538427 0.337
-0.538427 0.338
-0.538427 0.339
-0.538427 0.34
-0.538427 0.341
-0.538427 0.342
-0.538427 0.343
-0.538427 0.344
-0.538427 0.345
-0.538427 0.346
-0.538427 0.347
-0.538427 0.348
-0.538427 0.349
-0.538427 0.35
-0.538427 0.351
-0.538427 0.352
-0.538427 0.353
-0.538427 0.354
-0.538427 0.355
-0.538427 0.356
-0.538427 0.357
-0.538427 0.358
-0.538427 0.359
-0.538427 0.36
-0.538427 0.361
-0.538427 0.362
-0.538427 0.363
-0.538427 0.364
-0.538427 0.365
-0.538427 0.366
-0.538427 0.367
-0.538427 0.368
-0.538427 0.369
-0.538427 0.37
-0.538427 0.371
-0.538427 0.372
-0.538427 0.373
-0.538427 0.374
-0.538427 0.375
-0.538427 0.376
-0.538427 0.377
-0.538427 0.378
-0.538427 0.379
-0.538427 0.38
-0.538427 0.381
-0.538427 0.382
-0.538427 0.383
-0.538427 0.384
-0.538427 0.385
-0.538427 0.386
-0.538427 0.387
-0.538427 0.388
-0.538427 0.389
-0.538427 0.39
-0.538427 0.391
-0.538427 0.392
-0.538427 0.393
-0.538427 0.394
-0.538427 0.395
-0.538427 0.396
-0.538427 0.397
-0.538427 0.398
-0.538427 0.399
-0.538427 0.4
-0.538427 0.401
-0.538427 0.402
-0.538427 0.403
-0.538427 0.404
-0.538427 0.405
-0.538427 0.406
-0.538427 0.407
-0.538427 0.408
-0.538427 0.409
-0.538427 0.41
-0.538427 0.411
-0.538427 0.412
-0.538427 0.413
-0.538427 0.414
-0.538427 0.415
-0.538427 0.416
-0.538427 0.417
-0.538427 0.418
-0.538427 0.419
-0.538427 0.42
-0.538427 0.421
-0.538427 0.422
-0.538427 0.423
-0.538427 0.424
-0.538427 0.425
-0.538427 0.426
-0.538427 0.427
-0.538427 0.428
-0.538427 0.429
-0.538427 0.43
-0.538427 0.431
-0.538427 0.432
-0.538427 0.433
-0.538427 0.434
-0.538427 0.435
-0.538427 0.436
-0.538427 0.437
-0.538427 0.438
-0.538427 0.439
-0.538427 0.44
-0.538427 0.441
-0.538427 0.442
-0.538427 0.443
-0.538427 0.444
-0.538427 0.445
-0.538427 0.446
-0.538427 0.447
-0.538427 0.448
-0.538427 0.449
-0.538427 0.45
-0.538427 0.451
-0.538427 0.452
-0.538427 0.453
-0.538427 0.454
-0.538427 0.455
-0.538427 0.456
-0.538427 0.457
-0.538427 0.458
-0.538427 0.459
-0.538427 0.46
-0.538427 0.461
-0.538427 0.462
-0.538427 0.463
-0.538427 0.464
-0.538427 0.465
-0.538427 0.466
-0.538427 0.467
-0.538427 0.468
-0.538427 0.469
-0.538427 0.47
-0.538427 0.471
-0.538427 0.472
-0.538427 0.473
-0.538427 0.474
-0.538427 0.475
-0.538427 0.476
-0.538427 0.477
-0.538427 0.478
-0.538427 0.479
-0.538427 0.48
-0.538427 0.481
-0.538427 0.482
-0.538427 0.483
-0.538427 0.484
-0.538427 0.485
-0.538427 0.486
-0.538427 0.487
-0.538427 0.488
-0.538427 0.489
-0.538427 0.49
-0.538427 0.491
-0.538427 0.492
-0.538427 0.493
-0.538427 0.494
-0.538427 0.495
-0.538427 0.496
-0.538427 0.497
-0.538427 0.498
-0.538427 0.499
-0.538427 0.5
-0.538427 0.501
-0.538427 0.502
-0.538427 0.503
-0.538427 0.504
-0.538427 0.505
-0.538427 0.506
-0.538427 0.507
-0.538427 0.508
-0.538427 0.509
-0.538427 0.51
-0.538427 0.511
-0.538427 0.512
-0.538427 0.513
-0.538427 0.514
-0.538427 0.515
-0.538427 0.516
-0.538427 0.517
-0.538427 0.518
-0.538427 0.519
-0.538427 0.52
-0.538427 0.521
-0.538427 0.522
-0.538427 0.523
-0.538427 0.524
-0.538427 0.525
-0.538427 0.526
-0.538427 0.527
-0.538427 0.528
-0.538427 0.529
-0.538427 0.53
-0.538427 0.531
-0.538427 0.532
-0.538427 0.533
-0.538427 0.534
-0.538427 0.535
-0.538427 0.536
-0.538427 0.537
-0.538427 0.538
-0.538427 0.539
-0.538427 0.54
-0.538427 0.541
-0.538427 0.542
-0.538427 0.543
-0.538427 0.544
-0.538427 0.545
-0.538427 0.546
-0.538427 0.547
-0.538427 0.548
-0.538427 0.549
-0.538427 0.55
-0.538427 0.551
-0.538427 0.552
-0.538427 0.553
-0.538427 0.554
-0.538427 0.555
-0.538427 0.556
-0.538427 0.557
-0.538427 0.558
-0.538427 0.559
-0.538427 0.56
-0.538427 0.561
-0.538427 0.562
-0.538427 0.563
-0.538427 0.564
-0.538427 0.565
-0.538427 0.566
-0.538427 0.567
-0.538427 0.568
-0.538427 0.569
-0.538427 0.57
-0.538427 0.571
-0.538427 0.572
-0.538427 0.573
-0.538427 0.574
-0.538427 0.575
-0.538427 0.576
-0.538427 0.577
-0.538427 0.578
-0.538427 0.579
-0.538427 0.58
-0.538427 0.581
-0.538427 0.582
-0.538427 0.583
-0.538427 0.584
-0.538427 0.585
-0.538427 0.586
-0.538427 0.587
-0.538427 0.588
-0.538427 0.589
-0.538427 0.59
-0.538427 0.591
-0.538427 0.592
-0.538427 0.593
-0.538427 0.594
-0.538427 0.595
-0.538427 0.596
-0.538427 0.597
-0.538427 0.598
-0.538427 0.599
-0.538427 0.6
-0.538427 0.601
-0.538427 0.602
-0.538427 0.603
-0.538427 0.604
-0.538427 0.605
-0.538427 0.606
-0.538427 0.607
-0.538427 0.608
-0.538427 0.609
-0.538427 0.61
-0.538427 0.611
-0.538427 0.612
-0.538427 0.613
-0.538427 0.614
-0.538427 0.615
-0.538427 0.616
-0.538427 0.617
-0.538427 0.618
-0.538427 0.619
-0.538427 0.62
-0.538427 0.621
-0.538427 0.622
-0.538427 0.623
-0.538427 0.624
-0.538427 0.625
-0.538427 0.626
-0.538427 0.627
-0.538427 0.628
-0.538427 0.629
-0.538427 0.63
-0.538427 0.631
-0.538427 0.632
-0.538427 0.633
-0.538427 0.634
-0.538427 0.635
-0.538427 0.636
-0.538427 0.637
-0.538427 0.638
-0.538427 0.639
-0.538427 0.64
-0.538427 0.641
-0.538427 0.642
-0.538427 0.643
-0.538427 0.644
-0.538427 0.645
-0.538427 0.646
-0.538427 0.647
-0.538427 0.648
-0.538427 0.649
-0.538427 0.65
-0.538427 0.651
-0.538427 0.652
-0.538427 0.653
-0.538427 0.654
-0.538427 0.655
-0.538427 0.656
-0.538427 0.657
-0.538427 0.658
-0.538427 0.659
-0.538427 0.66
-0.538427 0.661
-0.538427 0.662
-0.538427 0.663
-0.538427 0.664
-0.538427 0.665
-0.538427 0.666
-0.538427 0.667
-0.538427 0.668
-0.538427 0.669
-0.538427 0.67
-0.538427 0.671
-0.538427 0.672
-0.538427 0.673
-0.538427 0.674
-0.538427 0.675
-0.538427 0.676
-0.538427 0.677
-0.538427 0.678
-0.538427 0.679
-0.538427 0.68
-0.538427 0.681
-0.538427 0.682
-0.538427 0.683
-0.538427 0.684
-0.538427 0.685
-0.538427 0.686
-0.538427 0.687
-0.538427 0.688
-0.538427 0.689
-0.538427 0.69
-0.538427 0.691
-0.538427 0.692
-0.538427 0.693
-0.538427 0.694
-0.538427 0.695
-0.538427 0.696
-0.538427 0.697
-0.538427 0.698
-0.538427 0.699
-0.538427 0.7
-0.538427 0.701
-0.538507 0.702
-0.538666 0.703
-0.538255 0.704
-0.5442 0.705
-0.540631 0.706
-0.543339 0.707
-0.541122 0.708
-0.543005 0.709
-0.54137 0.71
-0.542809 0.711
-0.543809 0.712
-0.542645 0.713
-0.544005 0.714
-0.542396 0.715
-0.544344 0.716
-0.541879 0.717
-0.545343 0.718
-0.53737 0.719
-0.53637 0.72
-0.53537 0.721
-0.534322 0.722
-0.53537 0.723
-0.53637 0.724
-0.53537 0.725
-0.534353 0.726
-0.535353 0.727
-0.536376 0.728
-0.535369 0.729
-0.534369 0.73
-0.535369 0.731
-0.536374 0.732
-0.535374 0.733
-0.534346 0.734
-0.535346 0.735
-0.536353 0.736
-0.535346 0.737
-0.534346 0.738
-0.535346 0.739
-0.536346 0.74
-0.535346 0.741
-0.534341 0.742
-0.535341 0.743
-0.536343 0.744
-0.535343 0.745
-0.534343 0.746
-0.535343 0.747
-0.536343 0.748
-0.535343 0.749
-0.534343 0.75
-0.535343 0.751
-0.536343 0.752
-0.535343 0.753
-0.534343 0.754
-0.535343 0.755
-0.536343 0.756
-0.535343 0.757
-0.534343 0.758
-0.535343 0.759
-0.536343 0.76
-0.535343 0.761
-0.534343 0.762
-0.535343 0.763
-0.536343 0.764
-0.535343 0.765
-0.534343 0.766
-0.535343 0.767
-0.536343 0.768
-0.535343 0.769
-0.534343 0.77
-0.535343 0.771
-0.536343 0.772
-0.535343 0.773
-0.534343 0.774
-0.535343 0.775
-0.536343 0.776
-0.535343 0.777
-0.534343 0.778
-0.535343 0.779
-0.536343 0.78
-0.535343 0.781
-0.534343 0.782
-0.535343 0.783
-0.536343 0.784
-0.535343 0.785
-0.534343 0.786
-0.535343 0.787
-0.536343 0.788
-0.535343 0.789
-0.534343 0.79
-0.535343 0.791
-0.536343 0.792
-0.535343 0.793
-0.534343 0.794
-0.535343 0.795
-0.536343 0.796
-0.535343 0.797
-0.534343 0.798
-0.535343 0.799
-0.536343 0.8
-0.535343 0.801
-0.534343 0.802
-0.535343 0.803
-0.536343 0.804
-0.535343 0.805
-0.534343 0.806
-0.535343 0.807
-0.536343 0.808
-0.53534 0.809
-0.53434 0.81
-0.535354 0.811
-0.536354 0.812
-0.535326 0.813
-0.534326 0.814
-0.535367 0.815
-0.536367 0.816
-0.535367 0.817
-0.534367 0.818
-0.535535 0.819
-0.536535 0.82
-0.537535 0.821
-0.538768 0.822
-0.537768 0.823
-0.53674 0.824
-0.537743 0.825
-0.538743 0.826
-0.537743 0.827
-0.536726 0.828
-0.537726 0.829
-0.538728 0.83
-0.5377 0.831
-0.5367 0.832
-0.5377 0.833
-0.538703 0.834
-0.537703 0.835
-0.536702 0.836
-0.538109 0.837
-0.539109 0.838
-0.539085 0.839
-0.540085 0.84
-0.541198 0.841
-0.542198 0.842
-0.543253 0.843
-0.544253 0.844
-0.545294 0.845
-0.546342 0.846
-0.547342 0.847
-0.548479 0.848
-0.549575 0.849
-0.550575 0.85
-0.551712 0.851
-0.552808 0.852
-0.553808 0.853
-0.554945 0.854
-0.556041 0.855
-0.557041 0.856
-0.558178 0.857
-0.559274 0.858
-0.560274 0.859
-0.561411 0.86
-0.562507 0.861
-0.563507 0.862
-0.564644 0.863
-0.56574 0.864
-0.56674 0.865
-0.567877 0.866
-0.568973 0.867
-0.569973 0.868
-0.571111 0.869
-0.572206 0.87
-0.573206 0.871
-0.574344 0.872
-0.575439 0.873
-0.576439 0.874
-0.577577 0.875
-0.578672 0.876
-0.579672 0.877
-0.58081 0.878
-0.581905 0.879
-0.582905 0.88
-0.584043 0.881
-0.585138 0.882
-0.586138 0.883
-0.587276 0.884
-0.588372 0.885
-0.589372 0.886
-0.590509 0.887
-0.591605 0.888
-0.592605 0.889
-0.593742 0.89
-0.594838 0.891
-0.595838 0.892
-0.596975 0.893
-0.598071 0.894
-0.599071 0.895
-0.600208 0.896
-0.601304 0.897
-0.602304 0.898
-0.603441 0.899
-0.604537 0.9
-0.605537 0.901
-0.606674 0.902
-0.60777 0.903
-0.60877 0.904
-0.609907 0.905
-0.611003 0.906
-0.612003 0.907
-0.61314 0.908
-0.614236 0.909
-0.615236 0.91
-0.616373 0.911
-0.617469 0.912
-0.618469 0.913
-0.619606 0.914
-0.620702 0.915
-0.621702 0.916
-0.622839 0.917
-0.623935 0.918
-0.624935 0.919
-0.626072 0.92
-0.627168 0.921
-0.628168 0.922
-0.629305 0.923
-0.630401 0.924
-0.631401 0.925
-0.632538 0.926
-0.633634 0.927
-0.634634 0.928
-0.635771 0.929
-0.636867 0.93
-0.637867 0.931
-0.639004 0.932
-0.6401 0.933
-0.6411 0.934
-0.642237 0.935
-0.643333 0.936
-0.644333 0.937
-0.64547 0.938
-0.646566 0.939
-0.647566 0.94
-0.648703 0.941
-0.649799 0.942
-0.650799 0.943
-0.651936 0.944
-0.653032 0.945
-0.654032 0.946
-0.655169 0.947
-0.656265 0.948
-0.657265 0.949
-0.658402 0.95
-0.659498 0.951
-0.660498 0.952
-0.661635 0.953
-0.662731 0.954
-0.663731 0.955
-0.664868 0.956
-0.665964 0.957
-0.666964 0.958
-0.668101 0.959
-0.669197 0.96
-0.670197 0.961
-0.671334 0.962
-0.67243 0.963
-0.67343 0.964
-0.674567 0.965
-0.675663 0.966
-0.676663 0.967
-0.6778 0.968
-0.678896 0.969
-0.679896 0.97
-0.681033 0.971
-0.682129 0.972
-0.683129 0.973
-0.684266 0.974
-0.685362 0.975
-0.686362 0.976
-0.687499 0.977
-0.688595 0.978
-0.689595 0.979
-0.690732 0.98
-0.691828 0.981
-0.692828 0.982
-0.693959 0.983
-0.695041 0.984
-0.696041 0.985
-0.697141 0.986
-0.698141 0.987
-0.699143 0.988
-0.700143 0.989
-0.707816 0.99
-0.704221 0.991
-0.706861 0.992
-0.70471 0.993
-0.706547 0.994
-0.704934 0.995
-0.706374 0.996
-0.705074 0.997
-0.706259 0.998
-0.705172 0.999
-0.706172 1


Shark
3.14159 1.5
3.13659 1.4995
3.13159 1.499
3.12659 1.4985
3.12159 1.498
3.11659 1.4975
3.11159 1.497
3.10659 1.4965
3.10159 1.496
3.09657 1.4955
3.09143 1.495
3.08639 1.4945
3.08139 1.494
3.07639 1.4935
3.07139 1.493
3.06639 1.4925
3.06139 1.492
3.05639 1.4915
3.05139 1.491
3.04639 1.4905
3.04139 1.49
3.03639 1.4895
3.03139 1.489
3.02639 1.4885
3.02139 1.488
3.01639 1.4875
3.01139 1.487
3.00639 1.4865
3.00139 1.486
2.99639 1.4855
2.99139 1.485
2.98639 1.4845
2.98139 1.484
2.97639 1.4835
2.97139 1.483
2.96639 1.4825
2.96139 1.482
2.95639 1.4815
2.95139 1.481
2.94639 1.4805
2.94139 1.48
2.93639 1.4795
2.93139 1.479
2.92639 1.4785
2.92139 1.478
2.91639 1.4775
2.91139 1.477
2.90639 1.4765
2.90139 1.476
2.89639 1.4755
2.89139 1.475
2.88639 1.4745
2.88139 1.474
2.87639 1.4735
2.87139 1.473
2.86639 1.4725
2.86139 1.472
2.85639 1.4715
2.85139 1.471
2.84639 1.4705
2.84139 1.47
2.83639 1.4695
2.83139 1.469
2.82639 1.4685
2.82139 1.468
2.81639 1.4675
2.81139 1.467
2.80639 1.4665
2.80139 1.466
2.79639 1.4655
2.79139 1.465
2.78639 1.4645
2.78139 1.464
2.77639 1.4635
2.77139 1.463
2.76639 1.4625
2.76139 1.462
2.75639 1.4615
2.75139 1.461
2.74639 1.4605
2.71415 1.46
2.64951 1.4595
2.61647 1.459
2.60316 1.4585
2.57769 1.458
2.5641 1.4575
2.55685 1.457
2.54512 1.4565
2.53778 1.456
2.53278 1.4555
2.52778 1.455
2.52278 1.4545
2.51778 1.454
2.51278 1.4535
2.50778 1.453
2.50278 1.4525
2.49778 1.452
2.49278 1.4515
2.48778 1.451
2.48278 1.4505
2.47778 1.45
2.47278 1.4495
2.46778 1.449
2.46278 1.4485
2.45778 1.448
2.45278 1.4475
2.44778 1.447
2.44278 1.4465
2.43778 1.446
2.43278 1.4455
2.42778 1.445
2.42278 1.4445
2.41778 1.444
2.41278 1.4435
2.40778 1.443
2.40278 1.4425
2.39778 1.442
2.39278 1.4415
2.38778 1.441
2.38278 1.4405
2.37778 1.44
2.37278 1.4395
2.36778 1.439
2.36278 1.4385
2.35778 1.438
2.35278 1.4375
2.34778 1.437
2.34278 1.4365
2.33778 1.436
2.33278 1.4355
2.32778 1.435
2.32278 1.4345
2.31778 1.434
2.31278 1.4335
2.30778 1.433
2.30278 1.4325
2.29778 1.432
2.29278 1.4315
2.28778 1.431
2.28278 1.4305
2.27778 1.43
2.27278 1.4295
2.26778 1.429
2.26278 1.4285
2.25778 1.428
2.25278 1.4275
2.24778 1.427
2.24278 1.4265
2.23778 1.426
2.23278 1.4255
2.22778 1.425
2.22278 1.4245
2.21778 1.424
2.21278 1.4235
2.20778 1.423
2.20278 1.4225
2.19778 1.422
2.19278 1.4215
2.18778 1.421
2.18278 1.4205
2.17778 1.42
2.17278 1.4195
2.16778 1.419
2.16278 1.4185
2.15778 1.418
2.15278 1.4175
2.14778 1.417
2.14278 1.4165
2.13778 1.416
2.13278 1.4155
2.12778 1.415
2.12278 1.4145
2.11778 1.414
2.11278 1.4135
2.10778 1.413
2.10278 1.4125
2.09778 1.412
2.09278 1.4115
2.08778 1.411
2.08278 1.4105
2.07778 1.41
2.07278 1.4095
2.06778 1.409
2.06278 1.4085
2.05778 1.408
2.05278 1.4075
2.04778 1.407
2.04278 1.4065
2.03778 1.406
2.03278 1.4055
2.02778 1.405
2.02278 1.4045
2.01778 1.404
2.01278 1.4035
2.00778 1.403
2.00278 1.4025
1.99778 1.402
1.99278 1.4015
1.98778 1.401
1.98278 1.4005
1.97778 1.4
1.97278 1.3995
1.96778 1.399
1.96278 1.3985
1.95778 1.398
1.95278 1.3975
1.94778 1.397
1.94278 1.3965
1.93778 1.396
1.93278 1.3955
1.92778 1.395
1.92278 1.3945
1.91778 1.394
1.91278 1.3935
1.90778 1.393
1.90278 1.3925
1.89778 1.392
1.89278 1.3915
1.88778 1.391
1.88278 1.3905
1.87778 1.39
1.87278 1.3895
1.86778 1.389
1.86278 1.3885
1.85778 1.388
1.85278 1.3875
1.84778 1.387
1.84278 1.3865
1.83778 1.386
1.83278 1.3855
1.82778 1.385
1.82278 1.3845
1.81778 1.384
1.81278 1.3835
1.80778 1.383
1.80278 1.3825
1.79778 1.382
1.79278 1.3815
1.78778 1.381
1.78278 1.3805
1.77778 1.38
1.77278 1.3795
1.76778 1.379
1.76278 1.3785
1.75778 1.378
1.75278 1.3775
1.74778 1.377
1.74278 1.3765
1.73778 1.376
1.73278 1.3755
1.72778 1.375
1.72278 1.3745
1.71778 1.374
1.71278 1.3735
1.70778 1.373
1.70278 1.3725
1.69778 1.372
1.69278 1.3715
1.68778 1.371
1.68278 1.3705
1.67778 1.37
1.67278 1.3695
1.66778 1.369
1.66278 1.3685
1.65778 1.368
1.65278 1.3675
1.64778 1.367
1.64278 1.3665
1.63778 1.366
1.63278 1.3655
1.62778 1.365
1.62278 1.3645
1.61778 1.364
1.61278 1.3635
1.60778 1.363
1.60278 1.3625
1.59778 1.362
1.59278 1.3615
1.58778 1.361
1.58278 1.3605
1.57778 1.36
1.57278 1.3595
1.56778 1.359
1.56278 1.3585
1.55778 1.358
1.55278 1.3575
1.54778 1.357
1.54278 1.3565
1.53778 1.356
1.53278 1.3555
1.52778 1.355
1.52278 1.3545
1.51778 1.354
1.51278 1.3535
1.50778 1.353
1.50278 1.3525
1.49778 1.352
1.49278 1.3515
1.48778 1.351
1.48278 1.3505
1.47778 1.35
1.47278 1.3495
1.46778 1.349
1.46278 1.3485
1.45778 1.348
1.45278 1.3475
1.44778 1.347
1.44278 1.3465
1.43778 1.346
1.43278 1.3455
1.42778 1.345
1.42278 1.3445
1.41778 1.344
1.41278 1.3435
1.40778 1.343
1.40278 1.3425
1.39778 1.342
1.39278 1.3415
1.38778 1.341
1.38278 1.3405
1.37778 1.34
1.37278 1.3395
1.36778 1.339
1.36278 1.3385
1.35778 1.338
1.35278 1.3375
1.34778 1.337
1.34278 1.3365
1.33778 1.336
1.33278 1.3355
1.32778 1.335
1.32278 1.3345
1.31778 1.334
1.31278 1.3335
1.30778 1.333
1.30278 1.3325
1.29778 1.332
1.29278 1.3315
1.28778 1.331
1.28278 1.3305
1.27778 1.33
1.27278 1.3295
1.26778 1.329
1.26278 1.3285
1.25778 1.328
1.25278 1.3275
1.24778 1.327
1.24278 1.3265
1.23778 1.326
1.23278 1.3255
1.22778 1.325
1.22278 1.3245
1.21778 1.324
1.21278 1.3235
1.20778 1.323
1.20278 1.3225
1.19778 1.322
1.19278 1.3215
1.18778 1.321
1.18278 1.3205
1.17778 1.32
1.17278 1.3195
1.16778 1.319
1.16278 1.3185
1.15778 1.318
1.15278 1.3175
1.14778 1.317
1.14278 1.3165
1.13778 1.316
1.13278 1.3155
1.12778 1.315
1.12278 1.3145
1.11778 1.314
1.11278 1.3135
1.10778 1.313
1.10278 1.3125
1.09778 1.312
1.09278 1.3115
1.08778 1.311
1.08278 1.3105
1.07778 1.31
1.07278 1.3095
1.06778 1.309
1.06278 1.3085
1.05778 1.308
1.05278 1.3075
1.04778 1.307
1.04278 1.3065
1.03778 1.306
1.03278 1.3055
1.02778 1.305
1.02278 1.3045
1.01778 1.304
1.01278 1.3035
1.00778 1.303
1.00278 1.3025
0.997784 1.302
0.992784 1.3015
0.987784 1.301
0.982784 1.3005
0.977784 1.3
0.972784 1.2995
0.967784 1.299
0.962784 1.2985
0.957784 1.298
0.952784 1.2975
0.947784 1.297
0.942784 1.2965
0.937784 1.296
0.932784 1.2955
0.927784 1.295
0.922784 1.2945
0.917784 1.294
0.912784 1.2935
0.907784 1.293
0.902784 1.2925
0.897784 1.292
0.892784 1.2915
0.887784 1.291
0.882784 1.2905
0.877784 1.29
0.872784 1.2895
0.867784 1.289
0.862784 1.2885
0.857784 1.288
0.852784 1.2875
0.847784 1.287
0.842784 1.2865
0.837784 1.286
0.832784 1.2855
0.827784 1.285
0.822784 1.2845
0.817784 1.284
0.812784 1.2835
0.807784 1.283
0.802784 1.2825
0.797784 1.282
0.792784 1.2815
0.787784 1.281
0.782784 1.2805
0.777784 1.28
0.772784 1.2795
0.767784 1.279
0.762784 1.2785
0.757784 1.278
0.752784 1.2775
0.747784 1.277
0.742784 1.2765
0.737784 1.276
0.732784 1.2755
0.727784 1.275
0.722784 1.2745
0.717784 1.274
0.712784 1.2735
0.707784 1.273
0.702784 1.2725
0.697784 1.272
0.692784 1.2715
0.687784 1.271
0.682784 1.2705
0.677784 1.27
0.672784 1.2695
0.667784 1.269
0.662784 1.2685
0.657784 1.268
0.652784 1.2675
0.647784 1.267
0.642784 1.2665
0.637784 1.266
0.632784 1.2655
0.627784 1.265
0.622784 1.2645
0.617784 1.264
0.612784 1.2635
0.607784 1.263
0.602784 1.2625
0.597784 1.262
0.592784 1.2615
0.587784 1.261
0.582784 1.2605
0.577784 1.26
0.572784 1.2595
0.567784 1.259
0.562784 1.2585
0.557784 1.258
0.552784 1.2575
0.547784 1.257
0.542784 1.2565
0.537784 1.256
0.532784 1.2555
0.527784 1.255
0.522784 1.2545
0.517784 1.254
0.512784 1.2535
0.507784 1.253
0.502784 1.2525
0.497784 1.252
0.492784 1.2515
0.487784 1.251
0.482784 1.2505
0.477784 1.25
0.472784 1.2495
0.467784 1.249
0.462784 1.2485
0.457784 1.248
0.452784 1.2475
0.447784 1.247
0.442784 1.2465
0.437784 1.246
0.432784 1.2455
0.427784 1.245
0.422784 1.2445
0.417784 1.244
0.412784 1.2435
0.407784 1.243
0.402784 1.2425
0.397784 1.242
0.392784 1.2415
0.387784 1.241
0.382784 1.2405
0.377784 1.24
0.372784 1.2395
0.367784 1.239
0.362784 1.2385
0.357784 1.238
0.352784 1.2375
0.347784 1.237
0.342784 1.2365
0.337784 1.236
0.332784 1.2355
0.327784 1.235
0.322784 1.2345
0.317784 1.234
0.312784 1.2335
0.307784 1.233
0.302784 1.2325
0.297784 1.232
0.292784 1.2315
0.287784 1.231
0.282784 1.2305
0.277784 1.23
0.272784 1.2295
0.267784 1.229
0.262784 1.2285
0.257784 1.228
0.252784 1.2275
0.247784 1.227
0.242784 1.2265
0.237784 1.226
0.232784 1.2255
0.227784 1.225
0.222784 1.2245
0.217784 1.224
0.212784 1.2235
0.207784 1.223
0.202784 1.2225
0.197784 1.222
0.192784 1.2215
0.187784 1.221
0.182784 1.2205
0.177784 1.22
0.172784 1.2195
0.167784 1.219
0.162784 1.2185
0.157784 1.218
0.152784 1.2175
0.147784 1.217
0.142784 1.2165
0.137784 1.216
0.132784 1.2155
0.127784 1.215
0.122784 1.2145
0.117784 1.214
0.112784 1.2135
0.107784 1.213
0.102784 1.2125
0.0977838 1.212
0.0927838 1.2115
0.0877838 1.211
0.0827838 1.2105
0.0777838 1.21
0.0727838 1.2095
0.0677838 1.209
0.0627838 1.2085
0.0577838 1.208
0.0527838 1.2075
0.0477838 1.207
0.0427838 1.2065
0.0377838 1.206
0.0327838 1.2055
0.0277838 1.205
0.0227838 1.2045
0.0177838 1.204
0.0127838 1.2035
0.00778383 1.203
0.00278383 1.2025
-0.00221617 1.202
-0.00721617 1.2015
-0.0122162 1.201
-0.0172162 1.2005
-0.0222162 1.2
-0.0272162 1.1995
-0.0322162 1.199
-0.0372162 1.1985
-0.0422162 1.198
-0.0472162 1.1975
-0.0522162 1.197
-0.0572162 1.1965
-0.0622162 1.196
-0.0672162 1.1955
-0.0722162 1.195
-0.0772162 1.1945
-0.0822162 1.194
-0.0872162 1.1935
-0.0922162 1.193
-0.0972162 1.1925
-0.102216 1.192
-0.107216 1.1915
-0.112216 1.191
-0.117216 1.1905
-0.122216 1.19
-0.127216 1.1895
-0.132216 1.189
-0.137216 1.1885
-0.142216 1.188
-0.147216 1.1875
-0.152216 1.187
-0.157216 1.1865
-0.162216 1.186
-0.167216 1.1855
-0.172216 1.185
-0.177216 1.1845
-0.182216 1.184
-0.187216 1.1835
-0.192216 1.183
-0.197216 1.1825
-0.202216 1.182
-0.207216 1.1815
-0.212216 1.181
-0.217216 1.1805
-0.222216 1.18
-0.227216 1.1795
-0.232216 1.179
-0.237216 1.1785
-0.242216 1.178
-0.247216 1.1775
-0.252216 1.177
-0.257216 1.1765
-0.262216 1.176
-0.267216 1.1755
-0.272216 1.175
-0.277216 1.1745
-0.282216 1.174
-0.287216 1.1735
-0.292216 1.173
-0.297216 1.1725
-0.302216 1.172
-0.307216 1.1715
-0.312216 1.171
-0.317216 1.1705
-0.322216 1.17
-0.327216 1.1695
-0.332216 1.169
-0.337216 1.1685
-0.342216 1.168
-0.347216 1.1675
-0.352216 1.167
-0.357216 1.1665
-0.362216 1.166
-0.367216 1.1655
-0.372216 1.165
-0.377216 1.1645
-0.382216 1.164
-0.387216 1.1635
-0.392216 1.163
-0.397216 1.1625
-0.402216 1.162
-0.407216 1.1615
-0.412216 1.161
-0.417216 1.1605
-0.422216 1.16
-0.427216 1.1595
-0.432216 1.159
-0.437216 1.1585
-0.442216 1.158
-0.447216 1.1575
-0.452216 1.157
-0.457216 1.1565
-0.462216 1.156
-0.467216 1.1555
-0.472216 1.155
-0.477216 1.1545
-0.482216 1.154
-0.487216 1.1535
-0.492216 1.153
-0.497216 1.1525
-0.502216 1.152
-0.507216 1.1515
-0.512216 1.151
-0.517216 1.1505
-0.522216 1.15
-0.527216 1.1495
-0.532224 1.149
-0.537255 1.1485
-0.538255 1.148
-0.5442 1.1475
-0.540631 1.147
-0.543339 1.1465
-0.541122 1.146
-0.543005 1.1455
-0.54137 1.145
-0.542809 1.1445
-0.543809 1.144
-0.542645 1.1435
-0.544005 1.143
-0.542396 1.1425
-0.544344 1.142
-0.541879 1.1415
-0.545343 1.141
-0.53737 1.1405
-0.53637 1.14
-0.53537 1.1395
-0.534322 1.139
-0.53537 1.1385
-0.53637 1.138
-0.53537 1.1375
-0.534353 1.137
-0.535353 1.1365
-0.536376 1.136
-0.535369 1.1355
-0.534369 1.135
-0.535369 1.1345
-0.536374 1.134
-0.535374 1.1335
-0.534346 1.133
-0.535346 1.1325
-0.536353 1.132
-0.535346 1.1315
-0.534346 1.131
-0.535346 1.1305
-0.536346 1.13
-0.535346 1.1295
-0.534341 1.129
-0.535341 1.1285
-0.536343 1.128
-0.535343 1.1275
-0.534343 1.127
-0.535343 1.1265
-0.536343 1.126
-0.535343 1.1255
-0.534343 1.125
-0.535343 1.1245
-0.536343 1.124
-0.535343 1.1235
-0.534343 1.123
-0.535343 1.1225
-0.536343 1.122
-0.535343 1.1215
-0.534343 1.121
-0.535343 1.1205
-0.536343 1.12
-0.535343 1.1195
-0.534343 1.119
-0.535343 1.1185
-0.536343 1.118
-0.535343 1.1175
-0.534343 1.117
-0.535343 1.1165
-0.536343 1.116
-0.535343 1.1155
-0.534343 1.115
-0.535343 1.1145
-0.536343 1.114
-0.535343 1.1135
-0.534343 1.113
-0.535343 1.1125
-0.536343 1.112
-0.535343 1.1115
-0.534343 1.111
-0.535343 1.1105
-0.536343 1.11
-0.535343 1.1095
-0.534343 1.109
-0.535343 1.1085
-0.536343 1.108
-0.535343 1.1075
-0.534343 1.107
-0.535343 1.1065
-0.536343 1.106
-0.535343 1.1055
-0.534343 1.105
-0.535343 1.1045
-0.536343 1.104
-0.535343 1.1035
-0.534343 1.103
-0.535343 1.1025
-0.536343 1.102
-0.535343 1.1015
-0.534343 1.101
-0.535343 1.1005
-0.536343 1.1
-0.535343 1.0995
-0.534343 1.099
-0.535343 1.0985
-0.536343 1.098
-0.535343 1.0975
-0.534343 1.097
-0.535343 1.0965
-0.536343 1.096
-0.53534 1.0955
-0.53434 1.095
-0.535354 1.0945
-0.536354 1.094
-0.535326 1.0935
-0.534326 1.093
-0.535367 1.0925
-0.536367 1.092
-0.535367 1.0915
-0.534367 1.091
-0.535535 1.0905
-0.536535 1.09
-0.537535 1.0895
-0.538768 1.089
-0.537768 1.0885
-0.53674 1.088
-0.537743 1.0875
-0.538743 1.087
-0.537743 1.0865
-0.536726 1.086
-0.537726 1.0855
-0.538728 1.085
-0.5377 1.0845
-0.5367 1.084
-0.5377 1.0835
-0.538703 1.083
-0.537703 1.0825
-0.536702 1.082
-0.538109 1.0815
-0.539109 1.081
-0.539085 1.0805
-0.540085 1.08
-0.541198 1.0795
-0.542198 1.079
-0.543253 1.0785
-0.544253 1.078
-0.545294 1.0775
-0.546342 1.077
-0.547342 1.0765
-0.548479 1.076
-0.549575 1.0755
-0.550575 1.075
-0.551712 1.0745
-0.552808 1.074
-0.553808 1.0735
-0.554945 1.073
-0.556041 1.0725
-0.557041 1.072
-0.558178 1.0715
-0.559274 1.071
-0.560274 1.0705
-0.561411 1.07
-0.562507 1.0695
-0.563507 1.069
-0.564644 1.0685
-0.56574 1.068
-0.56674 1.0675
-0.567877 1.067
-0.568973 1.0665
-0.569973 1.066
-0.571111 1.0655
-0.572206 1.065
-0.573206 1.0645
-0.574344 1.064
-0.575439 1.0635
-0.576439 1.063
-0.577577 1.0625
-0.578672 1.062
-0.579672 1.0615
-0.58081 1.061
-0.581905 1.0605
-0.582905 1.06
-0.584043 1.0595
-0.585138 1.059
-0.586138 1.0585
-0.587276 1.058
-0.588372 1.0575
-0.589372 1.057
-0.590509 1.0565
-0.591605 1.056
-0.592605 1.0555
-0.593742 1.055
-0.594838 1.0545
-0.595838 1.054
-0.596975 1.0535
-0.598071 1.053
-0.599071 1.0525
-0.600208 1.052
-0.601304 1.0515
-0.602304 1.051
-0.603441 1.0505
-0.604537 1.05
-0.605537 1.0495
-0.606674 1.049
-0.60777 1.0485
-0.60877 1.048
-0.609907 1.0475
-0.611003 1.047
-0.612003 1.0465
-0.61314 1.046
-0.614236 1.0455
-0.615236 1.045
-0.616373 1.0445
-0.617469 1.044
-0.618469 1.0435
-0.619606 1.043
-0.620702 1.0425
-0.621702 1.042
-0.622839 1.0415
-0.623935 1.041
-0.624935 1.0405
-0.626072 1.04
-0.627168 1.0395
-0.628168 1.039
-0.629305 1.0385
-0.630401 1.038
-0.631401 1.0375
-0.632538 1.037
-0.633634 1.0365
-0.634634 1.036
-0.635771 1.0355
-0.636867 1.035
-0.637867 1.0345
-0.639004 1.034
-0.6401 1.0335
-0.6411 1.033
-0.642237 1.0325
-0.643333 1.032
-0.644333 1.0315
-0.64547 1.031
-0.646566 1.0305
-0.647566 1.03
-0.648703 1.0295
-0.649799 1.029
-0.650799 1.0285
-0.651936 1.028
-0.653032 1.0275
-0.654032 1.027
-0.655169 1.0265
-0.656265 1.026
-0.657265 1.0255
-0.658402 1.025
-0.659498 1.0245
-0.660498 1.024
-0.661635 1.0235
-0.662731 1.023
-0.663731 1.0225
-0.664868 1.022
-0.665964 1.0215
-0.666964 1.021
-0.668101 1.0205
-0.669197 1.02
-0.670197 1.0195
-0.671334 1.019
-0.67243 1.0185
-0.67343 1.018
-0.674567 1.0175
-0.675663 1.017
-0.676663 1.0165
-0.6778 1.016
-0.678896 1.0155
-0.679896 1.015
-0.681033 1.0145
-0.682129 1.014
-0.683129 1.0135
-0.684266 1.013
-0.685362 1.0125
-0.686362 1.012
-0.687499 1.0115
-0.688595 1.011
-0.689595 1.0105
-0.690732 1.01
-0.691828 1.0095
-0.692828 1.009
-0.693959 1.0085
-0.695041 1.008
-0.696041 1.0075
-0.697141 1.007
-0.698141 1.0065
-0.699143 1.006
-0.700143 1.0055
-0.707816 1.005
-0.704221 1.0045
-0.706861 1.004
-0.70471 1.0035
-0.706547 1.003
-0.704934 1.0025
-0.706374 1.002
-0.705074 1.0015
-0.706259 1.001
-0.705172 1.0005
-0.706172 1
