Man
0 0
0 0.0005
0 0.001
0 0.0015
0 0.002
0 0.0025
0 0.003
0 0.0035
0 0.004
0 0.0045
0 0.005
0 0.0055
0 0.006
0 0.0065
0 0.007
0 0.0075
0 0.008
0 0.0085
0 0.009
0 0.0095
0 0.01
0 0.0105
0 0.011
0 0.0115
0 0.012
0 0.0125
0 0.013
0 0.0135
0 0.014
0 0.0145
0 0.015
0 0.0155
0 0.016
0 0.0165
0 0.017
0 0.0175
0 0.018
0 0.0185
0 0.019
0 0.0195
0 0.02
0 0.0205
0 0.021
0 0.0215
0 0.022
0 0.0225
0 0.023
0 0.0235
0 0.024
0 0.0245
0 0.025
0 0.0255
0 0.026
0 0.0265
0 0.027
0 0.0275
0 0.028
0 0.0285
0 0.029
0 0.0295
0 0.03
0 0.0305
0 0.031
0 0.0315
0 0.032
0 0.0325
0 0.033
0 0.0335
0 0.034
0 0.0345
0 0.035
0 0.0355
0 0.036
0 0.0365
0 0.037
0 0.0375
0 0.038
0 0.0385
0 0.039
0 0.0395
0 0.04
0 0.0405
0 0.041
0 0.0415
0 0.042
0 0.0425
0 0.043
0 0.0435
0 0.044
0 0.0445
0 0.045
0 0.0455
0 0.046
0 0.0465
0 0.047
0 0.0475
0 0.048
0 0.0485
0 0.049
0 0.0495
0 0.05
0 0.0505
0 0.051
0 0.0515
0 0.052
0 0.0525
0 0.053
0 0.0535
0 0.054
0 0.0545
0 0.055
0 0.0555
0 0.056
0 0.0565
0 0.057
0 0.0575
0 0.058
0 0.0585
0 0.059
0 0.0595
0 0.06
0 0.0605
0 0.061
0 0.0615
0 0.062
0 0.0625
0 0.063
0 0.0635
0 0.064
0 0.0645
0 0.065
0 0.0655
0 0.066
0 0.0665
0 0.067
0 0.0675
0 0.068
0 0.0685
0 0.069
0 0.0695
0 0.07
0 0.0705
0 0.071
0 0.0715
0 0.072
0 0.0725
0 0.073
0 0.0735
0 0.074
0 0.0745
0 0.075
0 0.0755
0 0.076
0 0.0765
0 0.077
0 0.0775
0 0.078
0 0.0785
0 0.079
0 0.0795
0 0.08
0 0.0805
0 0.081
0 0.0815
0 0.082
0 0.0825
0 0.083
0 0.0835
0 0.084
0 0.0845
0 0.085
0 0.0855
0 0.086
0 0.0865
0 0.087
0 0.0875
0 0.088
0 0.0885
0 0.089
0 0.0895
0 0.09
0 0.0905
0 0.091
0 0.0915
0 0.092
0 0.0925
0 0.093
0 0.0935
0 0.094
0 0.0945
0 0.095
0 0.0955
0 0.096
0 0.0965
0 0.097
0 0.0975
-0.392699 0.098
-0.392699 0.0985
-0.392699 0.099
-0.392699 0.0995
-0.392699 0.1
-0.392699 0.1005
-0.392699 0.101
-0.392699 0.1015
-0.392699 0.102
-0.392699 0.1025
-0.392699 0.103
-0.392699 0.1035
-0.392699 0.104
-0.392699 0.1045
-0.392699 0.105
-0.392699 0.1055
-0.392699 0.106
-0.392699 0.1065
-0.392699 0.107
-0.392699 0.1075
-0.392699 0.108
-0.392699 0.1085
-0.19635 0.109
-0.19635 0.1095
-0.19635 0.11
-0.19635 0.1105
-0.19635 0.111
-0.19635 0.1115
-0.19635 0.112
-0.0981748 0.1125
-0.0981748 0.113
-0.0981748 0.1135
-0.0981748 0.114
-0.0981748 0.1145
-0.0981748 0.115
-0.0981748 0.1155
-0.0981748 0.116
-0.0981748 0.1165
-0.0981748 0.117
-0.0981748 0.1175
-0.0981748 0.118
-0.0981748 0.1185
-0.0981748 0.119
-0.0981748 0.1195
-0.0981748 0.12
-0.0981748 0.1205
-0.0981748 0.121
-0.0981748 0.1215
-0.0981748 0.122
-0.0981748 0.1225
-0.0981748 0.123
-0.0981748 0.1235
-0.0981748 0.124
-0.0981748 0.1245
-0.0981748 0.125
-0.0981748 0.1255
0 0.126
-0.0490874 0.1265
-0.0490874 0.127
-0.0490874 0.1275
-0.0490874 0.128
-0.0490874 0.1285
-0.0490874 0.129
-0.0490874 0.1295
-0.0490874 0.13
-0.0490874 0.1305
-0.0490874 0.131
-0.0490874 0.1315
-0.0981748 0.132
-0.0736311 0.1325
-0.0736311 0.133
-0.0736311 0.1335
-0.0736311 0.134
-0.0736311 0.1345
-0.0490874 0.135
-0.0490874 0.1355
-0.0490874 0.136
-0.0490874 0.1365
-0.0490874 0.137
-0.0490874 0.1375
-0.0736311 0.138
-0.0613592 0.1385
-0.0613592 0.139
-0.0613592 0.1395
-0.0613592 0.14
-0.0613592 0.1405
-0.0490874 0.141
-0.0368155 0.1415
-0.0368155 0.142
-0.0368155 0.1425
-0.0368155 0.143
-0.0245437 0.1435
-0.0245437 0.144
-0.0245437 0.1445
-0.0122718 0.145
-0.0122718 0.1455
-0.0122718 0.146
0 0.1465
0 0.147
0 0.1475
-0.0122718 0.148
-0.0122718 0.1485
-0.0122718 0.149
0 0.1495
0 0.15
0 0.1505
-0.0122718 0.151
-0.0122718 0.1515
-0.0122718 0.152
0 0.1525
0 0.153
0 0.1535
-0.0112934 0.154
-0.0112934 0.1545
-0.0112934 0.155
-0.0235652 0.1555
-0.0235652 0.156
-0.0235652 0.1565
-0.0138937 0.157
-0.0138937 0.1575
-0.0138937 0.158
-0.0138937 0.1585
-0.0138937 0.159
-0.0138937 0.1595
-0.0138937 0.16
-0.0138937 0.1605
-0.0138937 0.161
-0.0138937 0.1615
-0.0138937 0.162
-0.0138937 0.1625
-0.0138937 0.163
-0.0138937 0.1635
-0.0138937 0.164
-0.0138937 0.1645
-0.0138937 0.165
-0.0138937 0.1655
-0.0138937 0.166
-0.0138937 0.1665
-0.0138937 0.167
-0.0138937 0.1675
-0.0138937 0.168
-0.0138937 0.1685
-0.0138937 0.169
-0.0138937 0.1695
-0.0138937 0.17
-0.0138937 0.1705
-0.0138937 0.171
-0.0138937 0.1715
-0.0138937 0.172
-0.0138937 0.1725
-0.0138937 0.173
-0.0138937 0.1735
-0.0138937 0.174
-0.0138937 0.1745
-0.0138937 0.175
-0.0138937 0.1755
-0.0138937 0.176
-0.0138937 0.1765
-0.0138937 0.177
-0.0138937 0.1775
-0.0138937 0.178
-0.0138937 0.1785
-0.0138937 0.179
-0.0138937 0.1795
-0.0138937 0.18
-0.0138937 0.1805
-0.0138937 0.181
-0.0138937 0.1815
-0.0138937 0.182
-0.0138937 0.1825
-0.0138937 0.183
-0.0138937 0.1835
-0.0138937 0.184
-0.0138937 0.1845
-0.0138937 0.185
-0.0138937 0.1855
-0.0138937 0.186
-0.0138937 0.1865
-0.0138937 0.187
-0.0138937 0.1875
-0.0138937 0.188
-0.0138937 0.1885
-0.0138937 0.189
-0.0138937 0.1895
-0.0138937 0.19
-0.0138937 0.1905
-0.0138937 0.191
-0.0138937 0.1915
-0.0138937 0.192
-0.0138937 0.1925
-0.0138937 0.193
-0.0138937 0.1935
-0.0138937 0.194
-0.0138937 0.1945
-0.0138937 0.195
-0.0138937 0.1955
-0.0138937 0.196
-0.0138937 0.1965
-0.0138937 0.197
-0.0138937 0.1975
-0.0138937 0.198
-0.0138937 0.1985
-0.0138937 0.199
-0.0138937 0.1995
-0.0138937 0.2
-0.0138937 0.2005
-0.0138937 0.201
-0.0138937 0.2015
-0.0138937 0.202
-0.0138937 0.2025
-0.0138937 0.203
-0.0138937 0.2035
-0.0138937 0.204
-0.0138937 0.2045
-0.0138937 0.205
-0.0138937 0.2055
-0.0138937 0.206
-0.0138937 0.2065
-0.0138937 0.207
-0.0138937 0.2075
-0.0138937 0.208
-0.0138937 0.2085
-0.0138937 0.209
-0.0138937 0.2095
-0.0138937 0.21
-0.0138937 0.2105
-0.0138937 0.211
-0.0138937 0.2115
-0.0138937 0.212
-0.0138937 0.2125
-0.0138937 0.213
-0.0138937 0.2135
-0.0138937 0.214
-0.0138937 0.2145
-0.0138937 0.215
-0.0138937 0.2155
-0.0138937 0.216
-0.0138937 0.2165
-0.0138937 0.217
-0.0138937 0.2175
-0.0138937 0.218
-0.0138937 0.2185
-0.0138937 0.219
-0.0138937 0.2195
-0.0138937 0.22
-0.0138937 0.2205
-0.0138937 0.221
-0.0138937 0.2215
-0.0138937 0.222
-0.0138937 0.2225
-0.0138937 0.223
-0.0138937 0.2235
-0.0138937 0.224
-0.0138937 0.2245
-0.0138937 0.225
-0.0138937 0.2255
-0.0138937 0.226
-0.0138937 0.2265
-0.0138937 0.227
-0.0138937 0.2275
-0.0138937 0.228
-0.0138937 0.2285
-0.0138937 0.229
-0.0138937 0.2295
-0.0138937 0.23
-0.0138937 0.2305
-0.0138937 0.231
-0.0138937 0.2315
-0.0138937 0.232
-0.0138937 0.2325
-0.0138937 0.233
-0.0138937 0.2335
-0.0138937 0.234
-0.0138937 0.2345
-0.0138937 0.235
-0.0138937 0.2355
-0.0138937 0.236
-0.0138937 0.2365
-0.0138937 0.237
-0.0138937 0.2375
-0.0138937 0.238
-0.0138937 0.2385
-0.0138937 0.239
-0.0138937 0.2395
-0.0138937 0.24
-0.0138937 0.2405
-0.0138937 0.241
-0.0138937 0.2415
-0.0138937 0.242
-0.0138937 0.2425
-0.0138937 0.243
-0.0138937 0.2435
-0.0138937 0.244
-0.0138937 0.2445
-0.0138937 0.245
-0.0138937 0.2455
-0.0138937 0.246
-0.0138937 0.2465
-0.0138937 0.247
-0.0138937 0.2475
-0.0138937 0.248
-0.0138937 0.2485
-0.0138937 0.249
-0.0138937 0.2495
-0.0138937 0.25
-0.0138937 0.2515
-0.0138937 0.253
-0.0138937 0.2545
-0.0138937 0.256
-0.0138937 0.2575
-0.0138937 0.259
-0.0138937 0.2605
-0.0138937 0.262
-0.0138937 0.2635
-0.0138937 0.265
-0.0138937 0.2665
-0.0138937 0.268
-0.0138937 0.2695
-0.0138937 0.271
-0.0138937 0.2725
-0.0138937 0.274
-0.0138937 0.2755
-0.0138937 0.277
-0.0138937 0.2785
-0.0138937 0.28
-0.0138937 0.2815
-0.0138937 0.283
-0.0138937 0.2845
-0.0138937 0.286
-0.0138937 0.2875
-0.0138937 0.289
-0.0138937 0.2905
-0.0138937 0.292
-0.0138937 0.2935
-0.0138937 0.295
-0.0138937 0.2965
-0.0138937 0.298
-0.0138937 0.2995
-0.0138937 0.301
-0.0138937 0.3025
-0.0138937 0.304
-0.0138937 0.3055
-0.0138937 0.307
-0.0138937 0.3085
-0.0138937 0.31
-0.0138937 0.3115
-0.0138937 0.313
-0.0138937 0.3145
-0.0138937 0.316
-0.0138937 0.3175
-0.0138937 0.319
-0.0138937 0.3205
-0.0138937 0.322
-0.0138937 0.3235
-0.0138937 0.325
-0.0138937 0.3265
-0.0138937 0.328
-0.0138937 0.3295
-0.0138937 0.331
-0.0138937 0.3325
-0.0138937 0.334
-0.0138937 0.3355
-0.0138937 0.337
-0.0138937 0.3385
-0.0138937 0.34
-0.0138937 0.3415
-0.0138937 0.343
-0.0138937 0.3445
-0.0138937 0.346
-0.0138937 0.3475
-0.0138937 0.349
-0.0138937 0.3505
-0.0138937 0.352
-0.0138937 0.3535
-0.0138937 0.355
-0.0138937 0.3565
-0.0138937 0.358
-0.0138937 0.3595
-0.0138937 0.361
-0.0138937 0.3625
-0.0138937 0.364
-0.0138937 0.3655
-0.0138937 0.367
-0.0138937 0.3685
-0.0138937 0.37
-0.0138937 0.3715
-0.0138937 0.373
-0.0138937 0.3745
-0.0138937 0.376
-0.0138937 0.3775
-0.0138937 0.379
-0.0138937 0.3805
-0.0138937 0.382
-0.0138937 0.3835
-0.0138937 0.385
-0.0138937 0.3865
-0.0138937 0.388
-0.0138937 0.3895
-0.0138937 0.391
-0.0138937 0.3925
-0.0138937 0.394
-0.0138937 0.3955
-0.0138937 0.397
-0.0138937 0.3985
-0.0138937 0.4
-0.0138937 0.4015
-0.0138937 0.403
-0.0138937 0.4045
-0.0138937 0.406
-0.0138937 0.4075
-0.0138937 0.409
-0.0138937 0.4105
-0.0138937 0.412
-0.0138937 0.4135
-0.0138937 0.415
-0.0138937 0.4165
-0.0138937 0.418
-0.0138937 0.4195
-0.0138937 0.421
-0.0138937 0.4225
-0.0138937 0.424
-0.0138937 0.4255
-0.0138937 0.427
-0.0138937 0.4285
-0.0138937 0.43
-0.0138937 0.4315
-0.0138937 0.433
-0.0138937 0.4345
-0.0138937 0.436
-0.0138937 0.4375
-0.0138937 0.439
-0.0138937 0.4405
-0.0138937 0.442
-0.0138937 0.4435
-0.0138937 0.445
-0.0138937 0.4465
-0.0138937 0.448
-0.0138937 0.4495
-0.0138937 0.451
-0.0138937 0.4525
-0.0138937 0.454
-0.0138937 0.4555
-0.0138937 0.457
-0.0138937 0.4585
-0.0138937 0.46
-0.0138937 0.4615
-0.0138937 0.463
-0.0138937 0.4645
-0.0138937 0.466
-0.0138937 0.4675
-0.0138937 0.469
-0.0138937 0.4705
-0.0138937 0.472
-0.0138937 0.4735
-0.0138937 0.475
-0.0138937 0.4765
-0.0138937 0.478
-0.0138937 0.4795
-0.0138937 0.481
-0.0138937 0.4825
-0.0138937 0.484
-0.0138937 0.4855
-0.0138937 0.487
-0.0138937 0.4885
-0.0138937 0.49
-0.0138937 0.4915
-0.0138937 0.493
-0.0138937 0.4945
-0.0138937 0.496
-0.0138937 0.4975
-0.0138937 0.499
-0.0138937 0.5005
-0.0138937 0.502
-0.0138937 0.5035
-0.0138937 0.505
-0.0138937 0.5065
-0.0138937 0.508
-0.0138937 0.5095
-0.0138937 0.511
-0.0138937 0.5125
-0.0138937 0.514
-0.0138937 0.5155
-0.0138937 0.517
-0.0138937 0.5185
-0.0138937 0.52
-0.0138937 0.5215
-0.0138937 0.523
-0.0138937 0.5245
-0.0138937 0.526
-0.0138937 0.5275
-0.0138937 0.529
-0.0138937 0.5305
-0.0138937 0.532
-0.0138937 0.5335
-0.0138937 0.535
-0.0138937 0.5365
-0.0138937 0.538
-0.0138937 0.5395
-0.0138937 0.541
-0.0138937 0.5425
-0.0138937 0.544
-0.0138937 0.5455
-0.0138937 0.547
-0.0138937 0.5485
-0.0138937 0.55
-0.0138937 0.5515
-0.0138937 0.553
-0.0138937 0.5545
-0.0138937 0.556
-0.0138937 0.5575
-0.0138937 0.559
-0.0138937 0.5605
-0.0138937 0.562
-0.0138937 0.5635
-0.0138937 0.565
-0.0138937 0.5665
-0.0138937 0.568
-0.0138937 0.5695
-0.0138937 0.571
-0.0138937 0.5725
-0.0138937 0.574
-0.0138937 0.5755
-0.0138937 0.577
-0.0138937 0.5785
-0.0138937 0.58
-0.0138937 0.5815
-0.0138937 0.583
-0.0138937 0.5845
-0.0138937 0.586
-0.0138937 0.5875
-0.0138937 0.589
-0.0138937 0.5905
-0.0138937 0.592
-0.0138937 0.5935
-0.0138937 0.595
-0.0138937 0.5965
-0.0138937 0.598
-0.0138937 0.5995
-0.0138937 0.601
-0.0138937 0.6025
-0.0138937 0.604
-0.0138937 0.6055
-0.0138937 0.607
-0.0138937 0.6085
-0.0138937 0.61
-0.0138937 0.6115
-0.0138937 0.613
-0.0138937 0.6145
-0.0138937 0.616
-0.0138937 0.6175
-0.0138937 0.619
-0.0138937 0.6205
-0.0138937 0.622
-0.0138937 0.6235
-0.0138937 0.625
-0.0138937 0.6265
-0.0138937 0.628
-0.0138937 0.6295
-0.0138937 0.631
-0.0138937 0.6325
-0.0138937 0.634
-0.0138937 0.6355
-0.0138937 0.637
-0.0138937 0.6385
-0.0138937 0.64
-0.0138937 0.6415
-0.0138937 0.643
-0.0138937 0.6445
-0.0138937 0.646
-0.0138937 0.6475
-0.0138937 0.649
-0.0138937 0.6505
-0.0138937 0.652
-0.0138937 0.6535
-0.0138937 0.655
-0.0138937 0.6565
-0.0138937 0.658
-0.0138937 0.6595
-0.0138937 0.661
-0.0138937 0.6625
-0.0138937 0.664
-0.0138937 0.6655
-0.0138937 0.667
-0.0138937 0.6685
-0.0138937 0.67
-0.0138937 0.6715
-0.0138937 0.673
-0.0138937 0.6745
-0.0138937 0.676
-0.0138937 0.6775
-0.0138937 0.679
-0.0138937 0.6805
-0.0138937 0.682
-0.0138937 0.6835
-0.0138937 0.685
-0.0138937 0.6865
-0.0138937 0.688
-0.0138937 0.6895
-0.0138937 0.691
-0.0138937 0.6925
-0.0138937 0.694
-0.0138937 0.6955
-0.0138937 0.697
-0.0138937 0.6985
-0.0138937 0.7
-0.0138937 0.7015
-0.0138937 0.703
-0.0138937 0.7045
-0.0138937 0.706
-0.0138937 0.7075
-0.0138937 0.709
-0.0138937 0.7105
-0.0138937 0.712
-0.0138937 0.7135
-0.0138937 0.715
-0.0138937 0.7165
-0.0138937 0.718
-0.0138937 0.7195
-0.0138937 0.721
-0.0138937 0.7225
-0.0138937 0.724
-0.0138937 0.7255
-0.0138937 0.727
-0.0138937 0.7285
-0.0138937 0.73
-0.0138937 0.7315
-0.0138937 0.733
-0.0138937 0.7345
-0.0138937 0.736
-0.0138937 0.7375
-0.0138937 0.739
-0.0138937 0.7405
-0.0138937 0.742
-0.0138937 0.7435
-0.0138937 0.745
-0.0138937 0.7465
-0.0138937 0.748
-0.0138937 0.7495
-0.0138937 0.751
-0.0138937 0.7525
-0.0138937 0.754
-0.0138937 0.7555
-0.0138937 0.757
-0.0138937 0.7585
-0.0138937 0.76
-0.0138937 0.7615
-0.0138937 0.763
-0.0138937 0.7645
-0.0138937 0.766
-0.0138937 0.7675
-0.0138937 0.769
-0.0138937 0.7705
-0.0138937 0.772
-0.0138937 0.7735
-0.0138937 0.775
-0.0138937 0.7765
-0.0138937 0.778
-0.0138937 0.7795
-0.0138937 0.781
-0.0138937 0.7825
-0.0138937 0.784
-0.0138937 0.7855
-0.0138937 0.787
-0.0138937 0.7885
-0.0138937 0.79
-0.0138937 0.7915
-0.0138937 0.793
-0.0138937 0.7945
-0.0138937 0.796
-0.0138937 0.7975
-0.0138937 0.799
-0.0138937 0.8005
-0.0138937 0.802
-0.0138937 0.8035
-0.0138937 0.805
-0.0138937 0.8065
-0.0138937 0.808
-0.0138937 0.8095
-0.0138937 0.811
-0.0138937 0.8125
-0.0138937 0.814
-0.0138937 0.8155
-0.0138937 0.817
-0.0138937 0.8185
-0.0138937 0.82
-0.0138937 0.8215
-0.0138937 0.823
-0.0138937 0.8245
-0.0138937 0.826
-0.0138937 0.8275
-0.0138937 0.829
-0.0138937 0.8305
-0.0138937 0.832
-0.0138937 0.8335
-0.0138937 0.835
-0.0138937 0.8365
-0.0138937 0.838
-0.0138937 0.8395
-0.0138937 0.841
-0.0138937 0.8425
-0.0138937 0.844
-0.0138937 0.8455
-0.0138937 0.847
-0.0138937 0.8485
-0.0138937 0.85
-0.0138937 0.8515
-0.0138937 0.853
-0.0138937 0.8545
-0.0138937 0.856
-0.0138937 0.8575
-0.0138937 0.859
-0.0138937 0.8605
-0.0138937 0.862
-0.0138937 0.8635
-0.0138937 0.865
-0.0138937 0.8665
-0.0138937 0.868
-0.0138937 0.8695
-0.0138937 0.871
-0.0138937 0.8725
-0.0138937 0.874
-0.0138937 0.8755
-0.0138937 0.877
-0.0138937 0.8785
-0.0138937 0.88
-0.0138937 0.8815
-0.0138937 0.883
-0.0138937 0.8845
-0.0138937 0.886
-0.0138937 0.8875
-0.0138937 0.889
-0.0138937 0.8905
-0.0138937 0.892
-0.0138937 0.8935
-0.0138937 0.895
-0.0138937 0.8965
-0.0138937 0.898
-0.0138937 0.8995
-0.0138937 0.901
-0.0138937 0.9025
-0.0138937 0.904
-0.0138937 0.9055
-0.0138937 0.907
-0.0138937 0.9085
-0.0138937 0.91
-0.0138937 0.9115
-0.0138937 0.913
-0.0138937 0.9145
-0.0138937 0.916
-0.0138937 0.9175
-0.0138937 0.919
-0.0138937 0.9205
-0.0138937 0.922
-0.0138937 0.9235
-0.0138937 0.925
-0.0138937 0.9265
-0.0138937 0.928
-0.0138937 0.9295
-0.0138937 0.931
-0.0138937 0.9325
-0.0138937 0.934
-0.0138937 0.9355
-0.0138937 0.937
-0.0138937 0.9385
-0.0138937 0.94
-0.0138937 0.9415
-0.0148937 0.943
-0.0158938 0.9445
-0.0168938 0.946
-0.0178938 0.9475
-0.0188938 0.949
-0.0198939 0.9505
-0.0208939 0.952
-0.0218939 0.9535
-0.0228939 0.955
-0.023894 0.9565
-0.024894 0.958
-0.025894 0.9595
-0.0268941 0.961
-0.0278941 0.9625
-0.0288941 0.964
-0.0298941 0.9655
-0.0308942 0.967
-0.0318942 0.9685
-0.0328942 0.97
-0.0338942 0.9715
-0.0348943 0.973
-0.0358943 0.9745
-0.0368943 0.976
-0.0378944 0.9775
-0.0388944 0.979
-0.0398944 0.9805
-0.0408944 0.982
-0.0418945 0.9835
-0.0428945 0.985
-0.0438945 0.9865
-0.0448945 0.988
-0.0458946 0.9895
-0.0468946 0.991
-0.0478946 0.9925
-0.0488947 0.994
-0.0498947 0.9955
-0.0508947 0.997
-0.0518947 0.9985
-0.0508947 1


Shark
3.14159 1.5
3.13959 1.4995
3.13759 1.499
3.13559 1.4985
3.13359 1.498
3.13159 1.4975
3.12959 1.497
3.12759 1.4965
3.12559 1.496
3.12359 1.4955
3.12159 1.495
3.11959 1.4945
3.11759 1.494
3.11559 1.4935
3.11359 1.493
3.11159 1.4925
3.10959 1.492
3.10759 1.4915
3.10559 1.491
3.10359 1.4905
3.10159 1.49
3.09959 1.4895
3.09759 1.489
3.09559 1.4885
3.09359 1.488
3.09159 1.4875
3.08959 1.487
3.08759 1.4865
3.08559 1.486
3.08359 1.4855
3.08159 1.485
3.07959 1.4845
3.07759 1.484
3.07559 1.4835
3.07359 1.483
3.07159 1.4825
3.06959 1.482
3.06759 1.4815
3.06559 1.481
3.06359 1.4805
3.06159 1.48
3.05959 1.4795
3.05759 1.479
3.05559 1.4785
3.05359 1.478
3.05159 1.4775
3.04959 1.477
3.04759 1.4765
3.04559 1.476
3.04359 1.4755
3.04159 1.475
3.03959 1.4745
3.03759 1.474
3.03559 1.4735
3.03359 1.473
3.03159 1.4725
3.02959 1.472
3.02759 1.4715
3.02559 1.471
3.02359 1.4705
3.02159 1.47
3.01959 1.4695
3.01759 1.469
3.01559 1.4685
3.01359 1.468
3.01159 1.4675
3.00959 1.467
3.00759 1.4665
3.00559 1.466
3.00359 1.4655
3.00159 1.465
2.99959 1.4645
2.99759 1.464
2.99559 1.4635
2.99359 1.463
2.99159 1.4625
2.98959 1.462
2.98759 1.4615
2.98559 1.461
2.98359 1.4605
2.98159 1.46
2.97959 1.4595
2.97759 1.459
2.97559 1.4585
2.97359 1.458
2.97159 1.4575
2.96959 1.457
2.96759 1.4565
2.96559 1.456
2.96359 1.4555
2.96159 1.455
2.95959 1.4545
2.95759 1.454
2.95559 1.4535
2.95359 1.453
2.95159 1.4525
2.94959 1.452
2.94759 1.4515
2.94559 1.451
2.94359 1.4505
2.94159 1.45
2.93959 1.4495
2.93759 1.449
2.93559 1.4485
2.93359 1.448
2.93159 1.4475
2.92959 1.447
2.92759 1.4465
2.92559 1.446
2.92359 1.4455
2.92159 1.445
2.91959 1.4445
2.91759 1.444
2.91559 1.4435
2.91359 1.443
2.91159 1.4425
2.90959 1.442
2.90759 1.4415
2.90559 1.441
2.90359 1.4405
2.90159 1.44
2.89959 1.4395
2.89759 1.439
2.89559 1.4385
2.89359 1.438
2.89159 1.4375
2.88959 1.437
2.88759 1.4365
2.88559 1.436
2.88359 1.4355
2.88159 1.435
2.87959 1.4345
2.87759 1.434
2.87559 1.4335
2.87359 1.433
2.87159 1.4325
2.86959 1.432
2.86759 1.4315
2.86559 1.431
2.86359 1.4305
2.86159 1.43
2.85959 1.4295
2.85759 1.429
2.85559 1.4285
2.85359 1.428
2.85159 1.4275
2.84959 1.427
2.84759 1.4265
2.84559 1.426
2.84359 1.4255
2.84159 1.425
2.83959 1.4245
2.83759 1.424
2.83559 1.4235
2.83359 1.423
2.83159 1.4225
2.82959 1.422
2.82759 1.4215
2.82559 1.421
2.82359 1.4205
2.82159 1.42
2.81959 1.4195
2.81759 1.419
2.81559 1.4185
2.81359 1.418
2.81159 1.4175
2.80959 1.417
2.80759 1.4165
2.80559 1.416
2.80359 1.4155
2.80159 1.415
2.79959 1.4145
2.79759 1.414
2.79559 1.4135
2.79359 1.413
2.79159 1.4125
2.78959 1.412
2.78759 1.4115
2.78559 1.411
2.78359 1.4105
2.78159 1.41
2.77959 1.4095
2.77759 1.409
2.77559 1.4085
2.77359 1.408
2.77159 1.4075
2.76959 1.407
2.76759 1.4065
2.76559 1.406
2.76359 1.4055
2.76159 1.405
2.75959 1.4045
2.75759 1.404
2.75559 1.4035
2.75359 1.403
2.75159 1.4025
2.90417 1.402
2.90617 1.4015
2.90817 1.401
2.91017 1.4005
2.91217 1.4
2.91417 1.3995
2.91617 1.399
2.91817 1.3985
2.92017 1.398
2.92217 1.3975
2.92417 1.397
2.92617 1.3965
2.92817 1.396
2.93017 1.3955
2.93217 1.395
2.93417 1.3945
2.93617 1.394
2.93817 1.3935
2.94017 1.393
2.94217 1.3925
2.94417 1.392
2.94617 1.3915
3.03146 1.391
3.03346 1.3905
3.03546 1.39
3.03746 1.3895
3.03946 1.389
3.04146 1.3885
3.04346 1.388
3.08757 1.3875
3.08957 1.387
3.09157 1.3865
3.09357 1.386
3.09557 1.3855
3.09757 1.385
3.09957 1.3845
3.10157 1.384
3.10357 1.3835
3.10557 1.383
3.10757 1.3825
3.10957 1.382
3.11157 1.3815
3.11357 1.381
3.11557 1.3805
3.11757 1.38
3.11957 1.3795
3.12157 1.379
3.12357 1.3785
3.12557 1.378
3.12757 1.3775
3.12957 1.377
3.13157 1.3765
3.13357 1.376
3.13557 1.3755
3.13757 1.375
3.13957 1.3745
3.09017 1.374
3.0653 1.3735
3.0633 1.373
3.0613 1.3725
3.0593 1.372
3.0573 1.3715
3.0553 1.371
3.0533 1.3705
3.0513 1.37
3.0493 1.3695
3.0473 1.369
3.0453 1.3685
3.07125 1.368
3.08438 1.3675
3.08638 1.367
3.08838 1.3665
3.09038 1.366
3.09238 1.3655
3.079 1.365
3.077 1.3645
3.075 1.364
3.073 1.3635
3.071 1.363
3.069 1.3625
3.08267 1.362
3.08975 1.3615
3.09175 1.361
3.09375 1.3605
3.09575 1.36
3.09775 1.3595
3.10494 1.359
3.11216 1.3585
3.11416 1.358
3.11616 1.3575
3.11816 1.357
3.12547 1.3565
3.12747 1.356
3.12947 1.3555
3.13685 1.355
3.13885 1.3545
3.14085 1.354
3.1334 1.3535
3.1314 1.353
3.1294 1.3525
3.13692 1.352
3.13892 1.3515
3.14092 1.351
3.13333 1.3505
3.13133 1.35
3.12933 1.3495
3.13699 1.349
3.13899 1.3485
3.14099 1.348
3.13326 1.3475
3.13126 1.347
3.12926 1.3465
3.12203 1.346
3.12003 1.3455
3.11803 1.345
3.12591 1.3445
3.12791 1.344
3.12991 1.3435
3.13629 1.343
3.13829 1.3425
3.14029 1.342
3.14229 1.3415
3.14429 1.341
3.14629 1.3405
3.14829 1.34
3.15029 1.3395
3.15229 1.339
3.15429 1.3385
3.15629 1.338
3.15829 1.3375
3.16029 1.337
3.16229 1.3365
3.16429 1.336
3.16629 1.3355
3.16829 1.335
3.17029 1.3345
3.17229 1.334
3.17429 1.3335
3.17629 1.333
3.17829 1.3325
3.18029 1.332
3.18229 1.3315
3.18429 1.331
3.18629 1.3305
3.18829 1.33
3.19029 1.3295
3.19229 1.329
3.19429 1.3285
3.19629 1.328
3.19829 1.3275
3.20029 1.327
3.20229 1.3265
3.20429 1.326
3.20629 1.3255
3.20829 1.325
3.21029 1.3245
3.21229 1.324
3.21429 1.3235
3.21629 1.323
3.21829 1.3225
3.22029 1.322
3.22229 1.3215
3.22429 1.321
3.22629 1.3205
3.22829 1.32
3.23029 1.3195
3.23229 1.319
3.23429 1.3185
3.23629 1.318
3.23829 1.3175
3.24029 1.317
3.24229 1.3165
3.24429 1.316
3.24629 1.3155
3.24829 1.315
3.25029 1.3145
3.25229 1.314
3.25429 1.3135
3.25629 1.313
3.25829 1.3125
3.26029 1.312
3.26229 1.3115
3.26429 1.311
3.26629 1.3105
3.26829 1.31
3.27029 1.3095
3.27229 1.309
3.27429 1.3085
3.27629 1.308
3.27829 1.3075
3.28029 1.307
3.28229 1.3065
3.28429 1.306
3.28629 1.3055
3.28829 1.305
3.29029 1.3045
3.29229 1.304
3.29429 1.3035
3.29629 1.303
3.29829 1.3025
3.30029 1.302
3.30229 1.3015
3.30429 1.301
3.30629 1.3005
3.30829 1.3
3.31029 1.2995
3.31229 1.299
3.31429 1.2985
3.31629 1.298
3.31829 1.2975
3.32029 1.297
3.32229 1.2965
3.32429 1.296
3.32629 1.2955
3.32829 1.295
3.33029 1.2945
3.33229 1.294
3.33429 1.2935
3.33629 1.293
3.33829 1.2925
3.34029 1.292
3.34229 1.2915
3.34429 1.291
3.34629 1.2905
3.34829 1.29
3.35029 1.2895
3.35229 1.289
3.35429 1.2885
3.35629 1.288
3.35829 1.2875
3.36029 1.287
3.36229 1.2865
3.36429 1.286
3.36629 1.2855
3.36829 1.285
3.37029 1.2845
3.37229 1.284
3.37429 1.2835
3.37629 1.283
3.37829 1.2825
3.38029 1.282
3.38229 1.2815
3.38429 1.281
3.38629 1.2805
3.38829 1.28
3.39029 1.2795
3.39229 1.279
3.39429 1.2785
3.39629 1.278
3.39829 1.2775
3.40029 1.277
3.40229 1.2765
3.40429 1.276
3.40629 1.2755
3.40829 1.275
3.41029 1.2745
3.41229 1.274
3.41429 1.2735
3.41629 1.273
3.41829 1.2725
3.42029 1.272
3.42229 1.2715
3.42429 1.271
3.42629 1.2705
3.42829 1.27
3.43029 1.2695
3.43229 1.269
3.43429 1.2685
3.43629 1.268
3.43829 1.2675
3.44029 1.267
3.44229 1.2665
3.44429 1.266
3.44629 1.2655
3.44829 1.265
3.45029 1.2645
3.45229 1.264
3.45429 1.2635
3.45629 1.263
3.45829 1.2625
3.46029 1.262
3.46229 1.2615
3.46429 1.261
3.46629 1.2605
3.46829 1.26
3.47029 1.2595
3.47229 1.259
3.47429 1.2585
3.47629 1.258
3.47829 1.2575
3.48029 1.257
3.48229 1.2565
3.48429 1.256
3.48629 1.2555
3.48829 1.255
3.49029 1.2545
3.49229 1.254
3.49429 1.2535
3.49629 1.253
3.49829 1.2525
3.50029 1.252
3.50229 1.2515
3.50429 1.251
3.50629 1.2505
3.50829 1.25
3.51429 1.2495
3.52029 1.249
3.52629 1.2485
3.53229 1.248
3.53829 1.2475
3.54429 1.247
3.55029 1.2465
3.55629 1.246
3.56229 1.2455
3.56829 1.245
3.57429 1.2445
3.58029 1.244
3.58629 1.2435
3.59229 1.243
3.59829 1.2425
3.60429 1.242
3.61029 1.2415
3.61629 1.241
3.62229 1.2405
3.62829 1.24
3.63429 1.2395
3.64029 1.239
3.64629 1.2385
3.65229 1.238
3.65829 1.2375
3.66429 1.237
3.67029 1.2365
3.67629 1.236
3.68229 1.2355
3.68829 1.235
3.69429 1.2345
3.70029 1.234
3.70629 1.2335
3.71229 1.233
3.71829 1.2325
3.72429 1.232
3.73029 1.2315
3.73629 1.231
3.74229 1.2305
3.74829 1.23
3.75429 1.2295
3.76029 1.229
3.76629 1.2285
3.77229 1.228
3.77829 1.2275
3.78429 1.227
3.79029 1.2265
3.79629 1.226
3.80229 1.2255
3.80829 1.225
3.81429 1.2245
3.82029 1.224
3.82629 1.2235
3.83229 1.223
3.83829 1.2225
3.84429 1.222
3.85029 1.2215
3.85629 1.221
3.86229 1.2205
3.86829 1.22
3.87429 1.2195
3.88029 1.219
3.88629 1.2185
3.89229 1.218
3.89829 1.2175
3.90429 1.217
3.91029 1.2165
3.91629 1.216
3.92229 1.2155
3.92829 1.215
3.93429 1.2145
3.94029 1.214
3.94629 1.2135
3.95229 1.213
3.95829 1.2125
3.96429 1.212
3.97029 1.2115
3.97629 1.211
3.98229 1.2105
3.98829 1.21
3.99429 1.2095
4.00029 1.209
4.00629 1.2085
4.01229 1.208
4.01829 1.2075
4.02429 1.207
4.03029 1.2065
4.03629 1.206
4.04229 1.2055
4.04829 1.205
4.05429 1.2045
4.06029 1.204
4.06629 1.2035
4.07229 1.203
4.07829 1.2025
4.08429 1.202
4.09029 1.2015
4.09629 1.201
4.10229 1.2005
4.10829 1.2
4.11429 1.1995
4.12029 1.199
4.12629 1.1985
4.13229 1.198
4.13829 1.1975
4.14429 1.197
4.15029 1.1965
4.15629 1.196
4.16229 1.1955
4.16829 1.195
4.17429 1.1945
4.18029 1.194
4.18629 1.1935
4.19229 1.193
4.19829 1.1925
4.20429 1.192
4.21029 1.1915
4.21629 1.191
4.22229 1.1905
4.22829 1.19
4.23429 1.1895
4.24029 1.189
4.24629 1.1885
4.25229 1.188
4.25829 1.1875
4.26429 1.187
4.27029 1.1865
4.27629 1.186
4.28229 1.1855
4.28829 1.185
4.29429 1.1845
4.30029 1.184
4.30629 1.1835
4.31229 1.183
4.31829 1.1825
4.32429 1.182
4.33029 1.1815
4.33629 1.181
4.34229 1.1805
4.34829 1.18
4.35429 1.1795
4.36029 1.179
4.36629 1.1785
4.37229 1.178
4.37829 1.1775
4.38429 1.177
4.39029 1.1765
4.39629 1.176
4.40229 1.1755
4.40829 1.175
4.41429 1.1745
4.42029 1.174
4.42629 1.1735
4.43229 1.173
4.43829 1.1725
4.44429 1.172
4.45029 1.1715
4.45629 1.171
4.46229 1.1705
4.46829 1.17
4.47429 1.1695
4.48029 1.169
4.48629 1.1685
4.49229 1.168
4.49829 1.1675
4.50429 1.167
4.51029 1.1665
4.51629 1.166
4.52229 1.1655
4.52829 1.165
4.53429 1.1645
4.54029 1.164
4.54629 1.1635
4.55229 1.163
4.55829 1.1625
4.56429 1.162
4.57029 1.1615
4.57629 1.161
4.58229 1.1605
4.58829 1.16
4.59429 1.1595
4.60029 1.159
4.60629 1.1585
4.61229 1.158
4.61829 1.1575
4.62429 1.157
4.63029 1.1565
4.63629 1.156
4.64229 1.1555
4.64829 1.155
4.65429 1.1545
4.66029 1.154
4.66629 1.1535
4.67229 1.153
4.67829 1.1525
4.68429 1.152
4.69029 1.1515
4.69629 1.151
4.70229 1.1505
4.70829 1.15
4.71429 1.1495
4.72029 1.149
4.72629 1.1485
4.73229 1.148
4.73829 1.1475
4.74429 1.147
4.75029 1.1465
4.75629 1.146
4.76229 1.1455
4.76829 1.145
4.77429 1.1445
4.78029 1.144
4.78629 1.1435
4.79229 1.143
4.79829 1.1425
4.80429 1.142
4.81029 1.1415
4.81629 1.141
4.82229 1.1405
4.82829 1.14
4.83429 1.1395
4.84029 1.139
4.84629 1.1385
4.85229 1.138
4.85829 1.1375
4.86429 1.137
4.87029 1.1365
4.87629 1.136
4.88229 1.1355
4.88829 1.135
4.89429 1.1345
4.90029 1.134
4.90629 1.1335
4.91229 1.133
4.91829 1.1325
4.92429 1.132
4.93029 1.1315
4.93629 1.131
4.94229 1.1305
4.94829 1.13
4.95429 1.1295
4.96029 1.129
4.96629 1.1285
4.97229 1.128
4.97829 1.1275
4.98429 1.127
4.99029 1.1265
4.99629 1.126
5.00229 1.1255
5.00829 1.125
5.01429 1.1245
5.02029 1.124
5.02629 1.1235
5.03229 1.123
5.03829 1.1225
5.04429 1.122
5.05029 1.1215
5.05629 1.121
5.06229 1.1205
5.06829 1.12
5.07429 1.1195
5.08029 1.119
5.08629 1.1185
5.09229 1.118
5.09829 1.1175
5.10429 1.117
5.11029 1.1165
5.11629 1.116
5.12229 1.1155
5.12829 1.115
5.13429 1.1145
5.14029 1.114
5.14629 1.1135
5.15229 1.113
5.15829 1.1125
5.16429 1.112
5.17029 1.1115
5.17629 1.111
5.18229 1.1105
5.18829 1.11
5.19429 1.1095
5.20029 1.109
5.20629 1.1085
5.21229 1.108
5.21829 1.1075
5.22429 1.107
5.23029 1.1065
5.23629 1.106
5.24229 1.1055
5.24829 1.105
5.25429 1.1045
5.26029 1.104
5.26629 1.1035
5.27229 1.103
5.27829 1.1025
5.28429 1.102
5.29029 1.1015
5.29629 1.101
5.30229 1.1005
5.30829 1.1
5.31429 1.0995
5.32029 1.099
5.32629 1.0985
5.33229 1.098
5.33829 1.0975
5.34429 1.097
5.35029 1.0965
5.35629 1.096
5.36229 1.0955
5.36829 1.095
5.37429 1.0945
5.38029 1.094
5.38629 1.0935
5.39229 1.093
5.39829 1.0925
5.40429 1.092
5.41029 1.0915
5.41629 1.091
5.42229 1.0905
5.42829 1.09
5.43429 1.0895
5.44029 1.089
5.44629 1.0885
5.45229 1.088
5.45829 1.0875
5.46429 1.087
5.47029 1.0865
5.47629 1.086
5.48229 1.0855
5.48829 1.085
5.49429 1.0845
5.50029 1.084
5.50629 1.0835
5.51229 1.083
5.51829 1.0825
5.52429 1.082
5.53029 1.0815
5.53629 1.081
5.54229 1.0805
5.54829 1.08
5.55429 1.0795
5.56029 1.079
5.56629 1.0785
5.57229 1.078
5.57829 1.0775
5.58429 1.077
5.59029 1.0765
5.59629 1.076
5.60229 1.0755
5.60829 1.075
5.61429 1.0745
5.62029 1.074
5.62629 1.0735
5.63229 1.073
5.63829 1.0725
5.64429 1.072
5.65029 1.0715
5.65629 1.071
5.66229 1.0705
5.66829 1.07
5.67429 1.0695
5.68029 1.069
5.68629 1.0685
5.69229 1.068
5.69829 1.0675
5.70429 1.067
5.71029 1.0665
5.71629 1.066
5.72229 1.0655
5.72829 1.065
5.73429 1.0645
5.74029 1.064
5.74629 1.0635
5.75229 1.063
5.75829 1.0625
5.76429 1.062
5.77029 1.0615
5.77629 1.061
5.78229 1.0605
5.78829 1.06
5.79429 1.0595
5.80029 1.059
5.80629 1.0585
5.81229 1.058
5.81829 1.0575
5.82429 1.057
5.83029 1.0565
5.83629 1.056
5.84229 1.0555
5.84829 1.055
5.85429 1.0545
5.86029 1.054
5.86629 1.0535
5.87229 1.053
5.87829 1.0525
5.88429 1.052
5.89029 1.0515
5.89629 1.051
5.90229 1.0505
5.90829 1.05
5.91429 1.0495
5.92029 1.049
5.92629 1.0485
5.93229 1.048
5.93829 1.0475
5.94429 1.047
5.95029 1.0465
5.95629 1.046
5.96229 1.0455
5.96829 1.045
5.97429 1.0445
5.98029 1.044
5.98629 1.0435
5.99229 1.043
5.99829 1.0425
6.00429 1.042
6.01029 1.0415
6.01629 1.041
6.02229 1.0405
6.02829 1.04
6.03429 1.0395
6.04029 1.039
6.04629 1.0385
6.05229 1.038
6.05829 1.0375
6.06429 1.037
6.07029 1.0365
6.07629 1.036
6.08229 1.0355
6.08829 1.035
6.09429 1.0345
6.10029 1.034
6.10629 1.0335
6.11229 1.033
6.11829 1.0325
6.12429 1.032
6.13029 1.0315
6.13629 1.031
6.14229 1.0305
6.14829 1.03
6.15429 1.0295
6.16029 1.029
6.16629 1.0285
6.17229 1.028
6.17829 1.0275
6.18429 1.027
6.19029 1.0265
6.19629 1.026
6.20229 1.0255
6.20829 1.025
6.21429 1.0245
6.22029 1.024
6.22629 1.0235
6.23229 1.023
6.23829 1.0225
6.24429 1.022
6.25029 1.0215
6.25629 1.021
6.26229 1.0205
6.26829 1.02
6.26929 1.0195
6.26829 1.019
6.26729 1.0185
6.26629 1.018
6.26529 1.0175
6.26429 1.017
6.26329 1.0165
6.26229 1.016
6.26129 1.0155
6.26029 1.015
6.25929 1.0145
6.25829 1.014
6.25729 1.0135
6.25629 1.013
6.25529 1.0125
6.25429 1.012
6.25329 1.0115
6.25229 1.011
6.25129 1.0105
6.25029 1.01
6.24929 1.0095
6.24829 1.009
6.24729 1.0085
6.24629 1.008
6.24529 1.0075
6.24429 1.007
6.24329 1.0065
6.24229 1.006
6.24129 1.0055
6.24029 1.005
6.23929 1.0045
6.23829 1.004
6.23729 1.0035
6.23629 1.003
6.23529 1.0025
6.23429 1.002
6.23329 1.0015
6.23229 1.001
6.23129 1.0005
6.23229 1
