Man
0 0
0 0.0005
0 0.001
0 0.0015
0 0.002
0 0.0025
0 0.003
0 0.0035
0 0.004
0 0.0045
0 0.005
0 0.0055
0 0.006
0 0.0065
0 0.007
0 0.0075
0 0.008
0 0.0085
0 0.009
0 0.0095
0 0.01
0 0.0105
0 0.011
0 0.0115
0 0.012
0 0.0125
0 0.013
0 0.0135
0 0.014
0 0.0145
0 0.015
0 0.0155
0 0.016
0 0.0165
0 0.017
0 0.0175
0 0.018
0 0.0185
0 0.019
0 0.0195
0 0.02
0 0.0205
0 0.021
0 0.0215
0 0.022
0 0.0225
0 0.023
0 0.0235
0 0.024
0 0.0245
0 0.025
0 0.0255
0 0.026
0 0.0265
0 0.027
0 0.0275
0 0.028
0 0.0285
0 0.029
0 0.0295
0 0.03
0 0.0305
0 0.031
0 0.0315
0 0.032
0 0.0325
0 0.033
0 0.0335
0 0.034
0 0.0345
0 0.035
0 0.0355
0 0.036
0 0.0365
0 0.037
0 0.0375
0 0.038
0 0.0385
0 0.039
0 0.0395
0 0.04
0 0.0405
0 0.041
0 0.0415
0 0.042
0 0.0425
0 0.043
0 0.0435
0 0.044
0 0.0445
0 0.045
0 0.0455
0 0.046
0 0.0465
0 0.047
0 0.0475
0 0.048
0 0.0485
0 0.049
0 0.0495
0 0.05
0 0.0505
0 0.051
0 0.0515
0 0.052
0 0.0525
0 0.053
0 0.0535
0 0.054
0 0.0545
0 0.055
0 0.0555
0 0.056
0 0.0565
0 0.057
0 0.0575
0 0.058
0 0.0585
0 0.059
0 0.0595
0 0.06
0 0.0605
0 0.061
0 0.0615
0 0.062
0 0.0625
0 0.063
0 0.0635
0 0.064
0 0.0645
0 0.065
0 0.0655
0 0.066
0 0.0665
0 0.067
0 0.0675
0 0.068
0 0.0685
0 0.069
0 0.0695
0 0.07
0 0.0705
0 0.071
0 0.0715
0 0.072
0 0.0725
0 0.073
0 0.0735
0 0.074
0 0.0745
0 0.075
0 0.0755
0 0.076
0 0.0765
0 0.077
0 0.0775
0 0.078
0 0.0785
0 0.079
0 0.0795
0 0.08
0 0.0805
0 0.081
0 0.0815
0 0.082
0 0.0825
0 0.083
0 0.0835
0 0.084
0 0.0845
0 0.085
0 0.0855
0 0.086
0 0.0865
0 0.087
0 0.0875
0 0.088
0 0.0885
0 0.089
0 0.0895
0 0.09
0 0.0905
-0.00153398 0.091
-0.00460194 0.0915
-0.0107379 0.092
-0.0230097 0.0925
-0.0475534 0.093
-0.0966408 0.0935
-0.194816 0.094
-0.391165 0.0945
-0.48934 0.095
-0.538427 0.0955
-0.562971 0.096
-0.575243 0.0965
-0.581379 0.097
-0.584447 0.0975
-0.585981 0.098
-0.585981 0.0985
-0.585981 0.099
-0.585981 0.0995
-0.586077 0.1
-0.586268 0.1005
-0.586652 0.101
-0.587419 0.1015
-0.588953 0.102
-0.592021 0.1025
-0.598157 0.103
-0.610428 0.1035
-0.616564 0.104
-0.619632 0.1045
-0.621166 0.105
-0.621933 0.1055
-0.622317 0.106
-0.622509 0.1065
-0.622604 0.107
-0.622604 0.1075
-0.622604 0.108
-0.622604 0.1085
-0.622604 0.109
-0.622604 0.1095
-0.622604 0.11
-0.622604 0.1105
-0.622604 0.111
-0.622604 0.1115
-0.622604 0.112
-0.622604 0.1125
-0.622604 0.113
-0.622604 0.1135
-0.622604 0.114
-0.622604 0.1145
-0.622604 0.115
-0.622604 0.1155
-0.622604 0.116
-0.622604 0.1165
-0.622604 0.117
-0.622604 0.1175
-0.622604 0.118
-0.622604 0.1185
-0.622604 0.119
-0.622604 0.1195
-0.622604 0.12
-0.622604 0.1205
-0.622604 0.121
-0.622604 0.1215
-0.622604 0.122
-0.622604 0.1225
-0.622604 0.123
-0.622604 0.1235
-0.622604 0.124
-0.622604 0.1245
-0.622604 0.125
-0.622604 0.1255
-0.622604 0.126
-0.622604 0.1265
-0.622604 0.127
-0.622604 0.1275
-0.622604 0.128
-0.622604 0.1285
-0.622604 0.129
-0.622604 0.1295
-0.622796 0.13
-0.62318 0.1305
-0.623947 0.131
-0.625481 0.1315
-0.62874 0.132
-0.63526 0.1325
-0.648299 0.133
-0.674376 0.1335
-0.689716 0.134
-0.701988 0.1345
-0.717328 0.135
-0.743405 0.1355
-0.756444 0.136
-0.762964 0.1365
-0.766223 0.137
-0.767757 0.1375
-0.768716 0.138
-0.769483 0.1385
-0.770442 0.139
-0.771976 0.1395
-0.775044 0.14
-0.78118 0.1405
-0.793452 0.141
-0.817995 0.1415
-0.830267 0.142
-0.836403 0.1425
-0.839471 0.143
-0.841005 0.1435
-0.841772 0.144
-0.842155 0.1445
-0.842539 0.145
-0.842922 0.1455
-0.843689 0.146
-0.845223 0.1465
-0.848291 0.147
-0.854427 0.1475
-0.866699 0.148
-0.891243 0.1485
-0.903515 0.149
-0.909651 0.1495
-0.912719 0.15
-0.914253 0.1505
-0.91502 0.151
-0.915403 0.1515
-0.915595 0.152
-0.915595 0.1525
-0.915595 0.153
-0.915595 0.1535
-0.915595 0.154
-0.915595 0.1545
-0.915595 0.155
-0.915691 0.1555
-0.915882 0.156
-0.916266 0.1565
-0.917033 0.157
-0.918567 0.1575
-0.921635 0.158
-0.927867 0.1585
-0.94033 0.159
-0.94685 0.1595
-0.950685 0.16
-0.953753 0.1605
-0.957588 0.161
-0.964203 0.1615
-0.976858 0.162
-0.983473 0.1625
-0.987308 0.163
-0.990376 0.1635
-0.994211 0.164
-1.00073 0.1645
-1.01319 0.165
-1.01943 0.1655
-1.02249 0.166
-1.02403 0.1665
-1.0248 0.167
-1.02527 0.1675
-1.02566 0.168
-1.02614 0.1685
-1.0269 0.169
-1.02844 0.1695
-1.03151 0.17
-1.03764 0.1705
-1.04991 0.171
-1.05605 0.1715
-1.05912 0.172
-1.06065 0.1725
-1.06151 0.173
-1.06209 0.1735
-1.06267 0.174
-1.06353 0.1745
-1.06506 0.175
-1.06813 0.1755
-1.07427 0.176
-1.08654 0.1765
-1.09267 0.177
-1.09574 0.1775
-1.09728 0.178
-1.09814 0.1785
-1.09871 0.179
-1.09929 0.1795
-1.10015 0.18
-1.10169 0.1805
-1.10475 0.181
-1.11089 0.1815
-1.12316 0.182
-1.1293 0.1825
-1.13237 0.183
-1.1339 0.1835
-1.13476 0.184
-1.13534 0.1845
-1.13591 0.185
-1.13678 0.1855
-1.13831 0.186
-1.14138 0.1865
-1.14751 0.187
-1.15979 0.1875
-1.16592 0.188
-1.16899 0.1885
-1.17052 0.189
-1.17139 0.1895
-1.17196 0.19
-1.17254 0.1905
-1.1734 0.191
-1.17493 0.1915
-1.178 0.192
-1.18414 0.1925
-1.19641 0.193
-1.20255 0.1935
-1.20561 0.194
-1.20715 0.1945
-1.20801 0.195
-1.20858 0.1955
-1.20915 0.196
-1.21001 0.1965
-1.21152 0.197
-1.21455 0.1975
-1.22062 0.198
-1.23274 0.1985
-1.23881 0.199
-1.24184 0.1995
-1.24335 0.2
-1.24411 0.2005
-1.24449 0.201
-1.24468 0.2015
-1.24478 0.202
-1.24478 0.2025
-1.24478 0.203
-1.24478 0.2035
-1.24478 0.204
-1.24478 0.2045
-1.24478 0.205
-1.24478 0.2055
-1.24478 0.206
-1.24478 0.2065
-1.24478 0.207
-1.24478 0.2075
-1.24478 0.208
-1.24478 0.2085
-1.24478 0.209
-1.24478 0.2095
-1.24478 0.21
-1.24478 0.2105
-1.24478 0.211
-1.24478 0.2115
-1.24478 0.212
-1.24478 0.2125
-1.24478 0.213
-1.24478 0.2135
-1.24478 0.214
-1.24478 0.2145
-1.24478 0.215
-1.24478 0.2155
-1.24478 0.216
-1.24478 0.2165
-1.24478 0.217
-1.24478 0.2175
-1.24478 0.218
-1.24478 0.2185
-1.24478 0.219
-1.24478 0.2195
-1.24478 0.22
-1.24478 0.2205
-1.24478 0.221
-1.24478 0.2215
-1.24478 0.222
-1.24478 0.2225
-1.24478 0.223
-1.24478 0.2235
-1.24478 0.224
-1.24478 0.2245
-1.24478 0.225
-1.24478 0.2255
-1.24478 0.226
-1.24478 0.2265
-1.24478 0.227
-1.24478 0.2275
-1.24478 0.228
-1.24478 0.2285
-1.24478 0.229
-1.24478 0.2295
-1.24478 0.23
-1.24478 0.2305
-1.24478 0.231
-1.24478 0.2315
-1.24478 0.232
-1.24478 0.2325
-1.24478 0.233
-1.24478 0.2335
-1.24478 0.234
-1.24478 0.2345
-1.24478 0.235
-1.24478 0.2355
-1.24478 0.236
-1.24478 0.2365
-1.24478 0.237
-1.24478 0.2375
-1.24478 0.238
-1.24478 0.2385
-1.24478 0.239
-1.24478 0.2395
-1.24478 0.24
-1.24478 0.2405
-1.24478 0.241
-1.24478 0.2415
-1.24478 0.242
-1.24478 0.2425
-1.24478 0.243
-1.24478 0.2435
-1.24478 0.244
-1.24478 0.2445
-1.24478 0.245
-1.24478 0.2455
-1.24478 0.246
-1.24478 0.2465
-1.24478 0.247
-1.24478 0.2475
-1.24478 0.248
-1.24486 0.2485
-1.24503 0.249
-1.24536 0.2495
-1.24603 0.25
-1.24738 0.2515
-1.25006 0.253
-1.25543 0.2545
-1.26617 0.256
-1.27154 0.2575
-1.27422 0.259
-1.27561 0.2605
-1.27638 0.262
-1.2769 0.2635
-1.27746 0.265
-1.27831 0.2665
-1.27984 0.268
-1.28291 0.2695
-1.28904 0.271
-1.29211 0.2725
-1.29365 0.274
-1.29446 0.2755
-1.29494 0.277
-1.29532 0.2785
-1.2958 0.28
-1.29662 0.2815
-1.29815 0.283
-1.30122 0.2845
-1.30736 0.286
-1.31042 0.2875
-1.31196 0.289
-1.31275 0.2905
-1.31318 0.292
-1.31347 0.2935
-1.31376 0.295
-1.31419 0.2965
-1.31495 0.298
-1.31649 0.2995
-1.31956 0.301
-1.32109 0.3025
-1.32186 0.304
-1.32224 0.3055
-1.32243 0.307
-1.32253 0.3085
-1.32258 0.31
-1.3226 0.3115
-1.3226 0.313
-1.3226 0.3145
-1.3226 0.316
-1.3226 0.3175
-1.3226 0.319
-1.3226 0.3205
-1.3226 0.322
-1.3226 0.3235
-1.3226 0.325
-1.3226 0.3265
-1.3226 0.328
-1.3226 0.3295
-1.3226 0.331
-1.3226 0.3325
-1.3226 0.334
-1.3226 0.3355
-1.3226 0.337
-1.3226 0.3385
-1.3226 0.34
-1.3226 0.3415
-1.3226 0.343
-1.3226 0.3445
-1.3226 0.346
-1.3226 0.3475
-1.3226 0.349
-1.3226 0.3505
-1.3226 0.352
-1.3226 0.3535
-1.3226 0.355
-1.3226 0.3565
-1.3226 0.358
-1.3226 0.3595
-1.3226 0.361
-1.3226 0.3625
-1.3226 0.364
-1.3226 0.3655
-1.3226 0.367
-1.3226 0.3685
-1.3226 0.37
-1.3226 0.3715
-1.3226 0.373
-1.3226 0.3745
-1.3226 0.376
-1.3226 0.3775
-1.3226 0.379
-1.3226 0.3805
-1.3226 0.382
-1.3226 0.3835
-1.3226 0.385
-1.3226 0.3865
-1.3226 0.388
-1.3226 0.3895
-1.3226 0.391
-1.3226 0.3925
-1.3226 0.394
-1.3226 0.3955
-1.3226 0.397
-1.3226 0.3985
-1.3226 0.4
-1.3226 0.4015
-1.3226 0.403
-1.3226 0.4045
-1.3226 0.406
-1.3226 0.4075
-1.3226 0.409
-1.3226 0.4105
-1.3226 0.412
-1.3226 0.4135
-1.3226 0.415
-1.3226 0.4165
-1.3226 0.418
-1.3226 0.4195
-1.3226 0.421
-1.3226 0.4225
-1.3226 0.424
-1.3226 0.4255
-1.3226 0.427
-1.3226 0.4285
-1.3226 0.43
-1.3226 0.4315
-1.3226 0.433
-1.3226 0.4345
-1.3226 0.436
-1.3226 0.4375
-1.3226 0.439
-1.3226 0.4405
-1.3226 0.442
-1.3226 0.4435
-1.3226 0.445
-1.3226 0.4465
-1.3226 0.448
-1.3226 0.4495
-1.3226 0.451
-1.3226 0.4525
-1.3226 0.454
-1.3226 0.4555
-1.3226 0.457
-1.3226 0.4585
-1.3226 0.46
-1.3226 0.4615
-1.3226 0.463
-1.3226 0.4645
-1.3226 0.466
-1.3226 0.4675
-1.3226 0.469
-1.3226 0.4705
-1.3226 0.472
-1.3226 0.4735
-1.3226 0.475
-1.3226 0.4765
-1.3226 0.478
-1.3226 0.4795
-1.3226 0.481
-1.3226 0.4825
-1.3226 0.484
-1.3226 0.4855
-1.3226 0.487
-1.3226 0.4885
-1.3226 0.49
-1.3226 0.4915
-1.3226 0.493
-1.3226 0.4945
-1.3226 0.496
-1.3226 0.4975
-1.3226 0.499
-1.3226 0.5005
-1.3226 0.502
-1.3226 0.5035
-1.3226 0.505
-1.3226 0.5065
-1.3226 0.508
-1.3226 0.5095
-1.3226 0.511
-1.3226 0.5125
-1.3226 0.514
-1.3226 0.5155
-1.3226 0.517
-1.3226 0.5185
-1.3226 0.52
-1.3226 0.5215
-1.3226 0.523
-1.3226 0.5245
-1.3226 0.526
-1.3226 0.5275
-1.3226 0.529
-1.3226 0.5305
-1.3226 0.532
-1.3226 0.5335
-1.3226 0.535
-1.3226 0.5365
-1.3226 0.538
-1.3226 0.5395
-1.3226 0.541
-1.3226 0.5425
-1.3226 0.544
-1.3226 0.5455
-1.3226 0.547
-1.3226 0.5485
-1.3226 0.55
-1.3226 0.5515
-1.3226 0.553
-1.3226 0.5545
-1.3226 0.556
-1.3226 0.5575
-1.3226 0.559
-1.3226 0.5605
-1.3226 0.562
-1.3226 0.5635
-1.3226 0.565
-1.3226 0.5665
-1.3226 0.568
-1.3226 0.5695
-1.3226 0.571
-1.3226 0.5725
-1.3226 0.574
-1.3226 0.5755
-1.3226 0.577
-1.3226 0.5785
-1.3226 0.58
-1.3226 0.5815
-1.3226 0.583
-1.3226 0.5845
-1.3226 0.586
-1.3226 0.5875
-1.3226 0.589
-1.3226 0.5905
-1.3226 0.592
-1.3226 0.5935
-1.3226 0.595
-1.3226 0.5965
-1.3226 0.598
-1.3226 0.5995
-1.3226 0.601
-1.3226 0.6025
-1.3226 0.604
-1.3226 0.6055
-1.3226 0.607
-1.3226 0.6085
-1.3226 0.61
-1.3226 0.6115
-1.3226 0.613
-1.3226 0.6145
-1.3226 0.616
-1.3226 0.6175
-1.3226 0.619
-1.3226 0.6205
-1.3226 0.622
-1.3226 0.6235
-1.3226 0.625
-1.3226 0.6265
-1.3226 0.628
-1.3226 0.6295
-1.3226 0.631
-1.3226 0.6325
-1.3226 0.634
-1.3226 0.6355
-1.3226 0.637
-1.3226 0.6385
-1.3226 0.64
-1.3226 0.6415
-1.3226 0.643
-1.3226 0.6445
-1.3226 0.646
-1.3226 0.6475
-1.3226 0.649
-1.3226 0.6505
-1.3226 0.652
-1.3226 0.6535
-1.3226 0.655
-1.3226 0.6565
-1.3226 0.658
-1.3226 0.6595
-1.3226 0.661
-1.3226 0.6625
-1.3226 0.664
-1.3226 0.6655
-1.3226 0.667
-1.3226 0.6685
-1.3226 0.67
-1.3226 0.6715
-1.3226 0.673
-1.3226 0.6745
-1.3226 0.676
-1.3226 0.6775
-1.3226 0.679
-1.3226 0.6805
-1.3226 0.682
-1.3226 0.6835
-1.3226 0.685
-1.3226 0.6865
-1.3226 0.688
-1.3226 0.6895
-1.3226 0.691
-1.3226 0.6925
-1.3226 0.694
-1.3226 0.6955
-1.3226 0.697
-1.3226 0.6985
-1.3226 0.7
-1.3226 0.7015
-1.3226 0.703
-1.3226 0.7045
-1.3226 0.706
-1.3226 0.7075
-1.3226 0.709
-1.3226 0.7105
-1.3226 0.712
-1.3226 0.7135
-1.3226 0.715
-1.3226 0.7165
-1.3226 0.718
-1.3226 0.7195
-1.3226 0.721
-1.3226 0.7225
-1.3226 0.724
-1.3226 0.7255
-1.3226 0.727
-1.3226 0.7285
-1.3226 0.73
-1.3226 0.7315
-1.3226 0.733
-1.3226 0.7345
-1.3226 0.736
-1.3226 0.7375
-1.3226 0.739
-1.3226 0.7405
-1.3226 0.742
-1.3226 0.7435
-1.3226 0.745
-1.3226 0.7465
-1.3226 0.748
-1.3226 0.7495
-1.3226 0.751
-1.3226 0.7525
-1.3226 0.754
-1.3226 0.7555
-1.3226 0.757
-1.3226 0.7585
-1.3226 0.76
-1.3226 0.7615
-1.3226 0.763
-1.3226 0.7645
-1.3226 0.766
-1.3226 0.7675
-1.3226 0.769
-1.3226 0.7705
-1.3226 0.772
-1.3226 0.7735
-1.3226 0.775
-1.3226 0.7765
-1.3226 0.778
-1.3226 0.7795
-1.3226 0.781
-1.3226 0.7825
-1.3226 0.784
-1.3226 0.7855
-1.3226 0.787
-1.3226 0.7885
-1.3226 0.79
-1.3226 0.7915
-1.3226 0.793
-1.3226 0.7945
-1.3226 0.796
-1.3226 0.7975
-1.3226 0.799
-1.3226 0.8005
-1.3226 0.802
-1.3226 0.8035
-1.3226 0.805
-1.3226 0.8065
-1.3226 0.808
-1.3226 0.8095
-1.3226 0.811
-1.3226 0.8125
-1.3226 0.814
-1.3226 0.8155
-1.3226 0.817
-1.3226 0.8185
-1.3226 0.82
-1.3226 0.8215
-1.3226 0.823
-1.3226 0.8245
-1.3226 0.826
-1.3226 0.8275
-1.3226 0.829
-1.3226 0.8305
-1.3226 0.832
-1.3226 0.8335
-1.3226 0.835
-1.3226 0.8365
-1.3226 0.838
-1.3226 0.8395
-1.3226 0.841
-1.3226 0.8425
-1.3226 0.844
-1.3226 0.8455
-1.3226 0.847
-1.3226 0.8485
-1.3226 0.85
-1.3226 0.8515
-1.3226 0.853
-1.3226 0.8545
-1.3226 0.856
-1.3226 0.8575
-1.3226 0.859
-1.3226 0.8605
-1.3226 0.862
-1.3226 0.8635
-1.3226 0.865
-1.3226 0.8665
-1.3226 0.868
-1.3226 0.8695
-1.3226 0.871
-1.3226 0.8725
-1.3226 0.874
-1.3226 0.8755
-1.3226 0.877
-1.3226 0.8785
-1.3226 0.88
-1.3226 0.8815
-1.3226 0.883
-1.3226 0.8845
-1.3226 0.886
-1.3226 0.8875
-1.3226 0.889
-1.3226 0.8905
-1.3226 0.892
-1.3226 0.8935
-1.3226 0.895
-1.3226 0.8965
-1.3226 0.898
-1.3226 0.8995
-1.3226 0.901
-1.3226 0.9025
-1.3226 0.904
-1.3226 0.9055
-1.3226 0.907
-1.3226 0.9085
-1.3226 0.91
-1.3226 0.9115
-1.3226 0.913
-1.3226 0.9145
-1.3226 0.916
-1.3226 0.9175
-1.3226 0.919
-1.3226 0.9205
-1.3226 0.922
-1.3226 0.9235
-1.3226 0.925
-1.3226 0.9265
-1.3226 0.928
-1.3226 0.9295
-1.3226 0.931
-1.3226 0.9325
-1.3226 0.934
-1.3226 0.9355
-1.3226 0.937
-1.3226 0.9385
-1.3226 0.94
-1.3226 0.9415
-1.3226 0.943
-1.3226 0.9445
-1.3226 0.946
-1.3226 0.9475
-1.3226 0.949
-1.3226 0.9505
-1.3226 0.952
-1.3226 0.9535
-1.3226 0.955
-1.3226 0.9565
-1.3226 0.958
-1.3226 0.9595
-1.3226 0.961
-1.3226 0.9625
-1.3226 0.964
-1.3226 0.9655
-1.3226 0.967
-1.3226 0.9685
-1.3226 0.97
-1.3226 0.9715
-1.3226 0.973
-1.3226 0.9745
-1.3226 0.976
-1.3226 0.9775
-1.3226 0.979
-1.3226 0.9805
-1.3226 0.982
-1.3226 0.9835
-1.3226 0.985
-1.3226 0.9865
-1.32263 0.988
-1.32266 0.9895
-1.32272 0.991
-1.32285 0.9925
-1.3231 0.994
-1.3236 0.9955
-1.3246 0.997
-1.3266 0.9985
-1.3255 1


Shark
3.14159 1.5
3.13959 1.4995
3.13759 1.499
3.13559 1.4985
3.13359 1.498
3.13159 1.4975
3.12959 1.497
3.12759 1.4965
3.12559 1.496
3.12359 1.4955
3.12159 1.495
3.11959 1.4945
3.11759 1.494
3.11559 1.4935
3.11359 1.493
3.11159 1.4925
3.10959 1.492
3.10759 1.4915
3.10559 1.491
3.10359 1.4905
3.10159 1.49
3.09959 1.4895
3.09759 1.489
3.09559 1.4885
3.09359 1.488
3.09159 1.4875
3.08959 1.487
3.08759 1.4865
3.08559 1.486
3.08359 1.4855
3.08159 1.485
3.07959 1.4845
3.07759 1.484
3.07559 1.4835
3.07359 1.483
3.07159 1.4825
3.06959 1.482
3.06759 1.4815
3.06559 1.481
3.06359 1.4805
3.06159 1.48
3.05959 1.4795
3.05759 1.479
3.05559 1.4785
3.05359 1.478
3.05159 1.4775
3.04959 1.477
3.04759 1.4765
3.04559 1.476
3.04359 1.4755
3.04159 1.475
3.03959 1.4745
3.03759 1.474
3.03559 1.4735
3.03359 1.473
3.03159 1.4725
3.02959 1.472
3.02759 1.4715
3.02559 1.471
3.02359 1.4705
3.02159 1.47
3.01959 1.4695
3.01759 1.469
3.01559 1.4685
3.01359 1.468
3.01159 1.4675
3.00959 1.467
3.00759 1.4665
3.00559 1.466
3.00359 1.4655
3.00159 1.465
2.99959 1.4645
2.99759 1.464
2.99559 1.4635
2.99359 1.463
2.99159 1.4625
2.98959 1.462
2.98759 1.4615
2.98559 1.461
2.98359 1.4605
2.98159 1.46
2.97959 1.4595
2.97759 1.459
2.97559 1.4585
2.97359 1.458
2.97159 1.4575
2.96959 1.457
2.96759 1.4565
2.96559 1.456
2.96359 1.4555
2.96159 1.455
2.95959 1.4545
2.95759 1.454
2.95559 1.4535
2.95359 1.453
2.95159 1.4525
2.94959 1.452
2.94759 1.4515
2.94559 1.451
2.94359 1.4505
2.94159 1.45
2.93959 1.4495
2.93759 1.449
2.93559 1.4485
2.93359 1.448
2.93159 1.4475
2.92959 1.447
2.92759 1.4465
2.92559 1.446
2.92359 1.4455
2.92159 1.445
2.91959 1.4445
2.91759 1.444
2.91559 1.4435
2.91359 1.443
2.91159 1.4425
2.90959 1.442
2.90759 1.4415
2.90559 1.441
2.90359 1.4405
2.90159 1.44
2.89959 1.4395
2.89759 1.439
2.89559 1.4385
2.89359 1.438
2.89159 1.4375
2.88959 1.437
2.88759 1.4365
2.88559 1.436
2.88359 1.4355
2.88159 1.435
2.87959 1.4345
2.87759 1.434
2.87559 1.4335
2.87359 1.433
2.87159 1.4325
2.86959 1.432
2.86759 1.4315
2.86559 1.431
2.86359 1.4305
2.86159 1.43
2.85959 1.4295
2.85759 1.429
2.85559 1.4285
2.85359 1.428
2.85159 1.4275
2.84959 1.427
2.84759 1.4265
2.84559 1.426
2.84359 1.4255
2.84159 1.425
2.83959 1.4245
2.83759 1.424
2.83559 1.4235
2.83359 1.423
2.83159 1.4225
2.82959 1.422
2.82759 1.4215
2.82559 1.421
2.82359 1.4205
2.82159 1.42
2.81959 1.4195
2.81759 1.419
2.81559 1.4185
2.81359 1.418
2.81159 1.4175
2.80959 1.417
2.80759 1.4165
2.80559 1.416
2.80359 1.4155
2.80159 1.415
2.79959 1.4145
2.79759 1.414
2.79559 1.4135
2.79359 1.413
2.79159 1.4125
2.78959 1.412
2.78759 1.4115
2.78559 1.411
2.78359 1.4105
2.78159 1.41
2.77959 1.4095
2.77752 1.409
2.77522 1.4085
2.77221 1.408
2.76726 1.4075
2.75794 1.407
2.73952 1.4065
2.70267 1.406
2.62874 1.4055
2.59149 1.405
2.57268 1.4045
2.56307 1.404
2.55794 1.4035
2.55484 1.403
2.55251 1.4025
2.55042 1.402
2.54842 1.4015
2.54642 1.401
2.54442 1.4005
2.54242 1.4
2.54042 1.3995
2.53841 1.399
2.53639 1.3985
2.53429 1.398
2.53193 1.3975
2.52871 1.397
2.52326 1.3965
2.52003 1.396
2.51765 1.3955
2.51555 1.395
2.51353 1.3945
2.51152 1.394
2.50952 1.3935
2.50752 1.393
2.50552 1.3925
2.50352 1.392
2.50152 1.3915
2.49952 1.391
2.49752 1.3905
2.49552 1.39
2.49352 1.3895
2.49152 1.389
2.48952 1.3885
2.48752 1.388
2.48552 1.3875
2.48352 1.387
2.48152 1.3865
2.47952 1.386
2.47752 1.3855
2.47552 1.385
2.47352 1.3845
2.47152 1.384
2.46952 1.3835
2.46752 1.383
2.46552 1.3825
2.46352 1.382
2.46152 1.3815
2.45952 1.381
2.45752 1.3805
2.45552 1.38
2.45352 1.3795
2.45152 1.379
2.44952 1.3785
2.44752 1.378
2.44552 1.3775
2.44352 1.377
2.44152 1.3765
2.43952 1.376
2.43752 1.3755
2.43552 1.375
2.43352 1.3745
2.43152 1.374
2.42952 1.3735
2.42752 1.373
2.42552 1.3725
2.42352 1.372
2.42152 1.3715
2.41952 1.371
2.41752 1.3705
2.41552 1.37
2.41351 1.3695
2.41147 1.369
2.40931 1.3685
2.40667 1.368
2.40269 1.3675
2.39548 1.367
2.38144 1.3665
2.37299 1.366
2.3661 1.3655
2.3576 1.365
2.34335 1.3645
2.33599 1.364
2.33191 1.3635
2.32923 1.363
2.32706 1.3625
2.325 1.362
2.32295 1.3615
2.32088 1.361
2.31871 1.3605
2.31607 1.36
2.31209 1.3595
2.3049 1.359
2.29089 1.3585
2.28365 1.358
2.27963 1.3575
2.27697 1.357
2.27478 1.3565
2.27273 1.356
2.27072 1.3555
2.26871 1.355
2.2667 1.3545
2.26465 1.354
2.26246 1.3535
2.25976 1.353
2.25563 1.3525
2.24811 1.352
2.23342 1.3515
2.22585 1.351
2.22168 1.3505
2.21896 1.35
2.21676 1.3495
2.2147 1.349
2.21269 1.3485
2.21069 1.348
2.20869 1.3475
2.20669 1.347
2.20469 1.3465
2.20269 1.346
2.20069 1.3455
2.19869 1.345
2.19669 1.3445
2.19468 1.344
2.19267 1.3435
2.19061 1.343
2.18839 1.3425
2.18561 1.342
2.18118 1.3415
2.17302 1.341
2.16841 1.3405
2.16525 1.34
2.16244 1.3395
2.15927 1.339
2.15456 1.3385
2.14613 1.338
2.14139 1.3375
2.13819 1.337
2.13536 1.3365
2.13215 1.336
2.12742 1.3355
2.11897 1.335
2.11439 1.3345
2.11154 1.334
2.10929 1.3335
2.10723 1.333
2.1052 1.3325
2.10319 1.332
2.10116 1.3315
2.0991 1.331
2.09684 1.3305
2.09395 1.33
2.08932 1.3295
2.0807 1.329
2.07605 1.3285
2.07314 1.328
2.07088 1.3275
2.0688 1.327
2.06676 1.3265
2.06472 1.326
2.06263 1.3255
2.06036 1.325
2.05742 1.3245
2.05267 1.324
2.04379 1.3235
2.03901 1.323
2.03606 1.3225
2.03378 1.322
2.03169 1.3215
2.02964 1.321
2.0276 1.3205
2.02551 1.32
2.02322 1.3195
2.02024 1.319
2.01536 1.3185
2.00621 1.318
2.00131 1.3175
1.99831 1.317
1.99602 1.3165
1.99392 1.316
1.99187 1.3155
1.98983 1.315
1.98773 1.3145
1.98543 1.314
1.98239 1.3135
1.97739 1.313
1.96798 1.3125
1.96296 1.312
1.9599 1.3115
1.95759 1.311
1.95549 1.3105
1.95344 1.31
1.95139 1.3095
1.94929 1.309
1.94697 1.3085
1.94388 1.308
1.93876 1.3075
1.92909 1.307
1.92394 1.3065
1.92083 1.306
1.9185 1.3055
1.91639 1.305
1.91434 1.3045
1.91229 1.304
1.91018 1.3035
1.90786 1.303
1.90474 1.3025
1.89954 1.302
1.88972 1.3015
1.8845 1.301
1.88136 1.3005
1.87903 1.3
1.87694 1.2995
1.87491 1.299
1.87291 1.2985
1.87091 1.298
1.86891 1.2975
1.86691 1.297
1.86491 1.2965
1.86291 1.296
1.86091 1.2955
1.85891 1.295
1.85691 1.2945
1.85491 1.294
1.85291 1.2935
1.85091 1.293
1.84891 1.2925
1.84691 1.292
1.84491 1.2915
1.84291 1.291
1.84091 1.2905
1.83891 1.29
1.83691 1.2895
1.83491 1.289
1.83291 1.2885
1.83091 1.288
1.82891 1.2875
1.82691 1.287
1.82491 1.2865
1.82291 1.286
1.82091 1.2855
1.81891 1.285
1.81691 1.2845
1.81491 1.284
1.81291 1.2835
1.81091 1.283
1.80891 1.2825
1.80691 1.282
1.80491 1.2815
1.80291 1.281
1.80091 1.2805
1.79891 1.28
1.79691 1.2795
1.79491 1.279
1.79291 1.2785
1.79091 1.278
1.78891 1.2775
1.78691 1.277
1.78491 1.2765
1.78291 1.276
1.78091 1.2755
1.77891 1.275
1.77691 1.2745
1.77491 1.274
1.77291 1.2735
1.77091 1.273
1.76891 1.2725
1.76691 1.272
1.76491 1.2715
1.76291 1.271
1.76091 1.2705
1.75891 1.27
1.75691 1.2695
1.75491 1.269
1.75291 1.2685
1.75091 1.268
1.74891 1.2675
1.74691 1.267
1.74491 1.2665
1.74291 1.266
1.74091 1.2655
1.73891 1.265
1.73691 1.2645
1.73491 1.264
1.73291 1.2635
1.73091 1.263
1.72891 1.2625
1.72691 1.262
1.72491 1.2615
1.72291 1.261
1.72091 1.2605
1.71891 1.26
1.71691 1.2595
1.71491 1.259
1.71291 1.2585
1.71091 1.258
1.70891 1.2575
1.70691 1.257
1.70491 1.2565
1.70291 1.256
1.70091 1.2555
1.69891 1.255
1.69691 1.2545
1.69491 1.254
1.69291 1.2535
1.69091 1.253
1.68891 1.2525
1.68691 1.252
1.6849 1.2515
1.6829 1.251
1.68087 1.2505
1.67876 1.25
1.67261 1.2495
1.66603 1.249
1.65792 1.2485
1.64542 1.248
1.63728 1.2475
1.63067 1.247
1.62449 1.2465
1.61844 1.246
1.61242 1.2455
1.60639 1.245
1.60032 1.2445
1.5941 1.244
1.58725 1.2435
1.57831 1.243
1.57144 1.2425
1.56521 1.242
1.55915 1.2415
1.55313 1.241
1.54711 1.2405
1.54109 1.24
1.53502 1.2395
1.52877 1.239
1.52183 1.2385
1.51261 1.238
1.50566 1.2375
1.4994 1.237
1.49333 1.2365
1.48731 1.236
1.4813 1.2355
1.47529 1.235
1.46927 1.2345
1.4632 1.234
1.45693 1.2335
1.44989 1.233
1.44361 1.2325
1.43754 1.232
1.43152 1.2315
1.42551 1.231
1.41951 1.2305
1.41351 1.23
1.40751 1.2295
1.40151 1.229
1.39551 1.2285
1.38951 1.228
1.38351 1.2275
1.37751 1.227
1.37151 1.2265
1.36551 1.226
1.35951 1.2255
1.35351 1.225
1.34751 1.2245
1.34151 1.224
1.33551 1.2235
1.32951 1.223
1.32351 1.2225
1.31751 1.222
1.31151 1.2215
1.30551 1.221
1.29951 1.2205
1.29351 1.22
1.28751 1.2195
1.28151 1.219
1.27551 1.2185
1.26951 1.218
1.26351 1.2175
1.25751 1.217
1.25151 1.2165
1.24551 1.216
1.23951 1.2155
1.23351 1.215
1.22751 1.2145
1.22151 1.214
1.21551 1.2135
1.20951 1.213
1.20351 1.2125
1.19751 1.212
1.19151 1.2115
1.18551 1.211
1.17951 1.2105
1.17351 1.21
1.16751 1.2095
1.16151 1.209
1.15551 1.2085
1.14951 1.208
1.14351 1.2075
1.13751 1.207
1.13151 1.2065
1.12551 1.206
1.11951 1.2055
1.11351 1.205
1.10751 1.2045
1.10151 1.204
1.09551 1.2035
1.08951 1.203
1.08351 1.2025
1.07751 1.202
1.07151 1.2015
1.06551 1.201
1.05951 1.2005
1.05351 1.2
1.04751 1.1995
1.04151 1.199
1.03551 1.1985
1.02951 1.198
1.02351 1.1975
1.01751 1.197
1.01151 1.1965
1.00551 1.196
0.999513 1.1955
0.993513 1.195
0.987513 1.1945
0.981513 1.194
0.975513 1.1935
0.969513 1.193
0.963513 1.1925
0.957513 1.192
0.951513 1.1915
0.945513 1.191
0.939513 1.1905
0.933513 1.19
0.927513 1.1895
0.921513 1.189
0.915513 1.1885
0.909513 1.188
0.903513 1.1875
0.897513 1.187
0.891513 1.1865
0.885513 1.186
0.879513 1.1855
0.873513 1.185
0.867513 1.1845
0.861513 1.184
0.855513 1.1835
0.849513 1.183
0.843513 1.1825
0.837513 1.182
0.831513 1.1815
0.825513 1.181
0.819513 1.1805
0.813513 1.18
0.807513 1.1795
0.801513 1.179
0.795513 1.1785
0.789513 1.178
0.783513 1.1775
0.777513 1.177
0.771513 1.1765
0.765513 1.176
0.759513 1.1755
0.753513 1.175
0.747513 1.1745
0.741513 1.174
0.735513 1.1735
0.729513 1.173
0.723513 1.1725
0.717513 1.172
0.711513 1.1715
0.705513 1.171
0.699513 1.1705
0.693513 1.17
0.687513 1.1695
0.681513 1.169
0.675513 1.1685
0.669513 1.168
0.663513 1.1675
0.657513 1.167
0.651513 1.1665
0.645513 1.166
0.639513 1.1655
0.633513 1.165
0.627513 1.1645
0.621513 1.164
0.615513 1.1635
0.609513 1.163
0.603513 1.1625
0.597513 1.162
0.591513 1.1615
0.585513 1.161
0.579513 1.1605
0.573513 1.16
0.567513 1.1595
0.561513 1.159
0.555513 1.1585
0.549513 1.158
0.543513 1.1575
0.537513 1.157
0.531513 1.1565
0.525513 1.156
0.519513 1.1555
0.513513 1.155
0.507513 1.1545
0.501513 1.154
0.495513 1.1535
0.489513 1.153
0.483513 1.1525
0.477513 1.152
0.471513 1.1515
0.465513 1.151
0.459513 1.1505
0.453513 1.15
0.447513 1.1495
0.441513 1.149
0.435513 1.1485
0.429513 1.148
0.423513 1.1475
0.417513 1.147
0.411513 1.1465
0.405513 1.146
0.399513 1.1455
0.393513 1.145
0.387513 1.1445
0.381513 1.144
0.375513 1.1435
0.369513 1.143
0.363513 1.1425
0.357513 1.142
0.351513 1.1415
0.345513 1.141
0.339513 1.1405
0.333513 1.14
0.327513 1.1395
0.321513 1.139
0.315513 1.1385
0.309513 1.138
0.303513 1.1375
0.297513 1.137
0.291513 1.1365
0.285513 1.136
0.279513 1.1355
0.273513 1.135
0.267513 1.1345
0.261513 1.134
0.255513 1.1335
0.249513 1.133
0.243513 1.1325
0.237513 1.132
0.231513 1.1315
0.225513 1.131
0.219513 1.1305
0.213513 1.13
0.207513 1.1295
0.201513 1.129
0.195513 1.1285
0.189513 1.128
0.183513 1.1275
0.177513 1.127
0.171513 1.1265
0.165513 1.126
0.159513 1.1255
0.153513 1.125
0.147513 1.1245
0.141513 1.124
0.135513 1.1235
0.129513 1.123
0.123513 1.1225
0.117513 1.122
0.111513 1.1215
0.105513 1.121
0.099513 1.1205
0.093513 1.12
0.087513 1.1195
0.081513 1.119
0.075513 1.1185
0.069513 1.118
0.063513 1.1175
0.057513 1.117
0.051513 1.1165
0.045513 1.116
0.039513 1.1155
0.033513 1.115
0.027513 1.1145
0.021513 1.114
0.015513 1.1135
0.00951303 1.113
0.00351303 1.1125
-0.00248697 1.112
-0.00848697 1.1115
-0.014487 1.111
-0.020487 1.1105
-0.026487 1.11
-0.032487 1.1095
-0.038487 1.109
-0.044487 1.1085
-0.050487 1.108
-0.056487 1.1075
-0.062487 1.107
-0.068487 1.1065
-0.074487 1.106
-0.080487 1.1055
-0.086487 1.105
-0.092487 1.1045
-0.098487 1.104
-0.104487 1.1035
-0.110487 1.103
-0.116487 1.1025
-0.122487 1.102
-0.128487 1.1015
-0.134487 1.101
-0.140487 1.1005
-0.146487 1.1
-0.152487 1.0995
-0.158487 1.099
-0.164487 1.0985
-0.170487 1.098
-0.176487 1.0975
-0.182487 1.097
-0.188487 1.0965
-0.194487 1.096
-0.200487 1.0955
-0.206487 1.095
-0.212487 1.0945
-0.218487 1.094
-0.224487 1.0935
-0.230487 1.093
-0.236487 1.0925
-0.242487 1.092
-0.248487 1.0915
-0.254487 1.091
-0.260487 1.0905
-0.266487 1.09
-0.272487 1.0895
-0.278487 1.089
-0.284487 1.0885
-0.290487 1.088
-0.296487 1.0875
-0.302487 1.087
-0.308487 1.0865
-0.314487 1.086
-0.320487 1.0855
-0.326487 1.085
-0.332487 1.0845
-0.338487 1.084
-0.344487 1.0835
-0.350487 1.083
-0.356487 1.0825
-0.362487 1.082
-0.368487 1.0815
-0.374487 1.081
-0.380487 1.0805
-0.386487 1.08
-0.392487 1.0795
-0.398487 1.079
-0.404487 1.0785
-0.410487 1.078
-0.416487 1.0775
-0.422487 1.077
-0.428487 1.0765
-0.434487 1.076
-0.440487 1.0755
-0.446487 1.075
-0.452487 1.0745
-0.458487 1.074
-0.464487 1.0735
-0.470487 1.073
-0.476487 1.0725
-0.482487 1.072
-0.488487 1.0715
-0.494487 1.071
-0.500487 1.0705
-0.506487 1.07
-0.512487 1.0695
-0.518487 1.069
-0.524487 1.0685
-0.530487 1.068
-0.536487 1.0675
-0.542487 1.067
-0.548487 1.0665
-0.554487 1.066
-0.560487 1.0655
-0.566487 1.065
-0.572487 1.0645
-0.578487 1.064
-0.584487 1.0635
-0.590487 1.063
-0.596487 1.0625
-0.602487 1.062
-0.608487 1.0615
-0.614487 1.061
-0.620487 1.0605
-0.626487 1.06
-0.632487 1.0595
-0.638487 1.059
-0.644487 1.0585
-0.650487 1.058
-0.656487 1.0575
-0.662487 1.057
-0.668487 1.0565
-0.674487 1.056
-0.680487 1.0555
-0.686487 1.055
-0.692487 1.0545
-0.698487 1.054
-0.704487 1.0535
-0.710487 1.053
-0.716487 1.0525
-0.722487 1.052
-0.728487 1.0515
-0.734487 1.051
-0.740487 1.0505
-0.746487 1.05
-0.752487 1.0495
-0.758487 1.049
-0.764487 1.0485
-0.770487 1.048
-0.776487 1.0475
-0.782487 1.047
-0.788487 1.0465
-0.794487 1.046
-0.800487 1.0455
-0.806487 1.045
-0.812487 1.0445
-0.818487 1.044
-0.824487 1.0435
-0.830487 1.043
-0.836487 1.0425
-0.842487 1.042
-0.848487 1.0415
-0.854487 1.041
-0.860487 1.0405
-0.866487 1.04
-0.872487 1.0395
-0.878487 1.039
-0.884487 1.0385
-0.890487 1.038
-0.896487 1.0375
-0.902487 1.037
-0.908487 1.0365
-0.914487 1.036
-0.920487 1.0355
-0.926487 1.035
-0.932487 1.0345
-0.938487 1.034
-0.944487 1.0335
-0.950487 1.033
-0.956487 1.0325
-0.962487 1.032
-0.968487 1.0315
-0.974487 1.031
-0.980487 1.0305
-0.986487 1.03
-0.992487 1.0295
-0.998487 1.029
-1.00449 1.0285
-1.01049 1.028
-1.01649 1.0275
-1.02249 1.027
-1.02849 1.0265
-1.03449 1.026
-1.04049 1.0255
-1.04649 1.025
-1.05249 1.0245
-1.05849 1.024
-1.06449 1.0235
-1.07049 1.023
-1.07649 1.0225
-1.08249 1.022
-1.08849 1.0215
-1.09449 1.021
-1.10049 1.0205
-1.10649 1.02
-1.11249 1.0195
-1.11849 1.019
-1.12449 1.0185
-1.13049 1.018
-1.13649 1.0175
-1.14249 1.017
-1.14849 1.0165
-1.15449 1.016
-1.16049 1.0155
-1.16649 1.015
-1.17249 1.0145
-1.17849 1.014
-1.18449 1.0135
-1.19049 1.013
-1.19649 1.0125
-1.20249 1.012
-1.20849 1.0115
-1.21449 1.011
-1.22049 1.0105
-1.22649 1.01
-1.23249 1.0095
-1.23849 1.009
-1.24449 1.0085
-1.25049 1.008
-1.25649 1.0075
-1.26249 1.007
-1.26849 1.0065
-1.27449 1.006
-1.28049 1.0055
-1.28649 1.005
-1.29249 1.0045
-1.29849 1.004
-1.30449 1.0035
-1.31049 1.003
-1.31651 1.0025
-1.3226 1.002
-1.3236 1.0015
-1.3246 1.001
-1.3266 1.0005
-1.3255 1
