Man
0 0
0 0.001
0 0.002
0 0.003
0 0.004
0 0.005
0 0.006
0 0.007
0 0.008
0 0.009
0 0.01
0 0.011
0 0.012
0 0.013
0 0.014
0 0.015
0 0.016
0 0.017
0 0.018
0 0.019
0 0.02
0 0.021
0 0.022
0 0.023
0 0.024
0 0.025
0 0.026
0 0.027
0 0.028
0 0.029
0 0.03
0 0.031
0 0.032
0 0.033
0 0.034
0 0.035
0 0.036
0 0.037
0 0.038
0 0.039
0 0.04
0 0.041
0 0.042
0 0.043
0 0.044
0 0.045
0 0.046
0 0.047
0 0.048
0 0.049
0 0.05
0 0.051
0 0.052
0 0.053
0 0.054
0 0.055
0 0.056
0 0.057
0 0.058
0 0.059
0 0.06
0 0.061
0 0.062
0 0.063
0 0.064
0 0.065
0 0.066
0 0.067
0 0.068
0 0.069
0 0.07
0 0.071
0 0.072
0 0.073
0 0.074
0 0.075
0 0.076
0 0.077
0 0.078
0 0.079
0.392699 0.08
0.392699 0.081
0.392699 0.082
0.392699 0.083
0.392699 0.084
0.392699 0.085
0.392699 0.086
0.392699 0.087
0.392699 0.088
0.589049 0.089
0.589049 0.09
0.589049 0.091
0.687223 0.092
0.687223 0.093
0.687223 0.094
0.687223 0.095
0.687223 0.096
0.687223 0.097
0.687223 0.098
0.687223 0.099
0.687223 0.1
0.687223 0.101
0.687223 0.102
0.687223 0.103
0.589049 0.104
0.539961 0.105
0.539961 0.106
0.539961 0.107
0.539961 0.108
0.539961 0.109
0.490874 0.11
0.490874 0.111
0.490874 0.112
0.490874 0.113
0.490874 0.114
0.441786 0.115
0.454058 0.116
0.46633 0.117
0.46633 0.118
0.46633 0.119
0.478602 0.12
0.490874 0.121
0.503146 0.122
0.503146 0.123
0.515418 0.124
0.527689 0.125
0.539961 0.126
0.552233 0.127
0.564505 0.128
0.576777 0.129
0.576777 0.13
0.564505 0.131
0.552233 0.132
0.552233 0.133
0.563802 0.134
0.576074 0.135
0.576074 0.136
0.563802 0.137
0.55153 0.138
0.55153 0.139
0.539625 0.14
0.52812 0.141
0.52812 0.142
0.52812 0.143
0.52812 0.144
0.52812 0.145
0.52812 0.146
0.52812 0.147
0.52812 0.148
0.52812 0.149
0.52812 0.15
0.52812 0.151
0.52812 0.152
0.52812 0.153
0.52812 0.154
0.52812 0.155
0.52812 0.156
0.52812 0.157
0.52812 0.158
0.52812 0.159
0.52812 0.16
0.52812 0.161
0.52812 0.162
0.52812 0.163
0.52812 0.164
0.52812 0.165
0.52812 0.166
0.52812 0.167
0.52812 0.168
0.52812 0.169
0.52812 0.17
0.52812 0.171
0.52812 0.172
0.52812 0.173
0.52812 0.174
0.52812 0.175
0.52812 0.176
0.52812 0.177
0.52812 0.178
0.52812 0.179
0.52812 0.18
0.52812 0.181
0.52812 0.182
0.52812 0.183
0.52812 0.184
0.52812 0.185
0.52812 0.186
0.52812 0.187
0.52812 0.188
0.52812 0.189
0.52812 0.19
0.52812 0.191
0.52812 0.192
0.52812 0.193
0.52812 0.194
0.52812 0.195
0.52812 0.196
0.52812 0.197
0.52812 0.198
0.52812 0.199
0.52812 0.2
0.52812 0.201
0.52812 0.202
0.52812 0.203
0.52812 0.204
0.52812 0.205
0.52812 0.206
0.52812 0.207
0.52812 0.208
0.52812 0.209
0.52812 0.21
0.52812 0.211
0.52812 0.212
0.52812 0.213
0.52812 0.214
0.52812 0.215
0.52812 0.216
0.52812 0.217
0.52812 0.218
0.52812 0.219
0.52812 0.22
0.52812 0.221
0.52812 0.222
0.52812 0.223
0.52812 0.224
0.52812 0.225
0.52812 0.226
0.52812 0.227
0.52812 0.228
0.52812 0.229
0.52812 0.23
0.52812 0.231
0.52812 0.232
0.52812 0.233
0.52812 0.234
0.52812 0.235
0.52812 0.236
0.52812 0.237
0.52812 0.238
0.52812 0.239
0.52812 0.24
0.52812 0.241
0.52812 0.242
0.52812 0.243
0.52812 0.244
0.52812 0.245
0.52812 0.246
0.52812 0.247
0.52812 0.248
0.52812 0.249
0.52812 0.25
0.52812 0.251
0.52812 0.252
0.52812 0.253
0.52812 0.254
0.52812 0.255
0.52812 0.256
0.52812 0.257
0.52812 0.258
0.52812 0.259
0.52812 0.26
0.52812 0.261
0.52812 0.262
0.52812 0.263
0.52812 0.264
0.52812 0.265
0.52812 0.266
0.52812 0.267
0.52812 0.268
0.52812 0.269
0.52812 0.27
0.52812 0.271
0.52812 0.272
0.52812 0.273
0.52812 0.274
0.52812 0.275
0.52812 0.276
0.52812 0.277
0.52812 0.278
0.52812 0.279
0.52812 0.28
0.52812 0.281
0.52812 0.282
0.52812 0.283
0.52812 0.284
0.52812 0.285
0.52812 0.286
0.52812 0.287
0.52812 0.288
0.52812 0.289
0.52812 0.29
0.52812 0.291
0.52812 0.292
0.52812 0.293
0.52812 0.294
0.52812 0.295
0.52812 0.296
0.52812 0.297
0.52812 0.298
0.52812 0.299
0.52812 0.3
0.52812 0.301
0.52812 0.302
0.52812 0.303
0.52812 0.304
0.52812 0.305
0.52812 0.306
0.52812 0.307
0.52812 0.308
0.52812 0.309
0.52812 0.31
0.52812 0.311
0.52812 0.312
0.52812 0.313
0.52812 0.314
0.52812 0.315
0.52812 0.316
0.52812 0.317
0.52812 0.318
0.52812 0.319
0.52812 0.32
0.52812 0.321
0.52812 0.322
0.52812 0.323
0.52812 0.324
0.52812 0.325
0.52812 0.326
0.52812 0.327
0.52812 0.328
0.52812 0.329
0.52812 0.33
0.52812 0.331
0.52812 0.332
0.52812 0.333
0.52812 0.334
0.52812 0.335
0.52812 0.336
0.52812 0.337
0.52812 0.338
0.52812 0.339
0.52812 0.34
0.52812 0.341
0.52812 0.342
0.52812 0.343
0.52812 0.344
0.52812 0.345
0.52812 0.346
0.52812 0.347
0.52812 0.348
0.52812 0.349
0.52812 0.35
0.52812 0.351
0.52812 0.352
0.52812 0.353
0.52812 0.354
0.52812 0.355
0.52812 0.356
0.52812 0.357
0.52812 0.358
0.52812 0.359
0.52812 0.36
0.52812 0.361
0.52812 0.362
0.52812 0.363
0.52812 0.364
0.52812 0.365
0.52812 0.366
0.52812 0.367
0.52812 0.368
0.52812 0.369
0.52812 0.37
0.52812 0.371
0.52812 0.372
0.52812 0.373
0.52812 0.374
0.52812 0.375
0.52812 0.376
0.52812 0.377
0.52812 0.378
0.52812 0.379
0.52812 0.38
0.52812 0.381
0.52812 0.382
0.52812 0.383
0.52812 0.384
0.52812 0.385
0.52812 0.386
0.52812 0.387
0.52812 0.388
0.52812 0.389
0.52812 0.39
0.52812 0.391
0.52812 0.392
0.52812 0.393
0.52812 0.394
0.52812 0.395
0.52812 0.396
0.52812 0.397
0.52812 0.398
0.52812 0.399
0.52812 0.4
0.52812 0.401
0.52812 0.402
0.52812 0.403
0.52812 0.404
0.52812 0.405
0.52812 0.406
0.52812 0.407
0.52812 0.408
0.52812 0.409
0.52812 0.41
0.52812 0.411
0.52812 0.412
0.52812 0.413
0.52812 0.414
0.52812 0.415
0.52812 0.416
0.52812 0.417
0.52812 0.418
0.52812 0.419
0.52812 0.42
0.52812 0.421
0.52812 0.422
0.52812 0.423
0.52812 0.424
0.52812 0.425
0.52812 0.426
0.52812 0.427
0.52812 0.428
0.52812 0.429
0.52812 0.43
0.52812 0.431
0.52812 0.432
0.52812 0.433
0.52812 0.434
0.52812 0.435
0.52812 0.436
0.52812 0.437
0.52812 0.438
0.52812 0.439
0.52812 0.44
0.52812 0.441
0.52812 0.442
0.52812 0.443
0.52812 0.444
0.52812 0.445
0.52812 0.446
0.52812 0.447
0.52812 0.448
0.52812 0.449
0.52812 0.45
0.52812 0.451
0.52812 0.452
0.52812 0.453
0.52812 0.454
0.52812 0.455
0.52812 0.456
0.52812 0.457
0.52812 0.458
0.52812 0.459
0.52812 0.46
0.52812 0.461
0.52812 0.462
0.52812 0.463
0.52812 0.464
0.52812 0.465
0.52812 0.466
0.52812 0.467
0.52812 0.468
0.52812 0.469
0.52812 0.47
0.52812 0.471
0.52812 0.472
0.52812 0.473
0.52812 0.474
0.52812 0.475
0.52812 0.476
0.52812 0.477
0.52812 0.478
0.52812 0.479
0.52812 0.48
0.52812 0.481
0.52812 0.482
0.52812 0.483
0.52812 0.484
0.52812 0.485
0.52812 0.486
0.52812 0.487
0.52812 0.488
0.52812 0.489
0.52812 0.49
0.52812 0.491
0.52812 0.492
0.52812 0.493
0.52812 0.494
0.52812 0.495
0.52812 0.496
0.52812 0.497
0.52812 0.498
0.52812 0.499
0.52812 0.5
0.52812 0.501
0.52812 0.502
0.52812 0.503
0.52812 0.504
0.52812 0.505
0.52812 0.506
0.52812 0.507
0.52812 0.508
0.52812 0.509
0.52812 0.51
0.52812 0.511
0.52812 0.512
0.52812 0.513
0.52812 0.514
0.52812 0.515
0.52812 0.516
0.52812 0.517
0.52812 0.518
0.52812 0.519
0.52812 0.52
0.52812 0.521
0.52812 0.522
0.52812 0.523
0.52812 0.524
0.52812 0.525
0.52812 0.526
0.52812 0.527
0.52812 0.528
0.52812 0.529
0.52812 0.53
0.52812 0.531
0.52812 0.532
0.52812 0.533
0.52812 0.534
0.52812 0.535
0.52812 0.536
0.52812 0.537
0.52812 0.538
0.52812 0.539
0.52812 0.54
0.52812 0.541
0.52812 0.542
0.52812 0.543
0.52812 0.544
0.52812 0.545
0.52812 0.546
0.52812 0.547
0.52812 0.548
0.52812 0.549
0.52812 0.55
0.52812 0.551
0.52812 0.552
0.52812 0.553
0.52812 0.554
0.52812 0.555
0.52812 0.556
0.52812 0.557
0.52812 0.558
0.52812 0.559
0.52812 0.56
0.52812 0.561
0.52812 0.562
0.52812 0.563
0.52812 0.564
0.52812 0.565
0.52812 0.566
0.52812 0.567
0.52812 0.568
0.52812 0.569
0.52812 0.57
0.52812 0.571
0.52812 0.572
0.52812 0.573
0.528119 0.574
0.528119 0.575
0.528119 0.576
0.528119 0.577
0.528119 0.578
0.528119 0.579
0.528119 0.58
0.528119 0.581
0.528119 0.582
0.528119 0.583
0.528119 0.584
0.528119 0.585
0.528119 0.586
0.528119 0.587
0.528119 0.588
0.528119 0.589
0.528119 0.59
0.528119 0.591
0.528119 0.592
0.528119 0.593
0.528119 0.594
0.528119 0.595
0.528119 0.596
0.528119 0.597
0.528119 0.598
0.528119 0.599
0.528119 0.6
0.528119 0.601
0.528119 0.602
0.528119 0.603
0.528119 0.604
0.528119 0.605
0.528119 0.606
0.528119 0.607
0.528119 0.608
0.528119 0.609
0.528119 0.61
0.528119 0.611
0.528119 0.612
0.528119 0.613
0.528119 0.614
0.528119 0.615
0.528119 0.616
0.528119 0.617
0.528119 0.618
0.528119 0.619
0.528119 0.62
0.528119 0.621
0.528119 0.622
0.528119 0.623
0.528119 0.624
0.528119 0.625
0.528119 0.626
0.528119 0.627
0.528119 0.628
0.528119 0.629
0.528119 0.63
0.528119 0.631
0.528119 0.632
0.528119 0.633
0.528119 0.634
0.528119 0.635
0.528119 0.636
0.528119 0.637
0.528119 0.638
0.528119 0.639
0.528119 0.64
0.528119 0.641
0.528119 0.642
0.528119 0.643
0.528119 0.644
0.528119 0.645
0.528119 0.646
0.528119 0.647
0.528119 0.648
0.528119 0.649
0.528119 0.65
0.528119 0.651
0.528119 0.652
0.528119 0.653
0.528119 0.654
0.528119 0.655
0.528119 0.656
0.528119 0.657
0.528119 0.658
0.528119 0.659
0.528119 0.66
0.528119 0.661
0.528119 0.662
0.528119 0.663
0.528119 0.664
0.528119 0.665
0.528119 0.666
0.528119 0.667
0.528119 0.668
0.528119 0.669
0.528119 0.67
0.528119 0.671
0.528119 0.672
0.528119 0.673
0.528119 0.674
0.528119 0.675
0.528119 0.676
0.528119 0.677
0.528119 0.678
0.528119 0.679
0.528119 0.68
0.528119 0.681
0.528119 0.682
0.528119 0.683
0.528119 0.684
0.528119 0.685
0.528119 0.686
0.528119 0.687
0.528119 0.688
0.528119 0.689
0.528119 0.69
0.528119 0.691
0.528119 0.692
0.528119 0.693
0.528119 0.694
0.528119 0.695
0.528119 0.696
0.528119 0.697
0.528119 0.698
0.528119 0.699
0.528119 0.7
0.528119 0.701
0.528119 0.702
0.528119 0.703
0.528119 0.704
0.528119 0.705
0.528119 0.706
0.528119 0.707
0.528119 0.708
0.528119 0.709
0.528119 0.71
0.528119 0.711
0.528119 0.712
0.528119 0.713
0.528119 0.714
0.528119 0.715
0.528119 0.716
0.528119 0.717
0.528119 0.718
0.528119 0.719
0.528119 0.72
0.528119 0.721
0.528119 0.722
0.528119 0.723
0.528119 0.724
0.528119 0.725
0.528119 0.726
0.528119 0.727
0.528119 0.728
0.528119 0.729
0.528119 0.73
0.528119 0.731
0.528119 0.732
0.528119 0.733
0.528119 0.734
0.528119 0.735
0.528119 0.736
0.528119 0.737
0.528119 0.738
0.528119 0.739
0.528119 0.74
0.528119 0.741
0.528119 0.742
0.528119 0.743
0.528119 0.744
0.528119 0.745
0.528119 0.746
0.528119 0.747
0.528119 0.748
0.528119 0.749
0.528119 0.75
0.528119 0.751
0.528119 0.752
0.528119 0.753
0.528119 0.754
0.528119 0.755
0.528119 0.756
0.528119 0.757
0.528119 0.758
0.528119 0.759
0.528119 0.76
0.528119 0.761
0.528119 0.762
0.528119 0.763
0.528119 0.764
0.528119 0.765
0.528119 0.766
0.528119 0.767
0.528119 0.768
0.527119 0.769
0.526119 0.77
0.525119 0.771
0.524119 0.772
0.523119 0.773
0.522119 0.774
0.521119 0.775
0.520119 0.776
0.519119 0.777
0.518119 0.778
0.517119 0.779
0.516119 0.78
0.515119 0.781
0.514119 0.782
0.513119 0.783
0.512119 0.784
0.511119 0.785
0.510119 0.786
0.509119 0.787
0.508119 0.788
0.507119 0.789
0.506119 0.79
0.505119 0.791
0.504119 0.792
0.503119 0.793
0.502119 0.794
0.501119 0.795
0.500119 0.796
0.499119 0.797
0.498119 0.798
0.497119 0.799
0.496119 0.8
0.495119 0.801
0.494119 0.802
0.493119 0.803
0.492119 0.804
0.491119 0.805
0.490119 0.806
0.489119 0.807
0.488119 0.808
0.487119 0.809
0.486119 0.81
0.485119 0.811
0.484119 0.812
0.483119 0.813
0.482119 0.814
0.481119 0.815
0.480119 0.816
0.479119 0.817
0.478119 0.818
0.477119 0.819
0.476119 0.82
0.475119 0.821
0.474119 0.822
0.473119 0.823
0.472119 0.824
0.471119 0.825
0.470119 0.826
0.469119 0.827
0.468119 0.828
0.467119 0.829
0.466119 0.83
0.465119 0.831
0.464119 0.832
0.463119 0.833
0.462119 0.834
0.461119 0.835
0.460119 0.836
0.459119 0.837
0.458119 0.838
0.457119 0.839
0.456119 0.84
0.455119 0.841
0.454119 0.842
0.453119 0.843
0.452119 0.844
0.451119 0.845
0.450119 0.846
0.449119 0.847
0.448119 0.848
0.447119 0.849
0.446119 0.85
0.445119 0.851
0.444119 0.852
0.443119 0.853
0.442119 0.854
0.441119 0.855
0.440119 0.856
0.439119 0.857
0.438119 0.858
0.437119 0.859
0.436119 0.86
0.435119 0.861
0.434119 0.862
0.433119 0.863
0.432119 0.864
0.431119 0.865
0.430119 0.866
0.429119 0.867
0.428119 0.868
0.427119 0.869
0.426119 0.87
0.425119 0.871
0.424119 0.872
0.423119 0.873
0.422119 0.874
0.421119 0.875
0.420119 0.876
0.419119 0.877
0.418119 0.878
0.417119 0.879
0.416119 0.88
0.415119 0.881
0.414119 0.882
0.413119 0.883
0.412119 0.884
0.411119 0.885
0.410119 0.886
0.409119 0.887
0.408119 0.888
0.407119 0.889
0.406119 0.89
0.405119 0.891
0.404119 0.892
0.403119 0.893
0.402119 0.894
0.401119 0.895
0.400119 0.896
0.399119 0.897
0.398119 0.898
0.397119 0.899
0.396119 0.9
0.395119 0.901
0.394119 0.902
0.393119 0.903
0.392119 0.904
0.391119 0.905
0.390119 0.906
0.389119 0.907
0.388119 0.908
0.387119 0.909
0.386119 0.91
0.385119 0.911
0.384119 0.912
0.383119 0.913
0.382119 0.914
0.381119 0.915
0.380119 0.916
0.379119 0.917
0.378119 0.918
0.377119 0.919
0.376119 0.92
0.375119 0.921
0.374119 0.922
0.373119 0.923
0.372119 0.924
0.371119 0.925
0.370119 0.926
0.369119 0.927
0.368119 0.928
0.367119 0.929
0.366119 0.93
0.365119 0.931
0.364119 0.932
0.363119 0.933
0.362119 0.934
0.361119 0.935
0.360119 0.936
0.359119 0.937
0.358119 0.938
0.357119 0.939
0.356119 0.94
0.355119 0.941
0.354119 0.942
0.353119 0.943
0.352119 0.944
0.351119 0.945
0.350119 0.946
0.349119 0.947
0.348119 0.948
0.347119 0.949
0.346119 0.95
0.345119 0.951
0.344119 0.952
0.343119 0.953
0.342119 0.954
0.341119 0.955
0.340119 0.956
0.339119 0.957
0.338119 0.958
0.337119 0.959
0.336119 0.96
0.335119 0.961
0.334119 0.962
0.333119 0.963
0.332119 0.964
0.331119 0.965
0.330119 0.966
0.329119 0.967
0.328119 0.968
0.327119 0.969
0.326119 0.97
0.325119 0.971
0.324119 0.972
0.323119 0.973
0.322119 0.974
0.321119 0.975
0.320119 0.976
0.319119 0.977
0.318119 0.978
0.317119 0.979
0.316119 0.98
0.315119 0.981
0.314119 0.982
0.313119 0.983
0.312119 0.984
0.311119 0.985
0.310119 0.986
0.309119 0.987
0.308119 0.988
0.307119 0.989
0.306119 0.99
0.305119 0.991
0.304119 0.992
0.303119 0.993
0.302119 0.994
0.301119 0.995
0.300119 0.996
0.299119 0.997
0.298119 0.998
0.297119 0.999
0.298119 1


Shark
3.14159 1.5
3.14659 1.4995
3.15159 1.499
3.15659 1.4985
3.16159 1.498
3.16659 1.4975
3.17159 1.497
3.17659 1.4965
3.18159 1.496
3.18659 1.4955
3.19159 1.495
3.19659 1.4945
3.20159 1.494
3.20659 1.4935
3.21159 1.493
3.21659 1.4925
3.22159 1.492
3.22659 1.4915
3.23159 1.491
3.23659 1.4905
3.24159 1.49
3.24659 1.4895
3.25159 1.489
3.25659 1.4885
3.26159 1.488
3.26659 1.4875
3.27159 1.487
3.27659 1.4865
3.28159 1.486
3.28659 1.4855
3.29159 1.485
3.29659 1.4845
3.30159 1.484
3.30659 1.4835
3.31159 1.483
3.31659 1.4825
3.32159 1.482
3.32659 1.4815
3.33159 1.481
3.33659 1.4805
3.34159 1.48
3.34659 1.4795
3.35159 1.479
3.35659 1.4785
3.36159 1.478
3.36659 1.4775
3.37159 1.477
3.37659 1.4765
3.38159 1.476
3.38659 1.4755
3.39159 1.475
3.39659 1.4745
3.40159 1.474
3.40659 1.4735
3.41159 1.473
3.41659 1.4725
3.42159 1.472
3.42659 1.4715
3.43159 1.471
3.43659 1.4705
3.44159 1.47
3.44659 1.4695
3.45159 1.469
3.45659 1.4685
3.46159 1.468
3.46659 1.4675
3.47159 1.467
3.47659 1.4665
3.48159 1.466
3.48659 1.4655
3.49159 1.465
3.49659 1.4645
3.50159 1.464
3.50659 1.4635
3.51159 1.463
3.51659 1.4625
3.52159 1.462
3.52659 1.4615
3.53159 1.461
3.53659 1.4605
3.69177 1.46
3.69677 1.4595
3.70177 1.459
3.70677 1.4585
3.71177 1.458
3.71677 1.4575
3.72177 1.457
3.72677 1.4565
3.73177 1.456
3.81865 1.4555
3.82365 1.455
3.82865 1.4545
3.78348 1.454
3.77848 1.4535
3.77348 1.453
3.76848 1.4525
3.76348 1.452
3.75848 1.4515
3.75348 1.451
3.74848 1.4505
3.74348 1.45
3.73848 1.4495
3.73348 1.449
3.72848 1.4485
3.67745 1.448
3.65132 1.4475
3.64632 1.447
3.64132 1.4465
3.63632 1.446
3.63132 1.4455
3.60399 1.445
3.59899 1.4445
3.59399 1.444
3.58899 1.4435
3.58399 1.443
3.61253 1.4425
3.6212 1.442
3.62993 1.4415
3.63493 1.441
3.63993 1.4405
3.6488 1.44
3.65773 1.4395
3.6667 1.439
3.6717 1.4385
3.68078 1.438
3.68991 1.4375
3.69909 1.437
3.70833 1.4365
3.71761 1.436
3.70827 1.4355
3.70327 1.435
3.69383 1.4345
3.70333 1.434
3.70833 1.4335
3.71753 1.433
3.70788 1.4325
3.70288 1.432
3.69312 1.4315
3.68332 1.431
3.67832 1.4305
3.66862 1.43
3.65912 1.4295
3.65412 1.429
3.64912 1.4285
3.64412 1.428
3.63912 1.4275
3.63412 1.427
3.62912 1.4265
3.62412 1.426
3.61912 1.4255
3.61412 1.425
3.60912 1.4245
3.60412 1.424
3.59912 1.4235
3.59412 1.423
3.58912 1.4225
3.58412 1.422
3.57912 1.4215
3.57412 1.421
3.56912 1.4205
3.56412 1.42
3.55912 1.4195
3.55412 1.419
3.54912 1.4185
3.54412 1.418
3.53912 1.4175
3.53412 1.417
3.52912 1.4165
3.52412 1.416
3.51912 1.4155
3.51412 1.415
3.50912 1.4145
3.50412 1.414
3.49912 1.4135
3.49412 1.413
3.48912 1.4125
3.48412 1.412
3.47912 1.4115
3.47412 1.411
3.46912 1.4105
3.46412 1.41
3.45912 1.4095
3.45412 1.409
3.44912 1.4085
3.44412 1.408
3.43912 1.4075
3.43412 1.407
3.42912 1.4065
3.42412 1.406
3.41912 1.4055
3.41412 1.405
3.40912 1.4045
3.40412 1.404
3.39912 1.4035
3.39412 1.403
3.38912 1.4025
3.38412 1.402
3.37912 1.4015
3.37412 1.401
3.36912 1.4005
3.36412 1.4
3.35912 1.3995
3.35412 1.399
3.34912 1.3985
3.34412 1.398
3.33912 1.3975
3.33412 1.397
3.32912 1.3965
3.32412 1.396
3.31912 1.3955
3.31412 1.395
3.30912 1.3945
3.30412 1.394
3.29912 1.3935
3.29412 1.393
3.28912 1.3925
3.28412 1.392
3.27912 1.3915
3.27412 1.391
3.26912 1.3905
3.26412 1.39
3.25912 1.3895
3.25412 1.389
3.24912 1.3885
3.24412 1.388
3.23912 1.3875
3.23412 1.387
3.22912 1.3865
3.22412 1.386
3.21912 1.3855
3.21412 1.385
3.20912 1.3845
3.20412 1.384
3.19912 1.3835
3.19412 1.383
3.18912 1.3825
3.18412 1.382
3.17912 1.3815
3.17412 1.381
3.16912 1.3805
3.16412 1.38
3.15912 1.3795
3.15412 1.379
3.14912 1.3785
3.14412 1.378
3.13912 1.3775
3.13412 1.377
3.12912 1.3765
3.12412 1.376
3.11912 1.3755
3.11412 1.375
3.10912 1.3745
3.10412 1.374
3.09912 1.3735
3.09412 1.373
3.08912 1.3725
3.08412 1.372
3.07912 1.3715
3.07412 1.371
3.06912 1.3705
3.06412 1.37
3.05912 1.3695
3.05412 1.369
3.04912 1.3685
3.04412 1.368
3.03912 1.3675
3.03412 1.367
3.02912 1.3665
3.02412 1.366
3.01912 1.3655
3.01412 1.365
3.00912 1.3645
3.00412 1.364
2.99912 1.3635
2.99412 1.363
2.98912 1.3625
2.98412 1.362
2.97912 1.3615
2.97412 1.361
2.96912 1.3605
2.96412 1.36
2.95912 1.3595
2.95412 1.359
2.94912 1.3585
2.94412 1.358
2.93912 1.3575
2.93412 1.357
2.92912 1.3565
2.92412 1.356
2.91912 1.3555
2.91412 1.355
2.90912 1.3545
2.90412 1.354
2.89912 1.3535
2.89412 1.353
2.88912 1.3525
2.88412 1.352
2.87912 1.3515
2.87412 1.351
2.86912 1.3505
2.86412 1.35
2.85912 1.3495
2.85412 1.349
2.84912 1.3485
2.84412 1.348
2.83912 1.3475
2.83412 1.347
2.82912 1.3465
2.82412 1.346
2.81912 1.3455
2.81412 1.345
2.80912 1.3445
2.80412 1.344
2.79912 1.3435
2.79412 1.343
2.78912 1.3425
2.78412 1.342
2.77912 1.3415
2.77412 1.341
2.76912 1.3405
2.76412 1.34
2.75912 1.3395
2.75412 1.339
2.74912 1.3385
2.74412 1.338
2.73912 1.3375
2.73412 1.337
2.72912 1.3365
2.72412 1.336
2.71912 1.3355
2.71412 1.335
2.70912 1.3345
2.70412 1.334
2.69912 1.3335
2.69412 1.333
2.68912 1.3325
2.68412 1.332
2.67912 1.3315
2.67412 1.331
2.66912 1.3305
2.66412 1.33
2.65912 1.3295
2.65412 1.329
2.64912 1.3285
2.64412 1.328
2.63912 1.3275
2.63412 1.327
2.62912 1.3265
2.62412 1.326
2.61912 1.3255
2.61412 1.325
2.60912 1.3245
2.60412 1.324
2.59912 1.3235
2.59412 1.323
2.58912 1.3225
2.58412 1.322
2.57912 1.3215
2.57412 1.321
2.56912 1.3205
2.56412 1.32
2.55912 1.3195
2.55412 1.319
2.54912 1.3185
2.54412 1.318
2.53912 1.3175
2.53412 1.317
2.52912 1.3165
2.52412 1.316
2.51912 1.3155
2.51412 1.315
2.50912 1.3145
2.50412 1.314
2.49912 1.3135
2.49412 1.313
2.48912 1.3125
2.48412 1.312
2.47912 1.3115
2.47412 1.311
2.46912 1.3105
2.46412 1.31
2.45912 1.3095
2.45412 1.309
2.44912 1.3085
2.44412 1.308
2.43912 1.3075
2.43412 1.307
2.42912 1.3065
2.42412 1.306
2.41912 1.3055
2.41412 1.305
2.40912 1.3045
2.40412 1.304
2.39912 1.3035
2.39412 1.303
2.38912 1.3025
2.38412 1.302
2.37912 1.3015
2.37412 1.301
2.36912 1.3005
2.36412 1.3
2.35912 1.2995
2.35412 1.299
2.34912 1.2985
2.34412 1.298
2.33912 1.2975
2.33412 1.297
2.32912 1.2965
2.32412 1.296
2.31912 1.2955
2.31412 1.295
2.30912 1.2945
2.30412 1.294
2.29912 1.2935
2.29412 1.293
2.28912 1.2925
2.28412 1.292
2.27912 1.2915
2.27412 1.291
2.26912 1.2905
2.26412 1.29
2.25912 1.2895
2.25412 1.289
2.24912 1.2885
2.24412 1.288
2.23912 1.2875
2.23412 1.287
2.22912 1.2865
2.22412 1.286
2.21912 1.2855
2.21412 1.285
2.20912 1.2845
2.20412 1.284
2.19912 1.2835
2.19412 1.283
2.18912 1.2825
2.18412 1.282
2.17912 1.2815
2.17412 1.281
2.16912 1.2805
2.16412 1.28
2.15912 1.2795
2.15412 1.279
2.14912 1.2785
2.14412 1.278
2.13912 1.2775
2.13412 1.277
2.12912 1.2765
2.12412 1.276
2.11912 1.2755
2.11412 1.275
2.10912 1.2745
2.10412 1.274
2.09912 1.2735
2.09412 1.273
2.08912 1.2725
2.08412 1.272
2.07912 1.2715
2.07412 1.271
2.06912 1.2705
2.06412 1.27
2.05912 1.2695
2.05412 1.269
2.04912 1.2685
2.04412 1.268
2.03912 1.2675
2.03412 1.267
2.02912 1.2665
2.02412 1.266
2.01912 1.2655
2.01412 1.265
2.00912 1.2645
2.00412 1.264
1.99912 1.2635
1.99412 1.263
1.98912 1.2625
1.98412 1.262
1.97912 1.2615
1.97412 1.261
1.96912 1.2605
1.96412 1.26
1.95912 1.2595
1.95412 1.259
1.94912 1.2585
1.94412 1.258
1.93912 1.2575
1.93412 1.257
1.92912 1.2565
1.92412 1.256
1.91912 1.2555
1.91412 1.255
1.90912 1.2545
1.90412 1.254
1.89912 1.2535
1.89412 1.253
1.88912 1.2525
1.88412 1.252
1.87912 1.2515
1.87412 1.251
1.86912 1.2505
1.86412 1.25
1.85912 1.2495
1.85412 1.249
1.84912 1.2485
1.84412 1.248
1.83912 1.2475
1.83412 1.247
1.82912 1.2465
1.82412 1.246
1.81912 1.2455
1.81412 1.245
1.80912 1.2445
1.80412 1.244
1.79912 1.2435
1.79412 1.243
1.78912 1.2425
1.78412 1.242
1.77912 1.2415
1.77412 1.241
1.76912 1.2405
1.76412 1.24
1.75912 1.2395
1.75412 1.239
1.74912 1.2385
1.74412 1.238
1.73912 1.2375
1.73412 1.237
1.72912 1.2365
1.72412 1.236
1.71912 1.2355
1.71412 1.235
1.70912 1.2345
1.70412 1.234
1.69912 1.2335
1.69412 1.233
1.68912 1.2325
1.68412 1.232
1.67912 1.2315
1.67412 1.231
1.66912 1.2305
1.66412 1.23
1.65912 1.2295
1.65412 1.229
1.64912 1.2285
1.64412 1.228
1.63912 1.2275
1.63412 1.227
1.62912 1.2265
1.62412 1.226
1.61912 1.2255
1.61412 1.225
1.60912 1.2245
1.60412 1.224
1.59912 1.2235
1.59412 1.223
1.58912 1.2225
1.58412 1.222
1.57912 1.2215
1.57412 1.221
1.56912 1.2205
1.56412 1.22
1.55912 1.2195
1.55412 1.219
1.54912 1.2185
1.54412 1.218
1.53912 1.2175
1.53412 1.217
1.52912 1.2165
1.52412 1.216
1.51912 1.2155
1.51412 1.215
1.50912 1.2145
1.50412 1.214
1.49912 1.2135
1.49412 1.213
1.48912 1.2125
1.48412 1.212
1.47912 1.2115
1.47412 1.211
1.46912 1.2105
1.46412 1.21
1.45912 1.2095
1.45412 1.209
1.44912 1.2085
1.44412 1.208
1.43912 1.2075
1.43412 1.207
1.42912 1.2065
1.42412 1.206
1.41912 1.2055
1.41412 1.205
1.40912 1.2045
1.40412 1.204
1.39912 1.2035
1.39412 1.203
1.38912 1.2025
1.38412 1.202
1.37912 1.2015
1.37412 1.201
1.36912 1.2005
1.36412 1.2
1.35912 1.1995
1.35412 1.199
1.34912 1.1985
1.34412 1.198
1.33912 1.1975
1.33412 1.197
1.32912 1.1965
1.32412 1.196
1.31912 1.1955
1.31412 1.195
1.30912 1.1945
1.30412 1.194
1.29912 1.1935
1.29412 1.193
1.28912 1.1925
1.28412 1.192
1.27912 1.1915
1.27412 1.191
1.26912 1.1905
1.26412 1.19
1.25912 1.1895
1.25412 1.189
1.24912 1.1885
1.24412 1.188
1.23912 1.1875
1.23412 1.187
1.22912 1.1865
1.22412 1.186
1.21912 1.1855
1.21412 1.185
1.20912 1.1845
1.20412 1.184
1.19912 1.1835
1.19412 1.183
1.18912 1.1825
1.18412 1.182
1.17912 1.1815
1.17412 1.181
1.16912 1.1805
1.16412 1.18
1.15912 1.1795
1.15412 1.179
1.14912 1.1785
1.14412 1.178
1.13912 1.1775
1.13412 1.177
1.12912 1.1765
1.12412 1.176
1.11912 1.1755
1.11412 1.175
1.10912 1.1745
1.10412 1.174
1.09912 1.1735
1.09412 1.173
1.08912 1.1725
1.08412 1.172
1.07912 1.1715
1.07412 1.171
1.06912 1.1705
1.06412 1.17
1.05912 1.1695
1.05412 1.169
1.04912 1.1685
1.04412 1.168
1.03912 1.1675
1.03412 1.167
1.02912 1.1665
1.02412 1.166
1.01912 1.1655
1.01412 1.165
1.00912 1.1645
1.00412 1.164
0.999119 1.1635
0.994119 1.163
0.989119 1.1625
0.984119 1.162
0.979119 1.1615
0.974119 1.161
0.969119 1.1605
0.964119 1.16
0.959119 1.1595
0.954119 1.159
0.949119 1.1585
0.944119 1.158
0.939119 1.1575
0.934119 1.157
0.929119 1.1565
0.924119 1.156
0.919119 1.1555
0.914119 1.155
0.909119 1.1545
0.904119 1.154
0.899119 1.1535
0.894119 1.153
0.889119 1.1525
0.884119 1.152
0.879119 1.1515
0.874119 1.151
0.869119 1.1505
0.864119 1.15
0.859119 1.1495
0.854119 1.149
0.849119 1.1485
0.844119 1.148
0.839119 1.1475
0.834119 1.147
0.829119 1.1465
0.824119 1.146
0.819119 1.1455
0.814119 1.145
0.809119 1.1445
0.804119 1.144
0.799119 1.1435
0.794119 1.143
0.789119 1.1425
0.784119 1.142
0.779119 1.1415
0.774119 1.141
0.769119 1.1405
0.764119 1.14
0.759119 1.1395
0.754119 1.139
0.749119 1.1385
0.744119 1.138
0.739119 1.1375
0.734119 1.137
0.729119 1.1365
0.724119 1.136
0.719119 1.1355
0.714119 1.135
0.709119 1.1345
0.704119 1.134
0.699119 1.1335
0.694119 1.133
0.689119 1.1325
0.684119 1.132
0.679119 1.1315
0.674119 1.131
0.669119 1.1305
0.664119 1.13
0.659119 1.1295
0.654119 1.129
0.649119 1.1285
0.644119 1.128
0.639119 1.1275
0.634119 1.127
0.629119 1.1265
0.624119 1.126
0.619119 1.1255
0.614119 1.125
0.609119 1.1245
0.604119 1.124
0.599119 1.1235
0.594119 1.123
0.589119 1.1225
0.584119 1.122
0.579119 1.1215
0.574119 1.121
0.569119 1.1205
0.564119 1.12
0.559119 1.1195
0.554119 1.119
0.549119 1.1185
0.544119 1.118
0.539119 1.1175
0.534119 1.117
0.529119 1.1165
0.528119 1.116
0.527119 1.1155
0.526119 1.115
0.525119 1.1145
0.524119 1.114
0.523119 1.1135
0.522119 1.113
0.521119 1.1125
0.520119 1.112
0.519119 1.1115
0.518119 1.111
0.517119 1.1105
0.516119 1.11
0.515119 1.1095
0.514119 1.109
0.513119 1.1085
0.512119 1.108
0.511119 1.1075
0.510119 1.107
0.509119 1.1065
0.508119 1.106
0.507119 1.1055
0.506119 1.105
0.505119 1.1045
0.504119 1.104
0.503119 1.1035
0.502119 1.103
0.501119 1.1025
0.500119 1.102
0.499119 1.1015
0.498119 1.101
0.497119 1.1005
0.496119 1.1
0.495119 1.0995
0.494119 1.099
0.493119 1.0985
0.492119 1.098
0.491119 1.0975
0.490119 1.097
0.489119 1.0965
0.488119 1.096
0.487119 1.0955
0.486119 1.095
0.485119 1.0945
0.484119 1.094
0.483119 1.0935
0.482119 1.093
0.481119 1.0925
0.480119 1.092
0.479119 1.0915
0.478119 1.091
0.477119 1.0905
0.476119 1.09
0.475119 1.0895
0.474119 1.089
0.473119 1.0885
0.472119 1.088
0.471119 1.0875
0.470119 1.087
0.469119 1.0865
0.468119 1.086
0.467119 1.0855
0.466119 1.085
0.465119 1.0845
0.464119 1.084
0.463119 1.0835
0.462119 1.083
0.461119 1.0825
0.460119 1.082
0.459119 1.0815
0.458119 1.081
0.457119 1.0805
0.456119 1.08
0.455119 1.0795
0.454119 1.079
0.453119 1.0785
0.452119 1.078
0.451119 1.0775
0.450119 1.077
0.449119 1.0765
0.448119 1.076
0.447119 1.0755
0.446119 1.075
0.445119 1.0745
0.444119 1.074
0.443119 1.0735
0.442119 1.073
0.441119 1.0725
0.440119 1.072
0.439119 1.0715
0.438119 1.071
0.437119 1.0705
0.436119 1.07
0.435119 1.0695
0.434119 1.069
0.433119 1.0685
0.432119 1.068
0.431119 1.0675
0.430119 1.067
0.429119 1.0665
0.428119 1.066
0.427119 1.0655
0.426119 1.065
0.425119 1.0645
0.424119 1.064
0.423119 1.0635
0.422119 1.063
0.421119 1.0625
0.420119 1.062
0.419119 1.0615
0.418119 1.061
0.417119 1.0605
0.416119 1.06
0.415119 1.0595
0.414119 1.059
0.413119 1.0585
0.412119 1.058
0.411119 1.0575
0.410119 1.057
0.409119 1.0565
0.408119 1.056
0.407119 1.0555
0.406119 1.055
0.405119 1.0545
0.404119 1.054
0.403119 1.0535
0.402119 1.053
0.401119 1.0525
0.400119 1.052
0.399119 1.0515
0.398119 1.051
0.397119 1.0505
0.396119 1.05
0.395119 1.0495
0.394119 1.049
0.393119 1.0485
0.392119 1.048
0.391119 1.0475
0.390119 1.047
0.389119 1.0465
0.388119 1.046
0.387119 1.0455
0.386119 1.045
0.385119 1.0445
0.384119 1.044
0.383119 1.0435
0.382119 1.043
0.381119 1.0425
0.380119 1.042
0.379119 1.0415
0.378119 1.041
0.377119 1.0405
0.376119 1.04
0.375119 1.0395
0.374119 1.039
0.373119 1.0385
0.372119 1.038
0.371119 1.0375
0.370119 1.037
0.369119 1.0365
0.368119 1.036
0.367119 1.0355
0.366119 1.035
0.365119 1.0345
0.364119 1.034
0.363119 1.0335
0.362119 1.033
0.361119 1.0325
0.360119 1.032
0.359119 1.0315
0.358119 1.031
0.357119 1.0305
0.356119 1.03
0.355119 1.0295
0.354119 1.029
0.353119 1.0285
0.352119 1.028
0.351119 1.0275
0.350119 1.027
0.349119 1.0265
0.348119 1.026
0.347119 1.0255
0.346119 1.025
0.345119 1.0245
0.344119 1.024
0.343119 1.0235
0.342119 1.023
0.341119 1.0225
0.340119 1.022
0.339119 1.0215
0.338119 1.021
0.337119 1.0205
0.336119 1.02
0.335119 1.0195
0.334119 1.019
0.333119 1.0185
0.332119 1.018
0.331119 1.0175
0.330119 1.017
0.329119 1.0165
0.328119 1.016
0.327119 1.0155
0.326119 1.015
0.325119 1.0145
0.324119 1.014
0.323119 1.0135
0.322119 1.013
0.321119 1.0125
0.320119 1.012
0.319119 1.0115
0.318119 1.011
0.317119 1.0105
0.316119 1.01
0.315119 1.0095
0.314119 1.009
0.313119 1.0085
0.312119 1.008
0.311119 1.0075
0.310119 1.007
0.309119 1.0065
0.308119 1.006
0.307119 1.0055
0.306119 1.005
0.305119 1.0045
0.304119 1.004
0.303119 1.0035
0.302119 1.003
0.301119 1.0025
0.300119 1.002
0.299119 1.0015
0.298119 1.001
0.297119 1.0005
0.298119 1
