Man
0 0
0 0.001
0 0.002
0 0.003
0 0.004
0 0.005
0 0.006
0 0.007
0 0.008
0 0.009
0 0.01
0 0.011
0 0.012
0 0.013
0 0.014
0 0.015
0 0.016
0 0.017
0 0.018
0 0.019
0 0.02
0 0.021
0 0.022
0 0.023
0 0.024
0 0.025
0 0.026
0 0.027
0 0.028
0 0.029
0 0.03
0 0.031
0 0.032
0 0.033
0 0.034
0 0.035
0 0.036
0 0.037
0 0.038
0 0.039
0 0.04
0 0.041
0 0.042
0 0.043
0 0.044
0 0.045
0 0.046
0 0.047
0 0.048
0 0.049
0 0.05
0 0.051
0 0.052
0 0.053
0 0.054
0 0.055
0 0.056
0 0.057
0 0.058
0 0.059
0 0.06
0 0.061
0 0.062
0 0.063
0 0.064
0 0.065
0 0.066
0 0.067
0 0.068
0 0.069
0 0.07
0 0.071
0 0.072
0 0.073
0 0.074
0 0.075
0 0.076
0 0.077
0 0.078
0 0.079
0 0.08
0 0.081
0 0.082
0 0.083
0 0.084
0 0.085
0 0.086
0 0.087
0 0.088
-0.00153398 0.089
-0.00460194 0.09
-0.0107379 0.091
-0.0230097 0.092
-0.0475534 0.093
-0.0966408 0.094
-0.194816 0.095
-0.391165 0.096
-0.48934 0.097
-0.538427 0.098
-0.562971 0.099
-0.575243 0.1
-0.581379 0.101
-0.584447 0.102
-0.585981 0.103
-0.585981 0.104
-0.585981 0.105
-0.585981 0.106
-0.585981 0.107
-0.585981 0.108
-0.585981 0.109
-0.585981 0.11
-0.585981 0.111
-0.585981 0.112
-0.585981 0.113
-0.585981 0.114
-0.585981 0.115
-0.585981 0.116
-0.585981 0.117
-0.585981 0.118
-0.585981 0.119
-0.585981 0.12
-0.586029 0.121
-0.586124 0.122
-0.586316 0.123
-0.586796 0.124
-0.587754 0.125
-0.589672 0.126
-0.593507 0.127
-0.601177 0.128
-0.607313 0.129
-0.615078 0.13
-0.628309 0.131
-0.635212 0.132
-0.63943 0.133
-0.642978 0.134
-0.647436 0.135
-0.655489 0.136
-0.671021 0.137
-0.683388 0.138
-0.698728 0.139
-0.724806 0.14
-0.737845 0.141
-0.744364 0.142
-0.784439 0.143
-0.804477 0.144
-0.81464 0.145
-0.820009 0.146
-0.823268 0.147
-0.825953 0.148
-0.829596 0.149
-0.836115 0.15
-0.848387 0.151
-0.872931 0.152
-0.885203 0.153
-0.891339 0.154
-0.894503 0.155
-0.896228 0.156
-0.897379 0.157
-0.898529 0.158
-0.900255 0.159
-0.903323 0.16
-0.909555 0.161
-0.922018 0.162
-0.928538 0.163
-0.932373 0.164
-0.935441 0.165
-0.939371 0.166
-0.946083 0.167
-0.95893 0.168
-0.965929 0.169
-0.97053 0.17
-0.975132 0.171
-0.982131 0.172
-0.994978 0.173
-1.00169 0.174
-1.00562 0.175
-1.00869 0.176
-1.01257 0.177
-1.01919 0.178
-1.03184 0.179
-1.03846 0.18
-1.04229 0.181
-1.04541 0.182
-1.04934 0.183
-1.05605 0.184
-1.05969 0.185
-1.06209 0.186
-1.06447 0.187
-1.06809 0.188
-1.07476 0.189
-1.07859 0.19
-1.08152 0.191
-1.08497 0.192
-1.09072 0.193
-1.10165 0.194
-1.10711 0.195
-1.10985 0.196
-1.11119 0.197
-1.11194 0.198
-1.11245 0.199
-1.11295 0.2
-1.11371 0.201
-1.11505 0.202
-1.11773 0.203
-1.1231 0.204
-1.13384 0.205
-1.13921 0.206
-1.14189 0.207
-1.14328 0.208
-1.14405 0.209
-1.14458 0.21
-1.14513 0.211
-1.14598 0.212
-1.14751 0.213
-1.15058 0.214
-1.15672 0.215
-1.15979 0.216
-1.16132 0.217
-1.16213 0.218
-1.16261 0.219
-1.163 0.22
-1.16348 0.221
-1.16429 0.222
-1.16583 0.223
-1.16889 0.224
-1.17503 0.225
-1.1781 0.226
-1.17963 0.227
-1.18045 0.228
-1.18093 0.229
-1.18131 0.23
-1.18179 0.231
-1.1826 0.232
-1.18414 0.233
-1.18721 0.234
-1.19334 0.235
-1.19641 0.236
-1.19794 0.237
-1.19876 0.238
-1.19923 0.239
-1.19961 0.24
-1.20008 0.241
-1.20087 0.242
-1.20235 0.243
-1.20533 0.244
-1.21127 0.245
-1.21424 0.246
-1.21573 0.247
-1.21651 0.248
-1.21697 0.249
-1.21732 0.25
-1.21775 0.251
-1.21847 0.252
-1.21981 0.253
-1.2225 0.254
-1.22786 0.255
-1.23055 0.256
-1.23189 0.257
-1.23256 0.258
-1.23291 0.259
-1.2331 0.26
-1.23323 0.261
-1.23337 0.262
-1.23356 0.263
-1.23395 0.264
-1.23471 0.265
-1.23625 0.266
-1.23701 0.267
-1.2374 0.268
-1.23759 0.269
-1.23769 0.27
-1.23773 0.271
-1.23776 0.272
-1.23777 0.273
-1.23777 0.274
-1.23777 0.275
-1.23777 0.276
-1.23777 0.277
-1.23777 0.278
-1.23777 0.279
-1.23777 0.28
-1.23777 0.281
-1.23777 0.282
-1.23777 0.283
-1.23777 0.284
-1.23777 0.285
-1.23777 0.286
-1.23777 0.287
-1.23777 0.288
-1.23777 0.289
-1.23777 0.29
-1.23777 0.291
-1.23777 0.292
-1.23777 0.293
-1.23777 0.294
-1.23777 0.295
-1.23777 0.296
-1.23777 0.297
-1.23777 0.298
-1.23777 0.299
-1.23777 0.3
-1.23777 0.301
-1.23777 0.302
-1.23777 0.303
-1.23777 0.304
-1.23777 0.305
-1.23777 0.306
-1.23777 0.307
-1.23777 0.308
-1.23777 0.309
-1.23777 0.31
-1.23777 0.311
-1.23777 0.312
-1.23777 0.313
-1.23777 0.314
-1.23777 0.315
-1.23777 0.316
-1.23777 0.317
-1.23777 0.318
-1.23777 0.319
-1.23777 0.32
-1.23777 0.321
-1.23777 0.322
-1.23777 0.323
-1.23777 0.324
-1.23777 0.325
-1.23777 0.326
-1.23777 0.327
-1.23777 0.328
-1.23777 0.329
-1.23777 0.33
-1.23777 0.331
-1.23777 0.332
-1.23777 0.333
-1.23777 0.334
-1.23777 0.335
-1.23777 0.336
-1.23777 0.337
-1.23777 0.338
-1.23777 0.339
-1.23777 0.34
-1.23777 0.341
-1.23777 0.342
-1.23777 0.343
-1.23777 0.344
-1.23777 0.345
-1.23777 0.346
-1.23777 0.347
-1.23777 0.348
-1.23777 0.349
-1.23777 0.35
-1.23777 0.351
-1.23777 0.352
-1.23777 0.353
-1.23777 0.354
-1.23777 0.355
-1.23777 0.356
-1.23777 0.357
-1.23777 0.358
-1.23777 0.359
-1.23777 0.36
-1.23777 0.361
-1.23777 0.362
-1.23777 0.363
-1.23777 0.364
-1.23777 0.365
-1.23777 0.366
-1.23777 0.367
-1.23777 0.368
-1.23777 0.369
-1.23777 0.37
-1.23777 0.371
-1.23777 0.372
-1.23777 0.373
-1.23777 0.374
-1.23777 0.375
-1.23777 0.376
-1.23777 0.377
-1.23777 0.378
-1.23777 0.379
-1.23777 0.38
-1.23777 0.381
-1.23777 0.382
-1.23777 0.383
-1.23777 0.384
-1.23777 0.385
-1.23777 0.386
-1.23777 0.387
-1.23777 0.388
-1.23777 0.389
-1.23777 0.39
-1.23777 0.391
-1.23777 0.392
-1.23777 0.393
-1.23777 0.394
-1.23777 0.395
-1.23777 0.396
-1.23777 0.397
-1.23777 0.398
-1.23777 0.399
-1.23777 0.4
-1.23777 0.401
-1.23777 0.402
-1.23777 0.403
-1.23777 0.404
-1.23777 0.405
-1.23777 0.406
-1.23777 0.407
-1.23777 0.408
-1.23777 0.409
-1.23777 0.41
-1.23777 0.411
-1.23777 0.412
-1.23777 0.413
-1.23777 0.414
-1.23777 0.415
-1.23777 0.416
-1.23777 0.417
-1.23777 0.418
-1.23777 0.419
-1.23777 0.42
-1.23777 0.421
-1.23777 0.422
-1.23777 0.423
-1.23777 0.424
-1.23777 0.425
-1.23777 0.426
-1.23777 0.427
-1.23777 0.428
-1.23777 0.429
-1.23777 0.43
-1.23777 0.431
-1.23777 0.432
-1.23777 0.433
-1.23777 0.434
-1.23777 0.435
-1.23777 0.436
-1.23777 0.437
-1.23777 0.438
-1.23777 0.439
-1.23777 0.44
-1.23777 0.441
-1.23777 0.442
-1.23777 0.443
-1.23777 0.444
-1.23777 0.445
-1.23777 0.446
-1.23777 0.447
-1.23777 0.448
-1.23777 0.449
-1.23777 0.45
-1.23777 0.451
-1.23777 0.452
-1.23777 0.453
-1.23777 0.454
-1.23777 0.455
-1.23777 0.456
-1.23777 0.457
-1.23777 0.458
-1.23777 0.459
-1.23777 0.46
-1.23777 0.461
-1.23777 0.462
-1.23777 0.463
-1.23777 0.464
-1.23777 0.465
-1.23777 0.466
-1.23777 0.467
-1.23777 0.468
-1.23777 0.469
-1.23777 0.47
-1.23777 0.471
-1.23777 0.472
-1.23777 0.473
-1.23777 0.474
-1.23777 0.475
-1.23777 0.476
-1.23777 0.477
-1.23777 0.478
-1.23777 0.479
-1.23777 0.48
-1.23777 0.481
-1.23777 0.482
-1.23777 0.483
-1.23777 0.484
-1.23777 0.485
-1.23777 0.486
-1.23777 0.487
-1.23777 0.488
-1.23777 0.489
-1.23777 0.49
-1.23777 0.491
-1.23777 0.492
-1.23777 0.493
-1.23777 0.494
-1.23777 0.495
-1.23777 0.496
-1.23777 0.497
-1.23777 0.498
-1.23777 0.499
-1.23777 0.5
-1.23777 0.501
-1.23777 0.502
-1.23777 0.503
-1.23777 0.504
-1.23777 0.505
-1.23777 0.506
-1.23777 0.507
-1.23777 0.508
-1.23777 0.509
-1.23777 0.51
-1.23777 0.511
-1.23777 0.512
-1.23777 0.513
-1.23777 0.514
-1.23777 0.515
-1.23777 0.516
-1.23777 0.517
-1.23777 0.518
-1.23777 0.519
-1.23777 0.52
-1.23777 0.521
-1.23777 0.522
-1.23777 0.523
-1.23777 0.524
-1.23777 0.525
-1.23777 0.526
-1.23777 0.527
-1.23777 0.528
-1.23777 0.529
-1.23777 0.53
-1.23777 0.531
-1.23777 0.532
-1.23777 0.533
-1.23777 0.534
-1.23777 0.535
-1.23777 0.536
-1.23777 0.537
-1.23777 0.538
-1.23777 0.539
-1.23777 0.54
-1.23777 0.541
-1.23777 0.542
-1.23777 0.543
-1.23777 0.544
-1.23777 0.545
-1.23777 0.546
-1.23777 0.547
-1.23777 0.548
-1.23777 0.549
-1.23777 0.55
-1.23777 0.551
-1.23777 0.552
-1.23777 0.553
-1.23777 0.554
-1.23777 0.555
-1.23777 0.556
-1.23777 0.557
-1.23777 0.558
-1.23777 0.559
-1.23777 0.56
-1.23777 0.561
-1.23777 0.562
-1.23777 0.563
-1.23777 0.564
-1.23777 0.565
-1.23777 0.566
-1.23777 0.567
-1.23777 0.568
-1.23777 0.569
-1.23777 0.57
-1.23777 0.571
-1.23777 0.572
-1.23777 0.573
-1.23777 0.574
-1.23777 0.575
-1.23777 0.576
-1.23777 0.577
-1.23777 0.578
-1.23777 0.579
-1.23777 0.58
-1.23777 0.581
-1.23777 0.582
-1.23777 0.583
-1.23777 0.584
-1.23777 0.585
-1.23777 0.586
-1.23777 0.587
-1.23777 0.588
-1.23777 0.589
-1.23777 0.59
-1.23777 0.591
-1.23777 0.592
-1.23777 0.593
-1.23777 0.594
-1.23777 0.595
-1.23777 0.596
-1.23777 0.597
-1.23777 0.598
-1.23777 0.599
-1.23777 0.6
-1.23777 0.601
-1.23777 0.602
-1.23777 0.603
-1.23777 0.604
-1.23777 0.605
-1.23777 0.606
-1.23777 0.607
-1.23777 0.608
-1.23777 0.609
-1.23777 0.61
-1.23777 0.611
-1.23777 0.612
-1.23777 0.613
-1.23777 0.614
-1.23777 0.615
-1.23777 0.616
-1.23777 0.617
-1.23777 0.618
-1.23777 0.619
-1.23777 0.62
-1.23777 0.621
-1.23777 0.622
-1.23777 0.623
-1.23777 0.624
-1.23777 0.625
-1.23777 0.626
-1.23777 0.627
-1.23777 0.628
-1.23777 0.629
-1.23777 0.63
-1.23777 0.631
-1.23777 0.632
-1.23777 0.633
-1.23777 0.634
-1.23777 0.635
-1.23777 0.636
-1.23777 0.637
-1.23777 0.638
-1.23777 0.639
-1.23777 0.64
-1.23777 0.641
-1.23777 0.642
-1.23777 0.643
-1.23777 0.644
-1.23777 0.645
-1.23777 0.646
-1.23777 0.647
-1.23777 0.648
-1.23777 0.649
-1.23777 0.65
-1.23777 0.651
-1.23777 0.652
-1.23777 0.653
-1.23777 0.654
-1.23777 0.655
-1.23777 0.656
-1.23777 0.657
-1.23777 0.658
-1.23777 0.659
-1.23777 0.66
-1.23777 0.661
-1.23777 0.662
-1.23777 0.663
-1.23777 0.664
-1.23777 0.665
-1.23777 0.666
-1.23777 0.667
-1.23777 0.668
-1.23777 0.669
-1.23777 0.67
-1.23777 0.671
-1.23777 0.672
-1.23777 0.673
-1.23777 0.674
-1.23777 0.675
-1.23777 0.676
-1.23777 0.677
-1.23777 0.678
-1.23777 0.679
-1.23777 0.68
-1.23777 0.681
-1.23777 0.682
-1.23777 0.683
-1.23777 0.684
-1.23777 0.685
-1.23777 0.686
-1.23777 0.687
-1.23777 0.688
-1.23777 0.689
-1.23777 0.69
-1.23777 0.691
-1.23777 0.692
-1.23777 0.693
-1.23777 0.694
-1.23777 0.695
-1.23777 0.696
-1.23777 0.697
-1.23777 0.698
-1.23777 0.699
-1.23777 0.7
-1.23777 0.701
-1.23777 0.702
-1.23777 0.703
-1.23777 0.704
-1.23777 0.705
-1.23777 0.706
-1.23777 0.707
-1.23777 0.708
-1.23777 0.709
-1.23777 0.71
-1.23777 0.711
-1.23777 0.712
-1.23777 0.713
-1.23777 0.714
-1.23777 0.715
-1.23777 0.716
-1.23777 0.717
-1.23777 0.718
-1.23777 0.719
-1.23777 0.72
-1.23777 0.721
-1.23777 0.722
-1.23777 0.723
-1.23777 0.724
-1.23777 0.725
-1.23777 0.726
-1.23777 0.727
-1.23777 0.728
-1.23777 0.729
-1.23777 0.73
-1.23777 0.731
-1.23777 0.732
-1.23777 0.733
-1.23777 0.734
-1.23777 0.735
-1.23777 0.736
-1.23777 0.737
-1.23777 0.738
-1.23777 0.739
-1.23777 0.74
-1.23777 0.741
-1.23777 0.742
-1.23777 0.743
-1.23777 0.744
-1.23777 0.745
-1.23777 0.746
-1.23777 0.747
-1.23777 0.748
-1.23777 0.749
-1.23777 0.75
-1.23777 0.751
-1.23777 0.752
-1.23777 0.753
-1.23777 0.754
-1.23777 0.755
-1.23777 0.756
-1.23777 0.757
-1.23777 0.758
-1.23777 0.759
-1.23777 0.76
-1.23777 0.761
-1.23777 0.762
-1.23777 0.763
-1.23777 0.764
-1.23777 0.765
-1.23777 0.766
-1.23777 0.767
-1.23777 0.768
-1.23777 0.769
-1.23777 0.77
-1.23777 0.771
-1.23777 0.772
-1.23777 0.773
-1.23777 0.774
-1.23777 0.775
-1.23777 0.776
-1.23777 0.777
-1.23777 0.778
-1.23777 0.779
-1.23777 0.78
-1.23777 0.781
-1.23777 0.782
-1.23777 0.783
-1.23777 0.784
-1.23777 0.785
-1.23777 0.786
-1.23777 0.787
-1.23777 0.788
-1.23777 0.789
-1.23777 0.79
-1.23777 0.791
-1.23777 0.792
-1.23777 0.793
-1.23777 0.794
-1.23777 0.795
-1.23777 0.796
-1.23777 0.797
-1.23777 0.798
-1.23777 0.799
-1.23777 0.8
-1.23777 0.801
-1.23777 0.802
-1.23777 0.803
-1.23777 0.804
-1.23777 0.805
-1.23777 0.806
-1.23777 0.807
-1.23777 0.808
-1.23777 0.809
-1.23777 0.81
-1.23777 0.811
-1.23777 0.812
-1.23777 0.813
-1.23777 0.814
-1.23777 0.815
-1.23777 0.816
-1.23777 0.817
-1.23777 0.818
-1.23777 0.819
-1.23777 0.82
-1.23777 0.821
-1.23777 0.822
-1.23777 0.823
-1.23777 0.824
-1.23777 0.825
-1.23777 0.826
-1.23777 0.827
-1.23777 0.828
-1.23777 0.829
-1.23777 0.83
-1.23777 0.831
-1.23777 0.832
-1.23777 0.833
-1.23777 0.834
-1.23777 0.835
-1.23777 0.836
-1.23777 0.837
-1.23777 0.838
-1.23777 0.839
-1.23777 0.84
-1.23777 0.841
-1.23777 0.842
-1.23777 0.843
-1.23777 0.844
-1.23777 0.845
-1.23777 0.846
-1.23777 0.847
-1.23777 0.848
-1.23777 0.849
-1.23777 0.85
-1.23777 0.851
-1.23777 0.852
-1.23777 0.853
-1.23777 0.854
-1.23777 0.855
-1.23777 0.856
-1.23777 0.857
-1.23777 0.858
-1.23777 0.859
-1.23777 0.86
-1.23777 0.861
-1.23777 0.862
-1.23777 0.863
-1.23777 0.864
-1.23777 0.865
-1.23777 0.866
-1.23777 0.867
-1.23777 0.868
-1.23777 0.869
-1.23777 0.87
-1.23777 0.871
-1.23777 0.872
-1.23777 0.873
-1.23777 0.874
-1.23777 0.875
-1.23777 0.876
-1.23777 0.877
-1.23777 0.878
-1.23777 0.879
-1.23777 0.88
-1.23777 0.881
-1.23777 0.882
-1.23777 0.883
-1.23777 0.884
-1.23777 0.885
-1.23777 0.886
-1.23777 0.887
-1.23777 0.888
-1.23777 0.889
-1.23777 0.89
-1.23777 0.891
-1.23777 0.892
-1.23777 0.893
-1.23777 0.894
-1.23777 0.895
-1.23777 0.896
-1.23777 0.897
-1.23777 0.898
-1.23777 0.899
-1.23777 0.9
-1.23777 0.901
-1.23777 0.902
-1.23777 0.903
-1.23777 0.904
-1.23777 0.905
-1.23777 0.906
-1.23777 0.907
-1.23777 0.908
-1.23777 0.909
-1.23777 0.91
-1.23777 0.911
-1.23777 0.912
-1.23777 0.913
-1.23777 0.914
-1.23777 0.915
-1.23777 0.916
-1.23777 0.917
-1.23777 0.918
-1.23777 0.919
-1.23777 0.92
-1.23777 0.921
-1.23777 0.922
-1.23777 0.923
-1.23777 0.924
-1.23777 0.925
-1.23777 0.926
-1.23777 0.927
-1.23777 0.928
-1.23777 0.929
-1.23777 0.93
-1.23777 0.931
-1.23777 0.932
-1.23777 0.933
-1.23777 0.934
-1.23777 0.935
-1.23777 0.936
-1.23777 0.937
-1.23777 0.938
-1.23777 0.939
-1.23777 0.94
-1.23777 0.941
-1.23777 0.942
-1.23777 0.943
-1.23777 0.944
-1.23777 0.945
-1.23777 0.946
-1.23777 0.947
-1.23777 0.948
-1.23777 0.949
-1.23777 0.95
-1.23777 0.951
-1.23777 0.952
-1.23777 0.953
-1.23777 0.954
-1.23777 0.955
-1.23777 0.956
-1.23777 0.957
-1.23777 0.958
-1.23777 0.959
-1.23777 0.96
-1.23777 0.961
-1.23777 0.962
-1.23777 0.963
-1.23777 0.964
-1.23777 0.965
-1.23777 0.966
-1.23777 0.967
-1.23777 0.968
-1.23777 0.969
-1.23777 0.97
-1.23777 0.971
-1.23777 0.972
-1.23777 0.973
-1.23777 0.974
-1.23777 0.975
-1.23777 0.976
-1.23777 0.977
-1.23777 0.978
-1.23777 0.979
-1.23777 0.98
-1.23777 0.981
-1.23777 0.982
-1.23777 0.983
-1.23777 0.984
-1.23777 0.985
-1.23777 0.986
-1.23777 0.987
-1.23777 0.988
-1.23777 0.989
-1.23777 0.99
-1.23776 0.991
-1.23778 0.992
-1.23779 0.993
-1.23782 0.994
-1.23788 0.995
-1.23799 0.996
-1.23822 0.997
-1.23925 0.998
-1.2416 0.999
-1.2406 1


Shark
3.14159 1.5
3.13759 1.4995
3.13359 1.499
3.12959 1.4985
3.12559 1.498
3.12159 1.4975
3.11759 1.497
3.11359 1.4965
3.10959 1.496
3.10559 1.4955
3.10159 1.495
3.09759 1.4945
3.09359 1.494
3.08959 1.4935
3.08559 1.493
3.08159 1.4925
3.07759 1.492
3.07359 1.4915
3.06959 1.491
3.06559 1.4905
3.06159 1.49
3.05759 1.4895
3.05359 1.489
3.04959 1.4885
3.04559 1.488
3.04159 1.4875
3.03759 1.487
3.03359 1.4865
3.02959 1.486
3.02559 1.4855
3.02159 1.485
3.01759 1.4845
3.01359 1.484
3.00959 1.4835
3.00559 1.483
3.00159 1.4825
2.99759 1.482
2.99359 1.4815
2.98959 1.481
2.98559 1.4805
2.98159 1.48
2.97759 1.4795
2.97359 1.479
2.96959 1.4785
2.96559 1.478
2.96159 1.4775
2.95759 1.477
2.95359 1.4765
2.94959 1.476
2.94559 1.4755
2.94159 1.475
2.93759 1.4745
2.93359 1.474
2.92959 1.4735
2.92559 1.473
2.92159 1.4725
2.91759 1.472
2.91359 1.4715
2.90959 1.471
2.90559 1.4705
2.90159 1.47
2.89759 1.4695
2.89359 1.469
2.88959 1.4685
2.88559 1.468
2.88159 1.4675
2.87759 1.467
2.87359 1.4665
2.86959 1.466
2.86559 1.4655
2.86159 1.465
2.85759 1.4645
2.85359 1.464
2.84959 1.4635
2.84559 1.463
2.84159 1.4625
2.83759 1.462
2.83359 1.4615
2.82959 1.461
2.82559 1.4605
2.82159 1.46
2.81759 1.4595
2.81359 1.459
2.80959 1.4585
2.80559 1.458
2.80159 1.4575
2.79759 1.457
2.79359 1.4565
2.78959 1.456
2.78556 1.4555
2.78141 1.455
2.77683 1.4545
2.77082 1.454
2.7609 1.4535
2.74211 1.453
2.7048 1.4525
2.62981 1.452
2.59172 1.4515
2.57216 1.451
2.5617 1.4505
2.55538 1.45
2.55068 1.4495
2.5465 1.449
2.54245 1.4485
2.53845 1.448
2.53445 1.4475
2.53045 1.447
2.52645 1.4465
2.52245 1.446
2.51845 1.4455
2.51445 1.445
2.51045 1.4445
2.50645 1.444
2.50245 1.4435
2.49845 1.443
2.49445 1.4425
2.49045 1.442
2.48645 1.4415
2.48245 1.441
2.47845 1.4405
2.47445 1.44
2.47045 1.4395
2.46645 1.439
2.46244 1.4385
2.45844 1.438
2.45441 1.4375
2.4503 1.437
2.44585 1.4365
2.44025 1.436
2.43516 1.4355
2.42949 1.435
2.42151 1.4345
2.4161 1.434
2.41152 1.4335
2.4071 1.433
2.40243 1.4325
2.39651 1.432
2.38714 1.4315
2.37925 1.431
2.36985 1.4305
2.35476 1.43
2.34641 1.4295
2.34097 1.429
2.31778 1.4285
2.30561 1.428
2.2985 1.4275
2.29342 1.427
2.28899 1.4265
2.28469 1.426
2.28014 1.4255
2.27455 1.425
2.26615 1.4245
2.25075 1.424
2.24227 1.4235
2.23677 1.423
2.23232 1.4225
2.22818 1.422
2.22411 1.4215
2.22005 1.421
2.2159 1.4205
2.21145 1.42
2.20579 1.4195
2.1968 1.419
2.19097 1.4185
2.18625 1.418
2.18177 1.4175
2.177 1.417
2.171 1.4165
2.16151 1.416
2.15532 1.4155
2.15025 1.415
2.14517 1.4145
2.13892 1.414
2.12919 1.4135
2.12305 1.413
2.1182 1.4125
2.11366 1.412
2.10881 1.4115
2.10264 1.411
2.09276 1.4105
2.08655 1.41
2.08168 1.4095
2.07709 1.409
2.07217 1.4085
2.06582 1.408
2.061 1.4075
2.05662 1.407
2.05225 1.4065
2.04741 1.406
2.04099 1.4055
2.03605 1.405
2.03147 1.4045
2.02667 1.404
2.0207 1.4035
2.01135 1.403
2.00551 1.4025
2.00097 1.402
1.99684 1.4015
1.99279 1.401
1.98877 1.4005
1.98475 1.4
1.98071 1.3995
1.97656 1.399
1.97201 1.3985
1.96609 1.398
1.95643 1.3975
1.95048 1.397
1.94591 1.3965
1.94174 1.396
1.93769 1.3955
1.93367 1.395
1.92964 1.3945
1.92558 1.394
1.92137 1.3935
1.91659 1.393
1.90998 1.3925
1.90518 1.392
1.90097 1.3915
1.8969 1.391
1.89288 1.3905
1.88887 1.39
1.88484 1.3895
1.88078 1.389
1.87655 1.3885
1.8717 1.388
1.86489 1.3875
1.86003 1.387
1.8558 1.3865
1.85173 1.386
1.8477 1.3855
1.84369 1.385
1.83966 1.3845
1.83559 1.384
1.83135 1.3835
1.82643 1.383
1.81942 1.3825
1.81448 1.382
1.81023 1.3815
1.80615 1.381
1.80213 1.3805
1.79811 1.38
1.79409 1.3795
1.79001 1.379
1.78576 1.3785
1.78082 1.378
1.77377 1.3775
1.76882 1.377
1.76456 1.3765
1.76048 1.376
1.75646 1.3755
1.75244 1.375
1.74842 1.3745
1.74435 1.374
1.74013 1.3735
1.73529 1.373
1.72852 1.3725
1.72367 1.372
1.71944 1.3715
1.71538 1.371
1.71136 1.3705
1.70736 1.37
1.70335 1.3695
1.69935 1.369
1.69535 1.3685
1.69133 1.368
1.68725 1.3675
1.68293 1.367
1.67884 1.3665
1.67482 1.366
1.67082 1.3655
1.66682 1.365
1.66282 1.3645
1.65882 1.364
1.65482 1.3635
1.65082 1.363
1.64682 1.3625
1.64282 1.362
1.63882 1.3615
1.63482 1.361
1.63082 1.3605
1.62682 1.36
1.62282 1.3595
1.61882 1.359
1.61482 1.3585
1.61082 1.358
1.60682 1.3575
1.60282 1.357
1.59882 1.3565
1.59482 1.356
1.59082 1.3555
1.58682 1.355
1.58282 1.3545
1.57882 1.354
1.57482 1.3535
1.57082 1.353
1.56682 1.3525
1.56282 1.352
1.55882 1.3515
1.55482 1.351
1.55082 1.3505
1.54682 1.35
1.54282 1.3495
1.53882 1.349
1.53482 1.3485
1.53082 1.348
1.52682 1.3475
1.52282 1.347
1.51882 1.3465
1.51482 1.346
1.51082 1.3455
1.50682 1.345
1.50282 1.3445
1.49882 1.344
1.49482 1.3435
1.49082 1.343
1.48682 1.3425
1.48282 1.342
1.47882 1.3415
1.47482 1.341
1.47082 1.3405
1.46682 1.34
1.46282 1.3395
1.45882 1.339
1.45482 1.3385
1.45082 1.338
1.44682 1.3375
1.44282 1.337
1.43882 1.3365
1.43482 1.336
1.43082 1.3355
1.42682 1.335
1.42282 1.3345
1.41882 1.334
1.41482 1.3335
1.41082 1.333
1.40682 1.3325
1.40282 1.332
1.39882 1.3315
1.39482 1.331
1.39082 1.3305
1.38682 1.33
1.38282 1.3295
1.37882 1.329
1.37482 1.3285
1.37082 1.328
1.36682 1.3275
1.36282 1.327
1.35882 1.3265
1.35482 1.326
1.35082 1.3255
1.34682 1.325
1.34282 1.3245
1.33882 1.324
1.33482 1.3235
1.33082 1.323
1.32682 1.3225
1.32282 1.322
1.31882 1.3215
1.31482 1.321
1.31082 1.3205
1.30682 1.32
1.30282 1.3195
1.29882 1.319
1.29482 1.3185
1.29082 1.318
1.28682 1.3175
1.28282 1.317
1.27882 1.3165
1.27482 1.316
1.27082 1.3155
1.26682 1.315
1.26282 1.3145
1.25882 1.314
1.25482 1.3135
1.25082 1.313
1.24682 1.3125
1.24282 1.312
1.23882 1.3115
1.23482 1.311
1.23082 1.3105
1.22682 1.31
1.22282 1.3095
1.21882 1.309
1.21482 1.3085
1.21082 1.308
1.20682 1.3075
1.20282 1.307
1.19882 1.3065
1.19482 1.306
1.19082 1.3055
1.18682 1.305
1.18282 1.3045
1.17882 1.304
1.17482 1.3035
1.17082 1.303
1.16682 1.3025
1.16282 1.302
1.15882 1.3015
1.15482 1.301
1.15082 1.3005
1.14682 1.3
1.14282 1.2995
1.13882 1.299
1.13482 1.2985
1.13082 1.298
1.12682 1.2975
1.12282 1.297
1.11882 1.2965
1.11482 1.296
1.11082 1.2955
1.10682 1.295
1.10282 1.2945
1.09882 1.294
1.09482 1.2935
1.09082 1.293
1.08682 1.2925
1.08282 1.292
1.07882 1.2915
1.07482 1.291
1.07082 1.2905
1.06682 1.29
1.06282 1.2895
1.05882 1.289
1.05482 1.2885
1.05082 1.288
1.04682 1.2875
1.04282 1.287
1.03882 1.2865
1.03482 1.286
1.03082 1.2855
1.02682 1.285
1.02282 1.2845
1.01882 1.284
1.01482 1.2835
1.01082 1.283
1.00682 1.2825
1.00282 1.282
0.998815 1.2815
0.994815 1.281
0.990815 1.2805
0.986815 1.28
0.982815 1.2795
0.978815 1.279
0.974815 1.2785
0.970815 1.278
0.966815 1.2775
0.962815 1.277
0.958815 1.2765
0.954815 1.276
0.950815 1.2755
0.946815 1.275
0.942815 1.2745
0.938815 1.274
0.934815 1.2735
0.930815 1.273
0.926815 1.2725
0.922815 1.272
0.918815 1.2715
0.914815 1.271
0.910815 1.2705
0.906815 1.27
0.902815 1.2695
0.898815 1.269
0.894815 1.2685
0.890815 1.268
0.886815 1.2675
0.882815 1.267
0.878815 1.2665
0.874815 1.266
0.870815 1.2655
0.866815 1.265
0.862815 1.2645
0.858815 1.264
0.854815 1.2635
0.850815 1.263
0.846815 1.2625
0.842815 1.262
0.838815 1.2615
0.834815 1.261
0.830815 1.2605
0.826815 1.26
0.822815 1.2595
0.818815 1.259
0.814815 1.2585
0.810815 1.258
0.806815 1.2575
0.802815 1.257
0.798815 1.2565
0.794815 1.256
0.790815 1.2555
0.786815 1.255
0.782815 1.2545
0.778815 1.254
0.774815 1.2535
0.770815 1.253
0.766815 1.2525
0.762815 1.252
0.758815 1.2515
0.754815 1.251
0.750815 1.2505
0.746815 1.25
0.742815 1.2495
0.738815 1.249
0.734815 1.2485
0.730815 1.248
0.726815 1.2475
0.722815 1.247
0.718815 1.2465
0.714815 1.246
0.710815 1.2455
0.706815 1.245
0.702815 1.2445
0.698815 1.244
0.694815 1.2435
0.690815 1.243
0.686815 1.2425
0.682815 1.242
0.678815 1.2415
0.674815 1.241
0.670815 1.2405
0.666815 1.24
0.662815 1.2395
0.658815 1.239
0.654815 1.2385
0.650815 1.238
0.646815 1.2375
0.642815 1.237
0.638815 1.2365
0.634815 1.236
0.630815 1.2355
0.626815 1.235
0.622815 1.2345
0.618815 1.234
0.614815 1.2335
0.610815 1.233
0.606815 1.2325
0.602815 1.232
0.598815 1.2315
0.594815 1.231
0.590815 1.2305
0.586815 1.23
0.582815 1.2295
0.578815 1.229
0.574815 1.2285
0.570815 1.228
0.566815 1.2275
0.562815 1.227
0.558815 1.2265
0.554815 1.226
0.550815 1.2255
0.546815 1.225
0.542815 1.2245
0.538815 1.224
0.534815 1.2235
0.530815 1.223
0.526815 1.2225
0.522815 1.222
0.518815 1.2215
0.514815 1.221
0.510815 1.2205
0.506815 1.22
0.502815 1.2195
0.498815 1.219
0.494815 1.2185
0.490815 1.218
0.486815 1.2175
0.482815 1.217
0.478815 1.2165
0.474815 1.216
0.470815 1.2155
0.466815 1.215
0.462815 1.2145
0.458815 1.214
0.454815 1.2135
0.450815 1.213
0.446815 1.2125
0.442815 1.212
0.438815 1.2115
0.434815 1.211
0.430815 1.2105
0.426815 1.21
0.422815 1.2095
0.418815 1.209
0.414815 1.2085
0.410815 1.208
0.406815 1.2075
0.402815 1.207
0.398815 1.2065
0.394815 1.206
0.390815 1.2055
0.386815 1.205
0.382815 1.2045
0.378815 1.204
0.374815 1.2035
0.370815 1.203
0.366815 1.2025
0.362815 1.202
0.358815 1.2015
0.354815 1.201
0.350815 1.2005
0.346815 1.2
0.342815 1.1995
0.338815 1.199
0.334815 1.1985
0.330815 1.198
0.326815 1.1975
0.322815 1.197
0.318815 1.1965
0.314815 1.196
0.310815 1.1955
0.306815 1.195
0.302815 1.1945
0.298815 1.194
0.294815 1.1935
0.290815 1.193
0.286815 1.1925
0.282815 1.192
0.278815 1.1915
0.274815 1.191
0.270815 1.1905
0.266815 1.19
0.262815 1.1895
0.258815 1.189
0.254815 1.1885
0.250815 1.188
0.246815 1.1875
0.242815 1.187
0.238815 1.1865
0.234815 1.186
0.230815 1.1855
0.226815 1.185
0.222815 1.1845
0.218815 1.184
0.214815 1.1835
0.210815 1.183
0.206815 1.1825
0.202815 1.182
0.198815 1.1815
0.194815 1.181
0.190815 1.1805
0.186815 1.18
0.182815 1.1795
0.178815 1.179
0.174815 1.1785
0.170815 1.178
0.166815 1.1775
0.162815 1.177
0.158815 1.1765
0.154815 1.176
0.150815 1.1755
0.146815 1.175
0.142815 1.1745
0.138815 1.174
0.134815 1.1735
0.130815 1.173
0.126815 1.1725
0.122815 1.172
0.118815 1.1715
0.114815 1.171
0.110815 1.1705
0.106815 1.17
0.102815 1.1695
0.0988153 1.169
0.0948153 1.1685
0.0908153 1.168
0.0868153 1.1675
0.0828153 1.167
0.0788153 1.1665
0.0748153 1.166
0.0708153 1.1655
0.0668153 1.165
0.0628153 1.1645
0.0588153 1.164
0.0548153 1.1635
0.0508153 1.163
0.0468153 1.1625
0.0428153 1.162
0.0388153 1.1615
0.0348153 1.161
0.0308153 1.1605
0.0268153 1.16
0.0228153 1.1595
0.0188153 1.159
0.0148153 1.1585
0.0108153 1.158
0.00681529 1.1575
0.00281529 1.157
-0.00118471 1.1565
-0.00518471 1.156
-0.00918471 1.1555
-0.0131847 1.155
-0.0171847 1.1545
-0.0211847 1.154
-0.0251847 1.1535
-0.0291847 1.153
-0.0331847 1.1525
-0.0371847 1.152
-0.0411847 1.1515
-0.0451847 1.151
-0.0491847 1.1505
-0.0531847 1.15
-0.0571847 1.1495
-0.0611847 1.149
-0.0651847 1.1485
-0.0691847 1.148
-0.0731847 1.1475
-0.0771847 1.147
-0.0811847 1.1465
-0.0851847 1.146
-0.0891847 1.1455
-0.0931847 1.145
-0.0971847 1.1445
-0.101185 1.144
-0.105185 1.1435
-0.109185 1.143
-0.113185 1.1425
-0.117185 1.142
-0.121185 1.1415
-0.125185 1.141
-0.129185 1.1405
-0.133185 1.14
-0.137185 1.1395
-0.141185 1.139
-0.145185 1.1385
-0.149185 1.138
-0.153185 1.1375
-0.157185 1.137
-0.161185 1.1365
-0.165185 1.136
-0.169185 1.1355
-0.173185 1.135
-0.177185 1.1345
-0.181185 1.134
-0.185185 1.1335
-0.189185 1.133
-0.193185 1.1325
-0.197185 1.132
-0.201185 1.1315
-0.205185 1.131
-0.209185 1.1305
-0.213185 1.13
-0.217185 1.1295
-0.221185 1.129
-0.225185 1.1285
-0.229185 1.128
-0.233185 1.1275
-0.237185 1.127
-0.241185 1.1265
-0.245185 1.126
-0.249185 1.1255
-0.253185 1.125
-0.257185 1.1245
-0.261185 1.124
-0.265185 1.1235
-0.269185 1.123
-0.273185 1.1225
-0.277185 1.122
-0.281185 1.1215
-0.285185 1.121
-0.289185 1.1205
-0.293185 1.12
-0.297185 1.1195
-0.301185 1.119
-0.305185 1.1185
-0.309185 1.118
-0.313185 1.1175
-0.317185 1.117
-0.321185 1.1165
-0.325185 1.116
-0.329185 1.1155
-0.333185 1.115
-0.337185 1.1145
-0.341185 1.114
-0.345185 1.1135
-0.349185 1.113
-0.353185 1.1125
-0.357185 1.112
-0.361185 1.1115
-0.365185 1.111
-0.369185 1.1105
-0.373185 1.11
-0.377185 1.1095
-0.381185 1.109
-0.385185 1.1085
-0.389185 1.108
-0.393185 1.1075
-0.397185 1.107
-0.401185 1.1065
-0.405185 1.106
-0.409185 1.1055
-0.413185 1.105
-0.417185 1.1045
-0.421185 1.104
-0.425185 1.1035
-0.429185 1.103
-0.433185 1.1025
-0.437185 1.102
-0.441185 1.1015
-0.445185 1.101
-0.449185 1.1005
-0.453185 1.1
-0.457185 1.0995
-0.461185 1.099
-0.465185 1.0985
-0.469185 1.098
-0.473185 1.0975
-0.477185 1.097
-0.481185 1.0965
-0.485185 1.096
-0.489185 1.0955
-0.493185 1.095
-0.497185 1.0945
-0.501185 1.094
-0.505185 1.0935
-0.509185 1.093
-0.513185 1.0925
-0.517185 1.092
-0.521185 1.0915
-0.525185 1.091
-0.529185 1.0905
-0.533185 1.09
-0.537185 1.0895
-0.541185 1.089
-0.545185 1.0885
-0.549185 1.088
-0.553185 1.0875
-0.557185 1.087
-0.561185 1.0865
-0.565185 1.086
-0.569185 1.0855
-0.573185 1.085
-0.577185 1.0845
-0.581185 1.084
-0.585185 1.0835
-0.589185 1.083
-0.593185 1.0825
-0.597185 1.082
-0.601185 1.0815
-0.605185 1.081
-0.609185 1.0805
-0.613185 1.08
-0.617185 1.0795
-0.621185 1.079
-0.625185 1.0785
-0.629185 1.078
-0.633185 1.0775
-0.637185 1.077
-0.641185 1.0765
-0.645185 1.076
-0.649185 1.0755
-0.653185 1.075
-0.657185 1.0745
-0.661185 1.074
-0.665185 1.0735
-0.669185 1.073
-0.673185 1.0725
-0.677185 1.072
-0.681185 1.0715
-0.685185 1.071
-0.689185 1.0705
-0.693185 1.07
-0.697185 1.0695
-0.701185 1.069
-0.705185 1.0685
-0.709185 1.068
-0.713185 1.0675
-0.717185 1.067
-0.721185 1.0665
-0.725185 1.066
-0.729185 1.0655
-0.733185 1.065
-0.737185 1.0645
-0.741185 1.064
-0.745185 1.0635
-0.749185 1.063
-0.753185 1.0625
-0.757185 1.062
-0.761185 1.0615
-0.765185 1.061
-0.769185 1.0605
-0.773185 1.06
-0.777185 1.0595
-0.781185 1.059
-0.785185 1.0585
-0.789185 1.058
-0.793185 1.0575
-0.797185 1.057
-0.801185 1.0565
-0.805185 1.056
-0.809185 1.0555
-0.813185 1.055
-0.817185 1.0545
-0.821185 1.054
-0.825185 1.0535
-0.829185 1.053
-0.833185 1.0525
-0.837185 1.052
-0.841185 1.0515
-0.845185 1.051
-0.849185 1.0505
-0.853185 1.05
-0.857185 1.0495
-0.861185 1.049
-0.865185 1.0485
-0.869185 1.048
-0.873185 1.0475
-0.877185 1.047
-0.881185 1.0465
-0.885185 1.046
-0.889185 1.0455
-0.893185 1.045
-0.897185 1.0445
-0.901185 1.044
-0.905185 1.0435
-0.909185 1.043
-0.913185 1.0425
-0.917185 1.042
-0.921185 1.0415
-0.925185 1.041
-0.929185 1.0405
-0.933185 1.04
-0.937185 1.0395
-0.941185 1.039
-0.945185 1.0385
-0.949185 1.038
-0.953185 1.0375
-0.957185 1.037
-0.961185 1.0365
-0.965185 1.036
-0.969185 1.0355
-0.973185 1.035
-0.977185 1.0345
-0.981185 1.034
-0.985185 1.0335
-0.989185 1.033
-0.993185 1.0325
-0.997185 1.032
-1.00118 1.0315
-1.00518 1.031
-1.00918 1.0305
-1.01318 1.03
-1.01718 1.0295
-1.02118 1.029
-1.02518 1.0285
-1.02918 1.028
-1.03318 1.0275
-1.03718 1.027
-1.04118 1.0265
-1.04518 1.026
-1.04918 1.0255
-1.05318 1.025
-1.05718 1.0245
-1.06118 1.024
-1.06518 1.0235
-1.06918 1.023
-1.07318 1.0225
-1.07718 1.022
-1.08118 1.0215
-1.08518 1.021
-1.08918 1.0205
-1.09318 1.02
-1.09718 1.0195
-1.10118 1.019
-1.10518 1.0185
-1.10918 1.018
-1.11318 1.0175
-1.11718 1.017
-1.12118 1.0165
-1.12518 1.016
-1.12918 1.0155
-1.13318 1.015
-1.13718 1.0145
-1.14118 1.014
-1.14518 1.0135
-1.14918 1.013
-1.15318 1.0125
-1.15718 1.012
-1.16118 1.0115
-1.16518 1.011
-1.16918 1.0105
-1.17318 1.01
-1.17718 1.0095
-1.18118 1.009
-1.18518 1.0085
-1.18918 1.008
-1.19318 1.0075
-1.19718 1.007
-1.20118 1.0065
-1.20518 1.006
-1.20918 1.0055
-1.21318 1.005
-1.21718 1.0045
-1.22119 1.004
-1.22519 1.0035
-1.22919 1.003
-1.23319 1.0025
-1.23722 1.002
-1.23822 1.0015
-1.23925 1.001
-1.2416 1.0005
-1.2406 1
