Man
0 0
0 0.0005
0 0.001
0 0.0015
0 0.002
0 0.0025
0 0.003
0 0.0035
0 0.004
0 0.0045
0 0.005
0 0.0055
0 0.006
0 0.0065
0 0.007
0 0.0075
0 0.008
0 0.0085
0 0.009
0 0.0095
0 0.01
0 0.0105
0 0.011
0 0.0115
0 0.012
0 0.0125
0 0.013
0 0.0135
0 0.014
0 0.0145
0 0.015
0 0.0155
0 0.016
0 0.0165
0 0.017
0 0.0175
0 0.018
0 0.0185
0 0.019
0 0.0195
0 0.02
0 0.0205
0 0.021
0 0.0215
0 0.022
0 0.0225
0 0.023
0 0.0235
0 0.024
0 0.0245
0 0.025
0 0.0255
0 0.026
0 0.0265
0 0.027
0 0.0275
0 0.028
0 0.0285
0 0.029
0 0.0295
0 0.03
0 0.0305
0 0.031
0 0.0315
0 0.032
0 0.0325
0 0.033
0 0.0335
0 0.034
0 0.0345
0 0.035
0 0.0355
0 0.036
0 0.0365
0 0.037
0 0.0375
0 0.038
0 0.0385
0 0.039
0 0.0395
0 0.04
0 0.0405
0 0.041
0 0.0415
0 0.042
0 0.0425
0 0.043
0 0.0435
0 0.044
0 0.0445
0 0.045
0 0.0455
0 0.046
0 0.0465
0 0.047
0 0.0475
0 0.048
0 0.0485
0 0.049
0 0.0495
0 0.05
0 0.0505
0 0.051
0 0.0515
0 0.052
0 0.0525
0 0.053
0 0.0535
0 0.054
0 0.0545
0 0.055
0 0.0555
0 0.056
0 0.0565
0 0.057
0 0.0575
0 0.058
0 0.0585
0 0.059
0 0.0595
0 0.06
0 0.0605
0 0.061
0 0.0615
0 0.062
0 0.0625
0 0.063
0 0.0635
0 0.064
0 0.0645
0 0.065
0 0.0655
0 0.066
0 0.0665
0 0.067
0 0.0675
0 0.068
0 0.0685
0 0.069
0 0.0695
0 0.07
0 0.0705
0 0.071
0 0.0715
0 0.072
0 0.0725
0 0.073
0 0.0735
0 0.074
0 0.0745
0 0.075
0 0.0755
0 0.076
0 0.0765
0 0.077
0 0.0775
0 0.078
0 0.0785
0 0.079
0 0.0795
0 0.08
0 0.0805
0 0.081
0 0.0815
0 0.082
0 0.0825
0 0.083
0 0.0835
0 0.084
0 0.0845
0 0.085
0 0.0855
0 0.086
0 0.0865
0 0.087
0 0.0875
0 0.088
0 0.0885
0 0.089
0 0.0895
-0.000383495 0.09
-0.00115049 0.0905
-0.00268447 0.091
-0.00575243 0.0915
-0.0118884 0.092
-0.0241602 0.0925
-0.0487039 0.093
-0.0977913 0.0935
-0.195966 0.094
-0.392316 0.0945
-0.49049 0.095
-0.539578 0.0955
-0.564121 0.096
-0.576393 0.0965
-0.582529 0.097
-0.585597 0.0975
-0.587131 0.098
-0.587898 0.0985
-0.588282 0.099
-0.588282 0.0995
-0.588282 0.1
-0.588282 0.1005
-0.588282 0.101
-0.588282 0.1015
-0.588282 0.102
-0.588282 0.1025
-0.588282 0.103
-0.588282 0.1035
-0.588282 0.104
-0.588282 0.1045
-0.58833 0.105
-0.588425 0.1055
-0.588617 0.106
-0.589001 0.1065
-0.589768 0.107
-0.591302 0.1075
-0.59437 0.108
-0.600506 0.1085
-0.612777 0.109
-0.637321 0.1095
-0.649593 0.11
-0.655729 0.1105
-0.658797 0.111
-0.660331 0.1115
-0.661098 0.112
-0.661481 0.1125
-0.661673 0.113
-0.661769 0.1135
-0.661817 0.114
-0.661817 0.1145
-0.661817 0.115
-0.661817 0.1155
-0.661817 0.116
-0.661817 0.1165
-0.661817 0.117
-0.661817 0.1175
-0.661817 0.118
-0.661829 0.1185
-0.661853 0.119
-0.661901 0.1195
-0.661997 0.12
-0.662188 0.1205
-0.662572 0.121
-0.663339 0.1215
-0.664873 0.122
-0.667941 0.1225
-0.674077 0.123
-0.677145 0.1235
-0.678679 0.124
-0.679446 0.1245
-0.679829 0.125
-0.680021 0.1255
-0.680117 0.126
-0.680165 0.1265
-0.680189 0.127
-0.680201 0.1275
-0.680201 0.128
-0.680201 0.1285
-0.680201 0.129
-0.680201 0.1295
-0.680201 0.13
-0.680201 0.1305
-0.680201 0.131
-0.680249 0.1315
-0.680344 0.132
-0.680536 0.1325
-0.68092 0.133
-0.681687 0.1335
-0.683221 0.134
-0.686289 0.1345
-0.692425 0.135
-0.704696 0.1355
-0.72924 0.136
-0.741512 0.1365
-0.747648 0.137
-0.750764 0.1375
-0.752394 0.138
-0.753352 0.1385
-0.754119 0.139
-0.755078 0.1395
-0.756708 0.14
-0.759824 0.1405
-0.76596 0.141
-0.778232 0.1415
-0.802775 0.142
-0.815047 0.1425
-0.821183 0.143
-0.824251 0.1435
-0.825785 0.144
-0.8266 0.1445
-0.827079 0.145
-0.827463 0.1455
-0.827942 0.146
-0.828757 0.1465
-0.830291 0.147
-0.833359 0.1475
-0.839495 0.148
-0.851767 0.1485
-0.87631 0.149
-0.888582 0.1495
-0.894742 0.15
-0.897858 0.1505
-0.899488 0.151
-0.900447 0.1515
-0.901214 0.152
-0.902172 0.1525
-0.903802 0.153
-0.906918 0.1535
-0.913054 0.154
-0.925326 0.1545
-0.931462 0.155
-0.934554 0.1555
-0.936136 0.156
-0.936999 0.1565
-0.937574 0.157
-0.938149 0.1575
-0.939012 0.158
-0.940594 0.1585
-0.943686 0.159
-0.949822 0.1595
-0.962094 0.16
-0.968229 0.1605
-0.971297 0.161
-0.972855 0.1615
-0.97367 0.162
-0.97415 0.1625
-0.974533 0.163
-0.975013 0.1635
-0.975827 0.164
-0.977385 0.1645
-0.980453 0.165
-0.986589 0.1655
-0.998861 0.166
-1.005 0.1665
-1.00807 0.167
-1.00962 0.1675
-1.01044 0.168
-1.01092 0.1685
-1.0113 0.169
-1.01178 0.1695
-1.0126 0.17
-1.01415 0.1705
-1.01722 0.171
-1.02336 0.1715
-1.03563 0.172
-1.04176 0.1725
-1.04483 0.173
-1.04639 0.1735
-1.04721 0.174
-1.04768 0.1745
-1.04807 0.175
-1.04855 0.1755
-1.04936 0.176
-1.05092 0.1765
-1.05399 0.177
-1.06012 0.1775
-1.0724 0.178
-1.07853 0.1785
-1.0816 0.179
-1.08316 0.1795
-1.08397 0.18
-1.08445 0.1805
-1.08484 0.181
-1.08532 0.1815
-1.08613 0.182
-1.08769 0.1825
-1.09076 0.183
-1.09689 0.1835
-1.10916 0.184
-1.1153 0.1845
-1.11837 0.185
-1.11992 0.1855
-1.12074 0.186
-1.12121 0.1865
-1.12158 0.187
-1.12203 0.1875
-1.12279 0.188
-1.12423 0.1885
-1.12708 0.189
-1.13277 0.1895
-1.14415 0.19
-1.14984 0.1905
-1.15269 0.191
-1.15412 0.1915
-1.15486 0.192
-1.15526 0.1925
-1.15554 0.193
-1.15582 0.1935
-1.15624 0.194
-1.15703 0.1945
-1.15857 0.195
-1.16164 0.1955
-1.16777 0.196
-1.17084 0.1965
-1.17237 0.197
-1.17315 0.1975
-1.17356 0.198
-1.1738 0.1985
-1.17399 0.199
-1.17423 0.1995
-1.17464 0.2
-1.17542 0.2005
-1.17695 0.201
-1.18002 0.2015
-1.18615 0.202
-1.18922 0.2025
-1.19076 0.203
-1.19152 0.2035
-1.19191 0.204
-1.1921 0.2045
-1.19219 0.205
-1.19224 0.2055
-1.19227 0.206
-1.19228 0.2065
-1.19228 0.207
-1.19228 0.2075
-1.19228 0.208
-1.19228 0.2085
-1.19228 0.209
-1.19228 0.2095
-1.19228 0.21
-1.19228 0.2105
-1.19228 0.211
-1.19228 0.2115
-1.19228 0.212
-1.19228 0.2125
-1.19228 0.213
-1.19228 0.2135
-1.19228 0.214
-1.19228 0.2145
-1.19228 0.215
-1.19228 0.2155
-1.19228 0.216
-1.19228 0.2165
-1.19228 0.217
-1.19228 0.2175
-1.19228 0.218
-1.19228 0.2185
-1.19228 0.219
-1.19228 0.2195
-1.19228 0.22
-1.19228 0.2205
-1.19228 0.221
-1.19228 0.2215
-1.19228 0.222
-1.19228 0.2225
-1.19228 0.223
-1.19228 0.2235
-1.19228 0.224
-1.19228 0.2245
-1.19228 0.225
-1.19228 0.2255
-1.19228 0.226
-1.19228 0.2265
-1.19228 0.227
-1.19228 0.2275
-1.19228 0.228
-1.19228 0.2285
-1.19228 0.229
-1.19228 0.2295
-1.19228 0.23
-1.19228 0.2305
-1.19228 0.231
-1.19228 0.2315
-1.19228 0.232
-1.19228 0.2325
-1.19228 0.233
-1.19228 0.2335
-1.19228 0.234
-1.19228 0.2345
-1.19228 0.235
-1.19228 0.2355
-1.19228 0.236
-1.19228 0.2365
-1.19228 0.237
-1.19228 0.2375
-1.19228 0.238
-1.19228 0.2385
-1.19228 0.239
-1.19228 0.2395
-1.19228 0.24
-1.19228 0.2405
-1.19228 0.241
-1.19228 0.2415
-1.19228 0.242
-1.19228 0.2425
-1.19228 0.243
-1.19228 0.2435
-1.19228 0.244
-1.19228 0.2445
-1.19228 0.245
-1.19228 0.2455
-1.19228 0.246
-1.19228 0.2465
-1.19228 0.247
-1.1923 0.2475
-1.19234 0.248
-1.19242 0.2485
-1.19257 0.249
-1.19288 0.2495
-1.19351 0.25
-1.19475 0.2515
-1.19724 0.253
-1.20223 0.2545
-1.2122 0.256
-1.2172 0.2575
-1.21972 0.259
-1.22101 0.2605
-1.22173 0.262
-1.22223 0.2635
-1.22277 0.265
-1.22362 0.2665
-1.22519 0.268
-1.22828 0.2695
-1.23441 0.271
-1.23749 0.2725
-1.23905 0.274
-1.23987 0.2755
-1.24034 0.277
-1.24073 0.2785
-1.24121 0.28
-1.24202 0.2815
-1.24358 0.283
-1.24666 0.2845
-1.2528 0.286
-1.25588 0.2875
-1.25743 0.289
-1.25825 0.2905
-1.25873 0.292
-1.25911 0.2935
-1.25959 0.295
-1.26041 0.2965
-1.26196 0.298
-1.26504 0.2995
-1.27118 0.301
-1.27425 0.3025
-1.27579 0.304
-1.27657 0.3055
-1.27697 0.307
-1.27721 0.3085
-1.27741 0.31
-1.27765 0.3115
-1.27805 0.313
-1.27883 0.3145
-1.28037 0.316
-1.28343 0.3175
-1.28497 0.319
-1.28573 0.3205
-1.28612 0.322
-1.28631 0.3235
-1.28641 0.325
-1.28645 0.3265
-1.28648 0.328
-1.28649 0.3295
-1.2865 0.331
-1.2865 0.3325
-1.2865 0.334
-1.2865 0.3355
-1.2865 0.337
-1.2865 0.3385
-1.2865 0.34
-1.2865 0.3415
-1.2865 0.343
-1.2865 0.3445
-1.2865 0.346
-1.2865 0.3475
-1.2865 0.349
-1.2865 0.3505
-1.2865 0.352
-1.2865 0.3535
-1.2865 0.355
-1.2865 0.3565
-1.2865 0.358
-1.2865 0.3595
-1.2865 0.361
-1.2865 0.3625
-1.2865 0.364
-1.2865 0.3655
-1.2865 0.367
-1.2865 0.3685
-1.2865 0.37
-1.2865 0.3715
-1.2865 0.373
-1.2865 0.3745
-1.2865 0.376
-1.2865 0.3775
-1.2865 0.379
-1.2865 0.3805
-1.2865 0.382
-1.2865 0.3835
-1.2865 0.385
-1.2865 0.3865
-1.2865 0.388
-1.2865 0.3895
-1.2865 0.391
-1.2865 0.3925
-1.2865 0.394
-1.2865 0.3955
-1.2865 0.397
-1.2865 0.3985
-1.2865 0.4
-1.2865 0.4015
-1.2865 0.403
-1.2865 0.4045
-1.2865 0.406
-1.2865 0.4075
-1.2865 0.409
-1.2865 0.4105
-1.2865 0.412
-1.2865 0.4135
-1.2865 0.415
-1.2865 0.4165
-1.2865 0.418
-1.2865 0.4195
-1.2865 0.421
-1.2865 0.4225
-1.2865 0.424
-1.2865 0.4255
-1.2865 0.427
-1.2865 0.4285
-1.2865 0.43
-1.2865 0.4315
-1.2865 0.433
-1.2865 0.4345
-1.2865 0.436
-1.2865 0.4375
-1.2865 0.439
-1.2865 0.4405
-1.2865 0.442
-1.2865 0.4435
-1.2865 0.445
-1.2865 0.4465
-1.2865 0.448
-1.2865 0.4495
-1.2865 0.451
-1.2865 0.4525
-1.2865 0.454
-1.2865 0.4555
-1.2865 0.457
-1.2865 0.4585
-1.2865 0.46
-1.2865 0.4615
-1.2865 0.463
-1.2865 0.4645
-1.2865 0.466
-1.2865 0.4675
-1.2865 0.469
-1.2865 0.4705
-1.2865 0.472
-1.2865 0.4735
-1.2865 0.475
-1.2865 0.4765
-1.2865 0.478
-1.2865 0.4795
-1.2865 0.481
-1.2865 0.4825
-1.2865 0.484
-1.2865 0.4855
-1.2865 0.487
-1.2865 0.4885
-1.2865 0.49
-1.2865 0.4915
-1.2865 0.493
-1.2865 0.4945
-1.2865 0.496
-1.2865 0.4975
-1.2865 0.499
-1.2865 0.5005
-1.2865 0.502
-1.2865 0.5035
-1.2865 0.505
-1.2865 0.5065
-1.2865 0.508
-1.2865 0.5095
-1.2865 0.511
-1.2865 0.5125
-1.2865 0.514
-1.2865 0.5155
-1.2865 0.517
-1.2865 0.5185
-1.2865 0.52
-1.2865 0.5215
-1.2865 0.523
-1.2865 0.5245
-1.2865 0.526
-1.2865 0.5275
-1.2865 0.529
-1.2865 0.5305
-1.2865 0.532
-1.2865 0.5335
-1.2865 0.535
-1.2865 0.5365
-1.2865 0.538
-1.2865 0.5395
-1.2865 0.541
-1.2865 0.5425
-1.2865 0.544
-1.2865 0.5455
-1.2865 0.547
-1.2865 0.5485
-1.2865 0.55
-1.2865 0.5515
-1.2865 0.553
-1.2865 0.5545
-1.2865 0.556
-1.2865 0.5575
-1.2865 0.559
-1.2865 0.5605
-1.2865 0.562
-1.2865 0.5635
-1.2865 0.565
-1.2865 0.5665
-1.2865 0.568
-1.2865 0.5695
-1.2865 0.571
-1.2865 0.5725
-1.2865 0.574
-1.2865 0.5755
-1.2865 0.577
-1.2865 0.5785
-1.2865 0.58
-1.2865 0.5815
-1.2865 0.583
-1.2865 0.5845
-1.2865 0.586
-1.2865 0.5875
-1.2865 0.589
-1.2865 0.5905
-1.2865 0.592
-1.2865 0.5935
-1.2865 0.595
-1.2865 0.5965
-1.2865 0.598
-1.2865 0.5995
-1.2865 0.601
-1.2865 0.6025
-1.2865 0.604
-1.2865 0.6055
-1.2865 0.607
-1.2865 0.6085
-1.2865 0.61
-1.2865 0.6115
-1.2865 0.613
-1.2865 0.6145
-1.2865 0.616
-1.2865 0.6175
-1.2865 0.619
-1.2865 0.6205
-1.2865 0.622
-1.2865 0.6235
-1.2865 0.625
-1.2865 0.6265
-1.2865 0.628
-1.2865 0.6295
-1.2865 0.631
-1.2865 0.6325
-1.2865 0.634
-1.2865 0.6355
-1.2865 0.637
-1.2865 0.6385
-1.2865 0.64
-1.2865 0.6415
-1.2865 0.643
-1.2865 0.6445
-1.2865 0.646
-1.2865 0.6475
-1.2865 0.649
-1.2865 0.6505
-1.2865 0.652
-1.2865 0.6535
-1.2865 0.655
-1.2865 0.6565
-1.2865 0.658
-1.2865 0.6595
-1.2865 0.661
-1.2865 0.6625
-1.2865 0.664
-1.2865 0.6655
-1.2865 0.667
-1.2865 0.6685
-1.2865 0.67
-1.2865 0.6715
-1.2865 0.673
-1.2865 0.6745
-1.2865 0.676
-1.2865 0.6775
-1.2865 0.679
-1.2865 0.6805
-1.2865 0.682
-1.2865 0.6835
-1.2865 0.685
-1.2865 0.6865
-1.2865 0.688
-1.2865 0.6895
-1.2865 0.691
-1.2865 0.6925
-1.2865 0.694
-1.2865 0.6955
-1.2865 0.697
-1.2865 0.6985
-1.2865 0.7
-1.2865 0.7015
-1.2865 0.703
-1.2865 0.7045
-1.2865 0.706
-1.2865 0.7075
-1.2865 0.709
-1.2865 0.7105
-1.2865 0.712
-1.2865 0.7135
-1.2865 0.715
-1.2865 0.7165
-1.2865 0.718
-1.2865 0.7195
-1.2865 0.721
-1.2865 0.7225
-1.2865 0.724
-1.2865 0.7255
-1.2865 0.727
-1.2865 0.7285
-1.2865 0.73
-1.2865 0.7315
-1.2865 0.733
-1.2865 0.7345
-1.2865 0.736
-1.2865 0.7375
-1.2865 0.739
-1.2865 0.7405
-1.2865 0.742
-1.2865 0.7435
-1.2865 0.745
-1.2865 0.7465
-1.2865 0.748
-1.2865 0.7495
-1.2865 0.751
-1.2865 0.7525
-1.2865 0.754
-1.2865 0.7555
-1.2865 0.757
-1.2865 0.7585
-1.2865 0.76
-1.2865 0.7615
-1.2865 0.763
-1.2865 0.7645
-1.2865 0.766
-1.2865 0.7675
-1.2865 0.769
-1.2865 0.7705
-1.2865 0.772
-1.2865 0.7735
-1.2865 0.775
-1.2865 0.7765
-1.2865 0.778
-1.2865 0.7795
-1.2865 0.781
-1.2865 0.7825
-1.2865 0.784
-1.2865 0.7855
-1.2865 0.787
-1.2865 0.7885
-1.2865 0.79
-1.2865 0.7915
-1.2865 0.793
-1.2865 0.7945
-1.2865 0.796
-1.2865 0.7975
-1.2865 0.799
-1.2865 0.8005
-1.2865 0.802
-1.2865 0.8035
-1.2865 0.805
-1.2865 0.8065
-1.2865 0.808
-1.2865 0.8095
-1.2865 0.811
-1.2865 0.8125
-1.2865 0.814
-1.2865 0.8155
-1.2865 0.817
-1.2865 0.8185
-1.2865 0.82
-1.2865 0.8215
-1.2865 0.823
-1.2865 0.8245
-1.2865 0.826
-1.2865 0.8275
-1.2865 0.829
-1.2865 0.8305
-1.2865 0.832
-1.2865 0.8335
-1.2865 0.835
-1.2865 0.8365
-1.2865 0.838
-1.2865 0.8395
-1.2865 0.841
-1.2865 0.8425
-1.2865 0.844
-1.2865 0.8455
-1.2865 0.847
-1.2865 0.8485
-1.2865 0.85
-1.2865 0.8515
-1.2865 0.853
-1.2865 0.8545
-1.2865 0.856
-1.2865 0.8575
-1.2865 0.859
-1.2865 0.8605
-1.2865 0.862
-1.2865 0.8635
-1.2865 0.865
-1.2865 0.8665
-1.2865 0.868
-1.2865 0.8695
-1.2865 0.871
-1.2865 0.8725
-1.2865 0.874
-1.2865 0.8755
-1.2865 0.877
-1.2865 0.8785
-1.2865 0.88
-1.2865 0.8815
-1.2865 0.883
-1.2865 0.8845
-1.2865 0.886
-1.2865 0.8875
-1.2865 0.889
-1.2865 0.8905
-1.2865 0.892
-1.2865 0.8935
-1.2865 0.895
-1.2865 0.8965
-1.2865 0.898
-1.2865 0.8995
-1.2865 0.901
-1.2865 0.9025
-1.2865 0.904
-1.2865 0.9055
-1.2865 0.907
-1.2865 0.9085
-1.2865 0.91
-1.2865 0.9115
-1.2865 0.913
-1.2865 0.9145
-1.2865 0.916
-1.2865 0.9175
-1.2865 0.919
-1.2865 0.9205
-1.2865 0.922
-1.2865 0.9235
-1.2865 0.925
-1.2865 0.9265
-1.2865 0.928
-1.2865 0.9295
-1.2865 0.931
-1.2865 0.9325
-1.2865 0.934
-1.2865 0.9355
-1.2865 0.937
-1.2865 0.9385
-1.2865 0.94
-1.2865 0.9415
-1.2865 0.943
-1.2865 0.9445
-1.2865 0.946
-1.2865 0.9475
-1.2865 0.949
-1.2865 0.9505
-1.2865 0.952
-1.2865 0.9535
-1.2865 0.955
-1.2865 0.9565
-1.2865 0.958
-1.2865 0.9595
-1.2865 0.961
-1.2865 0.9625
-1.2865 0.964
-1.2865 0.9655
-1.2865 0.967
-1.2865 0.9685
-1.2865 0.97
-1.2865 0.9715
-1.2865 0.973
-1.2865 0.9745
-1.2865 0.976
-1.2865 0.9775
-1.2865 0.979
-1.2865 0.9805
-1.2865 0.982
-1.2865 0.9835
-1.28651 0.985
-1.28652 0.9865
-1.28654 0.988
-1.28658 0.9895
-1.28666 0.991
-1.28682 0.9925
-1.28715 0.994
-1.2878 0.9955
-1.2868 0.997
-1.2878 0.9985
-1.2868 1


Shark
3.14159 1.5
3.13959 1.4995
3.13759 1.499
3.13559 1.4985
3.13359 1.498
3.13159 1.4975
3.12959 1.497
3.12759 1.4965
3.12559 1.496
3.12359 1.4955
3.12159 1.495
3.11959 1.4945
3.11759 1.494
3.11559 1.4935
3.11359 1.493
3.11159 1.4925
3.10959 1.492
3.10759 1.4915
3.10559 1.491
3.10359 1.4905
3.10159 1.49
3.09959 1.4895
3.09759 1.489
3.09559 1.4885
3.09359 1.488
3.09159 1.4875
3.08959 1.487
3.08759 1.4865
3.08559 1.486
3.08359 1.4855
3.08159 1.485
3.07959 1.4845
3.07759 1.484
3.07559 1.4835
3.07359 1.483
3.07159 1.4825
3.06959 1.482
3.06759 1.4815
3.06559 1.481
3.06359 1.4805
3.06159 1.48
3.05959 1.4795
3.05759 1.479
3.05559 1.4785
3.05359 1.478
3.05159 1.4775
3.04959 1.477
3.04759 1.4765
3.04559 1.476
3.04359 1.4755
3.04159 1.475
3.03959 1.4745
3.03759 1.474
3.03559 1.4735
3.03359 1.473
3.03159 1.4725
3.02959 1.472
3.02759 1.4715
3.02559 1.471
3.02359 1.4705
3.02159 1.47
3.01959 1.4695
3.01759 1.469
3.01559 1.4685
3.01359 1.468
3.01159 1.4675
3.00959 1.467
3.00759 1.4665
3.00559 1.466
3.00359 1.4655
3.00159 1.465
2.99959 1.4645
2.99759 1.464
2.99559 1.4635
2.99359 1.463
2.99159 1.4625
2.98959 1.462
2.98759 1.4615
2.98559 1.461
2.98359 1.4605
2.98159 1.46
2.97959 1.4595
2.97759 1.459
2.97559 1.4585
2.97359 1.458
2.97159 1.4575
2.96959 1.457
2.96759 1.4565
2.96559 1.456
2.96359 1.4555
2.96159 1.455
2.95959 1.4545
2.95759 1.454
2.95559 1.4535
2.95359 1.453
2.95159 1.4525
2.94959 1.452
2.94759 1.4515
2.94559 1.451
2.94359 1.4505
2.94159 1.45
2.93959 1.4495
2.93759 1.449
2.93559 1.4485
2.93359 1.448
2.93159 1.4475
2.92959 1.447
2.92759 1.4465
2.92559 1.446
2.92359 1.4455
2.92159 1.445
2.91959 1.4445
2.91759 1.444
2.91559 1.4435
2.91359 1.443
2.91159 1.4425
2.90959 1.442
2.90759 1.4415
2.90559 1.441
2.90359 1.4405
2.90159 1.44
2.89959 1.4395
2.89759 1.439
2.89559 1.4385
2.89359 1.438
2.89159 1.4375
2.88959 1.437
2.88759 1.4365
2.88559 1.436
2.88359 1.4355
2.88159 1.435
2.87959 1.4345
2.87759 1.434
2.87559 1.4335
2.87359 1.433
2.87159 1.4325
2.86959 1.432
2.86759 1.4315
2.86559 1.431
2.86359 1.4305
2.86159 1.43
2.85959 1.4295
2.85759 1.429
2.85559 1.4285
2.85359 1.428
2.85159 1.4275
2.84959 1.427
2.84759 1.4265
2.84559 1.426
2.84359 1.4255
2.84159 1.425
2.83959 1.4245
2.83759 1.424
2.83559 1.4235
2.83359 1.423
2.83159 1.4225
2.82959 1.422
2.82759 1.4215
2.82559 1.421
2.82359 1.4205
2.82159 1.42
2.81959 1.4195
2.81759 1.419
2.81559 1.4185
2.81359 1.418
2.81159 1.4175
2.80959 1.417
2.80759 1.4165
2.80559 1.416
2.80359 1.4155
2.80159 1.415
2.79959 1.4145
2.79759 1.414
2.79559 1.4135
2.79359 1.413
2.79159 1.4125
2.78959 1.412
2.78759 1.4115
2.78559 1.411
2.78359 1.4105
2.78159 1.41
2.77957 1.4095
2.77749 1.409
2.7752 1.4085
2.77219 1.408
2.76724 1.4075
2.75792 1.407
2.7395 1.4065
2.70264 1.406
2.62871 1.4055
2.59147 1.405
2.57266 1.4045
2.56305 1.404
2.55792 1.4035
2.55481 1.403
2.55248 1.4025
2.5504 1.402
2.54837 1.4015
2.54637 1.401
2.54437 1.4005
2.54237 1.4
2.54037 1.3995
2.53837 1.399
2.53637 1.3985
2.53437 1.398
2.53237 1.3975
2.53037 1.397
2.52837 1.3965
2.52637 1.396
2.52437 1.3955
2.52237 1.395
2.52037 1.3945
2.51837 1.394
2.51636 1.3935
2.51433 1.393
2.51223 1.3925
2.50983 1.392
2.5065 1.3915
2.5008 1.391
2.48989 1.3905
2.48415 1.39
2.48078 1.3895
2.47836 1.389
2.47625 1.3885
2.47422 1.388
2.47221 1.3875
2.47021 1.387
2.46821 1.3865
2.46621 1.386
2.46421 1.3855
2.46221 1.385
2.46021 1.3845
2.45821 1.384
2.45621 1.3835
2.45421 1.383
2.45221 1.3825
2.45021 1.382
2.44821 1.3815
2.44621 1.381
2.44421 1.3805
2.44221 1.38
2.44021 1.3795
2.4382 1.379
2.43617 1.3785
2.43403 1.378
2.43153 1.3775
2.42791 1.377
2.42541 1.3765
2.42327 1.376
2.42123 1.3755
2.41922 1.375
2.41722 1.3745
2.41522 1.374
2.41322 1.3735
2.41122 1.373
2.40922 1.3725
2.40722 1.372
2.40522 1.3715
2.40322 1.371
2.40122 1.3705
2.39922 1.37
2.39722 1.3695
2.39522 1.369
2.39322 1.3685
2.39122 1.368
2.38922 1.3675
2.38721 1.367
2.38516 1.3665
2.383 1.366
2.38041 1.3655
2.37655 1.365
2.36961 1.3645
2.35614 1.364
2.34916 1.3635
2.34525 1.363
2.34262 1.3625
2.34042 1.362
2.33836 1.3615
2.33631 1.361
2.33424 1.3605
2.33204 1.36
2.32939 1.3595
2.3254 1.359
2.31818 1.3585
2.30412 1.358
2.29686 1.3575
2.29282 1.357
2.29016 1.3565
2.28797 1.356
2.28592 1.3555
2.2839 1.355
2.28189 1.3545
2.27987 1.354
2.27781 1.3535
2.27562 1.353
2.27292 1.3525
2.26878 1.352
2.26124 1.3515
2.2465 1.351
2.2389 1.3505
2.2347 1.35
2.23196 1.3495
2.22974 1.349
2.22765 1.3485
2.2256 1.348
2.22352 1.3475
2.22128 1.347
2.21852 1.3465
2.21425 1.346
2.20641 1.3455
2.20212 1.345
2.19935 1.3445
2.19712 1.344
2.19505 1.3435
2.19302 1.343
2.19098 1.3425
2.18891 1.342
2.18667 1.3415
2.18387 1.341
2.17948 1.3405
2.17139 1.34
2.16698 1.3395
2.16417 1.339
2.16193 1.3385
2.15986 1.338
2.15784 1.3375
2.15582 1.337
2.1538 1.3365
2.15173 1.336
2.14948 1.3355
2.14664 1.335
2.14211 1.3345
2.13374 1.334
2.12919 1.3335
2.12633 1.333
2.12407 1.3325
2.122 1.332
2.11998 1.3315
2.11796 1.331
2.11593 1.3305
2.11386 1.33
2.11159 1.3295
2.1087 1.329
2.10404 1.3285
2.09538 1.328
2.0907 1.3275
2.08779 1.327
2.08551 1.3265
2.08343 1.326
2.08141 1.3255
2.07939 1.325
2.07736 1.3245
2.07528 1.324
2.073 1.3235
2.07005 1.323
2.06526 1.3225
2.05631 1.322
2.0515 1.3215
2.04853 1.321
2.04624 1.3205
2.04416 1.32
2.04213 1.3195
2.04011 1.319
2.03808 1.3185
2.03599 1.318
2.03369 1.3175
2.03069 1.317
2.02576 1.3165
2.01652 1.316
2.01158 1.3155
2.00856 1.315
2.00625 1.3145
2.00416 1.314
2.00213 1.3135
2.00011 1.313
1.99808 1.3125
1.996 1.312
1.99372 1.3115
1.99079 1.311
1.98604 1.3105
1.97717 1.31
1.9724 1.3095
1.96945 1.309
1.96717 1.3085
1.96509 1.308
1.96307 1.3075
1.96106 1.307
1.95904 1.3065
1.95702 1.306
1.95493 1.3055
1.9526 1.305
1.94947 1.3045
1.94427 1.304
1.94114 1.3035
1.9388 1.303
1.93671 1.3025
1.93469 1.302
1.93268 1.3015
1.93067 1.301
1.92866 1.3005
1.92664 1.3
1.92454 1.2995
1.92219 1.299
1.91901 1.2985
1.91367 1.298
1.91049 1.2975
1.90813 1.297
1.90604 1.2965
1.90401 1.296
1.902 1.2955
1.9 1.295
1.898 1.2945
1.896 1.294
1.894 1.2935
1.892 1.293
1.89 1.2925
1.888 1.292
1.886 1.2915
1.884 1.291
1.882 1.2905
1.88 1.29
1.878 1.2895
1.876 1.289
1.874 1.2885
1.872 1.288
1.87 1.2875
1.868 1.287
1.866 1.2865
1.864 1.286
1.862 1.2855
1.86 1.285
1.858 1.2845
1.856 1.284
1.854 1.2835
1.852 1.283
1.85 1.2825
1.848 1.282
1.846 1.2815
1.844 1.281
1.842 1.2805
1.84 1.28
1.838 1.2795
1.836 1.279
1.834 1.2785
1.832 1.278
1.83 1.2775
1.828 1.277
1.826 1.2765
1.824 1.276
1.822 1.2755
1.82 1.275
1.818 1.2745
1.816 1.274
1.814 1.2735
1.812 1.273
1.81 1.2725
1.808 1.272
1.806 1.2715
1.804 1.271
1.802 1.2705
1.8 1.27
1.798 1.2695
1.796 1.269
1.794 1.2685
1.792 1.268
1.79 1.2675
1.788 1.267
1.786 1.2665
1.784 1.266
1.782 1.2655
1.78 1.265
1.778 1.2645
1.776 1.264
1.774 1.2635
1.772 1.263
1.77 1.2625
1.768 1.262
1.766 1.2615
1.764 1.261
1.762 1.2605
1.76 1.26
1.758 1.2595
1.756 1.259
1.754 1.2585
1.752 1.258
1.75 1.2575
1.748 1.257
1.746 1.2565
1.744 1.256
1.742 1.2555
1.74 1.255
1.738 1.2545
1.736 1.254
1.734 1.2535
1.732 1.253
1.73 1.2525
1.728 1.252
1.726 1.2515
1.72399 1.251
1.72197 1.2505
1.71988 1.25
1.71375 1.2495
1.70724 1.249
1.69939 1.2485
1.68758 1.248
1.67968 1.2475
1.67314 1.247
1.66699 1.2465
1.66095 1.246
1.65492 1.2455
1.6489 1.245
1.64283 1.2445
1.6366 1.244
1.62974 1.2435
1.6208 1.243
1.61393 1.2425
1.60769 1.242
1.60162 1.2415
1.5956 1.241
1.58958 1.2405
1.58356 1.24
1.57749 1.2395
1.57124 1.239
1.56429 1.2385
1.55507 1.238
1.54811 1.2375
1.54185 1.237
1.53577 1.2365
1.52975 1.236
1.52373 1.2355
1.5177 1.235
1.51163 1.2345
1.50535 1.234
1.49831 1.2335
1.48881 1.233
1.48176 1.2325
1.47547 1.232
1.4694 1.2315
1.46338 1.231
1.45737 1.2305
1.45136 1.23
1.44536 1.2295
1.43934 1.229
1.43326 1.2285
1.42695 1.228
1.4198 1.2275
1.41349 1.227
1.40741 1.2265
1.40139 1.226
1.39539 1.2255
1.38939 1.225
1.38339 1.2245
1.37739 1.224
1.37139 1.2235
1.36539 1.223
1.35939 1.2225
1.35339 1.222
1.34739 1.2215
1.34139 1.221
1.33539 1.2205
1.32939 1.22
1.32339 1.2195
1.31739 1.219
1.31139 1.2185
1.30539 1.218
1.29939 1.2175
1.29339 1.217
1.28739 1.2165
1.28139 1.216
1.27539 1.2155
1.26939 1.215
1.26339 1.2145
1.25739 1.214
1.25139 1.2135
1.24539 1.213
1.23939 1.2125
1.23339 1.212
1.22739 1.2115
1.22139 1.211
1.21539 1.2105
1.20939 1.21
1.20339 1.2095
1.19739 1.209
1.19139 1.2085
1.18539 1.208
1.17939 1.2075
1.17339 1.207
1.16739 1.2065
1.16139 1.206
1.15539 1.2055
1.14939 1.205
1.14339 1.2045
1.13739 1.204
1.13139 1.2035
1.12539 1.203
1.11939 1.2025
1.11339 1.202
1.10739 1.2015
1.10139 1.201
1.09539 1.2005
1.08939 1.2
1.08339 1.1995
1.07739 1.199
1.07139 1.1985
1.06539 1.198
1.05939 1.1975
1.05339 1.197
1.04739 1.1965
1.04139 1.196
1.03539 1.1955
1.02939 1.195
1.02339 1.1945
1.01739 1.194
1.01139 1.1935
1.00539 1.193
0.999387 1.1925
0.993387 1.192
0.987387 1.1915
0.981387 1.191
0.975387 1.1905
0.969387 1.19
0.963387 1.1895
0.957387 1.189
0.951387 1.1885
0.945387 1.188
0.939387 1.1875
0.933387 1.187
0.927387 1.1865
0.921387 1.186
0.915387 1.1855
0.909387 1.185
0.903387 1.1845
0.897387 1.184
0.891387 1.1835
0.885387 1.183
0.879387 1.1825
0.873387 1.182
0.867387 1.1815
0.861387 1.181
0.855387 1.1805
0.849387 1.18
0.843387 1.1795
0.837387 1.179
0.831387 1.1785
0.825387 1.178
0.819387 1.1775
0.813387 1.177
0.807387 1.1765
0.801387 1.176
0.795387 1.1755
0.789387 1.175
0.783387 1.1745
0.777387 1.174
0.771387 1.1735
0.765387 1.173
0.759387 1.1725
0.753387 1.172
0.747387 1.1715
0.741387 1.171
0.735387 1.1705
0.729387 1.17
0.723387 1.1695
0.717387 1.169
0.711387 1.1685
0.705387 1.168
0.699387 1.1675
0.693387 1.167
0.687387 1.1665
0.681387 1.166
0.675387 1.1655
0.669387 1.165
0.663387 1.1645
0.657387 1.164
0.651387 1.1635
0.645387 1.163
0.639387 1.1625
0.633387 1.162
0.627387 1.1615
0.621387 1.161
0.615387 1.1605
0.609387 1.16
0.603387 1.1595
0.597387 1.159
0.591387 1.1585
0.585387 1.158
0.579387 1.1575
0.573387 1.157
0.567387 1.1565
0.561387 1.156
0.555387 1.1555
0.549387 1.155
0.543387 1.1545
0.537387 1.154
0.531387 1.1535
0.525387 1.153
0.519387 1.1525
0.513387 1.152
0.507387 1.1515
0.501387 1.151
0.495387 1.1505
0.489387 1.15
0.483387 1.1495
0.477387 1.149
0.471387 1.1485
0.465387 1.148
0.459387 1.1475
0.453387 1.147
0.447387 1.1465
0.441387 1.146
0.435387 1.1455
0.429387 1.145
0.423387 1.1445
0.417387 1.144
0.411387 1.1435
0.405387 1.143
0.399387 1.1425
0.393387 1.142
0.387387 1.1415
0.381387 1.141
0.375387 1.1405
0.369387 1.14
0.363387 1.1395
0.357387 1.139
0.351387 1.1385
0.345387 1.138
0.339387 1.1375
0.333387 1.137
0.327387 1.1365
0.321387 1.136
0.315387 1.1355
0.309387 1.135
0.303387 1.1345
0.297387 1.134
0.291387 1.1335
0.285387 1.133
0.279387 1.1325
0.273387 1.132
0.267387 1.1315
0.261387 1.131
0.255387 1.1305
0.249387 1.13
0.243387 1.1295
0.237387 1.129
0.231387 1.1285
0.225387 1.128
0.219387 1.1275
0.213387 1.127
0.207387 1.1265
0.201387 1.126
0.195387 1.1255
0.189387 1.125
0.183387 1.1245
0.177387 1.124
0.171387 1.1235
0.165387 1.123
0.159387 1.1225
0.153387 1.122
0.147387 1.1215
0.141387 1.121
0.135387 1.1205
0.129387 1.12
0.123387 1.1195
0.117387 1.119
0.111387 1.1185
0.105387 1.118
0.0993865 1.1175
0.0933865 1.117
0.0873865 1.1165
0.0813865 1.116
0.0753865 1.1155
0.0693865 1.115
0.0633865 1.1145
0.0573865 1.114
0.0513865 1.1135
0.0453865 1.113
0.0393865 1.1125
0.0333865 1.112
0.0273865 1.1115
0.0213865 1.111
0.0153865 1.1105
0.00938652 1.11
0.00338652 1.1095
-0.00261348 1.109
-0.00861348 1.1085
-0.0146135 1.108
-0.0206135 1.1075
-0.0266135 1.107
-0.0326135 1.1065
-0.0386135 1.106
-0.0446135 1.1055
-0.0506135 1.105
-0.0566135 1.1045
-0.0626135 1.104
-0.0686135 1.1035
-0.0746135 1.103
-0.0806135 1.1025
-0.0866135 1.102
-0.0926135 1.1015
-0.0986135 1.101
-0.104613 1.1005
-0.110613 1.1
-0.116613 1.0995
-0.122613 1.099
-0.128613 1.0985
-0.134613 1.098
-0.140613 1.0975
-0.146613 1.097
-0.152613 1.0965
-0.158613 1.096
-0.164613 1.0955
-0.170613 1.095
-0.176613 1.0945
-0.182613 1.094
-0.188613 1.0935
-0.194613 1.093
-0.200613 1.0925
-0.206613 1.092
-0.212613 1.0915
-0.218613 1.091
-0.224613 1.0905
-0.230613 1.09
-0.236613 1.0895
-0.242613 1.089
-0.248613 1.0885
-0.254613 1.088
-0.260613 1.0875
-0.266613 1.087
-0.272613 1.0865
-0.278613 1.086
-0.284613 1.0855
-0.290613 1.085
-0.296613 1.0845
-0.302613 1.084
-0.308613 1.0835
-0.314613 1.083
-0.320613 1.0825
-0.326613 1.082
-0.332613 1.0815
-0.338613 1.081
-0.344613 1.0805
-0.350613 1.08
-0.356613 1.0795
-0.362613 1.079
-0.368613 1.0785
-0.374613 1.078
-0.380613 1.0775
-0.386613 1.077
-0.392613 1.0765
-0.398613 1.076
-0.404613 1.0755
-0.410613 1.075
-0.416613 1.0745
-0.422613 1.074
-0.428613 1.0735
-0.434613 1.073
-0.440613 1.0725
-0.446613 1.072
-0.452613 1.0715
-0.458613 1.071
-0.464613 1.0705
-0.470613 1.07
-0.476613 1.0695
-0.482613 1.069
-0.488613 1.0685
-0.494613 1.068
-0.500613 1.0675
-0.506613 1.067
-0.512613 1.0665
-0.518613 1.066
-0.524613 1.0655
-0.530613 1.065
-0.536613 1.0645
-0.542613 1.064
-0.548613 1.0635
-0.554613 1.063
-0.560613 1.0625
-0.566613 1.062
-0.572613 1.0615
-0.578613 1.061
-0.584613 1.0605
-0.590613 1.06
-0.596613 1.0595
-0.602613 1.059
-0.608613 1.0585
-0.614613 1.058
-0.620613 1.0575
-0.626613 1.057
-0.632613 1.0565
-0.638613 1.056
-0.644613 1.0555
-0.650613 1.055
-0.656613 1.0545
-0.662613 1.054
-0.668613 1.0535
-0.674613 1.053
-0.680613 1.0525
-0.686613 1.052
-0.692613 1.0515
-0.698613 1.051
-0.704613 1.0505
-0.710613 1.05
-0.716613 1.0495
-0.722613 1.049
-0.728613 1.0485
-0.734613 1.048
-0.740613 1.0475
-0.746613 1.047
-0.752613 1.0465
-0.758613 1.046
-0.764613 1.0455
-0.770613 1.045
-0.776613 1.0445
-0.782613 1.044
-0.788613 1.0435
-0.794613 1.043
-0.800613 1.0425
-0.806613 1.042
-0.812613 1.0415
-0.818613 1.041
-0.824613 1.0405
-0.830613 1.04
-0.836613 1.0395
-0.842613 1.039
-0.848613 1.0385
-0.854613 1.038
-0.860613 1.0375
-0.866613 1.037
-0.872613 1.0365
-0.878613 1.036
-0.884613 1.0355
-0.890613 1.035
-0.896613 1.0345
-0.902613 1.034
-0.908613 1.0335
-0.914613 1.033
-0.920613 1.0325
-0.926613 1.032
-0.932613 1.0315
-0.938613 1.031
-0.944613 1.0305
-0.950613 1.03
-0.956613 1.0295
-0.962613 1.029
-0.968613 1.0285
-0.974613 1.028
-0.980613 1.0275
-0.986613 1.027
-0.992613 1.0265
-0.998613 1.026
-1.00461 1.0255
-1.01061 1.025
-1.01661 1.0245
-1.02261 1.024
-1.02861 1.0235
-1.03461 1.023
-1.04061 1.0225
-1.04661 1.022
-1.05261 1.0215
-1.05861 1.021
-1.06461 1.0205
-1.07061 1.02
-1.07661 1.0195
-1.08261 1.019
-1.08861 1.0185
-1.09461 1.018
-1.10061 1.0175
-1.10661 1.017
-1.11261 1.0165
-1.11861 1.016
-1.12461 1.0155
-1.13061 1.015
-1.13661 1.0145
-1.14261 1.014
-1.14861 1.0135
-1.15461 1.013
-1.16061 1.0125
-1.16661 1.012
-1.17261 1.0115
-1.17861 1.011
-1.18461 1.0105
-1.19061 1.01
-1.19661 1.0095
-1.20261 1.009
-1.20861 1.0085
-1.21461 1.008
-1.22061 1.0075
-1.22661 1.007
-1.23261 1.0065
-1.23861 1.006
-1.24461 1.0055
-1.25061 1.005
-1.25661 1.0045
-1.26261 1.004
-1.26862 1.0035
-1.27463 1.003
-1.28066 1.0025
-1.2868 1.002
-1.2878 1.0015
-1.2868 1.001
-1.2878 1.0005
-1.2868 1
