Man
0 0
0 0.0005
0 0.001
0 0.0015
0 0.002
0 0.0025
0 0.003
0 0.0035
0 0.004
0 0.0045
0 0.005
0 0.0055
0 0.006
0 0.0065
0 0.007
0 0.0075
0 0.008
0 0.0085
0 0.009
0 0.0095
0 0.01
0 0.0105
0 0.011
0 0.0115
0 0.012
0 0.0125
0 0.013
0 0.0135
0 0.014
0 0.0145
0 0.015
0 0.0155
0 0.016
0 0.0165
0 0.017
0 0.0175
0 0.018
0 0.0185
0 0.019
0 0.0195
0 0.02
0 0.0205
0 0.021
0 0.0215
0 0.022
0 0.0225
0 0.023
0 0.0235
0 0.024
0 0.0245
0 0.025
0 0.0255
0 0.026
0 0.0265
0 0.027
0 0.0275
0 0.028
0 0.0285
0 0.029
0 0.0295
0 0.03
0 0.0305
0 0.031
0 0.0315
0 0.032
0 0.0325
0 0.033
0 0.0335
0 0.034
0 0.0345
0 0.035
0 0.0355
0 0.036
0 0.0365
0 0.037
0 0.0375
0 0.038
0 0.0385
0 0.039
0 0.0395
0 0.04
0 0.0405
0 0.041
0 0.0415
0 0.042
0 0.0425
0 0.043
0 0.0435
0 0.044
0 0.0445
0 0.045
0 0.0455
0 0.046
0 0.0465
0 0.047
0 0.0475
0 0.048
0 0.0485
0 0.049
0 0.0495
0 0.05
0 0.0505
0 0.051
0 0.0515
0 0.052
0 0.0525
0 0.053
0 0.0535
0 0.054
0 0.0545
0 0.055
0 0.0555
0 0.056
0 0.0565
0 0.057
0 0.0575
0 0.058
0 0.0585
0 0.059
0 0.0595
0 0.06
0 0.0605
0 0.061
0 0.0615
0 0.062
0 0.0625
0 0.063
0 0.0635
0 0.064
0 0.0645
0 0.065
0 0.0655
0 0.066
0 0.0665
0 0.067
0 0.0675
0 0.068
0 0.0685
0 0.069
0 0.0695
0 0.07
0 0.0705
0 0.071
0 0.0715
0 0.072
0 0.0725
0 0.073
0 0.0735
0 0.074
0 0.0745
0 0.075
0 0.0755
0 0.076
0 0.0765
0 0.077
0 0.0775
0 0.078
0 0.0785
0 0.079
0 0.0795
0 0.08
0 0.0805
0 0.081
0 0.0815
0 0.082
0 0.0825
0 0.083
0 0.0835
0 0.084
0 0.0845
0 0.085
0 0.0855
0 0.086
0 0.0865
0 0.087
0 0.0875
0 0.088
0 0.0885
0 0.089
-0.000191748 0.0895
-0.000575243 0.09
-0.00134223 0.0905
-0.00287621 0.091
-0.00594418 0.0915
-0.0120801 0.092
-0.0243519 0.0925
-0.0488956 0.093
-0.097983 0.0935
-0.196158 0.094
-0.392507 0.0945
-0.490682 0.095
-0.539769 0.0955
-0.564313 0.096
-0.576585 0.0965
-0.582721 0.097
-0.585789 0.0975
-0.587323 0.098
-0.58809 0.0985
-0.588473 0.099
-0.588665 0.0995
-0.588665 0.1
-0.588665 0.1005
-0.588665 0.101
-0.588665 0.1015
-0.588665 0.102
-0.588665 0.1025
-0.588665 0.103
-0.588665 0.1035
-0.588665 0.104
-0.588689 0.1045
-0.588737 0.105
-0.588833 0.1055
-0.589025 0.106
-0.589408 0.1065
-0.590175 0.107
-0.591709 0.1075
-0.594777 0.108
-0.600913 0.1085
-0.613185 0.109
-0.637729 0.1095
-0.65 0.11
-0.656136 0.1105
-0.659204 0.111
-0.660738 0.1115
-0.661505 0.112
-0.661889 0.1125
-0.66208 0.113
-0.662176 0.1135
-0.662224 0.114
-0.662248 0.1145
-0.662248 0.115
-0.662248 0.1155
-0.662248 0.116
-0.662248 0.1165
-0.662248 0.117
-0.662248 0.1175
-0.662248 0.118
-0.662248 0.1185
-0.662248 0.119
-0.662248 0.1195
-0.662248 0.12
-0.662248 0.1205
-0.662248 0.121
-0.662248 0.1215
-0.662248 0.122
-0.662248 0.1225
-0.662248 0.123
-0.662248 0.1235
-0.662248 0.124
-0.662248 0.1245
-0.662248 0.125
-0.662248 0.1255
-0.662248 0.126
-0.662248 0.1265
-0.662248 0.127
-0.662248 0.1275
-0.662248 0.128
-0.662248 0.1285
-0.662248 0.129
-0.662248 0.1295
-0.662248 0.13
-0.662248 0.1305
-0.662248 0.131
-0.662272 0.1315
-0.66232 0.132
-0.662416 0.1325
-0.662608 0.133
-0.662991 0.1335
-0.663758 0.134
-0.665292 0.1345
-0.66836 0.135
-0.674496 0.1355
-0.686768 0.136
-0.711312 0.1365
-0.723584 0.137
-0.729743 0.1375
-0.732859 0.138
-0.734489 0.1385
-0.735448 0.139
-0.736215 0.1395
-0.737174 0.14
-0.738803 0.1405
-0.741919 0.141
-0.748079 0.1415
-0.760351 0.142
-0.784895 0.1425
-0.797167 0.143
-0.803303 0.1435
-0.806395 0.144
-0.807976 0.1445
-0.808839 0.145
-0.809415 0.1455
-0.80999 0.146
-0.810853 0.1465
-0.812435 0.147
-0.815527 0.1475
-0.821662 0.148
-0.833934 0.1485
-0.858478 0.149
-0.870762 0.1495
-0.876922 0.15
-0.880038 0.1505
-0.881667 0.151
-0.882626 0.1515
-0.883393 0.152
-0.884352 0.1525
-0.885982 0.153
-0.889098 0.1535
-0.895258 0.154
-0.907529 0.1545
-0.913677 0.155
-0.916769 0.1555
-0.918351 0.156
-0.919214 0.1565
-0.919789 0.157
-0.920365 0.1575
-0.921227 0.158
-0.922809 0.1585
-0.925901 0.159
-0.932049 0.1595
-0.944321 0.16
-0.950457 0.1605
-0.953537 0.161
-0.955095 0.1615
-0.95591 0.162
-0.956389 0.1625
-0.956783 0.163
-0.957285 0.1635
-0.958145 0.164
-0.959793 0.1645
-0.963053 0.165
-0.969548 0.1655
-0.982539 0.166
-0.990113 0.1665
-0.996057 0.167
-1.00336 0.1675
-1.01623 0.168
-1.0227 0.1685
-1.02601 0.169
-1.0278 0.1695
-1.02899 0.17
-1.03016 0.1705
-1.03189 0.171
-1.03506 0.1715
-1.04124 0.172
-1.05353 0.1725
-1.05968 0.173
-1.06276 0.1735
-1.06432 0.174
-1.06513 0.1745
-1.06561 0.175
-1.066 0.1755
-1.06648 0.176
-1.06729 0.1765
-1.06885 0.177
-1.07193 0.1775
-1.07807 0.178
-1.09034 0.1785
-1.09647 0.179
-1.09955 0.1795
-1.10111 0.18
-1.10193 0.1805
-1.10241 0.181
-1.10279 0.1815
-1.10327 0.182
-1.10408 0.1825
-1.10564 0.183
-1.10872 0.1835
-1.11486 0.184
-1.12713 0.1845
-1.13327 0.185
-1.13634 0.1855
-1.13788 0.186
-1.13868 0.1865
-1.13911 0.187
-1.13939 0.1875
-1.13968 0.188
-1.14011 0.1885
-1.1409 0.189
-1.14245 0.1895
-1.14552 0.19
-1.15165 0.1905
-1.15472 0.191
-1.15626 0.1915
-1.15704 0.192
-1.15745 0.1925
-1.15769 0.193
-1.15788 0.1935
-1.15812 0.194
-1.15853 0.1945
-1.15931 0.195
-1.16085 0.1955
-1.16391 0.196
-1.17005 0.1965
-1.17312 0.197
-1.17466 0.1975
-1.17544 0.198
-1.17584 0.1985
-1.17608 0.199
-1.17628 0.1995
-1.17652 0.2
-1.17692 0.2005
-1.1777 0.201
-1.17924 0.2015
-1.18231 0.202
-1.18845 0.2025
-1.19151 0.203
-1.19305 0.2035
-1.19382 0.204
-1.1942 0.2045
-1.19439 0.205
-1.19449 0.2055
-1.19453 0.206
-1.19456 0.2065
-1.19457 0.207
-1.19458 0.2075
-1.19458 0.208
-1.19458 0.2085
-1.19458 0.209
-1.19458 0.2095
-1.19458 0.21
-1.19458 0.2105
-1.19458 0.211
-1.19458 0.2115
-1.19458 0.212
-1.19458 0.2125
-1.19458 0.213
-1.19458 0.2135
-1.19458 0.214
-1.19458 0.2145
-1.19458 0.215
-1.19458 0.2155
-1.19458 0.216
-1.19458 0.2165
-1.19458 0.217
-1.19458 0.2175
-1.19458 0.218
-1.19458 0.2185
-1.19458 0.219
-1.19458 0.2195
-1.19458 0.22
-1.19458 0.2205
-1.19458 0.221
-1.19458 0.2215
-1.19458 0.222
-1.19458 0.2225
-1.19458 0.223
-1.19458 0.2235
-1.19458 0.224
-1.19458 0.2245
-1.19458 0.225
-1.19458 0.2255
-1.19458 0.226
-1.19458 0.2265
-1.19458 0.227
-1.19458 0.2275
-1.19458 0.228
-1.19458 0.2285
-1.19458 0.229
-1.19458 0.2295
-1.19458 0.23
-1.19458 0.2305
-1.19458 0.231
-1.19458 0.2315
-1.19458 0.232
-1.19458 0.2325
-1.19458 0.233
-1.19458 0.2335
-1.19458 0.234
-1.19458 0.2345
-1.19458 0.235
-1.19458 0.2355
-1.19458 0.236
-1.19458 0.2365
-1.19458 0.237
-1.19458 0.2375
-1.19458 0.238
-1.19458 0.2385
-1.19458 0.239
-1.19458 0.2395
-1.19458 0.24
-1.19458 0.2405
-1.19458 0.241
-1.19458 0.2415
-1.19458 0.242
-1.19458 0.2425
-1.19458 0.243
-1.19458 0.2435
-1.19458 0.244
-1.19458 0.2445
-1.19458 0.245
-1.19458 0.2455
-1.19458 0.246
-1.19458 0.2465
-1.19458 0.247
-1.19459 0.2475
-1.19462 0.248
-1.19467 0.2485
-1.19476 0.249
-1.19495 0.2495
-1.19534 0.25
-1.1961 0.2515
-1.19764 0.253
-1.20071 0.2545
-1.20685 0.256
-1.20993 0.2575
-1.21149 0.259
-1.2123 0.2605
-1.21278 0.262
-1.21316 0.2635
-1.21364 0.265
-1.21446 0.2665
-1.21602 0.268
-1.2191 0.2695
-1.22524 0.271
-1.22832 0.2725
-1.22988 0.274
-1.2307 0.2755
-1.23118 0.277
-1.23156 0.2785
-1.23204 0.28
-1.23285 0.2815
-1.23441 0.283
-1.23749 0.2845
-1.24364 0.286
-1.24672 0.2875
-1.24828 0.289
-1.24909 0.2905
-1.24957 0.292
-1.24995 0.2935
-1.25043 0.295
-1.25123 0.2965
-1.25278 0.298
-1.25582 0.2995
-1.26191 0.301
-1.26495 0.3025
-1.26649 0.304
-1.26728 0.3055
-1.26774 0.307
-1.26807 0.3085
-1.26845 0.31
-1.26908 0.3115
-1.27025 0.313
-1.27256 0.3145
-1.27717 0.316
-1.27947 0.3175
-1.28063 0.319
-1.28122 0.3205
-1.28153 0.322
-1.28172 0.3235
-1.28189 0.325
-1.28212 0.3265
-1.28252 0.328
-1.28329 0.3295
-1.28483 0.331
-1.2879 0.3325
-1.28943 0.334
-1.2902 0.3355
-1.29058 0.337
-1.29078 0.3385
-1.29087 0.34
-1.29092 0.3415
-1.29094 0.343
-1.29096 0.3445
-1.29096 0.346
-1.29097 0.3475
-1.29097 0.349
-1.29097 0.3505
-1.29097 0.352
-1.29097 0.3535
-1.29097 0.355
-1.29097 0.3565
-1.29097 0.358
-1.29097 0.3595
-1.29097 0.361
-1.29097 0.3625
-1.29097 0.364
-1.29097 0.3655
-1.29097 0.367
-1.29097 0.3685
-1.29097 0.37
-1.29097 0.3715
-1.29097 0.373
-1.29097 0.3745
-1.29097 0.376
-1.29097 0.3775
-1.29097 0.379
-1.29097 0.3805
-1.29097 0.382
-1.29097 0.3835
-1.29097 0.385
-1.29097 0.3865
-1.29097 0.388
-1.29097 0.3895
-1.29097 0.391
-1.29097 0.3925
-1.29097 0.394
-1.29097 0.3955
-1.29097 0.397
-1.29097 0.3985
-1.29097 0.4
-1.29097 0.4015
-1.29097 0.403
-1.29097 0.4045
-1.29097 0.406
-1.29097 0.4075
-1.29097 0.409
-1.29097 0.4105
-1.29097 0.412
-1.29097 0.4135
-1.29097 0.415
-1.29097 0.4165
-1.29097 0.418
-1.29097 0.4195
-1.29097 0.421
-1.29097 0.4225
-1.29097 0.424
-1.29097 0.4255
-1.29097 0.427
-1.29097 0.4285
-1.29097 0.43
-1.29097 0.4315
-1.29097 0.433
-1.29097 0.4345
-1.29097 0.436
-1.29097 0.4375
-1.29097 0.439
-1.29097 0.4405
-1.29097 0.442
-1.29097 0.4435
-1.29097 0.445
-1.29097 0.4465
-1.29097 0.448
-1.29097 0.4495
-1.29097 0.451
-1.29097 0.4525
-1.29097 0.454
-1.29097 0.4555
-1.29097 0.457
-1.29097 0.4585
-1.29097 0.46
-1.29097 0.4615
-1.29097 0.463
-1.29097 0.4645
-1.29097 0.466
-1.29097 0.4675
-1.29097 0.469
-1.29097 0.4705
-1.29097 0.472
-1.29097 0.4735
-1.29097 0.475
-1.29097 0.4765
-1.29097 0.478
-1.29097 0.4795
-1.29097 0.481
-1.29097 0.4825
-1.29097 0.484
-1.29097 0.4855
-1.29097 0.487
-1.29097 0.4885
-1.29097 0.49
-1.29097 0.4915
-1.29097 0.493
-1.29097 0.4945
-1.29097 0.496
-1.29097 0.4975
-1.29097 0.499
-1.29097 0.5005
-1.29097 0.502
-1.29097 0.5035
-1.29097 0.505
-1.29097 0.5065
-1.29097 0.508
-1.29097 0.5095
-1.29097 0.511
-1.29097 0.5125
-1.29097 0.514
-1.29097 0.5155
-1.29097 0.517
-1.29097 0.5185
-1.29097 0.52
-1.29097 0.5215
-1.29097 0.523
-1.29097 0.5245
-1.29097 0.526
-1.29097 0.5275
-1.29097 0.529
-1.29097 0.5305
-1.29097 0.532
-1.29097 0.5335
-1.29097 0.535
-1.29097 0.5365
-1.29097 0.538
-1.29097 0.5395
-1.29097 0.541
-1.29097 0.5425
-1.29097 0.544
-1.29097 0.5455
-1.29097 0.547
-1.29097 0.5485
-1.29097 0.55
-1.29097 0.5515
-1.29097 0.553
-1.29097 0.5545
-1.29097 0.556
-1.29097 0.5575
-1.29097 0.559
-1.29097 0.5605
-1.29097 0.562
-1.29097 0.5635
-1.29097 0.565
-1.29097 0.5665
-1.29097 0.568
-1.29097 0.5695
-1.29097 0.571
-1.29097 0.5725
-1.29097 0.574
-1.29097 0.5755
-1.29097 0.577
-1.29097 0.5785
-1.29097 0.58
-1.29097 0.5815
-1.29097 0.583
-1.29097 0.5845
-1.29097 0.586
-1.29097 0.5875
-1.29097 0.589
-1.29097 0.5905
-1.29097 0.592
-1.29097 0.5935
-1.29097 0.595
-1.29097 0.5965
-1.29097 0.598
-1.29097 0.5995
-1.29097 0.601
-1.29097 0.6025
-1.29097 0.604
-1.29097 0.6055
-1.29097 0.607
-1.29097 0.6085
-1.29097 0.61
-1.29097 0.6115
-1.29097 0.613
-1.29097 0.6145
-1.29097 0.616
-1.29097 0.6175
-1.29097 0.619
-1.29097 0.6205
-1.29097 0.622
-1.29097 0.6235
-1.29097 0.625
-1.29097 0.6265
-1.29097 0.628
-1.29097 0.6295
-1.29097 0.631
-1.29097 0.6325
-1.29097 0.634
-1.29097 0.6355
-1.29097 0.637
-1.29097 0.6385
-1.29097 0.64
-1.29097 0.6415
-1.29097 0.643
-1.29097 0.6445
-1.29097 0.646
-1.29097 0.6475
-1.29097 0.649
-1.29097 0.6505
-1.29097 0.652
-1.29097 0.6535
-1.29097 0.655
-1.29097 0.6565
-1.29097 0.658
-1.29097 0.6595
-1.29097 0.661
-1.29097 0.6625
-1.29097 0.664
-1.29097 0.6655
-1.29097 0.667
-1.29097 0.6685
-1.29097 0.67
-1.29097 0.6715
-1.29097 0.673
-1.29097 0.6745
-1.29097 0.676
-1.29097 0.6775
-1.29097 0.679
-1.29097 0.6805
-1.29097 0.682
-1.29097 0.6835
-1.29097 0.685
-1.29097 0.6865
-1.29097 0.688
-1.29097 0.6895
-1.29097 0.691
-1.29097 0.6925
-1.29097 0.694
-1.29097 0.6955
-1.29097 0.697
-1.29097 0.6985
-1.29097 0.7
-1.29097 0.7015
-1.29097 0.703
-1.29097 0.7045
-1.29097 0.706
-1.29097 0.7075
-1.29097 0.709
-1.29097 0.7105
-1.29097 0.712
-1.29097 0.7135
-1.29097 0.715
-1.29097 0.7165
-1.29097 0.718
-1.29097 0.7195
-1.29097 0.721
-1.29097 0.7225
-1.29097 0.724
-1.29097 0.7255
-1.29097 0.727
-1.29097 0.7285
-1.29097 0.73
-1.29097 0.7315
-1.29097 0.733
-1.29097 0.7345
-1.29097 0.736
-1.29097 0.7375
-1.29097 0.739
-1.29097 0.7405
-1.29097 0.742
-1.29097 0.7435
-1.29097 0.745
-1.29097 0.7465
-1.29097 0.748
-1.29097 0.7495
-1.29097 0.751
-1.29097 0.7525
-1.29097 0.754
-1.29097 0.7555
-1.29097 0.757
-1.29097 0.7585
-1.29097 0.76
-1.29097 0.7615
-1.29097 0.763
-1.29097 0.7645
-1.29097 0.766
-1.29097 0.7675
-1.29097 0.769
-1.29097 0.7705
-1.29097 0.772
-1.29097 0.7735
-1.29097 0.775
-1.29097 0.7765
-1.29097 0.778
-1.29097 0.7795
-1.29097 0.781
-1.29097 0.7825
-1.29097 0.784
-1.29097 0.7855
-1.29097 0.787
-1.29097 0.7885
-1.29097 0.79
-1.29097 0.7915
-1.29097 0.793
-1.29097 0.7945
-1.29097 0.796
-1.29097 0.7975
-1.29097 0.799
-1.29097 0.8005
-1.29097 0.802
-1.29097 0.8035
-1.29097 0.805
-1.29097 0.8065
-1.29097 0.808
-1.29097 0.8095
-1.29097 0.811
-1.29097 0.8125
-1.29097 0.814
-1.29097 0.8155
-1.29097 0.817
-1.29097 0.8185
-1.29097 0.82
-1.29097 0.8215
-1.29097 0.823
-1.29097 0.8245
-1.29097 0.826
-1.29097 0.8275
-1.29097 0.829
-1.29097 0.8305
-1.29097 0.832
-1.29097 0.8335
-1.29097 0.835
-1.29097 0.8365
-1.29097 0.838
-1.29097 0.8395
-1.29097 0.841
-1.29097 0.8425
-1.29097 0.844
-1.29097 0.8455
-1.29097 0.847
-1.29097 0.8485
-1.29097 0.85
-1.29097 0.8515
-1.29097 0.853
-1.29097 0.8545
-1.29097 0.856
-1.29097 0.8575
-1.29097 0.859
-1.29097 0.8605
-1.29097 0.862
-1.29097 0.8635
-1.29097 0.865
-1.29097 0.8665
-1.29097 0.868
-1.29097 0.8695
-1.29097 0.871
-1.29097 0.8725
-1.29097 0.874
-1.29097 0.8755
-1.29097 0.877
-1.29097 0.8785
-1.29097 0.88
-1.29097 0.8815
-1.29097 0.883
-1.29097 0.8845
-1.29097 0.886
-1.29097 0.8875
-1.29097 0.889
-1.29097 0.8905
-1.29097 0.892
-1.29097 0.8935
-1.29097 0.895
-1.29097 0.8965
-1.29097 0.898
-1.29097 0.8995
-1.29097 0.901
-1.29097 0.9025
-1.29097 0.904
-1.29097 0.9055
-1.29097 0.907
-1.29097 0.9085
-1.29097 0.91
-1.29097 0.9115
-1.29097 0.913
-1.29097 0.9145
-1.29097 0.916
-1.29097 0.9175
-1.29097 0.919
-1.29097 0.9205
-1.29097 0.922
-1.29097 0.9235
-1.29097 0.925
-1.29097 0.9265
-1.29097 0.928
-1.29097 0.9295
-1.29097 0.931
-1.29097 0.9325
-1.29097 0.934
-1.29097 0.9355
-1.29097 0.937
-1.29097 0.9385
-1.29097 0.94
-1.29097 0.9415
-1.29097 0.943
-1.29097 0.9445
-1.29097 0.946
-1.29097 0.9475
-1.29097 0.949
-1.29097 0.9505
-1.29097 0.952
-1.29097 0.9535
-1.29097 0.955
-1.29097 0.9565
-1.29097 0.958
-1.29097 0.9595
-1.29097 0.961
-1.29097 0.9625
-1.29097 0.964
-1.29097 0.9655
-1.29097 0.967
-1.29097 0.9685
-1.29097 0.97
-1.29097 0.9715
-1.29097 0.973
-1.29097 0.9745
-1.29097 0.976
-1.29097 0.9775
-1.29097 0.979
-1.29097 0.9805
-1.29097 0.982
-1.29097 0.9835
-1.29097 0.985
-1.29098 0.9865
-1.291 0.988
-1.29103 0.9895
-1.29109 0.991
-1.29121 0.9925
-1.29146 0.994
-1.29196 0.9955
-1.29296 0.997
-1.29496 0.9985
-1.29387 1


Shark
3.14159 1.5
3.13959 1.4995
3.13759 1.499
3.13559 1.4985
3.13359 1.498
3.13159 1.4975
3.12959 1.497
3.12759 1.4965
3.12559 1.496
3.12359 1.4955
3.12159 1.495
3.11959 1.4945
3.11759 1.494
3.11559 1.4935
3.11359 1.493
3.11159 1.4925
3.10959 1.492
3.10759 1.4915
3.10559 1.491
3.10359 1.4905
3.10159 1.49
3.09959 1.4895
3.09759 1.489
3.09559 1.4885
3.09359 1.488
3.09159 1.4875
3.08959 1.487
3.08759 1.4865
3.08559 1.486
3.08359 1.4855
3.08159 1.485
3.07959 1.4845
3.07759 1.484
3.07559 1.4835
3.07359 1.483
3.07159 1.4825
3.06959 1.482
3.06759 1.4815
3.06559 1.481
3.06359 1.4805
3.06159 1.48
3.05959 1.4795
3.05759 1.479
3.05559 1.4785
3.05359 1.478
3.05159 1.4775
3.04959 1.477
3.04759 1.4765
3.04559 1.476
3.04359 1.4755
3.04159 1.475
3.03959 1.4745
3.03759 1.474
3.03559 1.4735
3.03359 1.473
3.03159 1.4725
3.02959 1.472
3.02759 1.4715
3.02559 1.471
3.02359 1.4705
3.02159 1.47
3.01959 1.4695
3.01759 1.469
3.01559 1.4685
3.01359 1.468
3.01159 1.4675
3.00959 1.467
3.00759 1.4665
3.00559 1.466
3.00359 1.4655
3.00159 1.465
2.99959 1.4645
2.99759 1.464
2.99559 1.4635
2.99359 1.463
2.99159 1.4625
2.98959 1.462
2.98759 1.4615
2.98559 1.461
2.98359 1.4605
2.98159 1.46
2.97959 1.4595
2.97759 1.459
2.97559 1.4585
2.97359 1.458
2.97159 1.4575
2.96959 1.457
2.96759 1.4565
2.96559 1.456
2.96359 1.4555
2.96159 1.455
2.95959 1.4545
2.95759 1.454
2.95559 1.4535
2.95359 1.453
2.95159 1.4525
2.94959 1.452
2.94759 1.4515
2.94559 1.451
2.94359 1.4505
2.94159 1.45
2.93959 1.4495
2.93759 1.449
2.93559 1.4485
2.93359 1.448
2.93159 1.4475
2.92959 1.447
2.92759 1.4465
2.92559 1.446
2.92359 1.4455
2.92159 1.445
2.91959 1.4445
2.91759 1.444
2.91559 1.4435
2.91359 1.443
2.91159 1.4425
2.90959 1.442
2.90759 1.4415
2.90559 1.441
2.90359 1.4405
2.90159 1.44
2.89959 1.4395
2.89759 1.439
2.89559 1.4385
2.89359 1.438
2.89159 1.4375
2.88959 1.437
2.88759 1.4365
2.88559 1.436
2.88359 1.4355
2.88159 1.435
2.87959 1.4345
2.87759 1.434
2.87559 1.4335
2.87359 1.433
2.87159 1.4325
2.86959 1.432
2.86759 1.4315
2.86559 1.431
2.86359 1.4305
2.86159 1.43
2.85959 1.4295
2.85759 1.429
2.85559 1.4285
2.85359 1.428
2.85159 1.4275
2.84959 1.427
2.84759 1.4265
2.84559 1.426
2.84359 1.4255
2.84159 1.425
2.83959 1.4245
2.83759 1.424
2.83559 1.4235
2.83359 1.423
2.83159 1.4225
2.82959 1.422
2.82759 1.4215
2.82559 1.421
2.82359 1.4205
2.82159 1.42
2.81959 1.4195
2.81759 1.419
2.81559 1.4185
2.81359 1.418
2.81159 1.4175
2.80959 1.417
2.80759 1.4165
2.80559 1.416
2.80359 1.4155
2.80159 1.415
2.79959 1.4145
2.79759 1.414
2.79559 1.4135
2.79359 1.413
2.79159 1.4125
2.78959 1.412
2.78759 1.4115
2.78559 1.411
2.78359 1.4105
2.78159 1.41
2.77957 1.4095
2.77749 1.409
2.7752 1.4085
2.77219 1.408
2.76724 1.4075
2.75791 1.407
2.7395 1.4065
2.70264 1.406
2.62871 1.4055
2.59146 1.405
2.57266 1.4045
2.56305 1.404
2.55792 1.4035
2.55481 1.403
2.55248 1.4025
2.5504 1.402
2.54837 1.4015
2.54637 1.401
2.54437 1.4005
2.54237 1.4
2.54037 1.3995
2.53837 1.399
2.53637 1.3985
2.53437 1.398
2.53237 1.3975
2.53037 1.397
2.52837 1.3965
2.52637 1.396
2.52437 1.3955
2.52237 1.395
2.52036 1.3945
2.51836 1.394
2.51636 1.3935
2.51433 1.393
2.51222 1.3925
2.50983 1.392
2.5065 1.3915
2.5008 1.391
2.48989 1.3905
2.48414 1.39
2.48078 1.3895
2.47836 1.389
2.47625 1.3885
2.47422 1.388
2.47221 1.3875
2.47021 1.387
2.46821 1.3865
2.46621 1.386
2.46421 1.3855
2.46221 1.385
2.46021 1.3845
2.45821 1.384
2.45621 1.3835
2.45421 1.383
2.45221 1.3825
2.45021 1.382
2.44821 1.3815
2.44621 1.381
2.44421 1.3805
2.44221 1.38
2.44021 1.3795
2.43821 1.379
2.43621 1.3785
2.43421 1.378
2.43221 1.3775
2.43021 1.377
2.42821 1.3765
2.42621 1.376
2.42421 1.3755
2.42221 1.375
2.42021 1.3745
2.41821 1.374
2.41621 1.3735
2.41421 1.373
2.41221 1.3725
2.41021 1.372
2.40821 1.3715
2.40621 1.371
2.40421 1.3705
2.40221 1.37
2.40021 1.3695
2.39821 1.369
2.39621 1.3685
2.39421 1.368
2.39221 1.3675
2.39021 1.367
2.3882 1.3665
2.38615 1.366
2.38399 1.3655
2.3814 1.365
2.37752 1.3645
2.37056 1.364
2.35704 1.3635
2.35003 1.363
2.3461 1.3625
2.34347 1.362
2.34128 1.3615
2.33921 1.361
2.33716 1.3605
2.33509 1.36
2.33289 1.3595
2.33023 1.359
2.32622 1.3585
2.31898 1.358
2.30487 1.3575
2.29758 1.357
2.29354 1.3565
2.29086 1.356
2.28866 1.3555
2.2866 1.355
2.28457 1.3545
2.28255 1.354
2.28048 1.3535
2.27828 1.353
2.27557 1.3525
2.27143 1.352
2.26388 1.3515
2.24915 1.351
2.24154 1.3505
2.23735 1.35
2.23461 1.3495
2.23238 1.349
2.2303 1.3485
2.22824 1.348
2.22616 1.3475
2.22393 1.347
2.22116 1.3465
2.21688 1.346
2.20904 1.3455
2.20475 1.345
2.20197 1.3445
2.19974 1.344
2.19767 1.3435
2.19564 1.343
2.19361 1.3425
2.19153 1.342
2.1893 1.3415
2.1865 1.341
2.1821 1.3405
2.17401 1.34
2.16959 1.3395
2.16678 1.339
2.16454 1.3385
2.16247 1.338
2.16045 1.3375
2.15843 1.337
2.1564 1.3365
2.15433 1.336
2.15205 1.3355
2.14912 1.335
2.14438 1.3345
2.13554 1.334
2.13012 1.3335
2.12568 1.333
2.1204 1.3325
2.11154 1.332
2.10674 1.3315
2.10375 1.331
2.10141 1.3305
2.09925 1.33
2.0971 1.3295
2.09477 1.329
2.09182 1.3285
2.08713 1.328
2.07843 1.3275
2.07373 1.327
2.0708 1.3265
2.06853 1.326
2.06645 1.3255
2.06442 1.325
2.06241 1.3245
2.06038 1.324
2.0583 1.3235
2.05601 1.323
2.05305 1.3225
2.04825 1.322
2.03928 1.3215
2.03446 1.321
2.03148 1.3205
2.02918 1.32
2.0271 1.3195
2.02507 1.319
2.02305 1.3185
2.02102 1.318
2.01893 1.3175
2.01663 1.317
2.01362 1.3165
2.00868 1.316
1.99942 1.3155
1.99446 1.315
1.99143 1.3145
1.98913 1.314
1.98704 1.3135
1.98502 1.313
1.983 1.3125
1.98099 1.312
1.97897 1.3115
1.97688 1.311
1.97456 1.3105
1.97149 1.31
1.96641 1.3095
1.96333 1.309
1.96101 1.3085
1.95893 1.308
1.9569 1.3075
1.95489 1.307
1.95289 1.3065
1.95088 1.306
1.94885 1.3055
1.94676 1.305
1.94443 1.3045
1.9413 1.304
1.93609 1.3035
1.93295 1.303
1.93061 1.3025
1.92852 1.302
1.92649 1.3015
1.92449 1.301
1.92248 1.3005
1.92047 1.3
1.91844 1.2995
1.91635 1.299
1.914 1.2985
1.91081 1.298
1.90546 1.2975
1.90227 1.297
1.89991 1.2965
1.89782 1.296
1.89579 1.2955
1.89379 1.295
1.89178 1.2945
1.88978 1.294
1.88778 1.2935
1.88578 1.293
1.88378 1.2925
1.88178 1.292
1.87978 1.2915
1.87778 1.291
1.87578 1.2905
1.87378 1.29
1.87178 1.2895
1.86978 1.289
1.86778 1.2885
1.86578 1.288
1.86378 1.2875
1.86178 1.287
1.85978 1.2865
1.85778 1.286
1.85578 1.2855
1.85378 1.285
1.85178 1.2845
1.84978 1.284
1.84778 1.2835
1.84578 1.283
1.84378 1.2825
1.84178 1.282
1.83978 1.2815
1.83778 1.281
1.83578 1.2805
1.83378 1.28
1.83178 1.2795
1.82978 1.279
1.82778 1.2785
1.82578 1.278
1.82378 1.2775
1.82178 1.277
1.81978 1.2765
1.81778 1.276
1.81578 1.2755
1.81378 1.275
1.81178 1.2745
1.80978 1.274
1.80778 1.2735
1.80578 1.273
1.80378 1.2725
1.80178 1.272
1.79978 1.2715
1.79778 1.271
1.79578 1.2705
1.79378 1.27
1.79178 1.2695
1.78978 1.269
1.78778 1.2685
1.78578 1.268
1.78378 1.2675
1.78178 1.267
1.77978 1.2665
1.77778 1.266
1.77578 1.2655
1.77378 1.265
1.77178 1.2645
1.76978 1.264
1.76778 1.2635
1.76578 1.263
1.76378 1.2625
1.76178 1.262
1.75978 1.2615
1.75778 1.261
1.75578 1.2605
1.75378 1.26
1.75178 1.2595
1.74978 1.259
1.74778 1.2585
1.74578 1.258
1.74378 1.2575
1.74178 1.257
1.73978 1.2565
1.73778 1.256
1.73578 1.2555
1.73378 1.255
1.73178 1.2545
1.72978 1.254
1.72778 1.2535
1.72578 1.253
1.72378 1.2525
1.72178 1.252
1.71978 1.2515
1.71778 1.251
1.71577 1.2505
1.71374 1.25
1.70769 1.2495
1.70149 1.249
1.69473 1.2485
1.68605 1.248
1.67927 1.2475
1.67306 1.247
1.667 1.2465
1.66098 1.246
1.65496 1.2455
1.64894 1.245
1.64288 1.2445
1.63665 1.244
1.6298 1.2435
1.62085 1.243
1.61397 1.2425
1.60774 1.242
1.60167 1.2415
1.59565 1.241
1.58963 1.2405
1.58361 1.24
1.57754 1.2395
1.57129 1.239
1.56434 1.2385
1.55511 1.238
1.54815 1.2375
1.54189 1.237
1.53581 1.2365
1.52979 1.236
1.52377 1.2355
1.51774 1.235
1.51167 1.2345
1.50539 1.234
1.49838 1.2335
1.48892 1.233
1.48188 1.2325
1.4756 1.232
1.46952 1.2315
1.4635 1.231
1.45748 1.2305
1.45147 1.23
1.44542 1.2295
1.43924 1.229
1.43257 1.2285
1.42422 1.228
1.41755 1.2275
1.41137 1.227
1.40532 1.2265
1.39931 1.226
1.39331 1.2255
1.3873 1.225
1.3813 1.2245
1.37527 1.224
1.36919 1.2235
1.36285 1.223
1.3556 1.2225
1.34926 1.222
1.34317 1.2215
1.33715 1.221
1.33115 1.2205
1.32515 1.22
1.31914 1.2195
1.31314 1.219
1.30714 1.2185
1.30114 1.218
1.29514 1.2175
1.28914 1.217
1.28314 1.2165
1.27714 1.216
1.27114 1.2155
1.26514 1.215
1.25914 1.2145
1.25314 1.214
1.24714 1.2135
1.24114 1.213
1.23514 1.2125
1.22914 1.212
1.22314 1.2115
1.21714 1.211
1.21114 1.2105
1.20514 1.21
1.19914 1.2095
1.19314 1.209
1.18714 1.2085
1.18114 1.208
1.17514 1.2075
1.16914 1.207
1.16314 1.2065
1.15714 1.206
1.15114 1.2055
1.14514 1.205
1.13914 1.2045
1.13314 1.204
1.12714 1.2035
1.12114 1.203
1.11514 1.2025
1.10914 1.202
1.10314 1.2015
1.09714 1.201
1.09114 1.2005
1.08514 1.2
1.07914 1.1995
1.07314 1.199
1.06714 1.1985
1.06114 1.198
1.05514 1.1975
1.04914 1.197
1.04314 1.1965
1.03714 1.196
1.03114 1.1955
1.02514 1.195
1.01914 1.1945
1.01314 1.194
1.00714 1.1935
1.00114 1.193
0.995145 1.1925
0.989145 1.192
0.983145 1.1915
0.977145 1.191
0.971145 1.1905
0.965145 1.19
0.959145 1.1895
0.953145 1.189
0.947145 1.1885
0.941145 1.188
0.935145 1.1875
0.929145 1.187
0.923145 1.1865
0.917145 1.186
0.911145 1.1855
0.905145 1.185
0.899145 1.1845
0.893145 1.184
0.887145 1.1835
0.881145 1.183
0.875145 1.1825
0.869145 1.182
0.863145 1.1815
0.857145 1.181
0.851145 1.1805
0.845145 1.18
0.839145 1.1795
0.833145 1.179
0.827145 1.1785
0.821145 1.178
0.815145 1.1775
0.809145 1.177
0.803145 1.1765
0.797145 1.176
0.791145 1.1755
0.785145 1.175
0.779145 1.1745
0.773145 1.174
0.767145 1.1735
0.761145 1.173
0.755145 1.1725
0.749145 1.172
0.743145 1.1715
0.737145 1.171
0.731145 1.1705
0.725145 1.17
0.719145 1.1695
0.713145 1.169
0.707145 1.1685
0.701145 1.168
0.695145 1.1675
0.689145 1.167
0.683145 1.1665
0.677145 1.166
0.671145 1.1655
0.665145 1.165
0.659145 1.1645
0.653145 1.164
0.647145 1.1635
0.641145 1.163
0.635145 1.1625
0.629145 1.162
0.623145 1.1615
0.617145 1.161
0.611145 1.1605
0.605145 1.16
0.599145 1.1595
0.593145 1.159
0.587145 1.1585
0.581145 1.158
0.575145 1.1575
0.569145 1.157
0.563145 1.1565
0.557145 1.156
0.551145 1.1555
0.545145 1.155
0.539145 1.1545
0.533145 1.154
0.527145 1.1535
0.521145 1.153
0.515145 1.1525
0.509145 1.152
0.503145 1.1515
0.497145 1.151
0.491145 1.1505
0.485145 1.15
0.479145 1.1495
0.473145 1.149
0.467145 1.1485
0.461145 1.148
0.455145 1.1475
0.449145 1.147
0.443145 1.1465
0.437145 1.146
0.431145 1.1455
0.425145 1.145
0.419145 1.1445
0.413145 1.144
0.407145 1.1435
0.401145 1.143
0.395145 1.1425
0.389145 1.142
0.383145 1.1415
0.377145 1.141
0.371145 1.1405
0.365145 1.14
0.359145 1.1395
0.353145 1.139
0.347145 1.1385
0.341145 1.138
0.335145 1.1375
0.329145 1.137
0.323145 1.1365
0.317145 1.136
0.311145 1.1355
0.305145 1.135
0.299145 1.1345
0.293145 1.134
0.287145 1.1335
0.281145 1.133
0.275145 1.1325
0.269145 1.132
0.263145 1.1315
0.257145 1.131
0.251145 1.1305
0.245145 1.13
0.239145 1.1295
0.233145 1.129
0.227145 1.1285
0.221145 1.128
0.215145 1.1275
0.209145 1.127
0.203145 1.1265
0.197145 1.126
0.191145 1.1255
0.185145 1.125
0.179145 1.1245
0.173145 1.124
0.167145 1.1235
0.161145 1.123
0.155145 1.1225
0.149145 1.122
0.143145 1.1215
0.137145 1.121
0.131145 1.1205
0.125145 1.12
0.119145 1.1195
0.113145 1.119
0.107145 1.1185
0.101145 1.118
0.0951447 1.1175
0.0891447 1.117
0.0831447 1.1165
0.0771447 1.116
0.0711447 1.1155
0.0651447 1.115
0.0591447 1.1145
0.0531447 1.114
0.0471447 1.1135
0.0411447 1.113
0.0351447 1.1125
0.0291447 1.112
0.0231447 1.1115
0.0171447 1.111
0.0111447 1.1105
0.00514466 1.11
-0.000855339 1.1095
-0.00685534 1.109
-0.0128553 1.1085
-0.0188553 1.108
-0.0248553 1.1075
-0.0308553 1.107
-0.0368553 1.1065
-0.0428553 1.106
-0.0488553 1.1055
-0.0548553 1.105
-0.0608553 1.1045
-0.0668553 1.104
-0.0728553 1.1035
-0.0788553 1.103
-0.0848553 1.1025
-0.0908553 1.102
-0.0968553 1.1015
-0.102855 1.101
-0.108855 1.1005
-0.114855 1.1
-0.120855 1.0995
-0.126855 1.099
-0.132855 1.0985
-0.138855 1.098
-0.144855 1.0975
-0.150855 1.097
-0.156855 1.0965
-0.162855 1.096
-0.168855 1.0955
-0.174855 1.095
-0.180855 1.0945
-0.186855 1.094
-0.192855 1.0935
-0.198855 1.093
-0.204855 1.0925
-0.210855 1.092
-0.216855 1.0915
-0.222855 1.091
-0.228855 1.0905
-0.234855 1.09
-0.240855 1.0895
-0.246855 1.089
-0.252855 1.0885
-0.258855 1.088
-0.264855 1.0875
-0.270855 1.087
-0.276855 1.0865
-0.282855 1.086
-0.288855 1.0855
-0.294855 1.085
-0.300855 1.0845
-0.306855 1.084
-0.312855 1.0835
-0.318855 1.083
-0.324855 1.0825
-0.330855 1.082
-0.336855 1.0815
-0.342855 1.081
-0.348855 1.0805
-0.354855 1.08
-0.360855 1.0795
-0.366855 1.079
-0.372855 1.0785
-0.378855 1.078
-0.384855 1.0775
-0.390855 1.077
-0.396855 1.0765
-0.402855 1.076
-0.408855 1.0755
-0.414855 1.075
-0.420855 1.0745
-0.426855 1.074
-0.432855 1.0735
-0.438855 1.073
-0.444855 1.0725
-0.450855 1.072
-0.456855 1.0715
-0.462855 1.071
-0.468855 1.0705
-0.474855 1.07
-0.480855 1.0695
-0.486855 1.069
-0.492855 1.0685
-0.498855 1.068
-0.504855 1.0675
-0.510855 1.067
-0.516855 1.0665
-0.522855 1.066
-0.528855 1.0655
-0.534855 1.065
-0.540855 1.0645
-0.546855 1.064
-0.552855 1.0635
-0.558855 1.063
-0.564855 1.0625
-0.570855 1.062
-0.576855 1.0615
-0.582855 1.061
-0.588855 1.0605
-0.594855 1.06
-0.600855 1.0595
-0.606855 1.059
-0.612855 1.0585
-0.618855 1.058
-0.624855 1.0575
-0.630855 1.057
-0.636855 1.0565
-0.642855 1.056
-0.648855 1.0555
-0.654855 1.055
-0.660855 1.0545
-0.666855 1.054
-0.672855 1.0535
-0.678855 1.053
-0.684855 1.0525
-0.690855 1.052
-0.696855 1.0515
-0.702855 1.051
-0.708855 1.0505
-0.714855 1.05
-0.720855 1.0495
-0.726855 1.049
-0.732855 1.0485
-0.738855 1.048
-0.744855 1.0475
-0.750855 1.047
-0.756855 1.0465
-0.762855 1.046
-0.768855 1.0455
-0.774855 1.045
-0.780855 1.0445
-0.786855 1.044
-0.792855 1.0435
-0.798855 1.043
-0.804855 1.0425
-0.810855 1.042
-0.816855 1.0415
-0.822855 1.041
-0.828855 1.0405
-0.834855 1.04
-0.840855 1.0395
-0.846855 1.039
-0.852855 1.0385
-0.858855 1.038
-0.864855 1.0375
-0.870855 1.037
-0.876855 1.0365
-0.882855 1.036
-0.888855 1.0355
-0.894855 1.035
-0.900855 1.0345
-0.906855 1.034
-0.912855 1.0335
-0.918855 1.033
-0.924855 1.0325
-0.930855 1.032
-0.936855 1.0315
-0.942855 1.031
-0.948855 1.0305
-0.954855 1.03
-0.960855 1.0295
-0.966855 1.029
-0.972855 1.0285
-0.978855 1.028
-0.984855 1.0275
-0.990855 1.027
-0.996855 1.0265
-1.00286 1.026
-1.00886 1.0255
-1.01486 1.025
-1.02086 1.0245
-1.02686 1.024
-1.03286 1.0235
-1.03886 1.023
-1.04486 1.0225
-1.05086 1.022
-1.05686 1.0215
-1.06286 1.021
-1.06886 1.0205
-1.07486 1.02
-1.08086 1.0195
-1.08686 1.019
-1.09286 1.0185
-1.09886 1.018
-1.10486 1.0175
-1.11086 1.017
-1.11686 1.0165
-1.12286 1.016
-1.12886 1.0155
-1.13486 1.015
-1.14086 1.0145
-1.14686 1.014
-1.15286 1.0135
-1.15886 1.013
-1.16486 1.0125
-1.17086 1.012
-1.17686 1.0115
-1.18286 1.011
-1.18886 1.0105
-1.19486 1.01
-1.20086 1.0095
-1.20686 1.009
-1.21286 1.0085
-1.21886 1.008
-1.22486 1.0075
-1.23086 1.007
-1.23686 1.0065
-1.24286 1.006
-1.24886 1.0055
-1.25486 1.005
-1.26086 1.0045
-1.26686 1.004
-1.27286 1.0035
-1.27886 1.003
-1.28488 1.0025
-1.29096 1.002
-1.29196 1.0015
-1.29296 1.001
-1.29496 1.0005
-1.29387 1
