Man
0 0
0 0.0005
0 0.001
0 0.0015
0 0.002
0 0.0025
0 0.003
0 0.0035
0 0.004
0 0.0045
0 0.005
0 0.0055
0 0.006
0 0.0065
0 0.007
0 0.0075
0 0.008
0 0.0085
0 0.009
0 0.0095
0 0.01
0 0.0105
0 0.011
0 0.0115
0 0.012
0 0.0125
0 0.013
0 0.0135
0 0.014
0 0.0145
0 0.015
0 0.0155
0 0.016
0 0.0165
0 0.017
0 0.0175
0 0.018
0 0.0185
0 0.019
0 0.0195
0 0.02
0 0.0205
0 0.021
0 0.0215
0 0.022
0 0.0225
0 0.023
0 0.0235
0 0.024
0 0.0245
0 0.025
0 0.0255
0 0.026
0 0.0265
0 0.027
0 0.0275
0 0.028
0 0.0285
0 0.029
0 0.0295
0 0.03
0 0.0305
0 0.031
0 0.0315
0 0.032
0 0.0325
0 0.033
0 0.0335
0 0.034
0 0.0345
0 0.035
0 0.0355
0 0.036
0 0.0365
0 0.037
0 0.0375
0 0.038
0 0.0385
0 0.039
0 0.0395
0 0.04
0 0.0405
0 0.041
0 0.0415
0 0.042
0 0.0425
0 0.043
0 0.0435
0 0.044
0 0.0445
0 0.045
0 0.0455
0 0.046
0 0.0465
0 0.047
0 0.0475
0 0.048
0 0.0485
0 0.049
0 0.0495
0 0.05
0 0.0505
0 0.051
0 0.0515
0 0.052
0 0.0525
0 0.053
0 0.0535
0 0.054
0 0.0545
0 0.055
0 0.0555
0 0.056
0 0.0565
0 0.057
0 0.0575
0 0.058
0 0.0585
0 0.059
0 0.0595
0 0.06
0 0.0605
0 0.061
0 0.0615
0 0.062
0 0.0625
0 0.063
0 0.0635
0 0.064
0 0.0645
0 0.065
0 0.0655
0 0.066
0 0.0665
0 0.067
0 0.0675
0 0.068
0 0.0685
0 0.069
0 0.0695
0 0.07
0 0.0705
0 0.071
0 0.0715
0 0.072
0 0.0725
0 0.073
0 0.0735
0 0.074
0 0.0745
0 0.075
0 0.0755
0 0.076
0 0.0765
0 0.077
0 0.0775
0 0.078
0 0.0785
0 0.079
0 0.0795
0 0.08
0 0.0805
0 0.081
0 0.0815
0 0.082
0 0.0825
0 0.083
0 0.0835
0 0.084
0 0.0845
0 0.085
0 0.0855
0 0.086
0 0.0865
0 0.087
0 0.0875
0 0.088
0 0.0885
0 0.089
0 0.0895
0 0.09
-0.00076699 0.0905
-0.00230097 0.091
-0.00536893 0.0915
-0.0115049 0.092
-0.0237767 0.0925
-0.0483204 0.093
-0.0974078 0.0935
-0.195583 0.094
-0.391932 0.0945
-0.490107 0.095
-0.539194 0.0955
-0.563738 0.096
-0.57601 0.0965
-0.582146 0.097
-0.585214 0.0975
-0.586748 0.098
-0.587515 0.0985
-0.587515 0.099
-0.587515 0.0995
-0.587515 0.1
-0.587515 0.1005
-0.587515 0.101
-0.587515 0.1015
-0.587515 0.102
-0.587515 0.1025
-0.587515 0.103
-0.587515 0.1035
-0.587515 0.104
-0.587515 0.1045
-0.587611 0.105
-0.587802 0.1055
-0.588186 0.106
-0.588953 0.1065
-0.590487 0.107
-0.593555 0.1075
-0.599691 0.108
-0.611962 0.1085
-0.636506 0.109
-0.648778 0.1095
-0.654914 0.11
-0.657982 0.1105
-0.659516 0.111
-0.660283 0.1115
-0.660666 0.112
-0.660858 0.1125
-0.660954 0.113
-0.660954 0.1135
-0.660954 0.114
-0.660954 0.1145
-0.660954 0.115
-0.660954 0.1155
-0.660954 0.116
-0.660954 0.1165
-0.660954 0.117
-0.660954 0.1175
-0.660954 0.118
-0.660954 0.1185
-0.660954 0.119
-0.660954 0.1195
-0.660954 0.12
-0.660954 0.1205
-0.660954 0.121
-0.660954 0.1215
-0.660954 0.122
-0.660954 0.1225
-0.660954 0.123
-0.660954 0.1235
-0.660954 0.124
-0.660966 0.1245
-0.66099 0.125
-0.661038 0.1255
-0.661134 0.126
-0.661325 0.1265
-0.661709 0.127
-0.662476 0.1275
-0.66401 0.128
-0.667078 0.1285
-0.668612 0.129
-0.669379 0.1295
-0.669762 0.13
-0.669954 0.1305
-0.67005 0.131
-0.670098 0.1315
-0.670218 0.132
-0.670422 0.1325
-0.670805 0.133
-0.671572 0.1335
-0.673106 0.134
-0.676174 0.1345
-0.68231 0.135
-0.694582 0.1355
-0.719125 0.136
-0.731397 0.1365
-0.737533 0.137
-0.740601 0.1375
-0.742231 0.138
-0.74319 0.1385
-0.743957 0.139
-0.744915 0.1395
-0.746545 0.14
-0.749613 0.1405
-0.755749 0.141
-0.768021 0.1415
-0.792565 0.142
-0.804837 0.1425
-0.810972 0.143
-0.81404 0.1435
-0.815574 0.144
-0.816341 0.1445
-0.816821 0.145
-0.817204 0.1455
-0.817684 0.146
-0.818451 0.1465
-0.819985 0.147
-0.823053 0.1475
-0.829189 0.148
-0.84146 0.1485
-0.866004 0.149
-0.878276 0.1495
-0.884412 0.15
-0.887528 0.1505
-0.889158 0.151
-0.890116 0.1515
-0.890883 0.152
-0.891842 0.1525
-0.893472 0.153
-0.89654 0.1535
-0.902676 0.154
-0.914948 0.1545
-0.921084 0.155
-0.924199 0.1555
-0.925829 0.156
-0.926788 0.1565
-0.927555 0.157
-0.928514 0.1575
-0.930144 0.158
-0.93326 0.1585
-0.939395 0.159
-0.951667 0.1595
-0.957803 0.16
-0.960919 0.1605
-0.962549 0.161
-0.963508 0.1615
-0.964275 0.162
-0.965233 0.1625
-0.966863 0.163
-0.969979 0.1635
-0.976115 0.164
-0.988387 0.1645
-0.994523 0.165
-0.997639 0.1655
-0.999269 0.166
-1.00023 0.1665
-1.00099 0.167
-1.00195 0.1675
-1.00358 0.168
-1.0067 0.1685
-1.01283 0.169
-1.02511 0.1695
-1.03124 0.17
-1.03431 0.1705
-1.03589 0.171
-1.03676 0.1715
-1.03733 0.172
-1.03791 0.1725
-1.03877 0.173
-1.04035 0.1735
-1.04342 0.174
-1.04955 0.1745
-1.06183 0.175
-1.06796 0.1755
-1.07103 0.176
-1.07261 0.1765
-1.07347 0.177
-1.07405 0.1775
-1.07463 0.178
-1.07549 0.1785
-1.07707 0.179
-1.08014 0.1795
-1.08627 0.18
-1.09855 0.1805
-1.10468 0.181
-1.10775 0.1815
-1.10928 0.182
-1.1101 0.1825
-1.11058 0.183
-1.11096 0.1835
-1.11144 0.184
-1.11226 0.1845
-1.11379 0.185
-1.11686 0.1855
-1.12299 0.186
-1.13527 0.1865
-1.1414 0.187
-1.14447 0.1875
-1.146 0.188
-1.14682 0.1885
-1.14729 0.189
-1.14767 0.1895
-1.14814 0.19
-1.14893 0.1905
-1.15042 0.191
-1.15339 0.1915
-1.15933 0.192
-1.17122 0.1925
-1.17716 0.193
-1.18014 0.1935
-1.18162 0.194
-1.1824 0.1945
-1.18284 0.195
-1.18317 0.1955
-1.18355 0.196
-1.18418 0.1965
-1.18533 0.197
-1.18763 0.1975
-1.19223 0.198
-1.20143 0.1985
-1.20604 0.199
-1.20834 0.1995
-1.20949 0.2
-1.21006 0.2005
-1.21035 0.201
-1.21049 0.2015
-1.21057 0.202
-1.2106 0.2025
-1.2106 0.203
-1.2106 0.2035
-1.2106 0.204
-1.2106 0.2045
-1.2106 0.205
-1.2106 0.2055
-1.2106 0.206
-1.2106 0.2065
-1.2106 0.207
-1.2106 0.2075
-1.2106 0.208
-1.2106 0.2085
-1.2106 0.209
-1.2106 0.2095
-1.2106 0.21
-1.2106 0.2105
-1.2106 0.211
-1.2106 0.2115
-1.2106 0.212
-1.2106 0.2125
-1.2106 0.213
-1.2106 0.2135
-1.2106 0.214
-1.2106 0.2145
-1.2106 0.215
-1.2106 0.2155
-1.2106 0.216
-1.2106 0.2165
-1.2106 0.217
-1.2106 0.2175
-1.2106 0.218
-1.2106 0.2185
-1.2106 0.219
-1.2106 0.2195
-1.2106 0.22
-1.2106 0.2205
-1.2106 0.221
-1.2106 0.2215
-1.2106 0.222
-1.2106 0.2225
-1.2106 0.223
-1.2106 0.2235
-1.2106 0.224
-1.2106 0.2245
-1.2106 0.225
-1.2106 0.2255
-1.2106 0.226
-1.2106 0.2265
-1.2106 0.227
-1.2106 0.2275
-1.2106 0.228
-1.2106 0.2285
-1.2106 0.229
-1.2106 0.2295
-1.2106 0.23
-1.2106 0.2305
-1.2106 0.231
-1.2106 0.2315
-1.2106 0.232
-1.2106 0.2325
-1.2106 0.233
-1.2106 0.2335
-1.2106 0.234
-1.2106 0.2345
-1.2106 0.235
-1.2106 0.2355
-1.2106 0.236
-1.2106 0.2365
-1.2106 0.237
-1.2106 0.2375
-1.2106 0.238
-1.2106 0.2385
-1.2106 0.239
-1.2106 0.2395
-1.2106 0.24
-1.2106 0.2405
-1.2106 0.241
-1.2106 0.2415
-1.2106 0.242
-1.2106 0.2425
-1.2106 0.243
-1.2106 0.2435
-1.2106 0.244
-1.2106 0.2445
-1.2106 0.245
-1.2106 0.2455
-1.2106 0.246
-1.2106 0.2465
-1.2106 0.247
-1.2106 0.2475
-1.21064 0.248
-1.21073 0.2485
-1.2109 0.249
-1.21123 0.2495
-1.2119 0.25
-1.21324 0.2515
-1.21593 0.253
-1.2213 0.2545
-1.23204 0.256
-1.2374 0.2575
-1.24011 0.259
-1.2415 0.2605
-1.24227 0.262
-1.2428 0.2635
-1.24335 0.265
-1.2442 0.2665
-1.24578 0.268
-1.24884 0.2695
-1.25498 0.271
-1.25805 0.2725
-1.2596 0.274
-1.26042 0.2755
-1.2609 0.277
-1.26128 0.2785
-1.26176 0.28
-1.26258 0.2815
-1.26413 0.283
-1.2672 0.2845
-1.27334 0.286
-1.27641 0.2875
-1.27795 0.289
-1.27874 0.2905
-1.27918 0.292
-1.27946 0.2935
-1.27975 0.295
-1.28018 0.2965
-1.28097 0.298
-1.28251 0.2995
-1.28557 0.301
-1.28711 0.3025
-1.28788 0.304
-1.28826 0.3055
-1.28845 0.307
-1.28855 0.3085
-1.28859 0.31
-1.28862 0.3115
-1.28863 0.313
-1.28863 0.3145
-1.28863 0.316
-1.28863 0.3175
-1.28863 0.319
-1.28863 0.3205
-1.28863 0.322
-1.28863 0.3235
-1.28863 0.325
-1.28863 0.3265
-1.28863 0.328
-1.28863 0.3295
-1.28863 0.331
-1.28863 0.3325
-1.28863 0.334
-1.28863 0.3355
-1.28863 0.337
-1.28863 0.3385
-1.28863 0.34
-1.28863 0.3415
-1.28863 0.343
-1.28863 0.3445
-1.28863 0.346
-1.28863 0.3475
-1.28863 0.349
-1.28863 0.3505
-1.28863 0.352
-1.28863 0.3535
-1.28863 0.355
-1.28863 0.3565
-1.28863 0.358
-1.28863 0.3595
-1.28863 0.361
-1.28863 0.3625
-1.28863 0.364
-1.28863 0.3655
-1.28863 0.367
-1.28863 0.3685
-1.28863 0.37
-1.28863 0.3715
-1.28863 0.373
-1.28863 0.3745
-1.28863 0.376
-1.28863 0.3775
-1.28863 0.379
-1.28863 0.3805
-1.28863 0.382
-1.28863 0.3835
-1.28863 0.385
-1.28863 0.3865
-1.28863 0.388
-1.28863 0.3895
-1.28863 0.391
-1.28863 0.3925
-1.28863 0.394
-1.28863 0.3955
-1.28863 0.397
-1.28863 0.3985
-1.28863 0.4
-1.28863 0.4015
-1.28863 0.403
-1.28863 0.4045
-1.28863 0.406
-1.28863 0.4075
-1.28863 0.409
-1.28863 0.4105
-1.28863 0.412
-1.28863 0.4135
-1.28863 0.415
-1.28863 0.4165
-1.28863 0.418
-1.28863 0.4195
-1.28863 0.421
-1.28863 0.4225
-1.28863 0.424
-1.28863 0.4255
-1.28863 0.427
-1.28863 0.4285
-1.28863 0.43
-1.28863 0.4315
-1.28863 0.433
-1.28863 0.4345
-1.28863 0.436
-1.28863 0.4375
-1.28863 0.439
-1.28863 0.4405
-1.28863 0.442
-1.28863 0.4435
-1.28863 0.445
-1.28863 0.4465
-1.28863 0.448
-1.28863 0.4495
-1.28863 0.451
-1.28863 0.4525
-1.28863 0.454
-1.28863 0.4555
-1.28863 0.457
-1.28863 0.4585
-1.28863 0.46
-1.28863 0.4615
-1.28863 0.463
-1.28863 0.4645
-1.28863 0.466
-1.28863 0.4675
-1.28863 0.469
-1.28863 0.4705
-1.28863 0.472
-1.28863 0.4735
-1.28863 0.475
-1.28863 0.4765
-1.28863 0.478
-1.28863 0.4795
-1.28863 0.481
-1.28863 0.4825
-1.28863 0.484
-1.28863 0.4855
-1.28863 0.487
-1.28863 0.4885
-1.28863 0.49
-1.28863 0.4915
-1.28863 0.493
-1.28863 0.4945
-1.28863 0.496
-1.28863 0.4975
-1.28863 0.499
-1.28863 0.5005
-1.28863 0.502
-1.28863 0.5035
-1.28863 0.505
-1.28863 0.5065
-1.28863 0.508
-1.28863 0.5095
-1.28863 0.511
-1.28863 0.5125
-1.28863 0.514
-1.28863 0.5155
-1.28863 0.517
-1.28863 0.5185
-1.28863 0.52
-1.28863 0.5215
-1.28863 0.523
-1.28863 0.5245
-1.28863 0.526
-1.28863 0.5275
-1.28863 0.529
-1.28863 0.5305
-1.28863 0.532
-1.28863 0.5335
-1.28863 0.535
-1.28863 0.5365
-1.28863 0.538
-1.28863 0.5395
-1.28863 0.541
-1.28863 0.5425
-1.28863 0.544
-1.28863 0.5455
-1.28863 0.547
-1.28863 0.5485
-1.28863 0.55
-1.28863 0.5515
-1.28863 0.553
-1.28863 0.5545
-1.28863 0.556
-1.28863 0.5575
-1.28863 0.559
-1.28863 0.5605
-1.28863 0.562
-1.28863 0.5635
-1.28863 0.565
-1.28863 0.5665
-1.28863 0.568
-1.28863 0.5695
-1.28863 0.571
-1.28863 0.5725
-1.28863 0.574
-1.28863 0.5755
-1.28863 0.577
-1.28863 0.5785
-1.28863 0.58
-1.28863 0.5815
-1.28863 0.583
-1.28863 0.5845
-1.28863 0.586
-1.28863 0.5875
-1.28863 0.589
-1.28863 0.5905
-1.28863 0.592
-1.28863 0.5935
-1.28863 0.595
-1.28863 0.5965
-1.28863 0.598
-1.28863 0.5995
-1.28863 0.601
-1.28863 0.6025
-1.28863 0.604
-1.28863 0.6055
-1.28863 0.607
-1.28863 0.6085
-1.28863 0.61
-1.28863 0.6115
-1.28863 0.613
-1.28863 0.6145
-1.28863 0.616
-1.28863 0.6175
-1.28863 0.619
-1.28863 0.6205
-1.28863 0.622
-1.28863 0.6235
-1.28863 0.625
-1.28863 0.6265
-1.28863 0.628
-1.28863 0.6295
-1.28863 0.631
-1.28863 0.6325
-1.28863 0.634
-1.28863 0.6355
-1.28863 0.637
-1.28863 0.6385
-1.28863 0.64
-1.28863 0.6415
-1.28863 0.643
-1.28863 0.6445
-1.28863 0.646
-1.28863 0.6475
-1.28863 0.649
-1.28863 0.6505
-1.28863 0.652
-1.28863 0.6535
-1.28863 0.655
-1.28863 0.6565
-1.28863 0.658
-1.28863 0.6595
-1.28863 0.661
-1.28863 0.6625
-1.28863 0.664
-1.28863 0.6655
-1.28863 0.667
-1.28863 0.6685
-1.28863 0.67
-1.28863 0.6715
-1.28863 0.673
-1.28863 0.6745
-1.28863 0.676
-1.28863 0.6775
-1.28863 0.679
-1.28863 0.6805
-1.28863 0.682
-1.28863 0.6835
-1.28863 0.685
-1.28863 0.6865
-1.28863 0.688
-1.28863 0.6895
-1.28863 0.691
-1.28863 0.6925
-1.28863 0.694
-1.28863 0.6955
-1.28863 0.697
-1.28863 0.6985
-1.28863 0.7
-1.28863 0.7015
-1.28863 0.703
-1.28863 0.7045
-1.28863 0.706
-1.28863 0.7075
-1.28863 0.709
-1.28863 0.7105
-1.28863 0.712
-1.28863 0.7135
-1.28863 0.715
-1.28863 0.7165
-1.28863 0.718
-1.28863 0.7195
-1.28863 0.721
-1.28863 0.7225
-1.28863 0.724
-1.28863 0.7255
-1.28863 0.727
-1.28863 0.7285
-1.28863 0.73
-1.28863 0.7315
-1.28863 0.733
-1.28863 0.7345
-1.28863 0.736
-1.28863 0.7375
-1.28863 0.739
-1.28863 0.7405
-1.28863 0.742
-1.28863 0.7435
-1.28863 0.745
-1.28863 0.7465
-1.28863 0.748
-1.28863 0.7495
-1.28863 0.751
-1.28863 0.7525
-1.28863 0.754
-1.28863 0.7555
-1.28863 0.757
-1.28863 0.7585
-1.28863 0.76
-1.28863 0.7615
-1.28863 0.763
-1.28863 0.7645
-1.28863 0.766
-1.28863 0.7675
-1.28863 0.769
-1.28863 0.7705
-1.28863 0.772
-1.28863 0.7735
-1.28863 0.775
-1.28863 0.7765
-1.28863 0.778
-1.28863 0.7795
-1.28863 0.781
-1.28863 0.7825
-1.28863 0.784
-1.28863 0.7855
-1.28863 0.787
-1.28863 0.7885
-1.28863 0.79
-1.28863 0.7915
-1.28863 0.793
-1.28863 0.7945
-1.28863 0.796
-1.28863 0.7975
-1.28863 0.799
-1.28863 0.8005
-1.28863 0.802
-1.28863 0.8035
-1.28863 0.805
-1.28863 0.8065
-1.28863 0.808
-1.28863 0.8095
-1.28863 0.811
-1.28863 0.8125
-1.28863 0.814
-1.28863 0.8155
-1.28863 0.817
-1.28863 0.8185
-1.28863 0.82
-1.28863 0.8215
-1.28863 0.823
-1.28863 0.8245
-1.28863 0.826
-1.28863 0.8275
-1.28863 0.829
-1.28863 0.8305
-1.28863 0.832
-1.28863 0.8335
-1.28863 0.835
-1.28863 0.8365
-1.28863 0.838
-1.28863 0.8395
-1.28863 0.841
-1.28863 0.8425
-1.28863 0.844
-1.28863 0.8455
-1.28863 0.847
-1.28863 0.8485
-1.28863 0.85
-1.28863 0.8515
-1.28863 0.853
-1.28863 0.8545
-1.28863 0.856
-1.28863 0.8575
-1.28863 0.859
-1.28863 0.8605
-1.28863 0.862
-1.28863 0.8635
-1.28863 0.865
-1.28863 0.8665
-1.28863 0.868
-1.28863 0.8695
-1.28863 0.871
-1.28863 0.8725
-1.28863 0.874
-1.28863 0.8755
-1.28863 0.877
-1.28863 0.8785
-1.28863 0.88
-1.28863 0.8815
-1.28863 0.883
-1.28863 0.8845
-1.28863 0.886
-1.28863 0.8875
-1.28863 0.889
-1.28863 0.8905
-1.28863 0.892
-1.28863 0.8935
-1.28863 0.895
-1.28863 0.8965
-1.28863 0.898
-1.28863 0.8995
-1.28863 0.901
-1.28863 0.9025
-1.28863 0.904
-1.28863 0.9055
-1.28863 0.907
-1.28863 0.9085
-1.28863 0.91
-1.28863 0.9115
-1.28863 0.913
-1.28863 0.9145
-1.28863 0.916
-1.28863 0.9175
-1.28863 0.919
-1.28863 0.9205
-1.28863 0.922
-1.28863 0.9235
-1.28863 0.925
-1.28863 0.9265
-1.28863 0.928
-1.28863 0.9295
-1.28863 0.931
-1.28863 0.9325
-1.28863 0.934
-1.28863 0.9355
-1.28863 0.937
-1.28863 0.9385
-1.28863 0.94
-1.28863 0.9415
-1.28863 0.943
-1.28863 0.9445
-1.28863 0.946
-1.28863 0.9475
-1.28863 0.949
-1.28863 0.9505
-1.28863 0.952
-1.28863 0.9535
-1.28863 0.955
-1.28863 0.9565
-1.28863 0.958
-1.28863 0.9595
-1.28863 0.961
-1.28863 0.9625
-1.28863 0.964
-1.28863 0.9655
-1.28863 0.967
-1.28863 0.9685
-1.28863 0.97
-1.28863 0.9715
-1.28863 0.973
-1.28863 0.9745
-1.28863 0.976
-1.28863 0.9775
-1.28863 0.979
-1.28863 0.9805
-1.28863 0.982
-1.28864 0.9835
-1.28864 0.985
-1.28866 0.9865
-1.2887 0.988
-1.28877 0.9895
-1.28891 0.991
-1.28918 0.9925
-1.28973 0.994
-1.29084 0.9955
-1.28984 0.997
-1.29084 0.9985
-1.28984 1


Shark
3.14159 1.5
3.13959 1.4995
3.13759 1.499
3.13559 1.4985
3.13359 1.498
3.13159 1.4975
3.12959 1.497
3.12759 1.4965
3.12559 1.496
3.12359 1.4955
3.12159 1.495
3.11959 1.4945
3.11759 1.494
3.11559 1.4935
3.11359 1.493
3.11159 1.4925
3.10959 1.492
3.10759 1.4915
3.10559 1.491
3.10359 1.4905
3.10159 1.49
3.09959 1.4895
3.09759 1.489
3.09559 1.4885
3.09359 1.488
3.09159 1.4875
3.08959 1.487
3.08759 1.4865
3.08559 1.486
3.08359 1.4855
3.08159 1.485
3.07959 1.4845
3.07759 1.484
3.07559 1.4835
3.07359 1.483
3.07159 1.4825
3.06959 1.482
3.06759 1.4815
3.06559 1.481
3.06359 1.4805
3.06159 1.48
3.05959 1.4795
3.05759 1.479
3.05559 1.4785
3.05359 1.478
3.05159 1.4775
3.04959 1.477
3.04759 1.4765
3.04559 1.476
3.04359 1.4755
3.04159 1.475
3.03959 1.4745
3.03759 1.474
3.03559 1.4735
3.03359 1.473
3.03159 1.4725
3.02959 1.472
3.02759 1.4715
3.02559 1.471
3.02359 1.4705
3.02159 1.47
3.01959 1.4695
3.01759 1.469
3.01559 1.4685
3.01359 1.468
3.01159 1.4675
3.00959 1.467
3.00759 1.4665
3.00559 1.466
3.00359 1.4655
3.00159 1.465
2.99959 1.4645
2.99759 1.464
2.99559 1.4635
2.99359 1.463
2.99159 1.4625
2.98959 1.462
2.98759 1.4615
2.98559 1.461
2.98359 1.4605
2.98159 1.46
2.97959 1.4595
2.97759 1.459
2.97559 1.4585
2.97359 1.458
2.97159 1.4575
2.96959 1.457
2.96759 1.4565
2.96559 1.456
2.96359 1.4555
2.96159 1.455
2.95959 1.4545
2.95759 1.454
2.95559 1.4535
2.95359 1.453
2.95159 1.4525
2.94959 1.452
2.94759 1.4515
2.94559 1.451
2.94359 1.4505
2.94159 1.45
2.93959 1.4495
2.93759 1.449
2.93559 1.4485
2.93359 1.448
2.93159 1.4475
2.92959 1.447
2.92759 1.4465
2.92559 1.446
2.92359 1.4455
2.92159 1.445
2.91959 1.4445
2.91759 1.444
2.91559 1.4435
2.91359 1.443
2.91159 1.4425
2.90959 1.442
2.90759 1.4415
2.90559 1.441
2.90359 1.4405
2.90159 1.44
2.89959 1.4395
2.89759 1.439
2.89559 1.4385
2.89359 1.438
2.89159 1.4375
2.88959 1.437
2.88759 1.4365
2.88559 1.436
2.88359 1.4355
2.88159 1.435
2.87959 1.4345
2.87759 1.434
2.87559 1.4335
2.87359 1.433
2.87159 1.4325
2.86959 1.432
2.86759 1.4315
2.86559 1.431
2.86359 1.4305
2.86159 1.43
2.85959 1.4295
2.85759 1.429
2.85559 1.4285
2.85359 1.428
2.85159 1.4275
2.84959 1.427
2.84759 1.4265
2.84559 1.426
2.84359 1.4255
2.84159 1.425
2.83959 1.4245
2.83759 1.424
2.83559 1.4235
2.83359 1.423
2.83159 1.4225
2.82959 1.422
2.82759 1.4215
2.82559 1.421
2.82359 1.4205
2.82159 1.42
2.81959 1.4195
2.81759 1.419
2.81559 1.4185
2.81359 1.418
2.81159 1.4175
2.80959 1.417
2.80759 1.4165
2.80559 1.416
2.80359 1.4155
2.80159 1.415
2.79959 1.4145
2.79759 1.414
2.79559 1.4135
2.79359 1.413
2.79159 1.4125
2.78959 1.412
2.78759 1.4115
2.78559 1.411
2.78359 1.4105
2.78159 1.41
2.77957 1.4095
2.7775 1.409
2.77521 1.4085
2.77219 1.408
2.76724 1.4075
2.75792 1.407
2.7395 1.4065
2.70265 1.406
2.62872 1.4055
2.59147 1.405
2.57266 1.4045
2.56305 1.404
2.55792 1.4035
2.55482 1.403
2.55249 1.4025
2.5504 1.402
2.54838 1.4015
2.54638 1.401
2.54438 1.4005
2.54238 1.4
2.54038 1.3995
2.53838 1.399
2.53638 1.3985
2.53438 1.398
2.53238 1.3975
2.53038 1.397
2.52838 1.3965
2.52638 1.396
2.52438 1.3955
2.52238 1.395
2.52038 1.3945
2.51837 1.394
2.51634 1.3935
2.51424 1.393
2.51184 1.3925
2.50853 1.392
2.50285 1.3915
2.49199 1.391
2.48627 1.3905
2.48291 1.39
2.4805 1.3895
2.47838 1.389
2.47636 1.3885
2.47435 1.388
2.47235 1.3875
2.47035 1.387
2.46835 1.3865
2.46635 1.386
2.46435 1.3855
2.46235 1.385
2.46035 1.3845
2.45835 1.384
2.45635 1.3835
2.45435 1.383
2.45235 1.3825
2.45035 1.382
2.44835 1.3815
2.44635 1.381
2.44435 1.3805
2.44235 1.38
2.44035 1.3795
2.43835 1.379
2.43635 1.3785
2.43435 1.378
2.43235 1.3775
2.43035 1.377
2.42835 1.3765
2.42635 1.376
2.42435 1.3755
2.42235 1.375
2.42035 1.3745
2.41834 1.374
2.41634 1.3735
2.41433 1.373
2.4123 1.3725
2.41015 1.372
2.4076 1.3715
2.40545 1.371
2.40341 1.3705
2.4014 1.37
2.3994 1.3695
2.3974 1.369
2.3954 1.3685
2.3934 1.368
2.3914 1.3675
2.38939 1.367
2.38734 1.3665
2.38518 1.366
2.38259 1.3655
2.37873 1.365
2.37179 1.3645
2.35832 1.364
2.35134 1.3635
2.34743 1.363
2.34481 1.3625
2.34262 1.362
2.34055 1.3615
2.33851 1.361
2.33644 1.3605
2.33424 1.36
2.3316 1.3595
2.32761 1.359
2.32039 1.3585
2.30633 1.358
2.29907 1.3575
2.29504 1.357
2.29237 1.3565
2.29019 1.356
2.28814 1.3555
2.28612 1.355
2.28411 1.3545
2.28209 1.354
2.28004 1.3535
2.27785 1.353
2.27515 1.3525
2.27101 1.352
2.26346 1.3515
2.24872 1.351
2.24113 1.3505
2.23694 1.35
2.2342 1.3495
2.23198 1.349
2.22989 1.3485
2.22784 1.348
2.22576 1.3475
2.22352 1.347
2.22078 1.3465
2.21651 1.346
2.20867 1.3455
2.20438 1.345
2.2016 1.3445
2.19936 1.344
2.19727 1.3435
2.19521 1.343
2.19312 1.3425
2.19087 1.342
2.18806 1.3415
2.18368 1.341
2.17562 1.3405
2.17121 1.34
2.16839 1.3395
2.16613 1.339
2.16404 1.3385
2.16198 1.338
2.15988 1.3375
2.15762 1.337
2.15476 1.3365
2.15028 1.336
2.14197 1.3355
2.13746 1.335
2.13459 1.3345
2.13231 1.334
2.13021 1.3335
2.12815 1.333
2.12605 1.3325
2.12377 1.332
2.12087 1.3315
2.11627 1.331
2.10773 1.3305
2.10311 1.33
2.10021 1.3295
2.09794 1.329
2.09585 1.3285
2.09382 1.328
2.09178 1.3275
2.08969 1.327
2.08741 1.3265
2.08449 1.326
2.07976 1.3255
2.07096 1.325
2.06621 1.3245
2.06327 1.324
2.06098 1.3235
2.05889 1.323
2.05685 1.3225
2.05481 1.322
2.05272 1.3215
2.05042 1.321
2.04745 1.3205
2.0426 1.32
2.03353 1.3195
2.02866 1.319
2.02567 1.3185
2.02338 1.318
2.0213 1.3175
2.01927 1.317
2.01725 1.3165
2.01522 1.316
2.01313 1.3155
2.01083 1.315
2.0078 1.3145
2.00282 1.314
1.99346 1.3135
1.98846 1.313
1.98542 1.3125
1.98311 1.312
1.98102 1.3115
1.97898 1.311
1.97696 1.3105
1.97493 1.31
1.97284 1.3095
1.97055 1.309
1.96752 1.3085
1.96254 1.308
1.95318 1.3075
1.94818 1.307
1.94513 1.3065
1.94283 1.306
1.94074 1.3055
1.93871 1.305
1.93669 1.3045
1.93467 1.304
1.93261 1.3035
1.93041 1.303
1.92771 1.3025
1.92356 1.302
1.91599 1.3015
1.91182 1.301
1.90911 1.3005
1.90691 1.3
1.90486 1.2995
1.90284 1.299
1.90084 1.2985
1.89884 1.298
1.89684 1.2975
1.89484 1.297
1.89284 1.2965
1.89084 1.296
1.88884 1.2955
1.88684 1.295
1.88484 1.2945
1.88284 1.294
1.88084 1.2935
1.87884 1.293
1.87684 1.2925
1.87484 1.292
1.87284 1.2915
1.87084 1.291
1.86884 1.2905
1.86684 1.29
1.86484 1.2895
1.86284 1.289
1.86084 1.2885
1.85884 1.288
1.85684 1.2875
1.85484 1.287
1.85284 1.2865
1.85084 1.286
1.84884 1.2855
1.84684 1.285
1.84484 1.2845
1.84284 1.284
1.84084 1.2835
1.83884 1.283
1.83684 1.2825
1.83484 1.282
1.83284 1.2815
1.83084 1.281
1.82884 1.2805
1.82684 1.28
1.82484 1.2795
1.82284 1.279
1.82084 1.2785
1.81884 1.278
1.81684 1.2775
1.81484 1.277
1.81284 1.2765
1.81084 1.276
1.80884 1.2755
1.80684 1.275
1.80484 1.2745
1.80284 1.274
1.80084 1.2735
1.79884 1.273
1.79684 1.2725
1.79484 1.272
1.79284 1.2715
1.79084 1.271
1.78884 1.2705
1.78684 1.27
1.78484 1.2695
1.78284 1.269
1.78084 1.2685
1.77884 1.268
1.77684 1.2675
1.77484 1.267
1.77284 1.2665
1.77084 1.266
1.76884 1.2655
1.76684 1.265
1.76484 1.2645
1.76284 1.264
1.76084 1.2635
1.75884 1.263
1.75684 1.2625
1.75484 1.262
1.75284 1.2615
1.75084 1.261
1.74884 1.2605
1.74684 1.26
1.74484 1.2595
1.74284 1.259
1.74084 1.2585
1.73884 1.258
1.73684 1.2575
1.73484 1.257
1.73284 1.2565
1.73084 1.256
1.72884 1.2555
1.72684 1.255
1.72484 1.2545
1.72284 1.254
1.72084 1.2535
1.71884 1.253
1.71684 1.2525
1.71484 1.252
1.71284 1.2515
1.71083 1.251
1.7088 1.2505
1.70669 1.25
1.70054 1.2495
1.69396 1.249
1.68585 1.2485
1.67336 1.248
1.66521 1.2475
1.65859 1.247
1.65242 1.2465
1.64636 1.246
1.64034 1.2455
1.63431 1.245
1.62824 1.2445
1.62201 1.244
1.61516 1.2435
1.60622 1.243
1.59935 1.2425
1.59312 1.242
1.58705 1.2415
1.58103 1.241
1.57501 1.2405
1.56899 1.24
1.56292 1.2395
1.55667 1.239
1.54973 1.2385
1.54051 1.238
1.53355 1.2375
1.52729 1.237
1.52122 1.2365
1.5152 1.236
1.50919 1.2355
1.50318 1.235
1.49716 1.2345
1.49109 1.234
1.48482 1.2335
1.47777 1.233
1.47149 1.2325
1.46542 1.232
1.4594 1.2315
1.4534 1.231
1.4474 1.2305
1.4414 1.23
1.4354 1.2295
1.4294 1.229
1.4234 1.2285
1.4174 1.228
1.4114 1.2275
1.4054 1.227
1.3994 1.2265
1.3934 1.226
1.3874 1.2255
1.3814 1.225
1.3754 1.2245
1.3694 1.224
1.3634 1.2235
1.3574 1.223
1.3514 1.2225
1.3454 1.222
1.3394 1.2215
1.3334 1.221
1.3274 1.2205
1.3214 1.22
1.3154 1.2195
1.3094 1.219
1.3034 1.2185
1.2974 1.218
1.2914 1.2175
1.2854 1.217
1.2794 1.2165
1.2734 1.216
1.2674 1.2155
1.2614 1.215
1.2554 1.2145
1.2494 1.214
1.2434 1.2135
1.2374 1.213
1.2314 1.2125
1.2254 1.212
1.2194 1.2115
1.2134 1.211
1.2074 1.2105
1.2014 1.21
1.1954 1.2095
1.1894 1.209
1.1834 1.2085
1.1774 1.208
1.1714 1.2075
1.1654 1.207
1.1594 1.2065
1.1534 1.206
1.1474 1.2055
1.1414 1.205
1.1354 1.2045
1.1294 1.204
1.1234 1.2035
1.1174 1.203
1.1114 1.2025
1.1054 1.202
1.0994 1.2015
1.0934 1.201
1.0874 1.2005
1.0814 1.2
1.0754 1.1995
1.0694 1.199
1.0634 1.1985
1.0574 1.198
1.0514 1.1975
1.0454 1.197
1.0394 1.1965
1.0334 1.196
1.0274 1.1955
1.0214 1.195
1.0154 1.1945
1.0094 1.194
1.0034 1.1935
0.997399 1.193
0.991399 1.1925
0.985399 1.192
0.979399 1.1915
0.973399 1.191
0.967399 1.1905
0.961399 1.19
0.955399 1.1895
0.949399 1.189
0.943399 1.1885
0.937399 1.188
0.931399 1.1875
0.925399 1.187
0.919399 1.1865
0.913399 1.186
0.907399 1.1855
0.901399 1.185
0.895399 1.1845
0.889399 1.184
0.883399 1.1835
0.877399 1.183
0.871399 1.1825
0.865399 1.182
0.859399 1.1815
0.853399 1.181
0.847399 1.1805
0.841399 1.18
0.835399 1.1795
0.829399 1.179
0.823399 1.1785
0.817399 1.178
0.811399 1.1775
0.805399 1.177
0.799399 1.1765
0.793399 1.176
0.787399 1.1755
0.781399 1.175
0.775399 1.1745
0.769399 1.174
0.763399 1.1735
0.757399 1.173
0.751399 1.1725
0.745399 1.172
0.739399 1.1715
0.733399 1.171
0.727399 1.1705
0.721399 1.17
0.715399 1.1695
0.709399 1.169
0.703399 1.1685
0.697399 1.168
0.691399 1.1675
0.685399 1.167
0.679399 1.1665
0.673399 1.166
0.667399 1.1655
0.661399 1.165
0.655399 1.1645
0.649399 1.164
0.643399 1.1635
0.637399 1.163
0.631399 1.1625
0.625399 1.162
0.619399 1.1615
0.613399 1.161
0.607399 1.1605
0.601399 1.16
0.595399 1.1595
0.589399 1.159
0.583399 1.1585
0.577399 1.158
0.571399 1.1575
0.565399 1.157
0.559399 1.1565
0.553399 1.156
0.547399 1.1555
0.541399 1.155
0.535399 1.1545
0.529399 1.154
0.523399 1.1535
0.517399 1.153
0.511399 1.1525
0.505399 1.152
0.499399 1.1515
0.493399 1.151
0.487399 1.1505
0.481399 1.15
0.475399 1.1495
0.469399 1.149
0.463399 1.1485
0.457399 1.148
0.451399 1.1475
0.445399 1.147
0.439399 1.1465
0.433399 1.146
0.427399 1.1455
0.421399 1.145
0.415399 1.1445
0.409399 1.144
0.403399 1.1435
0.397399 1.143
0.391399 1.1425
0.385399 1.142
0.379399 1.1415
0.373399 1.141
0.367399 1.1405
0.361399 1.14
0.355399 1.1395
0.349399 1.139
0.343399 1.1385
0.337399 1.138
0.331399 1.1375
0.325399 1.137
0.319399 1.1365
0.313399 1.136
0.307399 1.1355
0.301399 1.135
0.295399 1.1345
0.289399 1.134
0.283399 1.1335
0.277399 1.133
0.271399 1.1325
0.265399 1.132
0.259399 1.1315
0.253399 1.131
0.247399 1.1305
0.241399 1.13
0.235399 1.1295
0.229399 1.129
0.223399 1.1285
0.217399 1.128
0.211399 1.1275
0.205399 1.127
0.199399 1.1265
0.193399 1.126
0.187399 1.1255
0.181399 1.125
0.175399 1.1245
0.169399 1.124
0.163399 1.1235
0.157399 1.123
0.151399 1.1225
0.145399 1.122
0.139399 1.1215
0.133399 1.121
0.127399 1.1205
0.121399 1.12
0.115399 1.1195
0.109399 1.119
0.103399 1.1185
0.0973988 1.118
0.0913988 1.1175
0.0853988 1.117
0.0793988 1.1165
0.0733988 1.116
0.0673988 1.1155
0.0613988 1.115
0.0553988 1.1145
0.0493988 1.114
0.0433988 1.1135
0.0373988 1.113
0.0313988 1.1125
0.0253988 1.112
0.0193988 1.1115
0.0133988 1.111
0.00739877 1.1105
0.00139877 1.11
-0.00460123 1.1095
-0.0106012 1.109
-0.0166012 1.1085
-0.0226012 1.108
-0.0286012 1.1075
-0.0346012 1.107
-0.0406012 1.1065
-0.0466012 1.106
-0.0526012 1.1055
-0.0586012 1.105
-0.0646012 1.1045
-0.0706012 1.104
-0.0766012 1.1035
-0.0826012 1.103
-0.0886012 1.1025
-0.0946012 1.102
-0.100601 1.1015
-0.106601 1.101
-0.112601 1.1005
-0.118601 1.1
-0.124601 1.0995
-0.130601 1.099
-0.136601 1.0985
-0.142601 1.098
-0.148601 1.0975
-0.154601 1.097
-0.160601 1.0965
-0.166601 1.096
-0.172601 1.0955
-0.178601 1.095
-0.184601 1.0945
-0.190601 1.094
-0.196601 1.0935
-0.202601 1.093
-0.208601 1.0925
-0.214601 1.092
-0.220601 1.0915
-0.226601 1.091
-0.232601 1.0905
-0.238601 1.09
-0.244601 1.0895
-0.250601 1.089
-0.256601 1.0885
-0.262601 1.088
-0.268601 1.0875
-0.274601 1.087
-0.280601 1.0865
-0.286601 1.086
-0.292601 1.0855
-0.298601 1.085
-0.304601 1.0845
-0.310601 1.084
-0.316601 1.0835
-0.322601 1.083
-0.328601 1.0825
-0.334601 1.082
-0.340601 1.0815
-0.346601 1.081
-0.352601 1.0805
-0.358601 1.08
-0.364601 1.0795
-0.370601 1.079
-0.376601 1.0785
-0.382601 1.078
-0.388601 1.0775
-0.394601 1.077
-0.400601 1.0765
-0.406601 1.076
-0.412601 1.0755
-0.418601 1.075
-0.424601 1.0745
-0.430601 1.074
-0.436601 1.0735
-0.442601 1.073
-0.448601 1.0725
-0.454601 1.072
-0.460601 1.0715
-0.466601 1.071
-0.472601 1.0705
-0.478601 1.07
-0.484601 1.0695
-0.490601 1.069
-0.496601 1.0685
-0.502601 1.068
-0.508601 1.0675
-0.514601 1.067
-0.520601 1.0665
-0.526601 1.066
-0.532601 1.0655
-0.538601 1.065
-0.544601 1.0645
-0.550601 1.064
-0.556601 1.0635
-0.562601 1.063
-0.568601 1.0625
-0.574601 1.062
-0.580601 1.0615
-0.586601 1.061
-0.592601 1.0605
-0.598601 1.06
-0.604601 1.0595
-0.610601 1.059
-0.616601 1.0585
-0.622601 1.058
-0.628601 1.0575
-0.634601 1.057
-0.640601 1.0565
-0.646601 1.056
-0.652601 1.0555
-0.658601 1.055
-0.664601 1.0545
-0.670601 1.054
-0.676601 1.0535
-0.682601 1.053
-0.688601 1.0525
-0.694601 1.052
-0.700601 1.0515
-0.706601 1.051
-0.712601 1.0505
-0.718601 1.05
-0.724601 1.0495
-0.730601 1.049
-0.736601 1.0485
-0.742601 1.048
-0.748601 1.0475
-0.754601 1.047
-0.760601 1.0465
-0.766601 1.046
-0.772601 1.0455
-0.778601 1.045
-0.784601 1.0445
-0.790601 1.044
-0.796601 1.0435
-0.802601 1.043
-0.808601 1.0425
-0.814601 1.042
-0.820601 1.0415
-0.826601 1.041
-0.832601 1.0405
-0.838601 1.04
-0.844601 1.0395
-0.850601 1.039
-0.856601 1.0385
-0.862601 1.038
-0.868601 1.0375
-0.874601 1.037
-0.880601 1.0365
-0.886601 1.036
-0.892601 1.0355
-0.898601 1.035
-0.904601 1.0345
-0.910601 1.034
-0.916601 1.0335
-0.922601 1.033
-0.928601 1.0325
-0.934601 1.032
-0.940601 1.0315
-0.946601 1.031
-0.952601 1.0305
-0.958601 1.03
-0.964601 1.0295
-0.970601 1.029
-0.976601 1.0285
-0.982601 1.028
-0.988601 1.0275
-0.994601 1.027
-1.0006 1.0265
-1.0066 1.026
-1.0126 1.0255
-1.0186 1.025
-1.0246 1.0245
-1.0306 1.024
-1.0366 1.0235
-1.0426 1.023
-1.0486 1.0225
-1.0546 1.022
-1.0606 1.0215
-1.0666 1.021
-1.0726 1.0205
-1.0786 1.02
-1.0846 1.0195
-1.0906 1.019
-1.0966 1.0185
-1.1026 1.018
-1.1086 1.0175
-1.1146 1.017
-1.1206 1.0165
-1.1266 1.016
-1.1326 1.0155
-1.1386 1.015
-1.1446 1.0145
-1.1506 1.014
-1.1566 1.0135
-1.1626 1.013
-1.1686 1.0125
-1.1746 1.012
-1.1806 1.0115
-1.1866 1.011
-1.1926 1.0105
-1.1986 1.01
-1.2046 1.0095
-1.2106 1.009
-1.2166 1.0085
-1.2226 1.008
-1.2286 1.0075
-1.2346 1.007
-1.2406 1.0065
-1.2466 1.006
-1.2526 1.0055
-1.2586 1.005
-1.2646 1.0045
-1.2706 1.004
-1.27661 1.0035
-1.28263 1.003
-1.28873 1.0025
-1.28973 1.002
-1.29084 1.0015
-1.28984 1.001
-1.29084 1.0005
-1.28984 1
