Man
0 0
0 0.0005
0 0.001
0 0.0015
0 0.002
0 0.0025
0 0.003
0 0.0035
0 0.004
0 0.0045
0 0.005
0 0.0055
0 0.006
0 0.0065
0 0.007
0 0.0075
0 0.008
0 0.0085
0 0.009
0 0.0095
0 0.01
0 0.0105
0 0.011
0 0.0115
0 0.012
0 0.0125
0 0.013
0 0.0135
0 0.014
0 0.0145
0 0.015
0 0.0155
0 0.016
0 0.0165
0 0.017
0 0.0175
0 0.018
0 0.0185
0 0.019
0 0.0195
0 0.02
0 0.0205
0 0.021
0 0.0215
0 0.022
0 0.0225
0 0.023
0 0.0235
0 0.024
0 0.0245
0 0.025
0 0.0255
0 0.026
0 0.0265
0 0.027
0 0.0275
0 0.028
0 0.0285
0 0.029
0 0.0295
0 0.03
0 0.0305
0 0.031
0 0.0315
0 0.032
0 0.0325
0 0.033
0 0.0335
0 0.034
0 0.0345
0 0.035
0 0.0355
0 0.036
0 0.0365
0 0.037
0 0.0375
0 0.038
0 0.0385
0 0.039
0 0.0395
0 0.04
0 0.0405
0 0.041
0 0.0415
0 0.042
0 0.0425
0 0.043
0 0.0435
0 0.044
0 0.0445
0 0.045
0 0.0455
0 0.046
0 0.0465
0 0.047
0 0.0475
0 0.048
0 0.0485
0 0.049
0 0.0495
0 0.05
0 0.0505
0 0.051
0 0.0515
0 0.052
0 0.0525
0 0.053
0 0.0535
0 0.054
0 0.0545
0 0.055
0 0.0555
0 0.056
0 0.0565
0 0.057
0 0.0575
0 0.058
0 0.0585
0 0.059
0 0.0595
0 0.06
0 0.0605
0 0.061
0 0.0615
0 0.062
0 0.0625
0 0.063
0 0.0635
0 0.064
0 0.0645
0 0.065
0 0.0655
0 0.066
0 0.0665
0 0.067
0 0.0675
0 0.068
0 0.0685
0 0.069
0 0.0695
0 0.07
0 0.0705
0 0.071
0 0.0715
0 0.072
0 0.0725
0 0.073
0 0.0735
0 0.074
0 0.0745
0 0.075
0 0.0755
0 0.076
0 0.0765
0 0.077
0 0.0775
0 0.078
0 0.0785
0 0.079
0 0.0795
0 0.08
0 0.0805
0 0.081
0 0.0815
0 0.082
0 0.0825
0 0.083
0 0.0835
0 0.084
0 0.0845
0 0.085
0 0.0855
0 0.086
0 0.0865
0 0.087
0 0.0875
0 0.088
0 0.0885
0 0.089
0 0.0895
0 0.09
0 0.0905
-0.00613592 0.091
-0.0184078 0.0915
-0.0429515 0.092
-0.0920388 0.0925
-0.190214 0.093
-0.386563 0.0935
-0.484738 0.094
-0.533825 0.0945
-0.558369 0.095
-0.570641 0.0955
-0.576777 0.096
-0.576777 0.0965
-0.576777 0.097
-0.576777 0.0975
-0.576777 0.098
-0.576777 0.0985
-0.57716 0.099
-0.577927 0.0995
-0.579461 0.1
-0.582529 0.1005
-0.588665 0.101
-0.600937 0.1015
-0.607073 0.102
-0.610141 0.1025
-0.611675 0.103
-0.612442 0.1035
-0.612825 0.104
-0.612825 0.1045
-0.612825 0.105
-0.612825 0.1055
-0.612825 0.106
-0.612825 0.1065
-0.612825 0.107
-0.612825 0.1075
-0.612825 0.108
-0.612825 0.1085
-0.612825 0.109
-0.612825 0.1095
-0.612825 0.11
-0.612825 0.1105
-0.612825 0.111
-0.612825 0.1115
-0.612825 0.112
-0.612825 0.1125
-0.612825 0.113
-0.612825 0.1135
-0.612825 0.114
-0.612825 0.1145
-0.612825 0.115
-0.612825 0.1155
-0.612825 0.116
-0.612825 0.1165
-0.612825 0.117
-0.612825 0.1175
-0.612825 0.118
-0.612825 0.1185
-0.612825 0.119
-0.612825 0.1195
-0.612825 0.12
-0.612825 0.1205
-0.612825 0.121
-0.612825 0.1215
-0.612825 0.122
-0.612825 0.1225
-0.612825 0.123
-0.612825 0.1235
-0.612825 0.124
-0.612825 0.1245
-0.612825 0.125
-0.612825 0.1255
-0.612825 0.126
-0.612825 0.1265
-0.612825 0.127
-0.612825 0.1275
-0.612825 0.128
-0.612825 0.1285
-0.612825 0.129
-0.612825 0.1295
-0.612825 0.13
-0.612825 0.1305
-0.614359 0.131
-0.617427 0.1315
-0.623563 0.132
-0.635835 0.1325
-0.660379 0.133
-0.709466 0.1335
-0.73401 0.134
-0.746282 0.1345
-0.752418 0.135
-0.755486 0.1355
-0.757787 0.136
-0.75932 0.1365
-0.762388 0.137
-0.768524 0.1375
-0.780796 0.138
-0.80534 0.1385
-0.817612 0.139
-0.823748 0.1395
-0.826816 0.14
-0.82835 0.1405
-0.829117 0.141
-0.829117 0.1415
-0.829117 0.142
-0.829117 0.1425
-0.829117 0.143
-0.829117 0.1435
-0.829884 0.144
-0.831418 0.1445
-0.834486 0.145
-0.840621 0.1455
-0.852893 0.146
-0.877437 0.1465
-0.889709 0.147
-0.895845 0.1475
-0.898913 0.148
-0.900447 0.1485
-0.901405 0.149
-0.901789 0.1495
-0.902556 0.15
-0.90409 0.1505
-0.907158 0.151
-0.913294 0.1515
-0.916362 0.152
-0.917896 0.1525
-0.918663 0.153
-0.919046 0.1535
-0.919238 0.154
-0.919621 0.1545
-0.920388 0.155
-0.921922 0.1555
-0.92499 0.156
-0.931126 0.1565
-0.943398 0.157
-0.949534 0.1575
-0.952602 0.158
-0.954136 0.1585
-0.954903 0.159
-0.955287 0.1595
-0.95567 0.16
-0.956437 0.1605
-0.957971 0.161
-0.961039 0.1615
-0.967175 0.162
-0.979447 0.1625
-0.985583 0.163
-0.988651 0.1635
-0.990568 0.164
-0.992102 0.1645
-0.99402 0.165
-0.997088 0.1655
-1.00322 0.166
-1.0155 0.1665
-1.02163 0.167
-1.0247 0.1675
-1.02623 0.168
-1.027 0.1685
-1.02738 0.169
-1.02777 0.1695
-1.02853 0.17
-1.03007 0.1705
-1.03314 0.171
-1.03927 0.1715
-1.05154 0.172
-1.05768 0.1725
-1.06075 0.173
-1.06228 0.1735
-1.06305 0.174
-1.06382 0.1745
-1.06458 0.175
-1.06612 0.1755
-1.06918 0.176
-1.07532 0.1765
-1.08759 0.177
-1.09373 0.1775
-1.0968 0.178
-1.09833 0.1785
-1.0991 0.179
-1.09948 0.1795
-1.09986 0.18
-1.10063 0.1805
-1.10217 0.181
-1.10523 0.1815
-1.11137 0.182
-1.12364 0.1825
-1.12978 0.183
-1.13284 0.1835
-1.13438 0.184
-1.13515 0.1845
-1.13591 0.185
-1.13666 0.1855
-1.13817 0.186
-1.14119 0.1865
-1.14723 0.187
-1.15931 0.1875
-1.16535 0.188
-1.16837 0.1885
-1.16988 0.189
-1.17064 0.1895
-1.17121 0.19
-1.17159 0.1905
-1.17236 0.191
-1.17389 0.1915
-1.17696 0.192
-1.18309 0.1925
-1.18616 0.193
-1.1877 0.1935
-1.18846 0.194
-1.18885 0.1945
-1.18923 0.195
-1.18961 0.1955
-1.19038 0.196
-1.19192 0.1965
-1.19498 0.197
-1.20112 0.1975
-1.20419 0.198
-1.20572 0.1985
-1.20649 0.199
-1.20687 0.1995
-1.20706 0.2
-1.20706 0.2005
-1.20706 0.201
-1.20706 0.2015
-1.20706 0.202
-1.20706 0.2025
-1.20706 0.203
-1.20706 0.2035
-1.20706 0.204
-1.20706 0.2045
-1.20706 0.205
-1.20706 0.2055
-1.20706 0.206
-1.20706 0.2065
-1.20706 0.207
-1.20706 0.2075
-1.20706 0.208
-1.20706 0.2085
-1.20706 0.209
-1.20706 0.2095
-1.20706 0.21
-1.20706 0.2105
-1.20706 0.211
-1.20706 0.2115
-1.20706 0.212
-1.20706 0.2125
-1.20706 0.213
-1.20706 0.2135
-1.20706 0.214
-1.20706 0.2145
-1.20706 0.215
-1.20706 0.2155
-1.20706 0.216
-1.20706 0.2165
-1.20706 0.217
-1.20706 0.2175
-1.20706 0.218
-1.20706 0.2185
-1.20706 0.219
-1.20706 0.2195
-1.20706 0.22
-1.20706 0.2205
-1.20706 0.221
-1.20706 0.2215
-1.20706 0.222
-1.20706 0.2225
-1.20706 0.223
-1.20706 0.2235
-1.20706 0.224
-1.20706 0.2245
-1.20706 0.225
-1.20706 0.2255
-1.20706 0.226
-1.20706 0.2265
-1.20706 0.227
-1.20706 0.2275
-1.20706 0.228
-1.20706 0.2285
-1.20706 0.229
-1.20706 0.2295
-1.20706 0.23
-1.20706 0.2305
-1.20706 0.231
-1.20706 0.2315
-1.20706 0.232
-1.20706 0.2325
-1.20706 0.233
-1.20706 0.2335
-1.20706 0.234
-1.20706 0.2345
-1.20706 0.235
-1.20706 0.2355
-1.20706 0.236
-1.20706 0.2365
-1.20706 0.237
-1.20706 0.2375
-1.20706 0.238
-1.20706 0.2385
-1.20706 0.239
-1.20706 0.2395
-1.20706 0.24
-1.20706 0.2405
-1.20706 0.241
-1.20706 0.2415
-1.20706 0.242
-1.20706 0.2425
-1.20706 0.243
-1.20706 0.2435
-1.20706 0.244
-1.20706 0.2445
-1.20706 0.245
-1.20706 0.2455
-1.20706 0.246
-1.20706 0.2465
-1.20706 0.247
-1.20706 0.2475
-1.20706 0.248
-1.20706 0.2485
-1.20706 0.249
-1.20735 0.2495
-1.20793 0.25
-1.20908 0.2515
-1.21138 0.253
-1.21598 0.2545
-1.22518 0.256
-1.22979 0.2575
-1.23209 0.259
-1.23324 0.2605
-1.234 0.262
-1.23467 0.2635
-1.23544 0.265
-1.23698 0.2665
-1.24004 0.268
-1.24618 0.2695
-1.24925 0.271
-1.25078 0.2725
-1.25155 0.274
-1.25212 0.2755
-1.2527 0.277
-1.25347 0.2785
-1.255 0.28
-1.25807 0.2815
-1.2642 0.283
-1.26727 0.2845
-1.26881 0.286
-1.26957 0.2875
-1.27015 0.289
-1.27072 0.2905
-1.27149 0.292
-1.27302 0.2935
-1.27609 0.295
-1.28223 0.2965
-1.2853 0.298
-1.28683 0.2995
-1.2876 0.301
-1.28808 0.3025
-1.28846 0.304
-1.28884 0.3055
-1.28961 0.307
-1.29114 0.3085
-1.29421 0.31
-1.29575 0.3115
-1.29651 0.313
-1.2969 0.3145
-1.29709 0.316
-1.29718 0.3175
-1.29718 0.319
-1.29718 0.3205
-1.29718 0.322
-1.29718 0.3235
-1.29718 0.325
-1.29718 0.3265
-1.29718 0.328
-1.29718 0.3295
-1.29718 0.331
-1.29718 0.3325
-1.29718 0.334
-1.29718 0.3355
-1.29718 0.337
-1.29718 0.3385
-1.29718 0.34
-1.29718 0.3415
-1.29718 0.343
-1.29718 0.3445
-1.29718 0.346
-1.29718 0.3475
-1.29718 0.349
-1.29718 0.3505
-1.29718 0.352
-1.29718 0.3535
-1.29718 0.355
-1.29718 0.3565
-1.29718 0.358
-1.29718 0.3595
-1.29718 0.361
-1.29718 0.3625
-1.29718 0.364
-1.29718 0.3655
-1.29718 0.367
-1.29718 0.3685
-1.29718 0.37
-1.29718 0.3715
-1.29718 0.373
-1.29718 0.3745
-1.29718 0.376
-1.29718 0.3775
-1.29718 0.379
-1.29718 0.3805
-1.29718 0.382
-1.29718 0.3835
-1.29718 0.385
-1.29718 0.3865
-1.29718 0.388
-1.29718 0.3895
-1.29718 0.391
-1.29718 0.3925
-1.29718 0.394
-1.29718 0.3955
-1.29718 0.397
-1.29718 0.3985
-1.29718 0.4
-1.29718 0.4015
-1.29718 0.403
-1.29718 0.4045
-1.29718 0.406
-1.29718 0.4075
-1.29718 0.409
-1.29718 0.4105
-1.29718 0.412
-1.29718 0.4135
-1.29718 0.415
-1.29718 0.4165
-1.29718 0.418
-1.29718 0.4195
-1.29718 0.421
-1.29718 0.4225
-1.29718 0.424
-1.29718 0.4255
-1.29718 0.427
-1.29718 0.4285
-1.29718 0.43
-1.29718 0.4315
-1.29718 0.433
-1.29718 0.4345
-1.29718 0.436
-1.29718 0.4375
-1.29718 0.439
-1.29718 0.4405
-1.29718 0.442
-1.29718 0.4435
-1.29718 0.445
-1.29718 0.4465
-1.29718 0.448
-1.29718 0.4495
-1.29718 0.451
-1.29718 0.4525
-1.29718 0.454
-1.29718 0.4555
-1.29718 0.457
-1.29718 0.4585
-1.29718 0.46
-1.29718 0.4615
-1.29718 0.463
-1.29718 0.4645
-1.29718 0.466
-1.29718 0.4675
-1.29718 0.469
-1.29718 0.4705
-1.29718 0.472
-1.29718 0.4735
-1.29718 0.475
-1.29718 0.4765
-1.29718 0.478
-1.29718 0.4795
-1.29718 0.481
-1.29718 0.4825
-1.29718 0.484
-1.29718 0.4855
-1.29718 0.487
-1.29718 0.4885
-1.29718 0.49
-1.29718 0.4915
-1.29718 0.493
-1.29718 0.4945
-1.29718 0.496
-1.29718 0.4975
-1.29718 0.499
-1.29718 0.5005
-1.29718 0.502
-1.29718 0.5035
-1.29718 0.505
-1.29718 0.5065
-1.29718 0.508
-1.29718 0.5095
-1.29718 0.511
-1.29718 0.5125
-1.29718 0.514
-1.29718 0.5155
-1.29718 0.517
-1.29718 0.5185
-1.29718 0.52
-1.29718 0.5215
-1.29718 0.523
-1.29718 0.5245
-1.29718 0.526
-1.29718 0.5275
-1.29718 0.529
-1.29718 0.5305
-1.29718 0.532
-1.29718 0.5335
-1.29718 0.535
-1.29718 0.5365
-1.29718 0.538
-1.29718 0.5395
-1.29718 0.541
-1.29718 0.5425
-1.29718 0.544
-1.29718 0.5455
-1.29718 0.547
-1.29718 0.5485
-1.29718 0.55
-1.29718 0.5515
-1.29718 0.553
-1.29718 0.5545
-1.29718 0.556
-1.29718 0.5575
-1.29718 0.559
-1.29718 0.5605
-1.29718 0.562
-1.29718 0.5635
-1.29718 0.565
-1.29718 0.5665
-1.29718 0.568
-1.29718 0.5695
-1.29718 0.571
-1.29718 0.5725
-1.29718 0.574
-1.29718 0.5755
-1.29718 0.577
-1.29718 0.5785
-1.29718 0.58
-1.29718 0.5815
-1.29718 0.583
-1.29718 0.5845
-1.29718 0.586
-1.29718 0.5875
-1.29718 0.589
-1.29718 0.5905
-1.29718 0.592
-1.29718 0.5935
-1.29718 0.595
-1.29718 0.5965
-1.29718 0.598
-1.29718 0.5995
-1.29718 0.601
-1.29718 0.6025
-1.29718 0.604
-1.29718 0.6055
-1.29718 0.607
-1.29718 0.6085
-1.29718 0.61
-1.29718 0.6115
-1.29718 0.613
-1.29718 0.6145
-1.29718 0.616
-1.29718 0.6175
-1.29718 0.619
-1.29718 0.6205
-1.29718 0.622
-1.29718 0.6235
-1.29718 0.625
-1.29718 0.6265
-1.29718 0.628
-1.29718 0.6295
-1.29718 0.631
-1.29718 0.6325
-1.29718 0.634
-1.29718 0.6355
-1.29718 0.637
-1.29718 0.6385
-1.29718 0.64
-1.29718 0.6415
-1.29718 0.643
-1.29718 0.6445
-1.29718 0.646
-1.29718 0.6475
-1.29718 0.649
-1.29718 0.6505
-1.29718 0.652
-1.29718 0.6535
-1.29718 0.655
-1.29718 0.6565
-1.29718 0.658
-1.29718 0.6595
-1.29718 0.661
-1.29718 0.6625
-1.29718 0.664
-1.29718 0.6655
-1.29718 0.667
-1.29718 0.6685
-1.29718 0.67
-1.29718 0.6715
-1.29718 0.673
-1.29718 0.6745
-1.29718 0.676
-1.29718 0.6775
-1.29718 0.679
-1.29718 0.6805
-1.29718 0.682
-1.29718 0.6835
-1.29718 0.685
-1.29718 0.6865
-1.29718 0.688
-1.29718 0.6895
-1.29718 0.691
-1.29718 0.6925
-1.29718 0.694
-1.29718 0.6955
-1.29718 0.697
-1.29718 0.6985
-1.29718 0.7
-1.29718 0.7015
-1.29718 0.703
-1.29718 0.7045
-1.29718 0.706
-1.29718 0.7075
-1.29718 0.709
-1.29718 0.7105
-1.29718 0.712
-1.29718 0.7135
-1.29718 0.715
-1.29718 0.7165
-1.29718 0.718
-1.29718 0.7195
-1.29718 0.721
-1.29718 0.7225
-1.29718 0.724
-1.29718 0.7255
-1.29718 0.727
-1.29718 0.7285
-1.29718 0.73
-1.29718 0.7315
-1.29718 0.733
-1.29718 0.7345
-1.29718 0.736
-1.29718 0.7375
-1.29718 0.739
-1.29718 0.7405
-1.29718 0.742
-1.29718 0.7435
-1.29718 0.745
-1.29718 0.7465
-1.29718 0.748
-1.29718 0.7495
-1.29718 0.751
-1.29718 0.7525
-1.29718 0.754
-1.29718 0.7555
-1.29718 0.757
-1.29718 0.7585
-1.29718 0.76
-1.29718 0.7615
-1.29718 0.763
-1.29718 0.7645
-1.29718 0.766
-1.29718 0.7675
-1.29718 0.769
-1.29718 0.7705
-1.29718 0.772
-1.29718 0.7735
-1.29718 0.775
-1.29718 0.7765
-1.29718 0.778
-1.29718 0.7795
-1.29718 0.781
-1.29718 0.7825
-1.29718 0.784
-1.29718 0.7855
-1.29718 0.787
-1.29718 0.7885
-1.29718 0.79
-1.29718 0.7915
-1.29718 0.793
-1.29718 0.7945
-1.29718 0.796
-1.29718 0.7975
-1.29718 0.799
-1.29718 0.8005
-1.29718 0.802
-1.29718 0.8035
-1.29718 0.805
-1.29718 0.8065
-1.29718 0.808
-1.29718 0.8095
-1.29718 0.811
-1.29718 0.8125
-1.29718 0.814
-1.29718 0.8155
-1.29718 0.817
-1.29718 0.8185
-1.29718 0.82
-1.29718 0.8215
-1.29718 0.823
-1.29718 0.8245
-1.29718 0.826
-1.29718 0.8275
-1.29718 0.829
-1.29718 0.8305
-1.29718 0.832
-1.29718 0.8335
-1.29718 0.835
-1.29718 0.8365
-1.29718 0.838
-1.29718 0.8395
-1.29718 0.841
-1.29718 0.8425
-1.29718 0.844
-1.29718 0.8455
-1.29718 0.847
-1.29718 0.8485
-1.29718 0.85
-1.29718 0.8515
-1.29718 0.853
-1.29718 0.8545
-1.29718 0.856
-1.29718 0.8575
-1.29718 0.859
-1.29718 0.8605
-1.29718 0.862
-1.29718 0.8635
-1.29718 0.865
-1.29718 0.8665
-1.29718 0.868
-1.29718 0.8695
-1.29718 0.871
-1.29718 0.8725
-1.29718 0.874
-1.29718 0.8755
-1.29718 0.877
-1.29718 0.8785
-1.29718 0.88
-1.29718 0.8815
-1.29718 0.883
-1.29718 0.8845
-1.29718 0.886
-1.29718 0.8875
-1.29718 0.889
-1.29718 0.8905
-1.29718 0.892
-1.29718 0.8935
-1.29718 0.895
-1.29718 0.8965
-1.29718 0.898
-1.29718 0.8995
-1.29718 0.901
-1.29718 0.9025
-1.29718 0.904
-1.29718 0.9055
-1.29718 0.907
-1.29718 0.9085
-1.29718 0.91
-1.29718 0.9115
-1.29718 0.913
-1.29718 0.9145
-1.29718 0.916
-1.29718 0.9175
-1.29718 0.919
-1.29718 0.9205
-1.29718 0.922
-1.29718 0.9235
-1.29718 0.925
-1.29718 0.9265
-1.29718 0.928
-1.29718 0.9295
-1.29718 0.931
-1.29718 0.9325
-1.29718 0.934
-1.29718 0.9355
-1.29718 0.937
-1.29718 0.9385
-1.29718 0.94
-1.29718 0.9415
-1.29718 0.943
-1.29718 0.9445
-1.29718 0.946
-1.29718 0.9475
-1.29718 0.949
-1.29718 0.9505
-1.29718 0.952
-1.29718 0.9535
-1.29718 0.955
-1.29718 0.9565
-1.29718 0.958
-1.29718 0.9595
-1.29718 0.961
-1.29718 0.9625
-1.29718 0.964
-1.29718 0.9655
-1.29718 0.967
-1.29718 0.9685
-1.29718 0.97
-1.29718 0.9715
-1.29718 0.973
-1.29718 0.9745
-1.29718 0.976
-1.29718 0.9775
-1.29718 0.979
-1.29718 0.9805
-1.29718 0.982
-1.29718 0.9835
-1.29718 0.985
-1.29718 0.9865
-1.29725 0.988
-1.29728 0.9895
-1.29745 0.991
-1.29771 0.9925
-1.29823 0.994
-1.29928 0.9955
-1.29828 0.997
-1.29928 0.9985
-1.29828 1


Shark
3.14159 1.5
3.13959 1.4995
3.13759 1.499
3.13559 1.4985
3.13359 1.498
3.13159 1.4975
3.12959 1.497
3.12759 1.4965
3.12559 1.496
3.12359 1.4955
3.12159 1.495
3.11959 1.4945
3.11759 1.494
3.11559 1.4935
3.11359 1.493
3.11159 1.4925
3.10959 1.492
3.10759 1.4915
3.10559 1.491
3.10359 1.4905
3.10159 1.49
3.09959 1.4895
3.09759 1.489
3.09559 1.4885
3.09359 1.488
3.09159 1.4875
3.08959 1.487
3.08759 1.4865
3.08559 1.486
3.08359 1.4855
3.08159 1.485
3.07959 1.4845
3.07759 1.484
3.07559 1.4835
3.07359 1.483
3.07159 1.4825
3.06959 1.482
3.06759 1.4815
3.06559 1.481
3.06359 1.4805
3.06159 1.48
3.05959 1.4795
3.05759 1.479
3.05559 1.4785
3.05359 1.478
3.05159 1.4775
3.04959 1.477
3.04759 1.4765
3.04559 1.476
3.04359 1.4755
3.04159 1.475
3.03959 1.4745
3.03759 1.474
3.03559 1.4735
3.03359 1.473
3.03159 1.4725
3.02959 1.472
3.02759 1.4715
3.02559 1.471
3.02359 1.4705
3.02159 1.47
3.01959 1.4695
3.01759 1.469
3.01559 1.4685
3.01359 1.468
3.01159 1.4675
3.00959 1.467
3.00759 1.4665
3.00559 1.466
3.00359 1.4655
3.00159 1.465
2.99959 1.4645
2.99759 1.464
2.99559 1.4635
2.99359 1.463
2.99159 1.4625
2.98959 1.462
2.98759 1.4615
2.98559 1.461
2.98359 1.4605
2.98159 1.46
2.97959 1.4595
2.97759 1.459
2.97559 1.4585
2.97359 1.458
2.97159 1.4575
2.96959 1.457
2.96759 1.4565
2.96559 1.456
2.96359 1.4555
2.96159 1.455
2.95959 1.4545
2.95759 1.454
2.95559 1.4535
2.95359 1.453
2.95159 1.4525
2.94959 1.452
2.94759 1.4515
2.94559 1.451
2.94359 1.4505
2.94159 1.45
2.93959 1.4495
2.93759 1.449
2.93559 1.4485
2.93359 1.448
2.93159 1.4475
2.92959 1.447
2.92759 1.4465
2.92559 1.446
2.92359 1.4455
2.92159 1.445
2.91959 1.4445
2.91759 1.444
2.91559 1.4435
2.91359 1.443
2.91159 1.4425
2.90959 1.442
2.90759 1.4415
2.90559 1.441
2.90359 1.4405
2.90159 1.44
2.89959 1.4395
2.89759 1.439
2.89559 1.4385
2.89359 1.438
2.89159 1.4375
2.88959 1.437
2.88759 1.4365
2.88559 1.436
2.88359 1.4355
2.88159 1.435
2.87959 1.4345
2.87759 1.434
2.87559 1.4335
2.87359 1.433
2.87159 1.4325
2.86959 1.432
2.86759 1.4315
2.86559 1.431
2.86359 1.4305
2.86159 1.43
2.85959 1.4295
2.85759 1.429
2.85559 1.4285
2.85359 1.428
2.85159 1.4275
2.84959 1.427
2.84759 1.4265
2.84559 1.426
2.84359 1.4255
2.84159 1.425
2.83959 1.4245
2.83759 1.424
2.83559 1.4235
2.83359 1.423
2.83159 1.4225
2.82959 1.422
2.82759 1.4215
2.82559 1.421
2.82359 1.4205
2.82159 1.42
2.81959 1.4195
2.81759 1.419
2.81559 1.4185
2.81359 1.418
2.81159 1.4175
2.80959 1.417
2.80759 1.4165
2.80559 1.416
2.80359 1.4155
2.80159 1.415
2.79959 1.4145
2.79759 1.414
2.79559 1.4135
2.79359 1.413
2.79159 1.4125
2.78959 1.412
2.78759 1.4115
2.78559 1.411
2.78359 1.4105
2.78159 1.41
2.77959 1.4095
2.7766 1.409
2.77169 1.4085
2.76247 1.408
2.74425 1.4075
2.70778 1.407
2.63463 1.4065
2.59778 1.406
2.57917 1.4055
2.56965 1.405
2.56457 1.4045
2.56148 1.404
2.55948 1.4035
2.55748 1.403
2.55548 1.4025
2.55348 1.402
2.55148 1.4015
2.54948 1.401
2.54745 1.4005
2.54536 1.4
2.54301 1.3995
2.53983 1.399
2.53448 1.3985
2.53128 1.398
2.52892 1.3975
2.52682 1.397
2.52479 1.3965
2.52279 1.396
2.52079 1.3955
2.51879 1.395
2.51679 1.3945
2.51479 1.394
2.51279 1.3935
2.51079 1.393
2.50879 1.3925
2.50679 1.392
2.50479 1.3915
2.50279 1.391
2.50079 1.3905
2.49879 1.39
2.49679 1.3895
2.49479 1.389
2.49279 1.3885
2.49079 1.388
2.48879 1.3875
2.48679 1.387
2.48479 1.3865
2.48279 1.386
2.48079 1.3855
2.47879 1.385
2.47679 1.3845
2.47479 1.384
2.47279 1.3835
2.47079 1.383
2.46879 1.3825
2.46679 1.382
2.46479 1.3815
2.46279 1.381
2.46079 1.3805
2.45879 1.38
2.45679 1.3795
2.45479 1.379
2.45279 1.3785
2.45079 1.378
2.44879 1.3775
2.44679 1.377
2.44479 1.3765
2.44279 1.376
2.44079 1.3755
2.43879 1.375
2.43679 1.3745
2.43479 1.374
2.43279 1.3735
2.43079 1.373
2.42879 1.3725
2.42679 1.372
2.42479 1.3715
2.42279 1.371
2.42079 1.3705
2.41879 1.37
2.41679 1.3695
2.41463 1.369
2.41206 1.3685
2.40826 1.368
2.40147 1.3675
2.38828 1.367
2.36205 1.3665
2.34877 1.366
2.34188 1.3655
2.33801 1.365
2.33541 1.3645
2.33306 1.364
2.33089 1.3635
2.32828 1.363
2.32436 1.3625
2.31731 1.362
2.30359 1.3615
2.29649 1.361
2.29253 1.3605
2.2899 1.36
2.28772 1.3595
2.28567 1.359
2.28367 1.3585
2.28167 1.358
2.27967 1.3575
2.27767 1.357
2.27567 1.3565
2.27363 1.356
2.27144 1.3555
2.26876 1.355
2.26468 1.3545
2.25725 1.354
2.24275 1.3535
2.23528 1.353
2.23114 1.3525
2.22845 1.352
2.22625 1.3515
2.22417 1.351
2.22216 1.3505
2.2201 1.35
2.2179 1.3495
2.21518 1.349
2.21096 1.3485
2.20823 1.348
2.20602 1.3475
2.20397 1.347
2.20195 1.3465
2.19995 1.346
2.19793 1.3455
2.19588 1.345
2.19366 1.3445
2.1909 1.344
2.18657 1.3435
2.17862 1.343
2.17427 1.3425
2.17149 1.342
2.16927 1.3415
2.16721 1.341
2.16519 1.3405
2.16318 1.34
2.16112 1.3395
2.15889 1.339
2.15608 1.3385
2.15163 1.338
2.14342 1.3375
2.13895 1.337
2.13612 1.3365
2.13376 1.336
2.13152 1.3355
2.12916 1.335
2.12631 1.3345
2.12177 1.334
2.11337 1.3335
2.10882 1.333
2.10595 1.3325
2.1037 1.332
2.10164 1.3315
2.09962 1.331
2.0976 1.3305
2.09554 1.33
2.09328 1.3295
2.09038 1.329
2.08573 1.3285
2.07706 1.328
2.07239 1.3275
2.06947 1.327
2.06721 1.3265
2.06514 1.326
2.06307 1.3255
2.061 1.325
2.05873 1.3245
2.05578 1.324
2.05102 1.3235
2.04211 1.323
2.03733 1.3225
2.03437 1.322
2.03209 1.3215
2.03001 1.321
2.02799 1.3205
2.02598 1.32
2.0239 1.3195
2.02161 1.319
2.01862 1.3185
2.01373 1.318
2.00457 1.3175
1.99966 1.317
1.99665 1.3165
1.99435 1.316
1.99227 1.3155
1.99019 1.315
1.98812 1.3145
1.98582 1.314
1.98281 1.3135
1.97788 1.313
1.96861 1.3125
1.96366 1.312
1.96063 1.3115
1.95832 1.311
1.95624 1.3105
1.9542 1.31
1.95218 1.3095
1.95009 1.309
1.94777 1.3085
1.94469 1.308
1.93956 1.3075
1.93646 1.307
1.93414 1.3065
1.93205 1.306
1.93003 1.3055
1.92801 1.305
1.92599 1.3045
1.9239 1.304
1.92156 1.3035
1.91843 1.303
1.91319 1.3025
1.91005 1.302
1.9077 1.3015
1.90561 1.301
1.90359 1.3005
1.90158 1.3
1.89958 1.2995
1.89758 1.299
1.89558 1.2985
1.89358 1.298
1.89158 1.2975
1.88958 1.297
1.88758 1.2965
1.88558 1.296
1.88358 1.2955
1.88158 1.295
1.87958 1.2945
1.87758 1.294
1.87558 1.2935
1.87358 1.293
1.87158 1.2925
1.86958 1.292
1.86758 1.2915
1.86558 1.291
1.86358 1.2905
1.86158 1.29
1.85958 1.2895
1.85758 1.289
1.85558 1.2885
1.85358 1.288
1.85158 1.2875
1.84958 1.287
1.84758 1.2865
1.84558 1.286
1.84358 1.2855
1.84158 1.285
1.83958 1.2845
1.83758 1.284
1.83558 1.2835
1.83358 1.283
1.83158 1.2825
1.82958 1.282
1.82758 1.2815
1.82558 1.281
1.82358 1.2805
1.82158 1.28
1.81958 1.2795
1.81758 1.279
1.81558 1.2785
1.81358 1.278
1.81158 1.2775
1.80958 1.277
1.80758 1.2765
1.80558 1.276
1.80358 1.2755
1.80158 1.275
1.79958 1.2745
1.79758 1.274
1.79558 1.2735
1.79358 1.273
1.79158 1.2725
1.78958 1.272
1.78758 1.2715
1.78558 1.271
1.78358 1.2705
1.78158 1.27
1.77958 1.2695
1.77758 1.269
1.77558 1.2685
1.77358 1.268
1.77158 1.2675
1.76958 1.267
1.76758 1.2665
1.76558 1.266
1.76358 1.2655
1.76158 1.265
1.75958 1.2645
1.75758 1.264
1.75558 1.2635
1.75358 1.263
1.75158 1.2625
1.74958 1.262
1.74758 1.2615
1.74558 1.261
1.74358 1.2605
1.74158 1.26
1.73958 1.2595
1.73758 1.259
1.73558 1.2585
1.73358 1.258
1.73158 1.2575
1.72958 1.257
1.72758 1.2565
1.72558 1.256
1.72358 1.2555
1.72158 1.255
1.71958 1.2545
1.71758 1.254
1.71558 1.2535
1.71358 1.253
1.71158 1.2525
1.70958 1.252
1.70758 1.2515
1.70558 1.251
1.70356 1.2505
1.70148 1.25
1.69537 1.2495
1.68894 1.249
1.68134 1.2485
1.67019 1.248
1.66255 1.2475
1.65609 1.247
1.64998 1.2465
1.64392 1.246
1.63788 1.2455
1.63183 1.245
1.62561 1.2445
1.61877 1.244
1.60986 1.2435
1.603 1.243
1.59677 1.2425
1.59071 1.242
1.58468 1.2415
1.57865 1.241
1.57259 1.2405
1.56635 1.24
1.55943 1.2395
1.55026 1.239
1.54333 1.2385
1.53708 1.238
1.53101 1.2375
1.52498 1.237
1.51894 1.2365
1.51287 1.236
1.50661 1.2355
1.49961 1.235
1.49019 1.2345
1.48317 1.234
1.47689 1.2335
1.47082 1.233
1.4648 1.2325
1.45878 1.232
1.45276 1.2315
1.44669 1.231
1.4404 1.2305
1.4333 1.23
1.427 1.2295
1.42093 1.229
1.41491 1.2285
1.4089 1.228
1.4029 1.2275
1.3969 1.227
1.3909 1.2265
1.3849 1.226
1.3789 1.2255
1.3729 1.225
1.3669 1.2245
1.3609 1.224
1.3549 1.2235
1.3489 1.223
1.3429 1.2225
1.3369 1.222
1.3309 1.2215
1.3249 1.221
1.3189 1.2205
1.3129 1.22
1.3069 1.2195
1.3009 1.219
1.2949 1.2185
1.2889 1.218
1.2829 1.2175
1.2769 1.217
1.2709 1.2165
1.2649 1.216
1.2589 1.2155
1.2529 1.215
1.2469 1.2145
1.2409 1.214
1.2349 1.2135
1.2289 1.213
1.2229 1.2125
1.2169 1.212
1.2109 1.2115
1.2049 1.211
1.1989 1.2105
1.1929 1.21
1.1869 1.2095
1.1809 1.209
1.1749 1.2085
1.1689 1.208
1.1629 1.2075
1.1569 1.207
1.1509 1.2065
1.1449 1.206
1.1389 1.2055
1.1329 1.205
1.1269 1.2045
1.1209 1.204
1.1149 1.2035
1.1089 1.203
1.1029 1.2025
1.0969 1.202
1.0909 1.2015
1.0849 1.201
1.0789 1.2005
1.0729 1.2
1.0669 1.1995
1.0609 1.199
1.0549 1.1985
1.0489 1.198
1.0429 1.1975
1.0369 1.197
1.0309 1.1965
1.0249 1.196
1.0189 1.1955
1.0129 1.195
1.0069 1.1945
1.0009 1.194
0.9949 1.1935
0.9889 1.193
0.9829 1.1925
0.9769 1.192
0.9709 1.1915
0.9649 1.191
0.9589 1.1905
0.9529 1.19
0.9469 1.1895
0.9409 1.189
0.9349 1.1885
0.9289 1.188
0.9229 1.1875
0.9169 1.187
0.9109 1.1865
0.9049 1.186
0.8989 1.1855
0.8929 1.185
0.8869 1.1845
0.8809 1.184
0.8749 1.1835
0.8689 1.183
0.8629 1.1825
0.8569 1.182
0.8509 1.1815
0.8449 1.181
0.8389 1.1805
0.8329 1.18
0.8269 1.1795
0.8209 1.179
0.8149 1.1785
0.8089 1.178
0.8029 1.1775
0.7969 1.177
0.7909 1.1765
0.7849 1.176
0.7789 1.1755
0.7729 1.175
0.7669 1.1745
0.7609 1.174
0.7549 1.1735
0.7489 1.173
0.7429 1.1725
0.7369 1.172
0.7309 1.1715
0.7249 1.171
0.7189 1.1705
0.7129 1.17
0.7069 1.1695
0.7009 1.169
0.6949 1.1685
0.6889 1.168
0.6829 1.1675
0.6769 1.167
0.6709 1.1665
0.6649 1.166
0.6589 1.1655
0.6529 1.165
0.6469 1.1645
0.6409 1.164
0.6349 1.1635
0.6289 1.163
0.6229 1.1625
0.6169 1.162
0.6109 1.1615
0.6049 1.161
0.5989 1.1605
0.5929 1.16
0.5869 1.1595
0.5809 1.159
0.5749 1.1585
0.5689 1.158
0.5629 1.1575
0.5569 1.157
0.5509 1.1565
0.5449 1.156
0.5389 1.1555
0.5329 1.155
0.5269 1.1545
0.5209 1.154
0.5149 1.1535
0.5089 1.153
0.5029 1.1525
0.4969 1.152
0.4909 1.1515
0.4849 1.151
0.4789 1.1505
0.4729 1.15
0.4669 1.1495
0.4609 1.149
0.4549 1.1485
0.4489 1.148
0.4429 1.1475
0.4369 1.147
0.4309 1.1465
0.4249 1.146
0.4189 1.1455
0.4129 1.145
0.4069 1.1445
0.4009 1.144
0.3949 1.1435
0.3889 1.143
0.3829 1.1425
0.3769 1.142
0.3709 1.1415
0.3649 1.141
0.3589 1.1405
0.3529 1.14
0.3469 1.1395
0.3409 1.139
0.3349 1.1385
0.3289 1.138
0.3229 1.1375
0.3169 1.137
0.3109 1.1365
0.3049 1.136
0.2989 1.1355
0.2929 1.135
0.2869 1.1345
0.2809 1.134
0.2749 1.1335
0.2689 1.133
0.2629 1.1325
0.2569 1.132
0.2509 1.1315
0.2449 1.131
0.2389 1.1305
0.2329 1.13
0.2269 1.1295
0.2209 1.129
0.2149 1.1285
0.2089 1.128
0.2029 1.1275
0.1969 1.127
0.1909 1.1265
0.1849 1.126
0.1789 1.1255
0.1729 1.125
0.1669 1.1245
0.1609 1.124
0.1549 1.1235
0.1489 1.123
0.1429 1.1225
0.1369 1.122
0.1309 1.1215
0.1249 1.121
0.1189 1.1205
0.1129 1.12
0.1069 1.1195
0.1009 1.119
0.0948999 1.1185
0.0888999 1.118
0.0828999 1.1175
0.0768999 1.117
0.0708999 1.1165
0.0648999 1.116
0.0588999 1.1155
0.0528999 1.115
0.0468999 1.1145
0.0408999 1.114
0.0348999 1.1135
0.0288999 1.113
0.0228999 1.1125
0.0168999 1.112
0.0108999 1.1115
0.00489994 1.111
-0.00110006 1.1105
-0.00710006 1.11
-0.0131001 1.1095
-0.0191001 1.109
-0.0251001 1.1085
-0.0311001 1.108
-0.0371001 1.1075
-0.0431001 1.107
-0.0491001 1.1065
-0.0551001 1.106
-0.0611001 1.1055
-0.0671001 1.105
-0.0731001 1.1045
-0.0791001 1.104
-0.0851001 1.1035
-0.0911001 1.103
-0.0971001 1.1025
-0.1031 1.102
-0.1091 1.1015
-0.1151 1.101
-0.1211 1.1005
-0.1271 1.1
-0.1331 1.0995
-0.1391 1.099
-0.1451 1.0985
-0.1511 1.098
-0.1571 1.0975
-0.1631 1.097
-0.1691 1.0965
-0.1751 1.096
-0.1811 1.0955
-0.1871 1.095
-0.1931 1.0945
-0.1991 1.094
-0.2051 1.0935
-0.2111 1.093
-0.2171 1.0925
-0.2231 1.092
-0.2291 1.0915
-0.2351 1.091
-0.2411 1.0905
-0.2471 1.09
-0.2531 1.0895
-0.2591 1.089
-0.2651 1.0885
-0.2711 1.088
-0.2771 1.0875
-0.2831 1.087
-0.2891 1.0865
-0.2951 1.086
-0.3011 1.0855
-0.3071 1.085
-0.3131 1.0845
-0.3191 1.084
-0.3251 1.0835
-0.3311 1.083
-0.3371 1.0825
-0.3431 1.082
-0.3491 1.0815
-0.3551 1.081
-0.3611 1.0805
-0.3671 1.08
-0.3731 1.0795
-0.3791 1.079
-0.3851 1.0785
-0.3911 1.078
-0.3971 1.0775
-0.4031 1.077
-0.4091 1.0765
-0.4151 1.076
-0.4211 1.0755
-0.4271 1.075
-0.4331 1.0745
-0.4391 1.074
-0.4451 1.0735
-0.4511 1.073
-0.4571 1.0725
-0.4631 1.072
-0.4691 1.0715
-0.4751 1.071
-0.4811 1.0705
-0.4871 1.07
-0.4931 1.0695
-0.4991 1.069
-0.5051 1.0685
-0.5111 1.068
-0.5171 1.0675
-0.5231 1.067
-0.5291 1.0665
-0.5351 1.066
-0.5411 1.0655
-0.5471 1.065
-0.5531 1.0645
-0.5591 1.064
-0.5651 1.0635
-0.5711 1.063
-0.5771 1.0625
-0.5831 1.062
-0.5891 1.0615
-0.5951 1.061
-0.6011 1.0605
-0.6071 1.06
-0.6131 1.0595
-0.6191 1.059
-0.6251 1.0585
-0.6311 1.058
-0.6371 1.0575
-0.6431 1.057
-0.6491 1.0565
-0.6551 1.056
-0.6611 1.0555
-0.6671 1.055
-0.6731 1.0545
-0.6791 1.054
-0.6851 1.0535
-0.6911 1.053
-0.6971 1.0525
-0.7031 1.052
-0.7091 1.0515
-0.7151 1.051
-0.7211 1.0505
-0.7271 1.05
-0.7331 1.0495
-0.7391 1.049
-0.7451 1.0485
-0.7511 1.048
-0.7571 1.0475
-0.7631 1.047
-0.7691 1.0465
-0.7751 1.046
-0.7811 1.0455
-0.7871 1.045
-0.7931 1.0445
-0.7991 1.044
-0.8051 1.0435
-0.8111 1.043
-0.8171 1.0425
-0.8231 1.042
-0.8291 1.0415
-0.8351 1.041
-0.8411 1.0405
-0.8471 1.04
-0.8531 1.0395
-0.8591 1.039
-0.8651 1.0385
-0.8711 1.038
-0.8771 1.0375
-0.8831 1.037
-0.8891 1.0365
-0.8951 1.036
-0.9011 1.0355
-0.9071 1.035
-0.9131 1.0345
-0.9191 1.034
-0.9251 1.0335
-0.9311 1.033
-0.9371 1.0325
-0.9431 1.032
-0.9491 1.0315
-0.9551 1.031
-0.9611 1.0305
-0.9671 1.03
-0.9731 1.0295
-0.9791 1.029
-0.9851 1.0285
-0.9911 1.028
-0.9971 1.0275
-1.0031 1.027
-1.0091 1.0265
-1.0151 1.026
-1.0211 1.0255
-1.0271 1.025
-1.0331 1.0245
-1.0391 1.024
-1.0451 1.0235
-1.0511 1.023
-1.0571 1.0225
-1.0631 1.022
-1.0691 1.0215
-1.0751 1.021
-1.0811 1.0205
-1.0871 1.02
-1.0931 1.0195
-1.0991 1.019
-1.1051 1.0185
-1.1111 1.018
-1.1171 1.0175
-1.1231 1.017
-1.1291 1.0165
-1.1351 1.016
-1.1411 1.0155
-1.1471 1.015
-1.1531 1.0145
-1.1591 1.014
-1.1651 1.0135
-1.1711 1.013
-1.1771 1.0125
-1.1831 1.012
-1.1891 1.0115
-1.1951 1.011
-1.2011 1.0105
-1.2071 1.01
-1.2131 1.0095
-1.2191 1.009
-1.2251 1.0085
-1.2311 1.008
-1.2371 1.0075
-1.2431 1.007
-1.2491 1.0065
-1.2551 1.006
-1.2611 1.0055
-1.2671 1.005
-1.2731 1.0045
-1.27911 1.004
-1.28511 1.0035
-1.29114 1.003
-1.29723 1.0025
-1.29823 1.002
-1.29928 1.0015
-1.29828 1.001
-1.29928 1.0005
-1.29828 1
