Man
0 0
0 0.001
0 0.002
0 0.003
0 0.004
0 0.005
0 0.006
0 0.007
0 0.008
0 0.009
0 0.01
0 0.011
0 0.012
0 0.013
0 0.014
0 0.015
0 0.016
0 0.017
0 0.018
0 0.019
0 0.02
0 0.021
0 0.022
0 0.023
0 0.024
0 0.025
0 0.026
0 0.027
0 0.028
0 0.029
0 0.03
0 0.031
0 0.032
0 0.033
0 0.034
0 0.035
0 0.036
0 0.037
0 0.038
0 0.039
0 0.04
0 0.041
0 0.042
0 0.043
0 0.044
0 0.045
0 0.046
0 0.047
0 0.048
0 0.049
0 0.05
0 0.051
0 0.052
0 0.053
0 0.054
0 0.055
0 0.056
0 0.057
0 0.058
0 0.059
0 0.06
0 0.061
0 0.062
0 0.063
0 0.064
0 0.065
0 0.066
0 0.067
-0.049071 0.068
-0.147213 0.069
-0.343497 0.07
-0.441639 0.071
-0.49071 0.072
-0.49071 0.073
-0.49071 0.074
-0.49071 0.075
-0.49071 0.076
-0.49071 0.077
-0.49071 0.078
-0.49071 0.079
-0.49071 0.08
-0.49071 0.081
-0.49071 0.082
-0.49071 0.083
-0.49071 0.084
-0.49071 0.085
-0.49071 0.086
-0.49071 0.087
-0.49071 0.088
-0.49071 0.089
-0.49071 0.09
-0.49071 0.091
-0.49071 0.092
-0.49071 0.093
-0.49071 0.094
-0.49071 0.095
-0.49071 0.096
-0.466166 0.097
-0.417079 0.098
-0.318904 0.099
-0.269817 0.1
-0.245273 0.101
-0.242205 0.102
-0.236069 0.103
-0.223797 0.104
-0.217661 0.105
-0.214593 0.106
-0.214593 0.107
-0.214593 0.108
-0.214593 0.109
-0.214593 0.11
-0.208457 0.111
-0.196186 0.112
-0.171642 0.113
-0.15937 0.114
-0.153234 0.115
-0.153234 0.116
-0.153234 0.117
-0.152467 0.118
-0.150933 0.119
-0.144797 0.12
-0.137127 0.121
-0.121021 0.122
-0.108749 0.123
-0.0934089 0.124
-0.0872729 0.125
-0.081137 0.126
-0.0750011 0.127
-0.0627292 0.128
-0.0535254 0.129
-0.0443215 0.13
-0.0320496 0.131
-0.0228457 0.132
-0.0136419 0.133
-0.00137002 0.134
0.00476591 0.135
0.00783387 0.136
0.0109018 0.137
0.0170378 0.138
0.0293096 0.139
0.0354455 0.14
0.0385135 0.141
0.0415814 0.142
0.0477174 0.143
0.0599892 0.144
0.0691931 0.145
0.078397 0.146
0.0906688 0.147
0.0998727 0.148
0.109077 0.149
0.121348 0.15
0.128251 0.151
0.132853 0.152
0.135921 0.153
0.140523 0.154
0.147426 0.155
0.159698 0.156
0.165834 0.157
0.168902 0.158
0.17197 0.159
0.178106 0.16
0.190378 0.161
0.196514 0.162
0.199581 0.163
0.202649 0.164
0.208785 0.165
0.221057 0.166
0.227193 0.167
0.230261 0.168
0.233137 0.169
0.23889 0.17
0.250395 0.171
0.256147 0.172
0.259023 0.173
0.261324 0.174
0.265926 0.175
0.27513 0.176
0.279732 0.177
0.282033 0.178
0.284334 0.179
0.288936 0.18
0.29814 0.181
0.302742 0.182
0.305043 0.183
0.307344 0.184
0.311946 0.185
0.321149 0.186
0.325751 0.187
0.328052 0.188
0.329586 0.189
0.332654 0.19
0.33879 0.191
0.341858 0.192
0.343392 0.193
0.344926 0.194
0.347994 0.195
0.35413 0.196
0.357198 0.197
0.358732 0.198
0.360266 0.199
0.363334 0.2
0.36947 0.201
0.372538 0.202
0.374072 0.203
0.375606 0.204
0.378674 0.205
0.38481 0.206
0.387878 0.207
0.389412 0.208
0.390946 0.209
0.394014 0.21
0.400149 0.211
0.403217 0.212
0.404751 0.213
0.405518 0.214
0.407052 0.215
0.41012 0.216
0.411654 0.217
0.412421 0.218
0.413188 0.219
0.414722 0.22
0.41779 0.221
0.419324 0.222
0.420091 0.223
0.420858 0.224
0.422392 0.225
0.42546 0.226
0.426994 0.227
0.427761 0.228
0.428528 0.229
0.430062 0.23
0.43313 0.231
0.434664 0.232
0.435431 0.233
0.436198 0.234
0.437732 0.235
0.4408 0.236
0.442334 0.237
0.443101 0.238
0.443868 0.239
0.445402 0.24
0.44847 0.241
0.450004 0.242
0.450771 0.243
0.451538 0.244
0.453072 0.245
0.45614 0.246
0.457674 0.247
0.458441 0.248
0.459208 0.249
0.460742 0.25
0.46381 0.251
0.465344 0.252
0.466111 0.253
0.466878 0.254
0.468412 0.255
0.47148 0.256
0.473014 0.257
0.473781 0.258
0.474548 0.259
0.476082 0.26
0.479149 0.261
0.480683 0.262
0.48145 0.263
0.482217 0.264
0.483751 0.265
0.486819 0.266
0.488353 0.267
0.48912 0.268
0.489887 0.269
0.491421 0.27
0.494489 0.271
0.496023 0.272
0.49679 0.273
0.497557 0.274
0.499091 0.275
0.502159 0.276
0.503693 0.277
0.50446 0.278
0.50522 0.279
0.506741 0.28
0.509781 0.281
0.511302 0.282
0.512062 0.283
0.512781 0.284
0.514219 0.285
0.517095 0.286
0.518533 0.287
0.519252 0.288
0.519252 0.289
0.519252 0.29
0.519252 0.291
0.519252 0.292
0.519252 0.293
0.519252 0.294
0.519252 0.295
0.519252 0.296
0.519252 0.297
0.519252 0.298
0.519252 0.299
0.519252 0.3
0.519252 0.301
0.519252 0.302
0.519252 0.303
0.519252 0.304
0.519252 0.305
0.519252 0.306
0.519252 0.307
0.519252 0.308
0.519252 0.309
0.519252 0.31
0.519252 0.311
0.519252 0.312
0.519252 0.313
0.519252 0.314
0.519252 0.315
0.519252 0.316
0.519252 0.317
0.519252 0.318
0.519252 0.319
0.519252 0.32
0.519252 0.321
0.519252 0.322
0.519252 0.323
0.519252 0.324
0.519252 0.325
0.519252 0.326
0.519252 0.327
0.519252 0.328
0.519252 0.329
0.519252 0.33
0.519252 0.331
0.519252 0.332
0.519252 0.333
0.519252 0.334
0.519252 0.335
0.519252 0.336
0.519252 0.337
0.519252 0.338
0.519252 0.339
0.519252 0.34
0.519252 0.341
0.519252 0.342
0.519252 0.343
0.519252 0.344
0.519252 0.345
0.519252 0.346
0.519252 0.347
0.519252 0.348
0.519252 0.349
0.519252 0.35
0.519252 0.351
0.519252 0.352
0.519252 0.353
0.519252 0.354
0.519252 0.355
0.519252 0.356
0.519252 0.357
0.519252 0.358
0.519252 0.359
0.519252 0.36
0.519252 0.361
0.519252 0.362
0.519252 0.363
0.519252 0.364
0.519252 0.365
0.519252 0.366
0.519252 0.367
0.519252 0.368
0.519252 0.369
0.519252 0.37
0.519252 0.371
0.519252 0.372
0.519252 0.373
0.519252 0.374
0.519252 0.375
0.519252 0.376
0.519252 0.377
0.519252 0.378
0.519252 0.379
0.519252 0.38
0.519252 0.381
0.519252 0.382
0.519252 0.383
0.519252 0.384
0.519252 0.385
0.519252 0.386
0.519252 0.387
0.519252 0.388
0.519252 0.389
0.519252 0.39
0.519252 0.391
0.519252 0.392
0.519252 0.393
0.519252 0.394
0.519252 0.395
0.519252 0.396
0.519252 0.397
0.519252 0.398
0.519252 0.399
0.519252 0.4
0.519252 0.401
0.519252 0.402
0.519252 0.403
0.519252 0.404
0.519252 0.405
0.519252 0.406
0.519252 0.407
0.519252 0.408
0.519252 0.409
0.519252 0.41
0.519252 0.411
0.519252 0.412
0.519252 0.413
0.519252 0.414
0.519252 0.415
0.519252 0.416
0.519252 0.417
0.519252 0.418
0.519252 0.419
0.519252 0.42
0.519252 0.421
0.519252 0.422
0.519252 0.423
0.519252 0.424
0.519252 0.425
0.519252 0.426
0.519252 0.427
0.519252 0.428
0.519252 0.429
0.519252 0.43
0.519252 0.431
0.519252 0.432
0.519252 0.433
0.519252 0.434
0.519252 0.435
0.519252 0.436
0.519252 0.437
0.519252 0.438
0.519252 0.439
0.519252 0.44
0.519252 0.441
0.519252 0.442
0.519252 0.443
0.519252 0.444
0.519252 0.445
0.519252 0.446
0.519252 0.447
0.519252 0.448
0.519252 0.449
0.519252 0.45
0.519252 0.451
0.519252 0.452
0.519252 0.453
0.519252 0.454
0.519252 0.455
0.519252 0.456
0.519252 0.457
0.519252 0.458
0.519252 0.459
0.519252 0.46
0.519252 0.461
0.519252 0.462
0.519252 0.463
0.519252 0.464
0.519252 0.465
0.519252 0.466
0.519252 0.467
0.519252 0.468
0.519252 0.469
0.519252 0.47
0.519252 0.471
0.519252 0.472
0.519252 0.473
0.519252 0.474
0.519252 0.475
0.519252 0.476
0.519252 0.477
0.519252 0.478
0.519252 0.479
0.519252 0.48
0.519252 0.481
0.519252 0.482
0.519252 0.483
0.519252 0.484
0.519252 0.485
0.519252 0.486
0.519252 0.487
0.519252 0.488
0.519252 0.489
0.519252 0.49
0.519252 0.491
0.519252 0.492
0.519252 0.493
0.519252 0.494
0.519252 0.495
0.519252 0.496
0.519252 0.497
0.519252 0.498
0.519252 0.499
0.519252 0.5
0.519252 0.501
0.519252 0.502
0.519252 0.503
0.519252 0.504
0.519252 0.505
0.519252 0.506
0.519252 0.507
0.519252 0.508
0.519252 0.509
0.519252 0.51
0.519252 0.511
0.519252 0.512
0.519252 0.513
0.519252 0.514
0.519252 0.515
0.519252 0.516
0.519252 0.517
0.519252 0.518
0.519252 0.519
0.519252 0.52
0.519252 0.521
0.519252 0.522
0.519252 0.523
0.519252 0.524
0.519252 0.525
0.519252 0.526
0.519252 0.527
0.519252 0.528
0.519252 0.529
0.519252 0.53
0.519252 0.531
0.519252 0.532
0.519252 0.533
0.519252 0.534
0.519252 0.535
0.519252 0.536
0.519252 0.537
0.519252 0.538
0.519252 0.539
0.519252 0.54
0.519252 0.541
0.519252 0.542
0.519252 0.543
0.519252 0.544
0.519252 0.545
0.519252 0.546
0.519252 0.547
0.519252 0.548
0.519252 0.549
0.519252 0.55
0.519252 0.551
0.519252 0.552
0.519252 0.553
0.519252 0.554
0.519252 0.555
0.519252 0.556
0.519252 0.557
0.519252 0.558
0.519252 0.559
0.519252 0.56
0.519252 0.561
0.519252 0.562
0.519252 0.563
0.519252 0.564
0.519252 0.565
0.519252 0.566
0.519252 0.567
0.519252 0.568
0.519252 0.569
0.519252 0.57
0.519252 0.571
0.519252 0.572
0.519252 0.573
0.519252 0.574
0.519252 0.575
0.519252 0.576
0.519252 0.577
0.519252 0.578
0.519252 0.579
0.519252 0.58
0.519252 0.581
0.519252 0.582
0.519252 0.583
0.519252 0.584
0.519252 0.585
0.519252 0.586
0.519252 0.587
0.519252 0.588
0.519252 0.589
0.519252 0.59
0.519252 0.591
0.519252 0.592
0.519252 0.593
0.519252 0.594
0.519252 0.595
0.519252 0.596
0.519252 0.597
0.519252 0.598
0.519252 0.599
0.519252 0.6
0.519252 0.601
0.519252 0.602
0.519252 0.603
0.519252 0.604
0.519252 0.605
0.519252 0.606
0.519252 0.607
0.519252 0.608
0.519252 0.609
0.519252 0.61
0.519252 0.611
0.519252 0.612
0.519252 0.613
0.519252 0.614
0.519252 0.615
0.519252 0.616
0.519252 0.617
0.519252 0.618
0.519252 0.619
0.519252 0.62
0.519252 0.621
0.519252 0.622
0.519252 0.623
0.519252 0.624
0.519252 0.625
0.519252 0.626
0.519252 0.627
0.519252 0.628
0.519252 0.629
0.519252 0.63
0.519252 0.631
0.519252 0.632
0.519252 0.633
0.519252 0.634
0.519252 0.635
0.519252 0.636
0.519252 0.637
0.519252 0.638
0.519252 0.639
0.519252 0.64
0.519252 0.641
0.519252 0.642
0.519252 0.643
0.519252 0.644
0.519252 0.645
0.519252 0.646
0.519252 0.647
0.519252 0.648
0.519252 0.649
0.519252 0.65
0.519252 0.651
0.519252 0.652
0.519252 0.653
0.519252 0.654
0.519252 0.655
0.519252 0.656
0.519252 0.657
0.519252 0.658
0.519252 0.659
0.519252 0.66
0.519252 0.661
0.519252 0.662
0.519252 0.663
0.519252 0.664
0.519252 0.665
0.519252 0.666
0.519252 0.667
0.519252 0.668
0.519252 0.669
0.519252 0.67
0.519252 0.671
0.519252 0.672
0.519252 0.673
0.519252 0.674
0.519252 0.675
0.519252 0.676
0.519252 0.677
0.519252 0.678
0.519252 0.679
0.519252 0.68
0.519252 0.681
0.519252 0.682
0.519252 0.683
0.519252 0.684
0.519252 0.685
0.519252 0.686
0.519252 0.687
0.519252 0.688
0.519252 0.689
0.519252 0.69
0.519252 0.691
0.519252 0.692
0.519252 0.693
0.519252 0.694
0.519252 0.695
0.519252 0.696
0.519252 0.697
0.519252 0.698
0.519252 0.699
0.519252 0.7
0.519252 0.701
0.519252 0.702
0.519252 0.703
0.519252 0.704
0.519252 0.705
0.519252 0.706
0.519252 0.707
0.519252 0.708
0.519252 0.709
0.519252 0.71
0.519252 0.711
0.519252 0.712
0.519252 0.713
0.519252 0.714
0.519252 0.715
0.519252 0.716
0.519252 0.717
0.519252 0.718
0.519252 0.719
0.519252 0.72
0.519252 0.721
0.519252 0.722
0.519252 0.723
0.519252 0.724
0.519252 0.725
0.519252 0.726
0.519252 0.727
0.519252 0.728
0.519252 0.729
0.519252 0.73
0.519252 0.731
0.519252 0.732
0.519252 0.733
0.519252 0.734
0.519252 0.735
0.519252 0.736
0.519252 0.737
0.519252 0.738
0.519252 0.739
0.519252 0.74
0.519252 0.741
0.519252 0.742
0.519252 0.743
0.519252 0.744
0.519252 0.745
0.519252 0.746
0.519252 0.747
0.519252 0.748
0.519252 0.749
0.519252 0.75
0.519252 0.751
0.519252 0.752
0.519252 0.753
0.519252 0.754
0.519252 0.755
0.519252 0.756
0.519252 0.757
0.519252 0.758
0.519252 0.759
0.519252 0.76
0.519252 0.761
0.519252 0.762
0.519252 0.763
0.519252 0.764
0.519252 0.765
0.519252 0.766
0.519252 0.767
0.519252 0.768
0.519252 0.769
0.519252 0.77
0.519252 0.771
0.519252 0.772
0.519252 0.773
0.519252 0.774
0.519252 0.775
0.519252 0.776
0.519252 0.777
0.519252 0.778
0.519252 0.779
0.519252 0.78
0.519252 0.781
0.519252 0.782
0.519252 0.783
0.519252 0.784
0.519252 0.785
0.519252 0.786
0.519252 0.787
0.519252 0.788
0.519252 0.789
0.519252 0.79
0.519252 0.791
0.519252 0.792
0.519252 0.793
0.519252 0.794
0.519252 0.795
0.519252 0.796
0.519252 0.797
0.519252 0.798
0.519252 0.799
0.519252 0.8
0.519252 0.801
0.519252 0.802
0.519252 0.803
0.519252 0.804
0.519252 0.805
0.519252 0.806
0.519252 0.807
0.519252 0.808
0.519252 0.809
0.519252 0.81
0.519252 0.811
0.519252 0.812
0.519252 0.813
0.519252 0.814
0.519252 0.815
0.519252 0.816
0.519252 0.817
0.519252 0.818
0.519252 0.819
0.519252 0.82
0.519252 0.821
0.519252 0.822
0.519252 0.823
0.519256 0.824
0.519262 0.825
0.519276 0.826
0.519262 0.827
0.519219 0.828
0.51946 0.829
0.520066 0.83
0.521375 0.831
0.522375 0.832
0.523381 0.833
0.52472 0.834
0.525722 0.835
0.526722 0.836
0.528053 0.837
0.529053 0.838
0.530055 0.839
0.531395 0.84
0.532397 0.841
0.533397 0.842
0.534727 0.843
0.535727 0.844
0.536729 0.845
0.538069 0.846
0.539071 0.847
0.540071 0.848
0.541402 0.849
0.542402 0.85
0.543404 0.851
0.544743 0.852
0.545746 0.853
0.546746 0.854
0.548076 0.855
0.549076 0.856
0.550078 0.857
0.551418 0.858
0.55242 0.859
0.55342 0.86
0.55475 0.861
0.55575 0.862
0.556753 0.863
0.558092 0.864
0.559095 0.865
0.560095 0.866
0.561425 0.867
0.562425 0.868
0.563427 0.869
0.564767 0.87
0.565769 0.871
0.566769 0.872
0.568099 0.873
0.569099 0.874
0.570102 0.875
0.571441 0.876
0.572443 0.877
0.573443 0.878
0.574774 0.879
0.575774 0.88
0.576776 0.881
0.578115 0.882
0.579118 0.883
0.580118 0.884
0.581448 0.885
0.582448 0.886
0.58345 0.887
0.58479 0.888
0.585792 0.889
0.586792 0.89
0.588122 0.891
0.589122 0.892
0.590125 0.893
0.591464 0.894
0.592467 0.895
0.593467 0.896
0.594797 0.897
0.595797 0.898
0.596799 0.899
0.598139 0.9
0.599141 0.901
0.600141 0.902
0.601471 0.903
0.602471 0.904
0.603474 0.905
0.604813 0.906
0.605815 0.907
0.606815 0.908
0.608146 0.909
0.609146 0.91
0.610148 0.911
0.611488 0.912
0.61249 0.913
0.61349 0.914
0.61482 0.915
0.61582 0.916
0.616822 0.917
0.618162 0.918
0.619164 0.919
0.620164 0.92
0.621495 0.921
0.622495 0.922
0.623497 0.923
0.624836 0.924
0.625839 0.925
0.626839 0.926
0.628169 0.927
0.629169 0.928
0.630171 0.929
0.631511 0.93
0.632513 0.931
0.633513 0.932
0.634843 0.933
0.635843 0.934
0.636846 0.935
0.638185 0.936
0.639188 0.937
0.640188 0.938
0.641518 0.939
0.642518 0.94
0.64352 0.941
0.64486 0.942
0.645862 0.943
0.646862 0.944
0.648192 0.945
0.649192 0.946
0.650195 0.947
0.651534 0.948
0.652536 0.949
0.653536 0.95
0.654867 0.951
0.655867 0.952
0.656869 0.953
0.658208 0.954
0.659211 0.955
0.660211 0.956
0.661541 0.957
0.662541 0.958
0.663543 0.959
0.664883 0.96
0.665885 0.961
0.666885 0.962
0.668215 0.963
0.669215 0.964
0.670218 0.965
0.671557 0.966
0.67256 0.967
0.67356 0.968
0.67489 0.969
0.67589 0.97
0.676892 0.971
0.678232 0.972
0.679234 0.973
0.680234 0.974
0.681564 0.975
0.682564 0.976
0.683567 0.977
0.684906 0.978
0.685908 0.979
0.686908 0.98
0.688239 0.981
0.689239 0.982
0.690241 0.983
0.691581 0.984
0.692583 0.985
0.693583 0.986
0.694913 0.987
0.695913 0.988
0.696916 0.989
0.698256 0.99
0.699256 0.991
0.70035 0.992
0.70187 0.993
0.70287 0.994
0.704038 0.995
0.705038 0.996
0.706305 0.997
0.705305 0.998
0.703483 0.999
0.704483 1


Shark
3.14159 1.5
3.13659 1.4995
3.13159 1.499
3.12659 1.4985
3.12159 1.498
3.11659 1.4975
3.11159 1.497
3.10659 1.4965
3.10159 1.496
3.09659 1.4955
3.09159 1.495
3.08659 1.4945
3.08159 1.494
3.07659 1.4935
3.07159 1.493
3.06659 1.4925
3.06159 1.492
3.05659 1.4915
3.05159 1.491
3.04659 1.4905
3.04159 1.49
3.03659 1.4895
3.03159 1.489
3.02659 1.4885
3.02159 1.488
3.01659 1.4875
3.01159 1.487
3.00659 1.4865
3.00159 1.486
2.99659 1.4855
2.99159 1.485
2.98659 1.4845
2.98159 1.484
2.97659 1.4835
2.97159 1.483
2.96659 1.4825
2.96159 1.482
2.95659 1.4815
2.95159 1.481
2.94659 1.4805
2.94159 1.48
2.93659 1.4795
2.93159 1.479
2.92659 1.4785
2.92159 1.478
2.91659 1.4775
2.91159 1.477
2.90659 1.4765
2.90159 1.476
2.89659 1.4755
2.89159 1.475
2.88659 1.4745
2.88159 1.474
2.87659 1.4735
2.87159 1.473
2.86659 1.4725
2.86159 1.472
2.85659 1.4715
2.85159 1.471
2.84659 1.4705
2.84159 1.47
2.83659 1.4695
2.83159 1.469
2.82659 1.4685
2.82159 1.468
2.81659 1.4675
2.81159 1.467
2.80659 1.4665
2.78929 1.466
2.75533 1.4655
2.68704 1.465
2.6521 1.4645
2.67034 1.464
2.67534 1.4635
2.68034 1.463
2.68534 1.4625
2.69034 1.462
2.69534 1.4615
2.70034 1.461
2.70534 1.4605
2.71034 1.46
2.71534 1.4595
2.72034 1.459
2.72534 1.4585
2.73034 1.458
2.73534 1.4575
2.74034 1.457
2.74534 1.4565
2.75034 1.456
2.75534 1.4555
2.76034 1.455
2.76534 1.4545
2.77034 1.454
2.77534 1.4535
2.78034 1.453
2.78534 1.4525
2.79034 1.452
2.8032 1.4515
2.82764 1.451
2.87623 1.4505
2.90116 1.45
2.91446 1.4495
2.9197 1.449
2.92561 1.4485
2.93369 1.448
2.93963 1.4475
2.94489 1.447
2.94989 1.4465
2.95489 1.446
2.95989 1.4455
2.96489 1.445
2.97093 1.4445
2.9794 1.444
2.99408 1.4435
3.00266 1.443
3.00877 1.4425
3.01377 1.442
3.01877 1.4415
3.02379 1.441
3.02887 1.4405
3.03507 1.44
3.04188 1.4395
3.05287 1.439
3.06189 1.4385
3.0726 1.438
3.0789 1.4375
3.08521 1.437
3.09154 1.4365
3.10082 1.436
3.10856 1.4355
3.11634 1.435
3.12578 1.4345
3.13363 1.434
3.14152 1.4335
3.15112 1.433
3.1576 1.4325
3.16301 1.432
3.16843 1.4315
3.17498 1.431
3.18484 1.4305
3.19142 1.43
3.19686 1.4295
3.20231 1.429
3.20895 1.4285
3.21908 1.428
3.2274 1.4275
3.23576 1.427
3.24604 1.4265
3.25447 1.426
3.26294 1.4255
3.27339 1.425
3.2806 1.4245
3.28669 1.424
3.29221 1.4235
3.29834 1.423
3.30565 1.4225
3.31642 1.422
3.32335 1.4215
3.3289 1.421
3.33446 1.4205
3.34146 1.42
3.3525 1.4195
3.35954 1.419
3.36513 1.4185
3.37072 1.418
3.37783 1.4175
3.38915 1.417
3.39629 1.4165
3.40192 1.416
3.40747 1.4155
3.41446 1.415
3.42546 1.4145
3.43249 1.414
3.43807 1.4135
3.44345 1.413
3.44987 1.4125
3.45936 1.412
3.46581 1.4115
3.47121 1.411
3.47661 1.4105
3.4831 1.41
3.49279 1.4095
3.49931 1.409
3.50473 1.4085
3.51016 1.408
3.51672 1.4075
3.52661 1.407
3.5332 1.4065
3.53864 1.406
3.54385 1.4055
3.54963 1.405
3.55732 1.4045
3.56312 1.404
3.56834 1.4035
3.57355 1.403
3.57937 1.4025
3.58718 1.402
3.59302 1.4015
3.59825 1.401
3.60347 1.4005
3.60933 1.4
3.61726 1.3995
3.62314 1.399
3.62838 1.3985
3.63361 1.398
3.63952 1.3975
3.64756 1.397
3.65348 1.3965
3.65873 1.396
3.66398 1.3955
3.66992 1.395
3.67809 1.3945
3.68405 1.394
3.68931 1.3935
3.69438 1.393
3.69964 1.3925
3.70563 1.392
3.7109 1.3915
3.71597 1.391
3.72104 1.3905
3.72632 1.39
3.73235 1.3895
3.73763 1.389
3.74271 1.3885
3.74778 1.388
3.75307 1.3875
3.75915 1.387
3.76444 1.3865
3.76952 1.386
3.77459 1.3855
3.77989 1.385
3.78602 1.3845
3.79132 1.384
3.7964 1.3835
3.80148 1.383
3.80679 1.3825
3.81296 1.382
3.81828 1.3815
3.82336 1.381
3.82845 1.3805
3.83377 1.38
3.83999 1.3795
3.84532 1.379
3.85041 1.3785
3.85549 1.378
3.86083 1.3775
3.86709 1.377
3.87244 1.3765
3.87753 1.376
3.88262 1.3755
3.88797 1.375
3.89428 1.3745
3.89964 1.374
3.90473 1.3735
3.90982 1.373
3.91519 1.3725
3.92154 1.372
3.92692 1.3715
3.93201 1.371
3.93711 1.3705
3.94249 1.37
3.94889 1.3695
3.95428 1.369
3.95938 1.3685
3.96448 1.368
3.96988 1.3675
3.97633 1.367
3.98173 1.3665
3.98683 1.366
3.99194 1.3655
3.99735 1.365
4.00384 1.3645
4.00926 1.364
4.01437 1.3635
4.01948 1.363
4.0249 1.3625
4.03145 1.362
4.03688 1.3615
4.04199 1.361
4.0471 1.3605
4.05254 1.36
4.05911 1.3595
4.06455 1.359
4.06966 1.3585
4.07476 1.358
4.08016 1.3575
4.08663 1.357
4.09204 1.3565
4.09715 1.356
4.10215 1.3555
4.10715 1.355
4.11215 1.3545
4.11715 1.354
4.12215 1.3535
4.12715 1.353
4.13215 1.3525
4.13715 1.352
4.14215 1.3515
4.14715 1.351
4.15215 1.3505
4.15715 1.35
4.16215 1.3495
4.16715 1.349
4.17215 1.3485
4.17715 1.348
4.18215 1.3475
4.18715 1.347
4.19215 1.3465
4.19715 1.346
4.20215 1.3455
4.20715 1.345
4.21215 1.3445
4.21715 1.344
4.22215 1.3435
4.22715 1.343
4.23215 1.3425
4.23715 1.342
4.24215 1.3415
4.24715 1.341
4.25215 1.3405
4.25715 1.34
4.26215 1.3395
4.26715 1.339
4.27215 1.3385
4.27715 1.338
4.28215 1.3375
4.28715 1.337
4.29215 1.3365
4.29715 1.336
4.30215 1.3355
4.30715 1.335
4.31215 1.3345
4.31715 1.334
4.32215 1.3335
4.32715 1.333
4.33215 1.3325
4.33715 1.332
4.34215 1.3315
4.34715 1.331
4.35215 1.3305
4.35715 1.33
4.36215 1.3295
4.36715 1.329
4.37215 1.3285
4.37715 1.328
4.38215 1.3275
4.38715 1.327
4.39215 1.3265
4.39715 1.326
4.40215 1.3255
4.40715 1.325
4.41215 1.3245
4.41715 1.324
4.42215 1.3235
4.42715 1.323
4.43215 1.3225
4.43715 1.322
4.44215 1.3215
4.44715 1.321
4.45215 1.3205
4.45715 1.32
4.46215 1.3195
4.46715 1.319
4.47215 1.3185
4.47715 1.318
4.48215 1.3175
4.48715 1.317
4.49215 1.3165
4.49715 1.316
4.50215 1.3155
4.50715 1.315
4.51215 1.3145
4.51715 1.314
4.52215 1.3135
4.52715 1.313
4.53215 1.3125
4.53715 1.312
4.54215 1.3115
4.54715 1.311
4.55215 1.3105
4.55715 1.31
4.56215 1.3095
4.56715 1.309
4.57215 1.3085
4.57715 1.308
4.58215 1.3075
4.58715 1.307
4.59215 1.3065
4.59715 1.306
4.60215 1.3055
4.60715 1.305
4.61215 1.3045
4.61715 1.304
4.62215 1.3035
4.62715 1.303
4.63215 1.3025
4.63715 1.302
4.64215 1.3015
4.64715 1.301
4.65215 1.3005
4.65715 1.3
4.66215 1.2995
4.66715 1.299
4.67215 1.2985
4.67715 1.298
4.68215 1.2975
4.68715 1.297
4.69215 1.2965
4.69715 1.296
4.70215 1.2955
4.70715 1.295
4.71215 1.2945
4.71715 1.294
4.72215 1.2935
4.72715 1.293
4.73215 1.2925
4.73715 1.292
4.74215 1.2915
4.74715 1.291
4.75215 1.2905
4.75715 1.29
4.76215 1.2895
4.76715 1.289
4.77215 1.2885
4.77715 1.288
4.78215 1.2875
4.78715 1.287
4.79215 1.2865
4.79715 1.286
4.80215 1.2855
4.80715 1.285
4.81215 1.2845
4.81715 1.284
4.82215 1.2835
4.82715 1.283
4.83215 1.2825
4.83715 1.282
4.84215 1.2815
4.84715 1.281
4.85215 1.2805
4.85715 1.28
4.86215 1.2795
4.86715 1.279
4.87215 1.2785
4.87715 1.278
4.88215 1.2775
4.88715 1.277
4.89215 1.2765
4.89715 1.276
4.90215 1.2755
4.90715 1.275
4.91215 1.2745
4.91715 1.274
4.92215 1.2735
4.92715 1.273
4.93215 1.2725
4.93715 1.272
4.94215 1.2715
4.94715 1.271
4.95215 1.2705
4.95715 1.27
4.96215 1.2695
4.96715 1.269
4.97215 1.2685
4.97715 1.268
4.98215 1.2675
4.98715 1.267
4.99215 1.2665
4.99715 1.266
5.00215 1.2655
5.00715 1.265
5.01215 1.2645
5.01715 1.264
5.02215 1.2635
5.02715 1.263
5.03215 1.2625
5.03715 1.262
5.04215 1.2615
5.04715 1.261
5.05215 1.2605
5.05715 1.26
5.06215 1.2595
5.06715 1.259
5.07215 1.2585
5.07715 1.258
5.08215 1.2575
5.08715 1.257
5.09215 1.2565
5.09715 1.256
5.10215 1.2555
5.10715 1.255
5.11215 1.2545
5.11715 1.254
5.12215 1.2535
5.12715 1.253
5.13215 1.2525
5.13715 1.252
5.14215 1.2515
5.14715 1.251
5.15215 1.2505
5.15715 1.25
5.16215 1.2495
5.16715 1.249
5.17215 1.2485
5.17715 1.248
5.18215 1.2475
5.18715 1.247
5.19215 1.2465
5.19715 1.246
5.20215 1.2455
5.20715 1.245
5.21215 1.2445
5.21715 1.244
5.22215 1.2435
5.22715 1.243
5.23215 1.2425
5.23715 1.242
5.24215 1.2415
5.24715 1.241
5.25215 1.2405
5.25715 1.24
5.26215 1.2395
5.26715 1.239
5.27215 1.2385
5.27715 1.238
5.28215 1.2375
5.28715 1.237
5.29215 1.2365
5.29715 1.236
5.30215 1.2355
5.30715 1.235
5.31215 1.2345
5.31715 1.234
5.32215 1.2335
5.32715 1.233
5.33215 1.2325
5.33715 1.232
5.34215 1.2315
5.34715 1.231
5.35215 1.2305
5.35715 1.23
5.36215 1.2295
5.36715 1.229
5.37215 1.2285
5.37715 1.228
5.38215 1.2275
5.38715 1.227
5.39215 1.2265
5.39715 1.226
5.40215 1.2255
5.40715 1.225
5.41215 1.2245
5.41715 1.224
5.42215 1.2235
5.42715 1.223
5.43215 1.2225
5.43715 1.222
5.44215 1.2215
5.44715 1.221
5.45215 1.2205
5.45715 1.22
5.46215 1.2195
5.46715 1.219
5.47215 1.2185
5.47715 1.218
5.48215 1.2175
5.48715 1.217
5.49215 1.2165
5.49715 1.216
5.50215 1.2155
5.50715 1.215
5.51215 1.2145
5.51715 1.214
5.52215 1.2135
5.52715 1.213
5.53215 1.2125
5.53715 1.212
5.54215 1.2115
5.54715 1.211
5.55215 1.2105
5.55715 1.21
5.56215 1.2095
5.56715 1.209
5.57215 1.2085
5.57715 1.208
5.58215 1.2075
5.58715 1.207
5.59215 1.2065
5.59715 1.206
5.60215 1.2055
5.60715 1.205
5.61215 1.2045
5.61715 1.204
5.62215 1.2035
5.62715 1.203
5.63215 1.2025
5.63715 1.202
5.64215 1.2015
5.64715 1.201
5.65215 1.2005
5.65715 1.2
5.66215 1.1995
5.66715 1.199
5.67215 1.1985
5.67715 1.198
5.68215 1.1975
5.68715 1.197
5.69215 1.1965
5.69715 1.196
5.70215 1.1955
5.70715 1.195
5.71215 1.1945
5.71715 1.194
5.72215 1.1935
5.72715 1.193
5.73215 1.1925
5.73715 1.192
5.74215 1.1915
5.74715 1.191
5.75215 1.1905
5.75715 1.19
5.76215 1.1895
5.76715 1.189
5.77215 1.1885
5.77715 1.188
5.78215 1.1875
5.78715 1.187
5.79215 1.1865
5.79715 1.186
5.80215 1.1855
5.80715 1.185
5.81215 1.1845
5.81715 1.184
5.82215 1.1835
5.82715 1.183
5.83215 1.1825
5.83715 1.182
5.84215 1.1815
5.84715 1.181
5.85215 1.1805
5.85715 1.18
5.86215 1.1795
5.86715 1.179
5.87215 1.1785
5.87715 1.178
5.88215 1.1775
5.88715 1.177
5.89215 1.1765
5.89715 1.176
5.90215 1.1755
5.90715 1.175
5.91215 1.1745
5.91715 1.174
5.92215 1.1735
5.92715 1.173
5.93215 1.1725
5.93715 1.172
5.94215 1.1715
5.94715 1.171
5.95215 1.1705
5.95715 1.17
5.96215 1.1695
5.96715 1.169
5.97215 1.1685
5.97715 1.168
5.98215 1.1675
5.98715 1.167
5.99215 1.1665
5.99715 1.166
6.00215 1.1655
6.00715 1.165
6.01215 1.1645
6.01715 1.164
6.02215 1.1635
6.02715 1.163
6.03215 1.1625
6.03715 1.162
6.04215 1.1615
6.04715 1.161
6.05215 1.1605
6.05715 1.16
6.06215 1.1595
6.06715 1.159
6.07215 1.1585
6.07715 1.158
6.08215 1.1575
6.08715 1.157
6.09215 1.1565
6.09715 1.156
6.10215 1.1555
6.10715 1.155
6.11215 1.1545
6.11715 1.154
6.12215 1.1535
6.12715 1.153
6.13215 1.1525
6.13715 1.152
6.14215 1.1515
6.14715 1.151
6.15215 1.1505
6.15715 1.15
6.16215 1.1495
6.16715 1.149
6.17215 1.1485
6.17715 1.148
6.18215 1.1475
6.18715 1.147
6.19215 1.1465
6.19715 1.146
6.20215 1.1455
6.20715 1.145
6.21215 1.1445
6.21715 1.144
6.22215 1.1435
6.22715 1.143
6.23215 1.1425
6.23715 1.142
6.24215 1.1415
6.24715 1.141
6.25215 1.1405
6.25715 1.14
6.26215 1.1395
6.26715 1.139
6.27215 1.1385
6.27715 1.138
6.28215 1.1375
6.28715 1.137
6.29215 1.1365
6.29715 1.136
6.30215 1.1355
6.30715 1.135
6.31215 1.1345
6.31715 1.134
6.32215 1.1335
6.32715 1.133
6.33215 1.1325
6.33715 1.132
6.34215 1.1315
6.34715 1.131
6.35215 1.1305
6.35715 1.13
6.36215 1.1295
6.36715 1.129
6.37215 1.1285
6.37715 1.128
6.38215 1.1275
6.38715 1.127
6.39215 1.1265
6.39715 1.126
6.40215 1.1255
6.40715 1.125
6.41215 1.1245
6.41715 1.124
6.42215 1.1235
6.42715 1.123
6.43215 1.1225
6.43715 1.122
6.44215 1.1215
6.44715 1.121
6.45215 1.1205
6.45715 1.12
6.46215 1.1195
6.46715 1.119
6.47215 1.1185
6.47715 1.118
6.48215 1.1175
6.48715 1.117
6.49215 1.1165
6.49715 1.116
6.50215 1.1155
6.50715 1.115
6.51215 1.1145
6.51715 1.114
6.52215 1.1135
6.52715 1.113
6.53215 1.1125
6.53715 1.112
6.54215 1.1115
6.54715 1.111
6.55215 1.1105
6.55715 1.11
6.56215 1.1095
6.56715 1.109
6.57215 1.1085
6.57715 1.108
6.58215 1.1075
6.58715 1.107
6.59215 1.1065
6.59715 1.106
6.60215 1.1055
6.60715 1.105
6.61215 1.1045
6.61715 1.104
6.62215 1.1035
6.62715 1.103
6.63215 1.1025
6.63715 1.102
6.64215 1.1015
6.64715 1.101
6.65215 1.1005
6.65715 1.1
6.66215 1.0995
6.66715 1.099
6.67215 1.0985
6.67715 1.098
6.68215 1.0975
6.68715 1.097
6.69215 1.0965
6.69715 1.096
6.70215 1.0955
6.70715 1.095
6.71215 1.0945
6.71715 1.094
6.72215 1.0935
6.72715 1.093
6.73215 1.0925
6.73715 1.092
6.74215 1.0915
6.74715 1.091
6.75215 1.0905
6.75715 1.09
6.76215 1.0895
6.76715 1.089
6.77215 1.0885
6.77715 1.088
6.78215 1.0875
6.78715 1.087
6.79215 1.0865
6.79715 1.086
6.80225 1.0855
6.80325 1.085
6.80456 1.0845
6.80556 1.084
6.80657 1.0835
6.80791 1.083
6.80891 1.0825
6.80991 1.082
6.81124 1.0815
6.81224 1.081
6.81324 1.0805
6.81458 1.08
6.81558 1.0795
6.81658 1.079
6.81791 1.0785
6.81891 1.078
6.81991 1.0775
6.82125 1.077
6.82226 1.0765
6.82326 1.076
6.82459 1.0755
6.82559 1.075
6.82659 1.0745
6.82793 1.074
6.82893 1.0735
6.82993 1.073
6.83126 1.0725
6.83226 1.072
6.83326 1.0715
6.8346 1.071
6.83561 1.0705
6.83661 1.07
6.83794 1.0695
6.83894 1.069
6.83994 1.0685
6.84128 1.068
6.84228 1.0675
6.84328 1.067
6.84461 1.0665
6.84561 1.066
6.84661 1.0655
6.84795 1.065
6.84895 1.0645
6.84995 1.064
6.85128 1.0635
6.85228 1.063
6.85329 1.0625
6.85463 1.062
6.85563 1.0615
6.85663 1.061
6.85796 1.0605
6.85896 1.06
6.85996 1.0595
6.8613 1.059
6.8623 1.0585
6.8633 1.058
6.86463 1.0575
6.86563 1.057
6.86664 1.0565
6.86798 1.056
6.86898 1.0555
6.86998 1.055
6.87131 1.0545
6.87231 1.054
6.87331 1.0535
6.87465 1.053
6.87565 1.0525
6.87665 1.052
6.87798 1.0515
6.87898 1.051
6.87998 1.0505
6.88132 1.05
6.88233 1.0495
6.88333 1.049
6.88466 1.0485
6.88566 1.048
6.88666 1.0475
6.888 1.047
6.889 1.0465
6.89 1.046
6.89133 1.0455
6.89233 1.045
6.89333 1.0445
6.89467 1.044
6.89568 1.0435
6.89668 1.043
6.89801 1.0425
6.89901 1.042
6.90001 1.0415
6.90135 1.041
6.90235 1.0405
6.90335 1.04
6.90468 1.0395
6.90568 1.039
6.90668 1.0385
6.90802 1.038
6.90902 1.0375
6.91002 1.037
6.91135 1.0365
6.91235 1.036
6.91336 1.0355
6.9147 1.035
6.9157 1.0345
6.9167 1.034
6.91803 1.0335
6.91903 1.033
6.92003 1.0325
6.92137 1.032
6.92237 1.0315
6.92337 1.031
6.9247 1.0305
6.9257 1.03
6.92671 1.0295
6.92804 1.029
6.92905 1.0285
6.93005 1.028
6.93138 1.0275
6.93238 1.027
6.93338 1.0265
6.93472 1.026
6.93572 1.0255
6.93672 1.025
6.93805 1.0245
6.93905 1.024
6.94005 1.0235
6.94139 1.023
6.9424 1.0225
6.9434 1.022
6.94473 1.0215
6.94573 1.021
6.94673 1.0205
6.94807 1.02
6.94907 1.0195
6.95007 1.019
6.9514 1.0185
6.9524 1.018
6.9534 1.0175
6.95474 1.017
6.95574 1.0165
6.95674 1.016
6.95808 1.0155
6.95908 1.015
6.96008 1.0145
6.96142 1.014
6.96242 1.0135
6.96342 1.013
6.96475 1.0125
6.96575 1.012
6.96675 1.0115
6.96809 1.011
6.96909 1.0105
6.97009 1.01
6.97142 1.0095
6.97242 1.009
6.97343 1.0085
6.97477 1.008
6.97577 1.0075
6.97677 1.007
6.9781 1.0065
6.9791 1.006
6.9801 1.0055
6.98144 1.005
6.98244 1.0045
6.98354 1.004
6.98506 1.0035
6.98606 1.003
6.98722 1.0025
6.98822 1.002
6.98949 1.0015
6.98849 1.001
6.98667 1.0005
6.98767 1
