Man
0 0
0 0.001
0 0.002
0 0.003
0 0.004
0 0.005
0 0.006
0 0.007
0 0.008
0 0.009
0 0.01
0 0.011
0 0.012
0 0.013
0 0.014
0 0.015
0 0.016
0 0.017
0 0.018
0 0.019
0 0.02
0 0.021
0 0.022
0 0.023
0 0.024
0 0.025
0 0.026
0 0.027
0 0.028
0 0.029
0 0.03
0 0.031
0 0.032
0 0.033
0 0.034
0 0.035
0 0.036
0 0.037
0 0.038
0 0.039
0 0.04
0 0.041
0 0.042
0 0.043
0 0.044
0 0.045
0 0.046
0 0.047
0 0.048
0 0.049
0 0.05
0 0.051
0 0.052
0 0.053
0 0.054
0 0.055
0 0.056
0 0.057
0 0.058
0 0.059
0 0.06
0 0.061
0 0.062
0 0.063
0 0.064
0 0.065
0 0.066
0 0.067
0 0.068
0 0.069
0 0.07
0 0.071
0 0.072
0 0.073
0 0.074
0 0.075
0 0.076
0 0.077
0 0.078
0 0.079
0 0.08
0 0.081
0 0.082
0 0.083
0 0.084
0 0.085
0 0.086
0 0.087
0 0.088
0 0.089
-0.00306796 0.09
-0.00920388 0.091
-0.0214757 0.092
-0.0460194 0.093
-0.0951068 0.094
-0.193282 0.095
-0.389631 0.096
-0.487806 0.097
-0.536893 0.098
-0.561437 0.099
-0.573709 0.1
-0.579845 0.101
-0.582913 0.102
-0.582913 0.103
-0.582913 0.104
-0.582913 0.105
-0.583296 0.106
-0.584063 0.107
-0.585597 0.108
-0.588665 0.109
-0.594801 0.11
-0.607073 0.111
-0.631617 0.112
-0.643888 0.113
-0.650024 0.114
-0.653092 0.115
-0.654626 0.116
-0.655393 0.117
-0.655777 0.118
-0.655777 0.119
-0.655777 0.12
-0.655777 0.121
-0.655777 0.122
-0.655777 0.123
-0.655777 0.124
-0.655777 0.125
-0.655777 0.126
-0.655777 0.127
-0.655777 0.128
-0.655777 0.129
-0.655777 0.13
-0.655777 0.131
-0.655777 0.132
-0.655777 0.133
-0.656544 0.134
-0.658078 0.135
-0.661146 0.136
-0.667282 0.137
-0.679649 0.138
-0.704385 0.139
-0.753856 0.14
-0.779166 0.141
-0.792972 0.142
-0.802176 0.143
-0.81138 0.144
-0.815982 0.145
-0.818283 0.146
-0.81905 0.147
-0.819433 0.148
-0.819625 0.149
-0.820104 0.15
-0.820871 0.151
-0.822405 0.152
-0.825378 0.153
-0.831705 0.154
-0.844361 0.155
-0.869671 0.156
-0.883477 0.157
-0.892681 0.158
-0.901885 0.159
-0.924895 0.16
-0.936399 0.161
-0.942152 0.162
-0.944836 0.163
-0.946466 0.164
-0.947713 0.165
-0.949246 0.166
-0.951547 0.167
-0.956149 0.168
-0.965353 0.169
-0.983761 0.17
-0.992965 0.171
-0.997567 0.172
-0.999868 0.173
-1.00121 0.174
-1.00217 0.175
-1.00322 0.176
-1.00476 0.177
-1.00783 0.178
-1.01396 0.179
-1.02633 0.18
-1.03266 0.181
-1.03611 0.182
-1.03841 0.183
-1.04071 0.184
-1.04435 0.185
-1.05106 0.186
-1.0549 0.187
-1.05797 0.188
-1.0618 0.189
-1.06832 0.19
-1.08079 0.191
-1.08702 0.192
-1.09009 0.193
-1.09162 0.194
-1.09258 0.195
-1.09334 0.196
-1.0943 0.197
-1.09584 0.198
-1.09891 0.199
-1.10504 0.2
-1.11731 0.201
-1.12345 0.202
-1.12652 0.203
-1.12805 0.204
-1.12896 0.205
-1.12963 0.206
-1.1304 0.207
-1.13155 0.208
-1.13385 0.209
-1.13845 0.21
-1.14766 0.211
-1.15226 0.212
-1.15456 0.213
-1.15571 0.214
-1.15638 0.215
-1.15686 0.216
-1.15739 0.217
-1.15816 0.218
-1.15969 0.219
-1.16276 0.22
-1.16889 0.221
-1.17196 0.222
-1.1735 0.223
-1.17426 0.224
-1.17474 0.225
-1.17513 0.226
-1.1756 0.227
-1.17637 0.228
-1.17791 0.229
-1.18097 0.23
-1.18711 0.231
-1.19018 0.232
-1.19171 0.233
-1.19248 0.234
-1.19296 0.235
-1.19334 0.236
-1.19382 0.237
-1.19459 0.238
-1.19612 0.239
-1.19919 0.24
-1.20533 0.241
-1.20839 0.242
-1.20993 0.243
-1.21069 0.244
-1.21117 0.245
-1.21156 0.246
-1.21204 0.247
-1.2128 0.248
-1.21434 0.249
-1.21741 0.25
-1.22354 0.251
-1.22661 0.252
-1.22814 0.253
-1.22891 0.254
-1.22939 0.255
-1.22977 0.256
-1.23025 0.257
-1.23102 0.258
-1.23255 0.259
-1.23562 0.26
-1.24176 0.261
-1.24483 0.262
-1.24636 0.263
-1.24713 0.264
-1.24756 0.265
-1.24785 0.266
-1.24813 0.267
-1.24852 0.268
-1.24928 0.269
-1.25082 0.27
-1.25389 0.271
-1.25542 0.272
-1.25619 0.273
-1.25657 0.274
-1.25676 0.275
-1.25686 0.276
-1.25691 0.277
-1.25691 0.278
-1.25691 0.279
-1.25691 0.28
-1.25691 0.281
-1.25691 0.282
-1.25691 0.283
-1.25691 0.284
-1.25691 0.285
-1.25691 0.286
-1.25691 0.287
-1.25691 0.288
-1.25691 0.289
-1.25691 0.29
-1.25691 0.291
-1.25691 0.292
-1.25691 0.293
-1.25691 0.294
-1.25691 0.295
-1.25691 0.296
-1.25691 0.297
-1.25691 0.298
-1.25691 0.299
-1.25691 0.3
-1.25691 0.301
-1.25691 0.302
-1.25691 0.303
-1.25691 0.304
-1.25691 0.305
-1.25691 0.306
-1.25691 0.307
-1.25691 0.308
-1.25691 0.309
-1.25691 0.31
-1.25691 0.311
-1.25691 0.312
-1.25691 0.313
-1.25691 0.314
-1.25691 0.315
-1.25691 0.316
-1.25691 0.317
-1.25691 0.318
-1.25691 0.319
-1.25691 0.32
-1.25691 0.321
-1.25691 0.322
-1.25691 0.323
-1.25691 0.324
-1.25691 0.325
-1.25691 0.326
-1.25691 0.327
-1.25691 0.328
-1.25691 0.329
-1.25691 0.33
-1.25691 0.331
-1.25691 0.332
-1.25691 0.333
-1.25691 0.334
-1.25691 0.335
-1.25691 0.336
-1.25691 0.337
-1.25691 0.338
-1.25691 0.339
-1.25691 0.34
-1.25691 0.341
-1.25691 0.342
-1.25691 0.343
-1.25691 0.344
-1.25691 0.345
-1.25691 0.346
-1.25691 0.347
-1.25691 0.348
-1.25691 0.349
-1.25691 0.35
-1.25691 0.351
-1.25691 0.352
-1.25691 0.353
-1.25691 0.354
-1.25691 0.355
-1.25691 0.356
-1.25691 0.357
-1.25691 0.358
-1.25691 0.359
-1.25691 0.36
-1.25691 0.361
-1.25691 0.362
-1.25691 0.363
-1.25691 0.364
-1.25691 0.365
-1.25691 0.366
-1.25691 0.367
-1.25691 0.368
-1.25691 0.369
-1.25691 0.37
-1.25691 0.371
-1.25691 0.372
-1.25691 0.373
-1.25691 0.374
-1.25691 0.375
-1.25691 0.376
-1.25691 0.377
-1.25691 0.378
-1.25691 0.379
-1.25691 0.38
-1.25691 0.381
-1.25691 0.382
-1.25691 0.383
-1.25691 0.384
-1.25691 0.385
-1.25691 0.386
-1.25691 0.387
-1.25691 0.388
-1.25691 0.389
-1.25691 0.39
-1.25691 0.391
-1.25691 0.392
-1.25691 0.393
-1.25691 0.394
-1.25691 0.395
-1.25691 0.396
-1.25691 0.397
-1.25691 0.398
-1.25691 0.399
-1.25691 0.4
-1.25691 0.401
-1.25691 0.402
-1.25691 0.403
-1.25691 0.404
-1.25691 0.405
-1.25691 0.406
-1.25691 0.407
-1.25691 0.408
-1.25691 0.409
-1.25691 0.41
-1.25691 0.411
-1.25691 0.412
-1.25691 0.413
-1.25691 0.414
-1.25691 0.415
-1.25691 0.416
-1.25691 0.417
-1.25691 0.418
-1.25691 0.419
-1.25691 0.42
-1.25691 0.421
-1.25691 0.422
-1.25691 0.423
-1.25691 0.424
-1.25691 0.425
-1.25691 0.426
-1.25691 0.427
-1.25691 0.428
-1.25691 0.429
-1.25691 0.43
-1.25691 0.431
-1.25691 0.432
-1.25691 0.433
-1.25691 0.434
-1.25691 0.435
-1.25691 0.436
-1.25691 0.437
-1.25691 0.438
-1.25691 0.439
-1.25691 0.44
-1.25691 0.441
-1.25691 0.442
-1.25691 0.443
-1.25691 0.444
-1.25691 0.445
-1.25691 0.446
-1.25691 0.447
-1.25691 0.448
-1.25691 0.449
-1.25691 0.45
-1.25691 0.451
-1.25691 0.452
-1.25691 0.453
-1.25691 0.454
-1.25691 0.455
-1.25691 0.456
-1.25691 0.457
-1.25691 0.458
-1.25691 0.459
-1.25691 0.46
-1.25691 0.461
-1.25691 0.462
-1.25691 0.463
-1.25691 0.464
-1.25691 0.465
-1.25691 0.466
-1.25691 0.467
-1.25691 0.468
-1.25691 0.469
-1.25691 0.47
-1.25691 0.471
-1.25691 0.472
-1.25691 0.473
-1.25691 0.474
-1.25691 0.475
-1.25691 0.476
-1.25691 0.477
-1.25691 0.478
-1.25691 0.479
-1.25691 0.48
-1.25691 0.481
-1.25691 0.482
-1.25691 0.483
-1.25691 0.484
-1.25691 0.485
-1.25691 0.486
-1.25691 0.487
-1.25691 0.488
-1.25691 0.489
-1.25691 0.49
-1.25691 0.491
-1.25691 0.492
-1.25691 0.493
-1.25691 0.494
-1.25691 0.495
-1.25691 0.496
-1.25691 0.497
-1.25691 0.498
-1.25691 0.499
-1.25691 0.5
-1.25691 0.501
-1.25691 0.502
-1.25691 0.503
-1.25691 0.504
-1.25691 0.505
-1.25691 0.506
-1.25691 0.507
-1.25691 0.508
-1.25691 0.509
-1.25691 0.51
-1.25691 0.511
-1.25691 0.512
-1.25691 0.513
-1.25691 0.514
-1.25691 0.515
-1.25691 0.516
-1.25691 0.517
-1.25691 0.518
-1.25691 0.519
-1.25691 0.52
-1.25691 0.521
-1.25691 0.522
-1.25691 0.523
-1.25691 0.524
-1.25691 0.525
-1.25691 0.526
-1.25691 0.527
-1.25691 0.528
-1.25691 0.529
-1.25691 0.53
-1.25691 0.531
-1.25691 0.532
-1.25691 0.533
-1.25691 0.534
-1.25691 0.535
-1.25691 0.536
-1.25691 0.537
-1.25691 0.538
-1.25691 0.539
-1.25691 0.54
-1.25691 0.541
-1.25691 0.542
-1.25691 0.543
-1.25691 0.544
-1.25691 0.545
-1.25691 0.546
-1.25691 0.547
-1.25691 0.548
-1.25691 0.549
-1.25691 0.55
-1.25691 0.551
-1.25691 0.552
-1.25691 0.553
-1.25691 0.554
-1.25691 0.555
-1.25691 0.556
-1.25691 0.557
-1.25691 0.558
-1.25691 0.559
-1.25691 0.56
-1.25691 0.561
-1.25691 0.562
-1.25691 0.563
-1.25691 0.564
-1.25691 0.565
-1.25691 0.566
-1.25691 0.567
-1.25691 0.568
-1.25691 0.569
-1.25691 0.57
-1.25691 0.571
-1.25691 0.572
-1.25691 0.573
-1.25691 0.574
-1.25691 0.575
-1.25691 0.576
-1.25691 0.577
-1.25691 0.578
-1.25691 0.579
-1.25691 0.58
-1.25691 0.581
-1.25691 0.582
-1.25691 0.583
-1.25691 0.584
-1.25691 0.585
-1.25691 0.586
-1.25691 0.587
-1.25691 0.588
-1.25691 0.589
-1.25691 0.59
-1.25691 0.591
-1.25691 0.592
-1.25691 0.593
-1.25691 0.594
-1.25691 0.595
-1.25691 0.596
-1.25691 0.597
-1.25691 0.598
-1.25691 0.599
-1.25691 0.6
-1.25691 0.601
-1.25691 0.602
-1.25691 0.603
-1.25691 0.604
-1.25691 0.605
-1.25691 0.606
-1.25691 0.607
-1.25691 0.608
-1.25691 0.609
-1.25691 0.61
-1.25691 0.611
-1.25691 0.612
-1.25691 0.613
-1.25691 0.614
-1.25691 0.615
-1.25691 0.616
-1.25691 0.617
-1.25691 0.618
-1.25691 0.619
-1.25691 0.62
-1.25691 0.621
-1.25691 0.622
-1.25691 0.623
-1.25691 0.624
-1.25691 0.625
-1.25691 0.626
-1.25691 0.627
-1.25691 0.628
-1.25691 0.629
-1.25691 0.63
-1.25691 0.631
-1.25691 0.632
-1.25691 0.633
-1.25691 0.634
-1.25691 0.635
-1.25691 0.636
-1.25691 0.637
-1.25691 0.638
-1.25691 0.639
-1.25691 0.64
-1.25691 0.641
-1.25691 0.642
-1.25691 0.643
-1.25691 0.644
-1.25691 0.645
-1.25691 0.646
-1.25691 0.647
-1.25691 0.648
-1.25691 0.649
-1.25691 0.65
-1.25691 0.651
-1.25691 0.652
-1.25691 0.653
-1.25691 0.654
-1.25691 0.655
-1.25691 0.656
-1.25691 0.657
-1.25691 0.658
-1.25691 0.659
-1.25691 0.66
-1.25691 0.661
-1.25691 0.662
-1.25691 0.663
-1.25691 0.664
-1.25691 0.665
-1.25691 0.666
-1.25691 0.667
-1.25691 0.668
-1.25691 0.669
-1.25691 0.67
-1.25691 0.671
-1.25691 0.672
-1.25691 0.673
-1.25691 0.674
-1.25691 0.675
-1.25691 0.676
-1.25691 0.677
-1.25691 0.678
-1.25691 0.679
-1.25691 0.68
-1.25691 0.681
-1.25691 0.682
-1.25691 0.683
-1.25691 0.684
-1.25691 0.685
-1.25691 0.686
-1.25691 0.687
-1.25691 0.688
-1.25691 0.689
-1.25691 0.69
-1.25691 0.691
-1.25691 0.692
-1.25691 0.693
-1.25691 0.694
-1.25691 0.695
-1.25691 0.696
-1.25691 0.697
-1.25691 0.698
-1.25691 0.699
-1.25691 0.7
-1.25691 0.701
-1.25691 0.702
-1.25691 0.703
-1.25691 0.704
-1.25691 0.705
-1.25691 0.706
-1.25691 0.707
-1.25691 0.708
-1.25691 0.709
-1.25691 0.71
-1.25691 0.711
-1.25691 0.712
-1.25691 0.713
-1.25691 0.714
-1.25691 0.715
-1.25691 0.716
-1.25691 0.717
-1.25691 0.718
-1.25691 0.719
-1.25691 0.72
-1.25691 0.721
-1.25691 0.722
-1.25691 0.723
-1.25691 0.724
-1.25691 0.725
-1.25691 0.726
-1.25691 0.727
-1.25691 0.728
-1.25691 0.729
-1.25691 0.73
-1.25691 0.731
-1.25691 0.732
-1.25691 0.733
-1.25691 0.734
-1.25691 0.735
-1.25691 0.736
-1.25691 0.737
-1.25691 0.738
-1.25691 0.739
-1.25691 0.74
-1.25691 0.741
-1.25691 0.742
-1.25691 0.743
-1.25691 0.744
-1.25691 0.745
-1.25691 0.746
-1.25691 0.747
-1.25691 0.748
-1.25691 0.749
-1.25691 0.75
-1.25691 0.751
-1.25691 0.752
-1.25691 0.753
-1.25691 0.754
-1.25691 0.755
-1.25691 0.756
-1.25691 0.757
-1.25691 0.758
-1.25691 0.759
-1.25691 0.76
-1.25691 0.761
-1.25691 0.762
-1.25691 0.763
-1.25691 0.764
-1.25691 0.765
-1.25691 0.766
-1.25691 0.767
-1.25691 0.768
-1.25691 0.769
-1.25691 0.77
-1.25691 0.771
-1.25691 0.772
-1.25691 0.773
-1.25691 0.774
-1.25691 0.775
-1.25691 0.776
-1.25691 0.777
-1.25691 0.778
-1.25691 0.779
-1.25691 0.78
-1.25691 0.781
-1.25691 0.782
-1.25691 0.783
-1.25691 0.784
-1.25691 0.785
-1.25691 0.786
-1.25691 0.787
-1.25691 0.788
-1.25691 0.789
-1.25691 0.79
-1.25691 0.791
-1.25691 0.792
-1.25691 0.793
-1.25691 0.794
-1.25691 0.795
-1.25691 0.796
-1.25691 0.797
-1.25691 0.798
-1.25691 0.799
-1.25691 0.8
-1.25691 0.801
-1.25691 0.802
-1.25691 0.803
-1.25691 0.804
-1.25691 0.805
-1.25691 0.806
-1.25691 0.807
-1.25691 0.808
-1.25691 0.809
-1.25691 0.81
-1.25691 0.811
-1.25691 0.812
-1.25691 0.813
-1.25691 0.814
-1.25691 0.815
-1.25691 0.816
-1.25691 0.817
-1.25691 0.818
-1.25691 0.819
-1.25691 0.82
-1.25691 0.821
-1.25691 0.822
-1.25691 0.823
-1.25691 0.824
-1.25691 0.825
-1.25691 0.826
-1.25691 0.827
-1.25691 0.828
-1.25691 0.829
-1.25691 0.83
-1.25691 0.831
-1.25691 0.832
-1.25691 0.833
-1.25691 0.834
-1.25691 0.835
-1.25691 0.836
-1.25691 0.837
-1.25691 0.838
-1.25691 0.839
-1.25691 0.84
-1.25691 0.841
-1.25691 0.842
-1.25691 0.843
-1.25691 0.844
-1.25691 0.845
-1.25691 0.846
-1.25691 0.847
-1.25691 0.848
-1.25691 0.849
-1.25691 0.85
-1.25691 0.851
-1.25691 0.852
-1.25691 0.853
-1.25691 0.854
-1.25691 0.855
-1.25691 0.856
-1.25691 0.857
-1.25691 0.858
-1.25691 0.859
-1.25691 0.86
-1.25691 0.861
-1.25691 0.862
-1.25691 0.863
-1.25691 0.864
-1.25691 0.865
-1.25691 0.866
-1.25691 0.867
-1.25691 0.868
-1.25691 0.869
-1.25691 0.87
-1.25691 0.871
-1.25691 0.872
-1.25691 0.873
-1.25691 0.874
-1.25691 0.875
-1.25691 0.876
-1.25691 0.877
-1.25691 0.878
-1.25691 0.879
-1.25691 0.88
-1.25691 0.881
-1.25691 0.882
-1.25691 0.883
-1.25691 0.884
-1.25691 0.885
-1.25691 0.886
-1.25691 0.887
-1.25691 0.888
-1.25691 0.889
-1.25691 0.89
-1.25691 0.891
-1.25691 0.892
-1.25691 0.893
-1.25691 0.894
-1.25691 0.895
-1.25691 0.896
-1.25691 0.897
-1.25691 0.898
-1.25691 0.899
-1.25691 0.9
-1.25691 0.901
-1.25691 0.902
-1.25691 0.903
-1.25691 0.904
-1.25691 0.905
-1.25691 0.906
-1.25691 0.907
-1.25691 0.908
-1.25691 0.909
-1.25691 0.91
-1.25691 0.911
-1.25691 0.912
-1.25691 0.913
-1.25691 0.914
-1.25691 0.915
-1.25691 0.916
-1.25691 0.917
-1.25691 0.918
-1.25691 0.919
-1.25691 0.92
-1.25691 0.921
-1.25691 0.922
-1.25691 0.923
-1.25691 0.924
-1.25691 0.925
-1.25691 0.926
-1.25691 0.927
-1.25691 0.928
-1.25691 0.929
-1.25691 0.93
-1.25691 0.931
-1.25691 0.932
-1.25691 0.933
-1.25691 0.934
-1.25691 0.935
-1.25691 0.936
-1.25691 0.937
-1.25691 0.938
-1.25691 0.939
-1.25691 0.94
-1.25691 0.941
-1.25691 0.942
-1.25691 0.943
-1.25691 0.944
-1.25691 0.945
-1.25691 0.946
-1.25691 0.947
-1.25691 0.948
-1.25691 0.949
-1.25691 0.95
-1.25691 0.951
-1.25691 0.952
-1.25691 0.953
-1.25691 0.954
-1.25691 0.955
-1.25691 0.956
-1.25691 0.957
-1.25691 0.958
-1.25691 0.959
-1.25691 0.96
-1.25691 0.961
-1.25691 0.962
-1.25691 0.963
-1.25691 0.964
-1.25691 0.965
-1.25691 0.966
-1.25691 0.967
-1.25691 0.968
-1.25691 0.969
-1.25691 0.97
-1.25691 0.971
-1.25691 0.972
-1.25691 0.973
-1.25691 0.974
-1.25691 0.975
-1.25691 0.976
-1.25691 0.977
-1.25691 0.978
-1.25691 0.979
-1.25691 0.98
-1.25691 0.981
-1.25691 0.982
-1.25691 0.983
-1.25691 0.984
-1.25691 0.985
-1.25691 0.986
-1.25691 0.987
-1.25691 0.988
-1.25691 0.989
-1.25691 0.99
-1.25691 0.991
-1.25691 0.992
-1.25696 0.993
-1.25704 0.994
-1.25718 0.995
-1.25746 0.996
-1.25803 0.997
-1.25917 0.998
-1.26144 0.999
-1.26038 1


Shark
3.14159 1.5
3.13759 1.4995
3.13359 1.499
3.12959 1.4985
3.12559 1.498
3.12159 1.4975
3.11759 1.497
3.11359 1.4965
3.10959 1.496
3.10559 1.4955
3.10159 1.495
3.09759 1.4945
3.09359 1.494
3.08959 1.4935
3.08559 1.493
3.08159 1.4925
3.07759 1.492
3.07359 1.4915
3.06959 1.491
3.06559 1.4905
3.06159 1.49
3.05759 1.4895
3.05359 1.489
3.04959 1.4885
3.04559 1.488
3.04159 1.4875
3.03759 1.487
3.03359 1.4865
3.02959 1.486
3.02559 1.4855
3.02159 1.485
3.01759 1.4845
3.01359 1.484
3.00959 1.4835
3.00559 1.483
3.00159 1.4825
2.99759 1.482
2.99359 1.4815
2.98959 1.481
2.98559 1.4805
2.98159 1.48
2.97759 1.4795
2.97359 1.479
2.96959 1.4785
2.96559 1.478
2.96159 1.4775
2.95759 1.477
2.95359 1.4765
2.94959 1.476
2.94559 1.4755
2.94159 1.475
2.93759 1.4745
2.93359 1.474
2.92959 1.4735
2.92559 1.473
2.92159 1.4725
2.91759 1.472
2.91359 1.4715
2.90959 1.471
2.90559 1.4705
2.90159 1.47
2.89759 1.4695
2.89359 1.469
2.88959 1.4685
2.88559 1.468
2.88159 1.4675
2.87759 1.467
2.87359 1.4665
2.86959 1.466
2.86559 1.4655
2.86159 1.465
2.85759 1.4645
2.85359 1.464
2.84959 1.4635
2.84559 1.463
2.84159 1.4625
2.83759 1.462
2.83359 1.4615
2.82959 1.461
2.82559 1.4605
2.82159 1.46
2.81759 1.4595
2.81359 1.459
2.80959 1.4585
2.80559 1.458
2.80159 1.4575
2.79759 1.457
2.79359 1.4565
2.78959 1.456
2.78559 1.4555
2.78144 1.455
2.77687 1.4545
2.77085 1.454
2.76093 1.4535
2.74214 1.453
2.70484 1.4525
2.62984 1.452
2.59175 1.4515
2.5722 1.451
2.56173 1.4505
2.55542 1.45
2.55072 1.4495
2.54653 1.449
2.54253 1.4485
2.53853 1.448
2.53453 1.4475
2.53053 1.447
2.52652 1.4465
2.52246 1.446
2.51825 1.4455
2.51343 1.445
2.50669 1.4445
2.49503 1.444
2.48821 1.4435
2.48334 1.443
2.4791 1.4425
2.47504 1.442
2.47102 1.4415
2.46702 1.441
2.46302 1.4405
2.45902 1.44
2.45502 1.4395
2.45102 1.439
2.44702 1.4385
2.44302 1.438
2.43902 1.4375
2.43502 1.437
2.43102 1.4365
2.42702 1.436
2.42302 1.4355
2.41902 1.435
2.41502 1.4345
2.41102 1.434
2.40702 1.4335
2.403 1.433
2.39891 1.4325
2.39458 1.432
2.38936 1.4315
2.38147 1.431
2.3672 1.4305
2.33931 1.43
2.32453 1.4295
2.31575 1.429
2.30916 1.4285
2.30253 1.428
2.29773 1.4275
2.29351 1.427
2.28948 1.4265
2.28548 1.426
2.28147 1.4255
2.27746 1.425
2.27344 1.4245
2.26933 1.424
2.26494 1.4235
2.25936 1.423
2.25058 1.4225
2.23434 1.422
2.22481 1.4215
2.21777 1.421
2.21069 1.4205
2.19548 1.42
2.18708 1.4195
2.18162 1.419
2.17726 1.4185
2.17312 1.418
2.16903 1.4175
2.16491 1.417
2.16062 1.4165
2.15557 1.416
2.14819 1.4155
2.13509 1.415
2.12764 1.4145
2.12255 1.414
2.11824 1.4135
2.11414 1.413
2.11008 1.4125
2.10601 1.412
2.10187 1.4115
2.09731 1.411
2.09138 1.4105
2.08164 1.41
2.07557 1.4095
2.07085 1.409
2.06651 1.4085
2.06217 1.408
2.05735 1.4075
2.05096 1.407
2.04604 1.4065
2.04143 1.406
2.03649 1.4055
2.03014 1.405
2.01983 1.4045
2.0136 1.404
2.00896 1.4035
2.00479 1.403
2.00072 1.4025
1.99667 1.402
1.9926 1.4015
1.98842 1.401
1.98374 1.4005
1.97742 1.4
1.96679 1.3995
1.96043 1.399
1.95572 1.3985
1.95153 1.398
1.94746 1.3975
1.94343 1.397
1.93938 1.3965
1.93526 1.396
1.93083 1.3955
1.92527 1.395
1.91655 1.3945
1.91097 1.394
1.90652 1.3935
1.9024 1.393
1.89836 1.3925
1.89433 1.392
1.89031 1.3915
1.88625 1.391
1.88203 1.3905
1.87721 1.39
1.87048 1.3895
1.86565 1.389
1.86142 1.3885
1.85736 1.388
1.85334 1.3875
1.84932 1.387
1.8453 1.3865
1.84124 1.386
1.837 1.3855
1.83211 1.385
1.82518 1.3845
1.82027 1.384
1.81603 1.3835
1.81196 1.383
1.80794 1.3825
1.80392 1.382
1.7999 1.3815
1.79583 1.381
1.79157 1.3805
1.78661 1.38
1.77948 1.3795
1.7745 1.379
1.77023 1.3785
1.76616 1.378
1.76213 1.3775
1.75812 1.377
1.75409 1.3765
1.75002 1.376
1.74574 1.3755
1.7407 1.375
1.73336 1.3745
1.72831 1.374
1.72402 1.3735
1.71995 1.373
1.71592 1.3725
1.7119 1.372
1.70787 1.3715
1.70379 1.371
1.69949 1.3705
1.69438 1.37
1.68683 1.3695
1.68171 1.369
1.67739 1.3685
1.67331 1.368
1.66929 1.3675
1.66527 1.367
1.66126 1.3665
1.65724 1.366
1.65316 1.3655
1.64883 1.365
1.64363 1.3645
1.6393 1.364
1.63521 1.3635
1.63119 1.363
1.62718 1.3625
1.62318 1.362
1.61918 1.3615
1.61518 1.361
1.61118 1.3605
1.60718 1.36
1.60318 1.3595
1.59918 1.359
1.59518 1.3585
1.59118 1.358
1.58718 1.3575
1.58318 1.357
1.57918 1.3565
1.57518 1.356
1.57118 1.3555
1.56718 1.355
1.56318 1.3545
1.55918 1.354
1.55518 1.3535
1.55118 1.353
1.54718 1.3525
1.54318 1.352
1.53918 1.3515
1.53518 1.351
1.53118 1.3505
1.52718 1.35
1.52318 1.3495
1.51918 1.349
1.51518 1.3485
1.51118 1.348
1.50718 1.3475
1.50318 1.347
1.49918 1.3465
1.49518 1.346
1.49118 1.3455
1.48718 1.345
1.48318 1.3445
1.47918 1.344
1.47518 1.3435
1.47118 1.343
1.46718 1.3425
1.46318 1.342
1.45918 1.3415
1.45518 1.341
1.45118 1.3405
1.44718 1.34
1.44318 1.3395
1.43918 1.339
1.43518 1.3385
1.43118 1.338
1.42718 1.3375
1.42318 1.337
1.41918 1.3365
1.41518 1.336
1.41118 1.3355
1.40718 1.335
1.40318 1.3345
1.39918 1.334
1.39518 1.3335
1.39118 1.333
1.38718 1.3325
1.38318 1.332
1.37918 1.3315
1.37518 1.331
1.37118 1.3305
1.36718 1.33
1.36318 1.3295
1.35918 1.329
1.35518 1.3285
1.35118 1.328
1.34718 1.3275
1.34318 1.327
1.33918 1.3265
1.33518 1.326
1.33118 1.3255
1.32718 1.325
1.32318 1.3245
1.31918 1.324
1.31518 1.3235
1.31118 1.323
1.30718 1.3225
1.30318 1.322
1.29918 1.3215
1.29518 1.321
1.29118 1.3205
1.28718 1.32
1.28318 1.3195
1.27918 1.319
1.27518 1.3185
1.27118 1.318
1.26718 1.3175
1.26318 1.317
1.25918 1.3165
1.25518 1.316
1.25118 1.3155
1.24718 1.315
1.24318 1.3145
1.23918 1.314
1.23518 1.3135
1.23118 1.313
1.22718 1.3125
1.22318 1.312
1.21918 1.3115
1.21518 1.311
1.21118 1.3105
1.20718 1.31
1.20318 1.3095
1.19918 1.309
1.19518 1.3085
1.19118 1.308
1.18718 1.3075
1.18318 1.307
1.17918 1.3065
1.17518 1.306
1.17118 1.3055
1.16718 1.305
1.16318 1.3045
1.15918 1.304
1.15518 1.3035
1.15118 1.303
1.14718 1.3025
1.14318 1.302
1.13918 1.3015
1.13518 1.301
1.13118 1.3005
1.12718 1.3
1.12318 1.2995
1.11918 1.299
1.11518 1.2985
1.11118 1.298
1.10718 1.2975
1.10318 1.297
1.09918 1.2965
1.09518 1.296
1.09118 1.2955
1.08718 1.295
1.08318 1.2945
1.07918 1.294
1.07518 1.2935
1.07118 1.293
1.06718 1.2925
1.06318 1.292
1.05918 1.2915
1.05518 1.291
1.05118 1.2905
1.04718 1.29
1.04318 1.2895
1.03918 1.289
1.03518 1.2885
1.03118 1.288
1.02718 1.2875
1.02318 1.287
1.01918 1.2865
1.01518 1.286
1.01118 1.2855
1.00718 1.285
1.00318 1.2845
0.999183 1.284
0.995183 1.2835
0.991183 1.283
0.987183 1.2825
0.983183 1.282
0.979183 1.2815
0.975183 1.281
0.971183 1.2805
0.967183 1.28
0.963183 1.2795
0.959183 1.279
0.955183 1.2785
0.951183 1.278
0.947183 1.2775
0.943183 1.277
0.939183 1.2765
0.935183 1.276
0.931183 1.2755
0.927183 1.275
0.923183 1.2745
0.919183 1.274
0.915183 1.2735
0.911183 1.273
0.907183 1.2725
0.903183 1.272
0.899183 1.2715
0.895183 1.271
0.891183 1.2705
0.887183 1.27
0.883183 1.2695
0.879183 1.269
0.875183 1.2685
0.871183 1.268
0.867183 1.2675
0.863183 1.267
0.859183 1.2665
0.855183 1.266
0.851183 1.2655
0.847183 1.265
0.843183 1.2645
0.839183 1.264
0.835183 1.2635
0.831183 1.263
0.827183 1.2625
0.823183 1.262
0.819183 1.2615
0.815183 1.261
0.811183 1.2605
0.807183 1.26
0.803183 1.2595
0.799183 1.259
0.795183 1.2585
0.791183 1.258
0.787183 1.2575
0.783183 1.257
0.779183 1.2565
0.775183 1.256
0.771183 1.2555
0.767183 1.255
0.763183 1.2545
0.759183 1.254
0.755183 1.2535
0.751183 1.253
0.747183 1.2525
0.743183 1.252
0.739183 1.2515
0.735183 1.251
0.731183 1.2505
0.727183 1.25
0.723183 1.2495
0.719183 1.249
0.715183 1.2485
0.711183 1.248
0.707183 1.2475
0.703183 1.247
0.699183 1.2465
0.695183 1.246
0.691183 1.2455
0.687183 1.245
0.683183 1.2445
0.679183 1.244
0.675183 1.2435
0.671183 1.243
0.667183 1.2425
0.663183 1.242
0.659183 1.2415
0.655183 1.241
0.651183 1.2405
0.647183 1.24
0.643183 1.2395
0.639183 1.239
0.635183 1.2385
0.631183 1.238
0.627183 1.2375
0.623183 1.237
0.619183 1.2365
0.615183 1.236
0.611183 1.2355
0.607183 1.235
0.603183 1.2345
0.599183 1.234
0.595183 1.2335
0.591183 1.233
0.587183 1.2325
0.583183 1.232
0.579183 1.2315
0.575183 1.231
0.571183 1.2305
0.567183 1.23
0.563183 1.2295
0.559183 1.229
0.555183 1.2285
0.551183 1.228
0.547183 1.2275
0.543183 1.227
0.539183 1.2265
0.535183 1.226
0.531183 1.2255
0.527183 1.225
0.523183 1.2245
0.519183 1.224
0.515183 1.2235
0.511183 1.223
0.507183 1.2225
0.503183 1.222
0.499183 1.2215
0.495183 1.221
0.491183 1.2205
0.487183 1.22
0.483183 1.2195
0.479183 1.219
0.475183 1.2185
0.471183 1.218
0.467183 1.2175
0.463183 1.217
0.459183 1.2165
0.455183 1.216
0.451183 1.2155
0.447183 1.215
0.443183 1.2145
0.439183 1.214
0.435183 1.2135
0.431183 1.213
0.427183 1.2125
0.423183 1.212
0.419183 1.2115
0.415183 1.211
0.411183 1.2105
0.407183 1.21
0.403183 1.2095
0.399183 1.209
0.395183 1.2085
0.391183 1.208
0.387183 1.2075
0.383183 1.207
0.379183 1.2065
0.375183 1.206
0.371183 1.2055
0.367183 1.205
0.363183 1.2045
0.359183 1.204
0.355183 1.2035
0.351183 1.203
0.347183 1.2025
0.343183 1.202
0.339183 1.2015
0.335183 1.201
0.331183 1.2005
0.327183 1.2
0.323183 1.1995
0.319183 1.199
0.315183 1.1985
0.311183 1.198
0.307183 1.1975
0.303183 1.197
0.299183 1.1965
0.295183 1.196
0.291183 1.1955
0.287183 1.195
0.283183 1.1945
0.279183 1.194
0.275183 1.1935
0.271183 1.193
0.267183 1.1925
0.263183 1.192
0.259183 1.1915
0.255183 1.191
0.251183 1.1905
0.247183 1.19
0.243183 1.1895
0.239183 1.189
0.235183 1.1885
0.231183 1.188
0.227183 1.1875
0.223183 1.187
0.219183 1.1865
0.215183 1.186
0.211183 1.1855
0.207183 1.185
0.203183 1.1845
0.199183 1.184
0.195183 1.1835
0.191183 1.183
0.187183 1.1825
0.183183 1.182
0.179183 1.1815
0.175183 1.181
0.171183 1.1805
0.167183 1.18
0.163183 1.1795
0.159183 1.179
0.155183 1.1785
0.151183 1.178
0.147183 1.1775
0.143183 1.177
0.139183 1.1765
0.135183 1.176
0.131183 1.1755
0.127183 1.175
0.123183 1.1745
0.119183 1.174
0.115183 1.1735
0.111183 1.173
0.107183 1.1725
0.103183 1.172
0.099183 1.1715
0.095183 1.171
0.091183 1.1705
0.087183 1.17
0.083183 1.1695
0.079183 1.169
0.075183 1.1685
0.071183 1.168
0.067183 1.1675
0.063183 1.167
0.059183 1.1665
0.055183 1.166
0.051183 1.1655
0.047183 1.165
0.043183 1.1645
0.039183 1.164
0.035183 1.1635
0.031183 1.163
0.027183 1.1625
0.023183 1.162
0.019183 1.1615
0.015183 1.161
0.011183 1.1605
0.00718302 1.16
0.00318302 1.1595
-0.000816979 1.159
-0.00481698 1.1585
-0.00881698 1.158
-0.012817 1.1575
-0.016817 1.157
-0.020817 1.1565
-0.024817 1.156
-0.028817 1.1555
-0.032817 1.155
-0.036817 1.1545
-0.040817 1.154
-0.044817 1.1535
-0.048817 1.153
-0.052817 1.1525
-0.056817 1.152
-0.060817 1.1515
-0.064817 1.151
-0.068817 1.1505
-0.072817 1.15
-0.076817 1.1495
-0.080817 1.149
-0.084817 1.1485
-0.088817 1.148
-0.092817 1.1475
-0.096817 1.147
-0.100817 1.1465
-0.104817 1.146
-0.108817 1.1455
-0.112817 1.145
-0.116817 1.1445
-0.120817 1.144
-0.124817 1.1435
-0.128817 1.143
-0.132817 1.1425
-0.136817 1.142
-0.140817 1.1415
-0.144817 1.141
-0.148817 1.1405
-0.152817 1.14
-0.156817 1.1395
-0.160817 1.139
-0.164817 1.1385
-0.168817 1.138
-0.172817 1.1375
-0.176817 1.137
-0.180817 1.1365
-0.184817 1.136
-0.188817 1.1355
-0.192817 1.135
-0.196817 1.1345
-0.200817 1.134
-0.204817 1.1335
-0.208817 1.133
-0.212817 1.1325
-0.216817 1.132
-0.220817 1.1315
-0.224817 1.131
-0.228817 1.1305
-0.232817 1.13
-0.236817 1.1295
-0.240817 1.129
-0.244817 1.1285
-0.248817 1.128
-0.252817 1.1275
-0.256817 1.127
-0.260817 1.1265
-0.264817 1.126
-0.268817 1.1255
-0.272817 1.125
-0.276817 1.1245
-0.280817 1.124
-0.284817 1.1235
-0.288817 1.123
-0.292817 1.1225
-0.296817 1.122
-0.300817 1.1215
-0.304817 1.121
-0.308817 1.1205
-0.312817 1.12
-0.316817 1.1195
-0.320817 1.119
-0.324817 1.1185
-0.328817 1.118
-0.332817 1.1175
-0.336817 1.117
-0.340817 1.1165
-0.344817 1.116
-0.348817 1.1155
-0.352817 1.115
-0.356817 1.1145
-0.360817 1.114
-0.364817 1.1135
-0.368817 1.113
-0.372817 1.1125
-0.376817 1.112
-0.380817 1.1115
-0.384817 1.111
-0.388817 1.1105
-0.392817 1.11
-0.396817 1.1095
-0.400817 1.109
-0.404817 1.1085
-0.408817 1.108
-0.412817 1.1075
-0.416817 1.107
-0.420817 1.1065
-0.424817 1.106
-0.428817 1.1055
-0.432817 1.105
-0.436817 1.1045
-0.440817 1.104
-0.444817 1.1035
-0.448817 1.103
-0.452817 1.1025
-0.456817 1.102
-0.460817 1.1015
-0.464817 1.101
-0.468817 1.1005
-0.472817 1.1
-0.476817 1.0995
-0.480817 1.099
-0.484817 1.0985
-0.488817 1.098
-0.492817 1.0975
-0.496817 1.097
-0.500817 1.0965
-0.504817 1.096
-0.508817 1.0955
-0.512817 1.095
-0.516817 1.0945
-0.520817 1.094
-0.524817 1.0935
-0.528817 1.093
-0.532817 1.0925
-0.536817 1.092
-0.540817 1.0915
-0.544817 1.091
-0.548817 1.0905
-0.552817 1.09
-0.556817 1.0895
-0.560817 1.089
-0.564817 1.0885
-0.568817 1.088
-0.572817 1.0875
-0.576817 1.087
-0.580817 1.0865
-0.584817 1.086
-0.588817 1.0855
-0.592817 1.085
-0.596817 1.0845
-0.600817 1.084
-0.604817 1.0835
-0.608817 1.083
-0.612817 1.0825
-0.616817 1.082
-0.620817 1.0815
-0.624817 1.081
-0.628817 1.0805
-0.632817 1.08
-0.636817 1.0795
-0.640817 1.079
-0.644817 1.0785
-0.648817 1.078
-0.652817 1.0775
-0.656817 1.077
-0.660817 1.0765
-0.664817 1.076
-0.668817 1.0755
-0.672817 1.075
-0.676817 1.0745
-0.680817 1.074
-0.684817 1.0735
-0.688817 1.073
-0.692817 1.0725
-0.696817 1.072
-0.700817 1.0715
-0.704817 1.071
-0.708817 1.0705
-0.712817 1.07
-0.716817 1.0695
-0.720817 1.069
-0.724817 1.0685
-0.728817 1.068
-0.732817 1.0675
-0.736817 1.067
-0.740817 1.0665
-0.744817 1.066
-0.748817 1.0655
-0.752817 1.065
-0.756817 1.0645
-0.760817 1.064
-0.764817 1.0635
-0.768817 1.063
-0.772817 1.0625
-0.776817 1.062
-0.780817 1.0615
-0.784817 1.061
-0.788817 1.0605
-0.792817 1.06
-0.796817 1.0595
-0.800817 1.059
-0.804817 1.0585
-0.808817 1.058
-0.812817 1.0575
-0.816817 1.057
-0.820817 1.0565
-0.824817 1.056
-0.828817 1.0555
-0.832817 1.055
-0.836817 1.0545
-0.840817 1.054
-0.844817 1.0535
-0.848817 1.053
-0.852817 1.0525
-0.856817 1.052
-0.860817 1.0515
-0.864817 1.051
-0.868817 1.0505
-0.872817 1.05
-0.876817 1.0495
-0.880817 1.049
-0.884817 1.0485
-0.888817 1.048
-0.892817 1.0475
-0.896817 1.047
-0.900817 1.0465
-0.904817 1.046
-0.908817 1.0455
-0.912817 1.045
-0.916817 1.0445
-0.920817 1.044
-0.924817 1.0435
-0.928817 1.043
-0.932817 1.0425
-0.936817 1.042
-0.940817 1.0415
-0.944817 1.041
-0.948817 1.0405
-0.952817 1.04
-0.956817 1.0395
-0.960817 1.039
-0.964817 1.0385
-0.968817 1.038
-0.972817 1.0375
-0.976817 1.037
-0.980817 1.0365
-0.984817 1.036
-0.988817 1.0355
-0.992817 1.035
-0.996817 1.0345
-1.00082 1.034
-1.00482 1.0335
-1.00882 1.033
-1.01282 1.0325
-1.01682 1.032
-1.02082 1.0315
-1.02482 1.031
-1.02882 1.0305
-1.03282 1.03
-1.03682 1.0295
-1.04082 1.029
-1.04482 1.0285
-1.04882 1.028
-1.05282 1.0275
-1.05682 1.027
-1.06082 1.0265
-1.06482 1.026
-1.06882 1.0255
-1.07282 1.025
-1.07682 1.0245
-1.08082 1.024
-1.08482 1.0235
-1.08882 1.023
-1.09282 1.0225
-1.09682 1.022
-1.10082 1.0215
-1.10482 1.021
-1.10882 1.0205
-1.11282 1.02
-1.11682 1.0195
-1.12082 1.019
-1.12482 1.0185
-1.12882 1.018
-1.13282 1.0175
-1.13682 1.017
-1.14082 1.0165
-1.14482 1.016
-1.14882 1.0155
-1.15282 1.015
-1.15682 1.0145
-1.16082 1.014
-1.16482 1.0135
-1.16882 1.013
-1.17282 1.0125
-1.17682 1.012
-1.18082 1.0115
-1.18482 1.011
-1.18882 1.0105
-1.19282 1.01
-1.19682 1.0095
-1.20082 1.009
-1.20482 1.0085
-1.20882 1.008
-1.21282 1.0075
-1.21682 1.007
-1.22082 1.0065
-1.22482 1.006
-1.22882 1.0055
-1.23282 1.005
-1.23682 1.0045
-1.24082 1.004
-1.24482 1.0035
-1.24883 1.003
-1.25287 1.0025
-1.25703 1.002
-1.25803 1.0015
-1.25917 1.001
-1.26144 1.0005
-1.26038 1
