Man
0 0
0 0.001
0 0.002
0 0.003
0 0.004
0 0.005
0 0.006
0 0.007
0 0.008
0 0.009
0 0.01
0 0.011
0 0.012
0 0.013
0 0.014
0 0.015
0 0.016
0 0.017
0 0.018
0 0.019
0 0.02
0 0.021
0 0.022
0 0.023
0 0.024
0 0.025
0 0.026
0 0.027
0 0.028
0 0.029
0 0.03
0 0.031
0 0.032
0 0.033
0 0.034
0 0.035
0 0.036
0 0.037
0 0.038
0 0.039
0 0.04
0 0.041
0 0.042
0 0.043
0 0.044
0 0.045
0 0.046
0 0.047
0 0.048
0 0.049
0 0.05
0 0.051
0 0.052
0 0.053
0 0.054
0 0.055
0 0.056
0 0.057
0 0.058
0 0.059
0 0.06
0 0.061
0 0.062
0 0.063
0 0.064
0 0.065
0 0.066
0 0.067
0 0.068
0 0.069
0 0.07
0 0.071
0 0.072
0 0.073
0 0.074
0 0.075
0 0.076
0 0.077
0 0.078
0 0.079
0 0.08
0 0.081
0 0.082
0 0.083
0 0.084
0 0.085
0 0.086
0 0.087
0 0.088
0 0.089
-0.0122718 0.09
-0.0368155 0.091
-0.0859029 0.092
-0.184078 0.093
-0.380427 0.094
-0.478602 0.095
-0.527689 0.096
-0.552233 0.097
-0.564505 0.098
-0.564505 0.099
-0.564505 0.1
-0.564505 0.101
-0.564505 0.102
-0.564505 0.103
-0.564505 0.104
-0.566039 0.105
-0.569107 0.106
-0.575243 0.107
-0.587515 0.108
-0.612058 0.109
-0.62433 0.11
-0.630466 0.111
-0.633534 0.112
-0.635068 0.113
-0.635452 0.114
-0.636219 0.115
-0.637753 0.116
-0.64082 0.117
-0.646956 0.118
-0.650024 0.119
-0.651558 0.12
-0.652325 0.121
-0.652709 0.122
-0.652805 0.123
-0.652996 0.124
-0.65338 0.125
-0.654147 0.126
-0.655681 0.127
-0.656448 0.128
-0.656831 0.129
-0.657023 0.13
-0.657119 0.131
-0.660187 0.132
-0.666323 0.133
-0.678595 0.134
-0.703138 0.135
-0.752226 0.136
-0.77677 0.137
-0.789041 0.138
-0.795177 0.139
-0.798245 0.14
-0.799012 0.141
-0.800546 0.142
-0.803614 0.143
-0.80975 0.144
-0.822022 0.145
-0.828158 0.146
-0.831226 0.147
-0.83276 0.148
-0.833527 0.149
-0.834294 0.15
-0.835828 0.151
-0.839663 0.152
-0.847333 0.153
-0.862672 0.154
-0.874944 0.155
-0.890284 0.156
-0.897954 0.157
-0.901789 0.158
-0.903323 0.159
-0.90409 0.16
-0.904857 0.161
-0.906391 0.162
-0.909459 0.163
-0.915595 0.164
-0.927867 0.165
-0.93477 0.166
-0.939371 0.167
-0.943973 0.168
-0.950876 0.169
-0.963532 0.17
-0.970435 0.171
-0.975037 0.172
-0.979638 0.173
-0.986541 0.174
-0.990376 0.175
-0.993444 0.176
-0.997279 0.177
-1.0038 0.178
-1.01607 0.179
-1.02297 0.18
-1.02758 0.181
-1.03218 0.182
-1.03908 0.183
-1.05135 0.184
-1.05749 0.185
-1.06056 0.186
-1.06209 0.187
-1.06286 0.188
-1.06362 0.189
-1.06516 0.19
-1.06823 0.191
-1.07436 0.192
-1.08663 0.193
-1.09277 0.194
-1.09584 0.195
-1.09737 0.196
-1.09814 0.197
-1.09891 0.198
-1.10044 0.199
-1.10351 0.2
-1.10964 0.201
-1.12192 0.202
-1.12805 0.203
-1.13112 0.204
-1.13265 0.205
-1.1338 0.206
-1.13457 0.207
-1.1361 0.208
-1.13917 0.209
-1.14531 0.21
-1.14838 0.211
-1.14991 0.212
-1.15068 0.213
-1.15144 0.214
-1.15221 0.215
-1.15375 0.216
-1.15681 0.217
-1.16295 0.218
-1.16602 0.219
-1.16755 0.22
-1.16832 0.221
-1.1687 0.222
-1.16909 0.223
-1.16985 0.224
-1.17139 0.225
-1.17445 0.226
-1.18059 0.227
-1.18366 0.228
-1.18519 0.229
-1.18596 0.23
-1.18634 0.231
-1.18673 0.232
-1.18749 0.233
-1.18903 0.234
-1.19209 0.235
-1.19823 0.236
-1.2013 0.237
-1.20283 0.238
-1.2036 0.239
-1.20437 0.24
-1.20513 0.241
-1.20667 0.242
-1.20974 0.243
-1.21587 0.244
-1.21894 0.245
-1.22047 0.246
-1.22124 0.247
-1.22199 0.248
-1.22273 0.249
-1.2242 0.25
-1.22715 0.251
-1.23305 0.252
-1.236 0.253
-1.23747 0.254
-1.23821 0.255
-1.23858 0.256
-1.23858 0.257
-1.23858 0.258
-1.23858 0.259
-1.23858 0.26
-1.23858 0.261
-1.23858 0.262
-1.23858 0.263
-1.23858 0.264
-1.23858 0.265
-1.23858 0.266
-1.23858 0.267
-1.23858 0.268
-1.23858 0.269
-1.23858 0.27
-1.23858 0.271
-1.23858 0.272
-1.23858 0.273
-1.23858 0.274
-1.23858 0.275
-1.23858 0.276
-1.23858 0.277
-1.23858 0.278
-1.23858 0.279
-1.23858 0.28
-1.23858 0.281
-1.23858 0.282
-1.23858 0.283
-1.23858 0.284
-1.23858 0.285
-1.23858 0.286
-1.23858 0.287
-1.23858 0.288
-1.23858 0.289
-1.23858 0.29
-1.23858 0.291
-1.23858 0.292
-1.23858 0.293
-1.23858 0.294
-1.23858 0.295
-1.23858 0.296
-1.23858 0.297
-1.23858 0.298
-1.23858 0.299
-1.23858 0.3
-1.23858 0.301
-1.23858 0.302
-1.23858 0.303
-1.23858 0.304
-1.23858 0.305
-1.23858 0.306
-1.23858 0.307
-1.23858 0.308
-1.23858 0.309
-1.23858 0.31
-1.23858 0.311
-1.23858 0.312
-1.23858 0.313
-1.23858 0.314
-1.23858 0.315
-1.23858 0.316
-1.23858 0.317
-1.23858 0.318
-1.23858 0.319
-1.23858 0.32
-1.23858 0.321
-1.23858 0.322
-1.23858 0.323
-1.23858 0.324
-1.23858 0.325
-1.23858 0.326
-1.23858 0.327
-1.23858 0.328
-1.23858 0.329
-1.23858 0.33
-1.23858 0.331
-1.23858 0.332
-1.23858 0.333
-1.23858 0.334
-1.23858 0.335
-1.23858 0.336
-1.23858 0.337
-1.23858 0.338
-1.23858 0.339
-1.23858 0.34
-1.23858 0.341
-1.23858 0.342
-1.23858 0.343
-1.23858 0.344
-1.23858 0.345
-1.23858 0.346
-1.23858 0.347
-1.23858 0.348
-1.23858 0.349
-1.23858 0.35
-1.23858 0.351
-1.23858 0.352
-1.23858 0.353
-1.23858 0.354
-1.23858 0.355
-1.23858 0.356
-1.23858 0.357
-1.23858 0.358
-1.23858 0.359
-1.23858 0.36
-1.23858 0.361
-1.23858 0.362
-1.23858 0.363
-1.23858 0.364
-1.23858 0.365
-1.23858 0.366
-1.23858 0.367
-1.23858 0.368
-1.23858 0.369
-1.23858 0.37
-1.23858 0.371
-1.23858 0.372
-1.23858 0.373
-1.23858 0.374
-1.23858 0.375
-1.23858 0.376
-1.23858 0.377
-1.23858 0.378
-1.23858 0.379
-1.23858 0.38
-1.23858 0.381
-1.23858 0.382
-1.23858 0.383
-1.23858 0.384
-1.23858 0.385
-1.23858 0.386
-1.23858 0.387
-1.23858 0.388
-1.23858 0.389
-1.23858 0.39
-1.23858 0.391
-1.23858 0.392
-1.23858 0.393
-1.23858 0.394
-1.23858 0.395
-1.23858 0.396
-1.23858 0.397
-1.23858 0.398
-1.23858 0.399
-1.23858 0.4
-1.23858 0.401
-1.23858 0.402
-1.23858 0.403
-1.23858 0.404
-1.23858 0.405
-1.23858 0.406
-1.23858 0.407
-1.23858 0.408
-1.23858 0.409
-1.23858 0.41
-1.23858 0.411
-1.23858 0.412
-1.23858 0.413
-1.23858 0.414
-1.23858 0.415
-1.23858 0.416
-1.23858 0.417
-1.23858 0.418
-1.23858 0.419
-1.23858 0.42
-1.23858 0.421
-1.23858 0.422
-1.23858 0.423
-1.23858 0.424
-1.23858 0.425
-1.23858 0.426
-1.23858 0.427
-1.23858 0.428
-1.23858 0.429
-1.23858 0.43
-1.23858 0.431
-1.23858 0.432
-1.23858 0.433
-1.23858 0.434
-1.23858 0.435
-1.23858 0.436
-1.23858 0.437
-1.23858 0.438
-1.23858 0.439
-1.23858 0.44
-1.23858 0.441
-1.23858 0.442
-1.23858 0.443
-1.23858 0.444
-1.23858 0.445
-1.23858 0.446
-1.23858 0.447
-1.23858 0.448
-1.23858 0.449
-1.23858 0.45
-1.23858 0.451
-1.23858 0.452
-1.23858 0.453
-1.23858 0.454
-1.23858 0.455
-1.23858 0.456
-1.23858 0.457
-1.23858 0.458
-1.23858 0.459
-1.23858 0.46
-1.23858 0.461
-1.23858 0.462
-1.23858 0.463
-1.23858 0.464
-1.23858 0.465
-1.23858 0.466
-1.23858 0.467
-1.23858 0.468
-1.23858 0.469
-1.23858 0.47
-1.23858 0.471
-1.23858 0.472
-1.23858 0.473
-1.23858 0.474
-1.23858 0.475
-1.23858 0.476
-1.23858 0.477
-1.23858 0.478
-1.23858 0.479
-1.23858 0.48
-1.23858 0.481
-1.23858 0.482
-1.23858 0.483
-1.23858 0.484
-1.23858 0.485
-1.23858 0.486
-1.23858 0.487
-1.23858 0.488
-1.23858 0.489
-1.23858 0.49
-1.23858 0.491
-1.23858 0.492
-1.23858 0.493
-1.23858 0.494
-1.23858 0.495
-1.23858 0.496
-1.23858 0.497
-1.23858 0.498
-1.23858 0.499
-1.23858 0.5
-1.23858 0.501
-1.23858 0.502
-1.23858 0.503
-1.23858 0.504
-1.23858 0.505
-1.23858 0.506
-1.23858 0.507
-1.23858 0.508
-1.23858 0.509
-1.23858 0.51
-1.23858 0.511
-1.23858 0.512
-1.23858 0.513
-1.23858 0.514
-1.23858 0.515
-1.23858 0.516
-1.23858 0.517
-1.23858 0.518
-1.23858 0.519
-1.23858 0.52
-1.23858 0.521
-1.23858 0.522
-1.23858 0.523
-1.23858 0.524
-1.23858 0.525
-1.23858 0.526
-1.23858 0.527
-1.23858 0.528
-1.23858 0.529
-1.23858 0.53
-1.23858 0.531
-1.23858 0.532
-1.23858 0.533
-1.23858 0.534
-1.23858 0.535
-1.23858 0.536
-1.23858 0.537
-1.23858 0.538
-1.23858 0.539
-1.23858 0.54
-1.23858 0.541
-1.23858 0.542
-1.23858 0.543
-1.23858 0.544
-1.23858 0.545
-1.23858 0.546
-1.23858 0.547
-1.23858 0.548
-1.23858 0.549
-1.23858 0.55
-1.23858 0.551
-1.23858 0.552
-1.23858 0.553
-1.23858 0.554
-1.23858 0.555
-1.23858 0.556
-1.23858 0.557
-1.23858 0.558
-1.23858 0.559
-1.23858 0.56
-1.23858 0.561
-1.23858 0.562
-1.23858 0.563
-1.23858 0.564
-1.23858 0.565
-1.23858 0.566
-1.23858 0.567
-1.23858 0.568
-1.23858 0.569
-1.23858 0.57
-1.23858 0.571
-1.23858 0.572
-1.23858 0.573
-1.23858 0.574
-1.23858 0.575
-1.23858 0.576
-1.23858 0.577
-1.23858 0.578
-1.23858 0.579
-1.23858 0.58
-1.23858 0.581
-1.23858 0.582
-1.23858 0.583
-1.23858 0.584
-1.23858 0.585
-1.23858 0.586
-1.23858 0.587
-1.23858 0.588
-1.23858 0.589
-1.23858 0.59
-1.23858 0.591
-1.23858 0.592
-1.23858 0.593
-1.23858 0.594
-1.23858 0.595
-1.23858 0.596
-1.23858 0.597
-1.23858 0.598
-1.23858 0.599
-1.23858 0.6
-1.23858 0.601
-1.23858 0.602
-1.23858 0.603
-1.23858 0.604
-1.23858 0.605
-1.23858 0.606
-1.23858 0.607
-1.23858 0.608
-1.23858 0.609
-1.23858 0.61
-1.23858 0.611
-1.23858 0.612
-1.23858 0.613
-1.23858 0.614
-1.23858 0.615
-1.23858 0.616
-1.23858 0.617
-1.23858 0.618
-1.23858 0.619
-1.23858 0.62
-1.23858 0.621
-1.23858 0.622
-1.23858 0.623
-1.23858 0.624
-1.23858 0.625
-1.23858 0.626
-1.23858 0.627
-1.23858 0.628
-1.23858 0.629
-1.23858 0.63
-1.23858 0.631
-1.23858 0.632
-1.23858 0.633
-1.23858 0.634
-1.23858 0.635
-1.23858 0.636
-1.23858 0.637
-1.23858 0.638
-1.23858 0.639
-1.23858 0.64
-1.23858 0.641
-1.23858 0.642
-1.23858 0.643
-1.23858 0.644
-1.23858 0.645
-1.23858 0.646
-1.23858 0.647
-1.23858 0.648
-1.23858 0.649
-1.23858 0.65
-1.23858 0.651
-1.23858 0.652
-1.23858 0.653
-1.23858 0.654
-1.23858 0.655
-1.23858 0.656
-1.23858 0.657
-1.23858 0.658
-1.23858 0.659
-1.23858 0.66
-1.23858 0.661
-1.23858 0.662
-1.23858 0.663
-1.23858 0.664
-1.23858 0.665
-1.23858 0.666
-1.23858 0.667
-1.23858 0.668
-1.23858 0.669
-1.23858 0.67
-1.23858 0.671
-1.23858 0.672
-1.23858 0.673
-1.23858 0.674
-1.23858 0.675
-1.23858 0.676
-1.23858 0.677
-1.23858 0.678
-1.23858 0.679
-1.23858 0.68
-1.23858 0.681
-1.23858 0.682
-1.23858 0.683
-1.23858 0.684
-1.23858 0.685
-1.23858 0.686
-1.23858 0.687
-1.23858 0.688
-1.23858 0.689
-1.23858 0.69
-1.23858 0.691
-1.23858 0.692
-1.23858 0.693
-1.23858 0.694
-1.23858 0.695
-1.23858 0.696
-1.23858 0.697
-1.23858 0.698
-1.23858 0.699
-1.23858 0.7
-1.23858 0.701
-1.23858 0.702
-1.23858 0.703
-1.23858 0.704
-1.23858 0.705
-1.23858 0.706
-1.23858 0.707
-1.23858 0.708
-1.23858 0.709
-1.23858 0.71
-1.23858 0.711
-1.23858 0.712
-1.23858 0.713
-1.23858 0.714
-1.23858 0.715
-1.23858 0.716
-1.23858 0.717
-1.23858 0.718
-1.23858 0.719
-1.23858 0.72
-1.23858 0.721
-1.23858 0.722
-1.23858 0.723
-1.23858 0.724
-1.23858 0.725
-1.23858 0.726
-1.23858 0.727
-1.23858 0.728
-1.23858 0.729
-1.23858 0.73
-1.23858 0.731
-1.23858 0.732
-1.23858 0.733
-1.23858 0.734
-1.23858 0.735
-1.23858 0.736
-1.23858 0.737
-1.23858 0.738
-1.23858 0.739
-1.23858 0.74
-1.23858 0.741
-1.23858 0.742
-1.23858 0.743
-1.23858 0.744
-1.23858 0.745
-1.23858 0.746
-1.23858 0.747
-1.23858 0.748
-1.23858 0.749
-1.23858 0.75
-1.23858 0.751
-1.23858 0.752
-1.23858 0.753
-1.23858 0.754
-1.23858 0.755
-1.23858 0.756
-1.23858 0.757
-1.23858 0.758
-1.23858 0.759
-1.23858 0.76
-1.23858 0.761
-1.23858 0.762
-1.23858 0.763
-1.23858 0.764
-1.23858 0.765
-1.23858 0.766
-1.23858 0.767
-1.23858 0.768
-1.23858 0.769
-1.23858 0.77
-1.23858 0.771
-1.23858 0.772
-1.23858 0.773
-1.23858 0.774
-1.23858 0.775
-1.23858 0.776
-1.23858 0.777
-1.23858 0.778
-1.23858 0.779
-1.23858 0.78
-1.23858 0.781
-1.23858 0.782
-1.23858 0.783
-1.23858 0.784
-1.23858 0.785
-1.23858 0.786
-1.23858 0.787
-1.23858 0.788
-1.23858 0.789
-1.23858 0.79
-1.23858 0.791
-1.23858 0.792
-1.23858 0.793
-1.23858 0.794
-1.23858 0.795
-1.23858 0.796
-1.23858 0.797
-1.23858 0.798
-1.23858 0.799
-1.23858 0.8
-1.23858 0.801
-1.23858 0.802
-1.23858 0.803
-1.23858 0.804
-1.23858 0.805
-1.23858 0.806
-1.23858 0.807
-1.23858 0.808
-1.23858 0.809
-1.23858 0.81
-1.23858 0.811
-1.23858 0.812
-1.23858 0.813
-1.23858 0.814
-1.23858 0.815
-1.23858 0.816
-1.23858 0.817
-1.23858 0.818
-1.23858 0.819
-1.23858 0.82
-1.23858 0.821
-1.23858 0.822
-1.23858 0.823
-1.23858 0.824
-1.23858 0.825
-1.23858 0.826
-1.23858 0.827
-1.23858 0.828
-1.23858 0.829
-1.23858 0.83
-1.23858 0.831
-1.23858 0.832
-1.23858 0.833
-1.23858 0.834
-1.23858 0.835
-1.23858 0.836
-1.23858 0.837
-1.23858 0.838
-1.23858 0.839
-1.23858 0.84
-1.23858 0.841
-1.23858 0.842
-1.23858 0.843
-1.23858 0.844
-1.23858 0.845
-1.23858 0.846
-1.23858 0.847
-1.23858 0.848
-1.23858 0.849
-1.23858 0.85
-1.23858 0.851
-1.23858 0.852
-1.23858 0.853
-1.23858 0.854
-1.23858 0.855
-1.23858 0.856
-1.23858 0.857
-1.23858 0.858
-1.23858 0.859
-1.23858 0.86
-1.23858 0.861
-1.23858 0.862
-1.23858 0.863
-1.23858 0.864
-1.23858 0.865
-1.23858 0.866
-1.23858 0.867
-1.23858 0.868
-1.23858 0.869
-1.23858 0.87
-1.23858 0.871
-1.23858 0.872
-1.23858 0.873
-1.23858 0.874
-1.23858 0.875
-1.23858 0.876
-1.23858 0.877
-1.23858 0.878
-1.23858 0.879
-1.23858 0.88
-1.23858 0.881
-1.23858 0.882
-1.23858 0.883
-1.23858 0.884
-1.23858 0.885
-1.23858 0.886
-1.23858 0.887
-1.23858 0.888
-1.23858 0.889
-1.23858 0.89
-1.23858 0.891
-1.23858 0.892
-1.23858 0.893
-1.23858 0.894
-1.23858 0.895
-1.23858 0.896
-1.23858 0.897
-1.23858 0.898
-1.23858 0.899
-1.23858 0.9
-1.23858 0.901
-1.23858 0.902
-1.23858 0.903
-1.23858 0.904
-1.23858 0.905
-1.23858 0.906
-1.23858 0.907
-1.23858 0.908
-1.23858 0.909
-1.23858 0.91
-1.23858 0.911
-1.23858 0.912
-1.23858 0.913
-1.23858 0.914
-1.23858 0.915
-1.23858 0.916
-1.23858 0.917
-1.23858 0.918
-1.23858 0.919
-1.23858 0.92
-1.23858 0.921
-1.23858 0.922
-1.23858 0.923
-1.23858 0.924
-1.23858 0.925
-1.23858 0.926
-1.23858 0.927
-1.23858 0.928
-1.23858 0.929
-1.23858 0.93
-1.23858 0.931
-1.23858 0.932
-1.23858 0.933
-1.23858 0.934
-1.23858 0.935
-1.23858 0.936
-1.23858 0.937
-1.23858 0.938
-1.23858 0.939
-1.23858 0.94
-1.23858 0.941
-1.23858 0.942
-1.23858 0.943
-1.23858 0.944
-1.23858 0.945
-1.23858 0.946
-1.23858 0.947
-1.23858 0.948
-1.23858 0.949
-1.23858 0.95
-1.23858 0.951
-1.23858 0.952
-1.23858 0.953
-1.23858 0.954
-1.23858 0.955
-1.23858 0.956
-1.23858 0.957
-1.23858 0.958
-1.23858 0.959
-1.23858 0.96
-1.23858 0.961
-1.23858 0.962
-1.23858 0.963
-1.23858 0.964
-1.23858 0.965
-1.23858 0.966
-1.23858 0.967
-1.23858 0.968
-1.23858 0.969
-1.23858 0.97
-1.23858 0.971
-1.23858 0.972
-1.23858 0.973
-1.23858 0.974
-1.23858 0.975
-1.23858 0.976
-1.23858 0.977
-1.23858 0.978
-1.23858 0.979
-1.23858 0.98
-1.23858 0.981
-1.23858 0.982
-1.23858 0.983
-1.23858 0.984
-1.23858 0.985
-1.23858 0.986
-1.23858 0.987
-1.23858 0.988
-1.23858 0.989
-1.23858 0.99
-1.23859 0.991
-1.23862 0.992
-1.23867 0.993
-1.23867 0.994
-1.23878 0.995
-1.23877 0.996
-1.23871 0.997
-1.23851 0.998
-1.24037 0.999
-1.23937 1


Shark
3.14159 1.5
3.13759 1.4995
3.13359 1.499
3.12959 1.4985
3.12559 1.498
3.12159 1.4975
3.11759 1.497
3.11359 1.4965
3.10959 1.496
3.10559 1.4955
3.10159 1.495
3.09759 1.4945
3.09359 1.494
3.08959 1.4935
3.08559 1.493
3.08159 1.4925
3.07759 1.492
3.07359 1.4915
3.06959 1.491
3.06559 1.4905
3.06159 1.49
3.05759 1.4895
3.05359 1.489
3.04959 1.4885
3.04559 1.488
3.04159 1.4875
3.03759 1.487
3.03359 1.4865
3.02959 1.486
3.02559 1.4855
3.02159 1.485
3.01759 1.4845
3.01359 1.484
3.00959 1.4835
3.00559 1.483
3.00159 1.4825
2.99759 1.482
2.99359 1.4815
2.98959 1.481
2.98559 1.4805
2.98159 1.48
2.97759 1.4795
2.97359 1.479
2.96959 1.4785
2.96559 1.478
2.96159 1.4775
2.95759 1.477
2.95359 1.4765
2.94959 1.476
2.94559 1.4755
2.94159 1.475
2.93759 1.4745
2.93359 1.474
2.92959 1.4735
2.92559 1.473
2.92159 1.4725
2.91759 1.472
2.91359 1.4715
2.90959 1.471
2.90559 1.4705
2.90159 1.47
2.89759 1.4695
2.89359 1.469
2.88959 1.4685
2.88559 1.468
2.88159 1.4675
2.87759 1.467
2.87359 1.4665
2.86959 1.466
2.86559 1.4655
2.86159 1.465
2.85759 1.4645
2.85359 1.464
2.84959 1.4635
2.84559 1.463
2.84159 1.4625
2.83759 1.462
2.83359 1.4615
2.82959 1.461
2.82559 1.4605
2.82159 1.46
2.81759 1.4595
2.81359 1.459
2.80959 1.4585
2.80559 1.458
2.80159 1.4575
2.79759 1.457
2.79359 1.4565
2.78959 1.456
2.78559 1.4555
2.77965 1.455
2.76991 1.4545
2.7515 1.454
2.71497 1.4535
2.64155 1.453
2.60424 1.4525
2.58507 1.452
2.57479 1.4515
2.56855 1.451
2.56455 1.4505
2.56055 1.45
2.55655 1.4495
2.55255 1.449
2.54855 1.4485
2.54455 1.448
2.5405 1.4475
2.53629 1.447
2.53151 1.4465
2.52489 1.446
2.51352 1.4455
2.50682 1.445
2.50198 1.4445
2.49775 1.444
2.4937 1.4435
2.48969 1.443
2.48568 1.4425
2.48161 1.442
2.47737 1.4415
2.47244 1.441
2.46818 1.4405
2.46411 1.44
2.4601 1.4395
2.45609 1.439
2.45209 1.4385
2.44809 1.438
2.44409 1.4375
2.44007 1.437
2.43599 1.4365
2.43197 1.436
2.42797 1.4355
2.42397 1.435
2.41997 1.4345
2.41565 1.434
2.4105 1.4335
2.40282 1.433
2.38902 1.4325
2.36212 1.432
2.34814 1.4315
2.34029 1.431
2.33504 1.4305
2.33069 1.43
2.32667 1.4295
2.32258 1.429
2.31821 1.4285
2.31288 1.428
2.30474 1.4275
2.29938 1.427
2.29499 1.4265
2.29089 1.426
2.28686 1.4255
2.28284 1.425
2.27873 1.4245
2.27411 1.424
2.26795 1.4235
2.25772 1.423
2.24914 1.4225
2.2388 1.422
2.23255 1.4215
2.22788 1.421
2.22376 1.4205
2.21973 1.42
2.2157 1.4195
2.21158 1.419
2.20711 1.4185
2.20144 1.418
2.19243 1.4175
2.18636 1.417
2.18132 1.4165
2.17627 1.416
2.17013 1.4155
2.16067 1.415
2.15449 1.4145
2.14939 1.414
2.14429 1.4135
2.13804 1.413
2.13323 1.4125
2.12869 1.412
2.12386 1.4115
2.11774 1.411
2.10811 1.4105
2.10174 1.41
2.09654 1.4095
2.09133 1.409
2.08489 1.4085
2.07504 1.408
2.069 1.4075
2.06439 1.407
2.06023 1.4065
2.05619 1.406
2.05215 1.4055
2.04799 1.405
2.04335 1.4045
2.03718 1.404
2.02692 1.4035
2.02071 1.403
2.01605 1.4025
2.01188 1.402
2.00783 1.4015
2.00379 1.401
1.9996 1.4005
1.99491 1.4
1.98857 1.3995
1.9779 1.399
1.97152 1.3985
1.96681 1.398
1.96262 1.3975
1.95851 1.397
1.95446 1.3965
1.95026 1.396
1.94551 1.3955
1.939 1.395
1.93423 1.3945
1.93003 1.394
1.92598 1.3935
1.92192 1.393
1.91787 1.3925
1.91366 1.392
1.90885 1.3915
1.90218 1.391
1.89737 1.3905
1.89315 1.39
1.88909 1.3895
1.88508 1.389
1.88106 1.3885
1.877 1.388
1.87277 1.3875
1.86791 1.387
1.86106 1.3865
1.85618 1.386
1.85194 1.3855
1.84788 1.385
1.84387 1.3845
1.83985 1.384
1.83579 1.3835
1.83154 1.383
1.82661 1.3825
1.81958 1.382
1.81464 1.3815
1.81038 1.381
1.80632 1.3805
1.80225 1.38
1.79818 1.3795
1.79392 1.379
1.78893 1.3785
1.78174 1.378
1.77674 1.3775
1.77246 1.377
1.76839 1.3765
1.76433 1.376
1.76026 1.3755
1.756 1.375
1.75102 1.3745
1.74387 1.374
1.73888 1.3735
1.73461 1.373
1.73054 1.3725
1.72653 1.372
1.72253 1.3715
1.71853 1.371
1.71453 1.3705
1.71053 1.37
1.70653 1.3695
1.70253 1.369
1.69853 1.3685
1.69453 1.368
1.69053 1.3675
1.68653 1.367
1.68253 1.3665
1.67853 1.366
1.67453 1.3655
1.67053 1.365
1.66653 1.3645
1.66253 1.364
1.65853 1.3635
1.65453 1.363
1.65053 1.3625
1.64653 1.362
1.64253 1.3615
1.63853 1.361
1.63453 1.3605
1.63053 1.36
1.62653 1.3595
1.62253 1.359
1.61853 1.3585
1.61453 1.358
1.61053 1.3575
1.60653 1.357
1.60253 1.3565
1.59853 1.356
1.59453 1.3555
1.59053 1.355
1.58653 1.3545
1.58253 1.354
1.57853 1.3535
1.57453 1.353
1.57053 1.3525
1.56653 1.352
1.56253 1.3515
1.55853 1.351
1.55453 1.3505
1.55053 1.35
1.54653 1.3495
1.54253 1.349
1.53853 1.3485
1.53453 1.348
1.53053 1.3475
1.52653 1.347
1.52253 1.3465
1.51853 1.346
1.51453 1.3455
1.51053 1.345
1.50653 1.3445
1.50253 1.344
1.49853 1.3435
1.49453 1.343
1.49053 1.3425
1.48653 1.342
1.48253 1.3415
1.47853 1.341
1.47453 1.3405
1.47053 1.34
1.46653 1.3395
1.46253 1.339
1.45853 1.3385
1.45453 1.338
1.45053 1.3375
1.44653 1.337
1.44253 1.3365
1.43853 1.336
1.43453 1.3355
1.43053 1.335
1.42653 1.3345
1.42253 1.334
1.41853 1.3335
1.41453 1.333
1.41053 1.3325
1.40653 1.332
1.40253 1.3315
1.39853 1.331
1.39453 1.3305
1.39053 1.33
1.38653 1.3295
1.38253 1.329
1.37853 1.3285
1.37453 1.328
1.37053 1.3275
1.36653 1.327
1.36253 1.3265
1.35853 1.326
1.35453 1.3255
1.35053 1.325
1.34653 1.3245
1.34253 1.324
1.33853 1.3235
1.33453 1.323
1.33053 1.3225
1.32653 1.322
1.32253 1.3215
1.31853 1.321
1.31453 1.3205
1.31053 1.32
1.30653 1.3195
1.30253 1.319
1.29853 1.3185
1.29453 1.318
1.29053 1.3175
1.28653 1.317
1.28253 1.3165
1.27853 1.316
1.27453 1.3155
1.27053 1.315
1.26653 1.3145
1.26253 1.314
1.25853 1.3135
1.25453 1.313
1.25053 1.3125
1.24653 1.312
1.24253 1.3115
1.23853 1.311
1.23453 1.3105
1.23053 1.31
1.22653 1.3095
1.22253 1.309
1.21853 1.3085
1.21453 1.308
1.21053 1.3075
1.20653 1.307
1.20253 1.3065
1.19853 1.306
1.19453 1.3055
1.19053 1.305
1.18653 1.3045
1.18253 1.304
1.17853 1.3035
1.17453 1.303
1.17053 1.3025
1.16653 1.302
1.16253 1.3015
1.15853 1.301
1.15453 1.3005
1.15053 1.3
1.14653 1.2995
1.14253 1.299
1.13853 1.2985
1.13453 1.298
1.13053 1.2975
1.12653 1.297
1.12253 1.2965
1.11853 1.296
1.11453 1.2955
1.11053 1.295
1.10653 1.2945
1.10253 1.294
1.09853 1.2935
1.09453 1.293
1.09053 1.2925
1.08653 1.292
1.08253 1.2915
1.07853 1.291
1.07453 1.2905
1.07053 1.29
1.06653 1.2895
1.06253 1.289
1.05853 1.2885
1.05453 1.288
1.05053 1.2875
1.04653 1.287
1.04253 1.2865
1.03853 1.286
1.03453 1.2855
1.03053 1.285
1.02653 1.2845
1.02253 1.284
1.01853 1.2835
1.01453 1.283
1.01053 1.2825
1.00653 1.282
1.00253 1.2815
0.998526 1.281
0.994526 1.2805
0.990526 1.28
0.986526 1.2795
0.982526 1.279
0.978526 1.2785
0.974526 1.278
0.970526 1.2775
0.966526 1.277
0.962526 1.2765
0.958526 1.276
0.954526 1.2755
0.950526 1.275
0.946526 1.2745
0.942526 1.274
0.938526 1.2735
0.934526 1.273
0.930526 1.2725
0.926526 1.272
0.922526 1.2715
0.918526 1.271
0.914526 1.2705
0.910526 1.27
0.906526 1.2695
0.902526 1.269
0.898526 1.2685
0.894526 1.268
0.890526 1.2675
0.886526 1.267
0.882526 1.2665
0.878526 1.266
0.874526 1.2655
0.870526 1.265
0.866526 1.2645
0.862526 1.264
0.858526 1.2635
0.854526 1.263
0.850526 1.2625
0.846526 1.262
0.842526 1.2615
0.838526 1.261
0.834526 1.2605
0.830526 1.26
0.826526 1.2595
0.822526 1.259
0.818526 1.2585
0.814526 1.258
0.810526 1.2575
0.806526 1.257
0.802526 1.2565
0.798526 1.256
0.794526 1.2555
0.790526 1.255
0.786526 1.2545
0.782526 1.254
0.778526 1.2535
0.774526 1.253
0.770526 1.2525
0.766526 1.252
0.762526 1.2515
0.758526 1.251
0.754526 1.2505
0.750526 1.25
0.746526 1.2495
0.742526 1.249
0.738526 1.2485
0.734526 1.248
0.730526 1.2475
0.726526 1.247
0.722526 1.2465
0.718526 1.246
0.714526 1.2455
0.710526 1.245
0.706526 1.2445
0.702526 1.244
0.698526 1.2435
0.694526 1.243
0.690526 1.2425
0.686526 1.242
0.682526 1.2415
0.678526 1.241
0.674526 1.2405
0.670526 1.24
0.666526 1.2395
0.662526 1.239
0.658526 1.2385
0.654526 1.238
0.650526 1.2375
0.646526 1.237
0.642526 1.2365
0.638526 1.236
0.634526 1.2355
0.630526 1.235
0.626526 1.2345
0.622526 1.234
0.618526 1.2335
0.614526 1.233
0.610526 1.2325
0.606526 1.232
0.602526 1.2315
0.598526 1.231
0.594526 1.2305
0.590526 1.23
0.586526 1.2295
0.582526 1.229
0.578526 1.2285
0.574526 1.228
0.570526 1.2275
0.566526 1.227
0.562526 1.2265
0.558526 1.226
0.554526 1.2255
0.550526 1.225
0.546526 1.2245
0.542526 1.224
0.538526 1.2235
0.534526 1.223
0.530526 1.2225
0.526526 1.222
0.522526 1.2215
0.518526 1.221
0.514526 1.2205
0.510526 1.22
0.506526 1.2195
0.502526 1.219
0.498526 1.2185
0.494526 1.218
0.490526 1.2175
0.486526 1.217
0.482526 1.2165
0.478526 1.216
0.474526 1.2155
0.470526 1.215
0.466526 1.2145
0.462526 1.214
0.458526 1.2135
0.454526 1.213
0.450526 1.2125
0.446526 1.212
0.442526 1.2115
0.438526 1.211
0.434526 1.2105
0.430526 1.21
0.426526 1.2095
0.422526 1.209
0.418526 1.2085
0.414526 1.208
0.410526 1.2075
0.406526 1.207
0.402526 1.2065
0.398526 1.206
0.394526 1.2055
0.390526 1.205
0.386526 1.2045
0.382526 1.204
0.378526 1.2035
0.374526 1.203
0.370526 1.2025
0.366526 1.202
0.362526 1.2015
0.358526 1.201
0.354526 1.2005
0.350526 1.2
0.346526 1.1995
0.342526 1.199
0.338526 1.1985
0.334526 1.198
0.330526 1.1975
0.326526 1.197
0.322526 1.1965
0.318526 1.196
0.314526 1.1955
0.310526 1.195
0.306526 1.1945
0.302526 1.194
0.298526 1.1935
0.294526 1.193
0.290526 1.1925
0.286526 1.192
0.282526 1.1915
0.278526 1.191
0.274526 1.1905
0.270526 1.19
0.266526 1.1895
0.262526 1.189
0.258526 1.1885
0.254526 1.188
0.250526 1.1875
0.246526 1.187
0.242526 1.1865
0.238526 1.186
0.234526 1.1855
0.230526 1.185
0.226526 1.1845
0.222526 1.184
0.218526 1.1835
0.214526 1.183
0.210526 1.1825
0.206526 1.182
0.202526 1.1815
0.198526 1.181
0.194526 1.1805
0.190526 1.18
0.186526 1.1795
0.182526 1.179
0.178526 1.1785
0.174526 1.178
0.170526 1.1775
0.166526 1.177
0.162526 1.1765
0.158526 1.176
0.154526 1.1755
0.150526 1.175
0.146526 1.1745
0.142526 1.174
0.138526 1.1735
0.134526 1.173
0.130526 1.1725
0.126526 1.172
0.122526 1.1715
0.118526 1.171
0.114526 1.1705
0.110526 1.17
0.106526 1.1695
0.102526 1.169
0.0985258 1.1685
0.0945258 1.168
0.0905258 1.1675
0.0865258 1.167
0.0825258 1.1665
0.0785258 1.166
0.0745258 1.1655
0.0705258 1.165
0.0665258 1.1645
0.0625258 1.164
0.0585258 1.1635
0.0545258 1.163
0.0505258 1.1625
0.0465258 1.162
0.0425258 1.1615
0.0385258 1.161
0.0345258 1.1605
0.0305258 1.16
0.0265258 1.1595
0.0225258 1.159
0.0185258 1.1585
0.0145258 1.158
0.0105258 1.1575
0.00652584 1.157
0.00252584 1.1565
-0.00147416 1.156
-0.00547416 1.1555
-0.00947416 1.155
-0.0134742 1.1545
-0.0174742 1.154
-0.0214742 1.1535
-0.0254742 1.153
-0.0294742 1.1525
-0.0334742 1.152
-0.0374742 1.1515
-0.0414742 1.151
-0.0454742 1.1505
-0.0494742 1.15
-0.0534742 1.1495
-0.0574742 1.149
-0.0614742 1.1485
-0.0654742 1.148
-0.0694742 1.1475
-0.0734742 1.147
-0.0774742 1.1465
-0.0814742 1.146
-0.0854742 1.1455
-0.0894742 1.145
-0.0934742 1.1445
-0.0974742 1.144
-0.101474 1.1435
-0.105474 1.143
-0.109474 1.1425
-0.113474 1.142
-0.117474 1.1415
-0.121474 1.141
-0.125474 1.1405
-0.129474 1.14
-0.133474 1.1395
-0.137474 1.139
-0.141474 1.1385
-0.145474 1.138
-0.149474 1.1375
-0.153474 1.137
-0.157474 1.1365
-0.161474 1.136
-0.165474 1.1355
-0.169474 1.135
-0.173474 1.1345
-0.177474 1.134
-0.181474 1.1335
-0.185474 1.133
-0.189474 1.1325
-0.193474 1.132
-0.197474 1.1315
-0.201474 1.131
-0.205474 1.1305
-0.209474 1.13
-0.213474 1.1295
-0.217474 1.129
-0.221474 1.1285
-0.225474 1.128
-0.229474 1.1275
-0.233474 1.127
-0.237474 1.1265
-0.241474 1.126
-0.245474 1.1255
-0.249474 1.125
-0.253474 1.1245
-0.257474 1.124
-0.261474 1.1235
-0.265474 1.123
-0.269474 1.1225
-0.273474 1.122
-0.277474 1.1215
-0.281474 1.121
-0.285474 1.1205
-0.289474 1.12
-0.293474 1.1195
-0.297474 1.119
-0.301474 1.1185
-0.305474 1.118
-0.309474 1.1175
-0.313474 1.117
-0.317474 1.1165
-0.321474 1.116
-0.325474 1.1155
-0.329474 1.115
-0.333474 1.1145
-0.337474 1.114
-0.341474 1.1135
-0.345474 1.113
-0.349474 1.1125
-0.353474 1.112
-0.357474 1.1115
-0.361474 1.111
-0.365474 1.1105
-0.369474 1.11
-0.373474 1.1095
-0.377474 1.109
-0.381474 1.1085
-0.385474 1.108
-0.389474 1.1075
-0.393474 1.107
-0.397474 1.1065
-0.401474 1.106
-0.405474 1.1055
-0.409474 1.105
-0.413474 1.1045
-0.417474 1.104
-0.421474 1.1035
-0.425474 1.103
-0.429474 1.1025
-0.433474 1.102
-0.437474 1.1015
-0.441474 1.101
-0.445474 1.1005
-0.449474 1.1
-0.453474 1.0995
-0.457474 1.099
-0.461474 1.0985
-0.465474 1.098
-0.469474 1.0975
-0.473474 1.097
-0.477474 1.0965
-0.481474 1.096
-0.485474 1.0955
-0.489474 1.095
-0.493474 1.0945
-0.497474 1.094
-0.501474 1.0935
-0.505474 1.093
-0.509474 1.0925
-0.513474 1.092
-0.517474 1.0915
-0.521474 1.091
-0.525474 1.0905
-0.529474 1.09
-0.533474 1.0895
-0.537474 1.089
-0.541474 1.0885
-0.545474 1.088
-0.549474 1.0875
-0.553474 1.087
-0.557474 1.0865
-0.561474 1.086
-0.565474 1.0855
-0.569474 1.085
-0.573474 1.0845
-0.577474 1.084
-0.581474 1.0835
-0.585474 1.083
-0.589474 1.0825
-0.593474 1.082
-0.597474 1.0815
-0.601474 1.081
-0.605474 1.0805
-0.609474 1.08
-0.613474 1.0795
-0.617474 1.079
-0.621474 1.0785
-0.625474 1.078
-0.629474 1.0775
-0.633474 1.077
-0.637474 1.0765
-0.641474 1.076
-0.645474 1.0755
-0.649474 1.075
-0.653474 1.0745
-0.657474 1.074
-0.661474 1.0735
-0.665474 1.073
-0.669474 1.0725
-0.673474 1.072
-0.677474 1.0715
-0.681474 1.071
-0.685474 1.0705
-0.689474 1.07
-0.693474 1.0695
-0.697474 1.069
-0.701474 1.0685
-0.705474 1.068
-0.709474 1.0675
-0.713474 1.067
-0.717474 1.0665
-0.721474 1.066
-0.725474 1.0655
-0.729474 1.065
-0.733474 1.0645
-0.737474 1.064
-0.741474 1.0635
-0.745474 1.063
-0.749474 1.0625
-0.753474 1.062
-0.757474 1.0615
-0.761474 1.061
-0.765474 1.0605
-0.769474 1.06
-0.773474 1.0595
-0.777474 1.059
-0.781474 1.0585
-0.785474 1.058
-0.789474 1.0575
-0.793474 1.057
-0.797474 1.0565
-0.801474 1.056
-0.805474 1.0555
-0.809474 1.055
-0.813474 1.0545
-0.817474 1.054
-0.821474 1.0535
-0.825474 1.053
-0.829474 1.0525
-0.833474 1.052
-0.837474 1.0515
-0.841474 1.051
-0.845474 1.0505
-0.849474 1.05
-0.853474 1.0495
-0.857474 1.049
-0.861474 1.0485
-0.865474 1.048
-0.869474 1.0475
-0.873474 1.047
-0.877474 1.0465
-0.881474 1.046
-0.885474 1.0455
-0.889474 1.045
-0.893474 1.0445
-0.897474 1.044
-0.901474 1.0435
-0.905474 1.043
-0.909474 1.0425
-0.913474 1.042
-0.917474 1.0415
-0.921474 1.041
-0.925474 1.0405
-0.929474 1.04
-0.933474 1.0395
-0.937474 1.039
-0.941474 1.0385
-0.945474 1.038
-0.949474 1.0375
-0.953474 1.037
-0.957474 1.0365
-0.961474 1.036
-0.965474 1.0355
-0.969474 1.035
-0.973474 1.0345
-0.977474 1.034
-0.981474 1.0335
-0.985474 1.033
-0.989474 1.0325
-0.993474 1.032
-0.997474 1.0315
-1.00147 1.031
-1.00547 1.0305
-1.00947 1.03
-1.01347 1.0295
-1.01747 1.029
-1.02147 1.0285
-1.02547 1.028
-1.02947 1.0275
-1.03347 1.027
-1.03747 1.0265
-1.04147 1.026
-1.04547 1.0255
-1.04947 1.025
-1.05347 1.0245
-1.05747 1.024
-1.06147 1.0235
-1.06547 1.023
-1.06947 1.0225
-1.07347 1.022
-1.07747 1.0215
-1.08147 1.021
-1.08547 1.0205
-1.08947 1.02
-1.09347 1.0195
-1.09747 1.019
-1.10147 1.0185
-1.10547 1.018
-1.10947 1.0175
-1.11347 1.017
-1.11747 1.0165
-1.12147 1.016
-1.12547 1.0155
-1.12947 1.015
-1.13347 1.0145
-1.13747 1.014
-1.14147 1.0135
-1.14547 1.013
-1.14947 1.0125
-1.15347 1.012
-1.15747 1.0115
-1.16147 1.011
-1.16547 1.0105
-1.16947 1.01
-1.17347 1.0095
-1.17747 1.009
-1.18147 1.0085
-1.18547 1.008
-1.18947 1.0075
-1.19347 1.007
-1.19747 1.0065
-1.20147 1.006
-1.20547 1.0055
-1.20947 1.005
-1.21347 1.0045
-1.21748 1.004
-1.22148 1.0035
-1.22548 1.003
-1.2295 1.0025
-1.23351 1.002
-1.23751 1.0015
-1.23851 1.001
-1.24037 1.0005
-1.23937 1
