Man
0 0
0 0.0005
0 0.001
0 0.0015
0 0.002
0 0.0025
0 0.003
0 0.0035
0 0.004
0 0.0045
0 0.005
0 0.0055
-0.00613592 0.006
-0.0184078 0.0065
-0.0245437 0.007
-0.0245437 0.0075
-0.0245437 0.008
-0.0245437 0.0085
-0.0245437 0.009
-0.0245437 0.0095
-0.0245437 0.01
-0.0245437 0.0105
-0.0245437 0.011
-0.0245437 0.0115
-0.0245437 0.012
-0.0245437 0.0125
-0.0245437 0.013
-0.0245437 0.0135
-0.0245437 0.014
-0.0245437 0.0145
-0.0245437 0.015
-0.0245437 0.0155
-0.0245437 0.016
-0.0245437 0.0165
-0.0245437 0.017
-0.0245437 0.0175
-0.0245437 0.018
-0.0245437 0.0185
-0.0245437 0.019
-0.0245437 0.0195
-0.0245437 0.02
-0.0245437 0.0205
-0.0245437 0.021
-0.0245437 0.0215
-0.0245437 0.022
-0.0245437 0.0225
-0.0245437 0.023
-0.0245437 0.0235
-0.0245437 0.024
-0.0245437 0.0245
-0.0245437 0.025
-0.0245437 0.0255
-0.0245437 0.026
-0.0245437 0.0265
-0.0245437 0.027
-0.0245437 0.0275
-0.0245437 0.028
-0.0245437 0.0285
-0.0245437 0.029
-0.0245437 0.0295
-0.0245437 0.03
-0.0245437 0.0305
-0.0245437 0.031
-0.0245437 0.0315
-0.0245437 0.032
-0.0245437 0.0325
-0.0245437 0.033
-0.0245437 0.0335
-0.0245437 0.034
-0.0245437 0.0345
-0.0245437 0.035
-0.0245437 0.0355
-0.0245437 0.036
-0.0245437 0.0365
-0.0245437 0.037
-0.0245437 0.0375
-0.0245437 0.038
-0.0245437 0.0385
-0.0245437 0.039
-0.0245437 0.0395
-0.0245437 0.04
-0.0245437 0.0405
-0.0245437 0.041
-0.0245437 0.0415
-0.0245437 0.042
-0.0245437 0.0425
-0.0245437 0.043
-0.0245437 0.0435
-0.0245437 0.044
-0.0245437 0.0445
-0.0245437 0.045
-0.0245437 0.0455
-0.0245437 0.046
-0.0245437 0.0465
-0.0245437 0.047
-0.0245437 0.0475
-0.0245437 0.048
-0.0245437 0.0485
-0.0245437 0.049
-0.0245437 0.0495
-0.0245437 0.05
-0.0245437 0.0505
-0.0245437 0.051
-0.0245437 0.0515
-0.0245437 0.052
-0.0245437 0.0525
-0.0245437 0.053
-0.0245437 0.0535
-0.0245437 0.054
-0.0245437 0.0545
-0.0245437 0.055
-0.0245437 0.0555
-0.0245437 0.056
-0.0245437 0.0565
-0.0245437 0.057
-0.0245437 0.0575
-0.0245437 0.058
-0.0245437 0.0585
-0.0245437 0.059
-0.0245437 0.0595
-0.0245437 0.06
-0.0245437 0.0605
-0.0245437 0.061
-0.0245437 0.0615
-0.0245437 0.062
-0.0245437 0.0625
-0.0245437 0.063
-0.0245437 0.0635
-0.0245437 0.064
-0.0245437 0.0645
-0.0245437 0.065
-0.0245437 0.0655
-0.0245437 0.066
-0.0245437 0.0665
-0.0245437 0.067
-0.0245437 0.0675
-0.0245437 0.068
-0.0245437 0.0685
-0.0245437 0.069
-0.0245437 0.0695
-0.0245437 0.07
-0.0245437 0.0705
-0.0245437 0.071
-0.0245437 0.0715
-0.0245437 0.072
-0.0245437 0.0725
-0.0245437 0.073
-0.0245437 0.0735
-0.0245437 0.074
-0.0245437 0.0745
-0.0245437 0.075
-0.0245437 0.0755
-0.0245437 0.076
-0.0245437 0.0765
-0.0245437 0.077
-0.0245437 0.0775
-0.0245437 0.078
-0.0245437 0.0785
-0.0245437 0.079
-0.0245437 0.0795
-0.0245437 0.08
-0.0245437 0.0805
-0.0245437 0.081
-0.0245437 0.0815
-0.0245437 0.082
-0.0245437 0.0825
-0.0245437 0.083
-0.0245437 0.0835
-0.0245437 0.084
-0.0245437 0.0845
-0.0245437 0.085
-0.0245437 0.0855
-0.0245437 0.086
-0.0245437 0.0865
-0.0245437 0.087
-0.0245437 0.0875
-0.0245437 0.088
-0.0245437 0.0885
-0.0245437 0.089
-0.0245437 0.0895
-0.0245437 0.09
-0.0245437 0.0905
-0.0245437 0.091
-0.0245437 0.0915
-0.0245437 0.092
-0.0245437 0.0925
-0.0245437 0.093
-0.0245437 0.0935
-0.0245437 0.094
-0.0245437 0.0945
-0.0245437 0.095
-0.0245437 0.0955
-0.0245437 0.096
-0.0245437 0.0965
-0.122718 0.097
-0.317342 0.0975
-0.435842 0.098
-0.48167 0.0985
-0.505447 0.099
-0.505447 0.0995
-0.505447 0.1
-0.505447 0.1005
-0.517719 0.101
-0.542262 0.1015
-0.554534 0.102
-0.554534 0.1025
-0.554534 0.103
-0.554534 0.1035
-0.554534 0.104
-0.554534 0.1045
-0.554534 0.105
-0.554534 0.1055
-0.554534 0.106
-0.554534 0.1065
-0.554534 0.107
-0.554534 0.1075
-0.554534 0.108
-0.554534 0.1085
-0.554534 0.109
-0.554534 0.1095
-0.554534 0.11
-0.554534 0.1105
-0.554534 0.111
-0.554534 0.1115
-0.554534 0.112
-0.554534 0.1125
-0.554534 0.113
-0.554534 0.1135
-0.554534 0.114
-0.554534 0.1145
-0.554534 0.115
-0.554534 0.1155
-0.554534 0.116
-0.554534 0.1165
-0.554534 0.117
-0.554534 0.1175
-0.554534 0.118
-0.554534 0.1185
-0.554534 0.119
-0.554534 0.1195
-0.554534 0.12
-0.554534 0.1205
-0.554534 0.121
-0.554534 0.1215
-0.554534 0.122
-0.554534 0.1225
-0.554534 0.123
-0.554534 0.1235
-0.554534 0.124
-0.554534 0.1245
-0.554534 0.125
-0.554534 0.1255
-0.554534 0.126
-0.554534 0.1265
-0.554534 0.127
-0.554534 0.1275
-0.554534 0.128
-0.554534 0.1285
-0.554534 0.129
-0.554534 0.1295
-0.554534 0.13
-0.554534 0.1305
-0.554534 0.131
-0.554534 0.1315
-0.554534 0.132
-0.554534 0.1325
-0.554534 0.133
-0.554534 0.1335
-0.554534 0.134
-0.554534 0.1345
-0.554534 0.135
-0.554534 0.1355
-0.554534 0.136
-0.554534 0.1365
-0.554534 0.137
-0.554534 0.1375
-0.554534 0.138
-0.554534 0.1385
-0.554534 0.139
-0.554534 0.1395
-0.554534 0.14
-0.554534 0.1405
-0.554534 0.141
-0.554534 0.1415
-0.554534 0.142
-0.554534 0.1425
-0.554534 0.143
-0.554534 0.1435
-0.554534 0.144
-0.554534 0.1445
-0.554534 0.145
-0.554534 0.1455
-0.554534 0.146
-0.554534 0.1465
-0.554534 0.147
-0.554534 0.1475
-0.554534 0.148
-0.554534 0.1485
-0.554534 0.149
-0.554534 0.1495
-0.554534 0.15
-0.554534 0.1505
-0.554534 0.151
-0.554534 0.1515
-0.554534 0.152
-0.554534 0.1525
-0.554534 0.153
-0.554534 0.1535
-0.554534 0.154
-0.554534 0.1545
-0.554534 0.155
-0.554534 0.1555
-0.554534 0.156
-0.554534 0.1565
-0.554534 0.157
-0.554534 0.1575
-0.554534 0.158
-0.554534 0.1585
-0.554534 0.159
-0.554534 0.1595
-0.554534 0.16
-0.554534 0.1605
-0.554534 0.161
-0.554534 0.1615
-0.554534 0.162
-0.554534 0.1625
-0.554534 0.163
-0.554534 0.1635
-0.554534 0.164
-0.554534 0.1645
-0.554534 0.165
-0.554534 0.1655
-0.554534 0.166
-0.554534 0.1665
-0.554534 0.167
-0.554534 0.1675
-0.554534 0.168
-0.554534 0.1685
-0.554534 0.169
-0.554534 0.1695
-0.554534 0.17
-0.554534 0.1705
-0.554534 0.171
-0.554534 0.1715
-0.554534 0.172
-0.554534 0.1725
-0.554534 0.173
-0.554534 0.1735
-0.554534 0.174
-0.554534 0.1745
-0.554534 0.175
-0.554534 0.1755
-0.554534 0.176
-0.554534 0.1765
-0.554534 0.177
-0.554534 0.1775
-0.554534 0.178
-0.554534 0.1785
-0.554534 0.179
-0.554534 0.1795
-0.554534 0.18
-0.554534 0.1805
-0.554534 0.181
-0.554534 0.1815
-0.554534 0.182
-0.554534 0.1825
-0.554534 0.183
-0.554534 0.1835
-0.554534 0.184
-0.554534 0.1845
-0.554534 0.185
-0.554534 0.1855
-0.554534 0.186
-0.554534 0.1865
-0.554534 0.187
-0.554534 0.1875
-0.554534 0.188
-0.554534 0.1885
-0.554534 0.189
-0.554534 0.1895
-0.554534 0.19
-0.554534 0.1905
-0.554534 0.191
-0.554534 0.1915
-0.554534 0.192
-0.554534 0.1925
-0.554534 0.193
-0.554534 0.1935
-0.554534 0.194
-0.554534 0.1945
-0.554534 0.195
-0.554534 0.1955
-0.554534 0.196
-0.554534 0.1965
-0.554534 0.197
-0.554534 0.1975
-0.554534 0.198
-0.554534 0.1985
-0.554534 0.199
-0.554534 0.1995
-0.554534 0.2
-0.554534 0.2005
-0.554534 0.201
-0.554534 0.2015
-0.554534 0.202
-0.554534 0.2025
-0.554534 0.203
-0.554534 0.2035
-0.554534 0.204
-0.554534 0.2045
-0.554534 0.205
-0.554534 0.2055
-0.554534 0.206
-0.554534 0.2065
-0.554534 0.207
-0.554534 0.2075
-0.554534 0.208
-0.554534 0.2085
-0.554534 0.209
-0.554534 0.2095
-0.554534 0.21
-0.554534 0.2105
-0.554534 0.211
-0.554534 0.2115
-0.554534 0.212
-0.554534 0.2125
-0.554534 0.213
-0.554534 0.2135
-0.554534 0.214
-0.554534 0.2145
-0.554534 0.215
-0.554534 0.2155
-0.554534 0.216
-0.554534 0.2165
-0.554534 0.217
-0.554534 0.2175
-0.554534 0.218
-0.554534 0.2185
-0.554534 0.219
-0.554534 0.2195
-0.554534 0.22
-0.554534 0.2205
-0.554534 0.221
-0.554534 0.2215
-0.554534 0.222
-0.554534 0.2225
-0.554534 0.223
-0.554534 0.2235
-0.554534 0.224
-0.554534 0.2245
-0.554534 0.225
-0.554534 0.2255
-0.554534 0.226
-0.554534 0.2265
-0.554534 0.227
-0.554534 0.2275
-0.554534 0.228
-0.554534 0.2285
-0.554534 0.229
-0.554534 0.2295
-0.554534 0.23
-0.554534 0.2305
-0.554534 0.231
-0.554534 0.2315
-0.554534 0.232
-0.554534 0.2325
-0.554534 0.233
-0.554534 0.2335
-0.554534 0.234
-0.554534 0.2345
-0.554534 0.235
-0.554534 0.2355
-0.554534 0.236
-0.554534 0.2365
-0.554534 0.237
-0.554534 0.2375
-0.554534 0.238
-0.554534 0.2385
-0.554534 0.239
-0.554534 0.2395
-0.554534 0.24
-0.554534 0.2405
-0.554534 0.241
-0.554534 0.2415
-0.554534 0.242
-0.554534 0.2425
-0.554534 0.243
-0.554534 0.2435
-0.554534 0.244
-0.554534 0.2445
-0.554534 0.245
-0.554534 0.2455
-0.554534 0.246
-0.554534 0.2465
-0.554534 0.247
-0.554534 0.2475
-0.554534 0.248
-0.554534 0.2485
-0.554534 0.249
-0.554534 0.2495
-0.554534 0.25
-0.554534 0.2515
-0.554534 0.253
-0.554534 0.2545
-0.554534 0.256
-0.554534 0.2575
-0.554534 0.259
-0.554534 0.2605
-0.554534 0.262
-0.554534 0.2635
-0.554534 0.265
-0.554534 0.2665
-0.554534 0.268
-0.554534 0.2695
-0.554534 0.271
-0.554534 0.2725
-0.554534 0.274
-0.554534 0.2755
-0.554534 0.277
-0.554534 0.2785
-0.554534 0.28
-0.554534 0.2815
-0.554534 0.283
-0.554534 0.2845
-0.554534 0.286
-0.554534 0.2875
-0.554534 0.289
-0.554534 0.2905
-0.554534 0.292
-0.554534 0.2935
-0.554534 0.295
-0.554534 0.2965
-0.554534 0.298
-0.554534 0.2995
-0.554534 0.301
-0.554534 0.3025
-0.554534 0.304
-0.554534 0.3055
-0.554534 0.307
-0.554534 0.3085
-0.554534 0.31
-0.554534 0.3115
-0.554534 0.313
-0.554534 0.3145
-0.554534 0.316
-0.554534 0.3175
-0.554534 0.319
-0.554534 0.3205
-0.554534 0.322
-0.554534 0.3235
-0.554534 0.325
-0.554534 0.3265
-0.554534 0.328
-0.554534 0.3295
-0.554534 0.331
-0.554534 0.3325
-0.554534 0.334
-0.554534 0.3355
-0.554534 0.337
-0.554534 0.3385
-0.554534 0.34
-0.554534 0.3415
-0.554534 0.343
-0.554534 0.3445
-0.554534 0.346
-0.554534 0.3475
-0.554534 0.349
-0.554534 0.3505
-0.554534 0.352
-0.554534 0.3535
-0.554534 0.355
-0.554534 0.3565
-0.554534 0.358
-0.554534 0.3595
-0.554534 0.361
-0.554534 0.3625
-0.554534 0.364
-0.554534 0.3655
-0.554534 0.367
-0.554534 0.3685
-0.554534 0.37
-0.554534 0.3715
-0.554534 0.373
-0.554534 0.3745
-0.554534 0.376
-0.554534 0.3775
-0.554534 0.379
-0.554534 0.3805
-0.554534 0.382
-0.554534 0.3835
-0.554534 0.385
-0.554534 0.3865
-0.554534 0.388
-0.554534 0.3895
-0.554534 0.391
-0.554534 0.3925
-0.554534 0.394
-0.554534 0.3955
-0.554534 0.397
-0.554534 0.3985
-0.554534 0.4
-0.554534 0.4015
-0.554534 0.403
-0.554534 0.4045
-0.554534 0.406
-0.554534 0.4075
-0.554534 0.409
-0.554534 0.4105
-0.554534 0.412
-0.554534 0.4135
-0.554534 0.415
-0.554534 0.4165
-0.554534 0.418
-0.554534 0.4195
-0.554534 0.421
-0.554534 0.4225
-0.554534 0.424
-0.554534 0.4255
-0.554534 0.427
-0.554534 0.4285
-0.554534 0.43
-0.554534 0.4315
-0.554534 0.433
-0.554534 0.4345
-0.554534 0.436
-0.554534 0.4375
-0.554534 0.439
-0.554534 0.4405
-0.554534 0.442
-0.554534 0.4435
-0.554534 0.445
-0.554534 0.4465
-0.554534 0.448
-0.554534 0.4495
-0.554534 0.451
-0.554534 0.4525
-0.554534 0.454
-0.554534 0.4555
-0.554534 0.457
-0.554534 0.4585
-0.554534 0.46
-0.554534 0.4615
-0.554534 0.463
-0.554534 0.4645
-0.554534 0.466
-0.554534 0.4675
-0.554534 0.469
-0.554534 0.4705
-0.554534 0.472
-0.554534 0.4735
-0.554534 0.475
-0.554534 0.4765
-0.554534 0.478
-0.554534 0.4795
-0.554534 0.481
-0.554534 0.4825
-0.554534 0.484
-0.554534 0.4855
-0.554534 0.487
-0.554534 0.4885
-0.554534 0.49
-0.554534 0.4915
-0.554534 0.493
-0.554534 0.4945
-0.554534 0.496
-0.554534 0.4975
-0.554534 0.499
-0.554534 0.5005
-0.554534 0.502
-0.554534 0.5035
-0.554534 0.505
-0.554534 0.5065
-0.554534 0.508
-0.554534 0.5095
-0.554534 0.511
-0.554534 0.5125
-0.554534 0.514
-0.554534 0.5155
-0.554534 0.517
-0.554534 0.5185
-0.554534 0.52
-0.554534 0.5215
-0.554534 0.523
-0.554534 0.5245
-0.554534 0.526
-0.554534 0.5275
-0.554534 0.529
-0.554534 0.5305
-0.554534 0.532
-0.554534 0.5335
-0.554534 0.535
-0.554534 0.5365
-0.554534 0.538
-0.554534 0.5395
-0.554534 0.541
-0.554534 0.5425
-0.554534 0.544
-0.554534 0.5455
-0.554534 0.547
-0.554534 0.5485
-0.554534 0.55
-0.554534 0.5515
-0.554534 0.553
-0.554534 0.5545
-0.554534 0.556
-0.554534 0.5575
-0.554534 0.559
-0.554534 0.5605
-0.554534 0.562
-0.554534 0.5635
-0.554534 0.565
-0.554534 0.5665
-0.554534 0.568
-0.554534 0.5695
-0.554534 0.571
-0.554534 0.5725
-0.554534 0.574
-0.554534 0.5755
-0.554534 0.577
-0.554534 0.5785
-0.554534 0.58
-0.554534 0.5815
-0.554534 0.583
-0.554534 0.5845
-0.554534 0.586
-0.554534 0.5875
-0.554534 0.589
-0.554534 0.5905
-0.554534 0.592
-0.554534 0.5935
-0.554534 0.595
-0.554534 0.5965
-0.554534 0.598
-0.554534 0.5995
-0.554534 0.601
-0.554534 0.6025
-0.554534 0.604
-0.554534 0.6055
-0.554534 0.607
-0.554534 0.6085
-0.554534 0.61
-0.554534 0.6115
-0.554534 0.613
-0.554534 0.6145
-0.554534 0.616
-0.554534 0.6175
-0.554534 0.619
-0.554534 0.6205
-0.554534 0.622
-0.554534 0.6235
-0.554534 0.625
-0.554534 0.6265
-0.554534 0.628
-0.554534 0.6295
-0.554534 0.631
-0.554534 0.6325
-0.554534 0.634
-0.554534 0.6355
-0.554534 0.637
-0.554534 0.6385
-0.554534 0.64
-0.554534 0.6415
-0.554534 0.643
-0.554534 0.6445
-0.554534 0.646
-0.554534 0.6475
-0.554534 0.649
-0.554534 0.6505
-0.554534 0.652
-0.554534 0.6535
-0.554534 0.655
-0.554534 0.6565
-0.554534 0.658
-0.554534 0.6595
-0.554534 0.661
-0.554534 0.6625
-0.554534 0.664
-0.554534 0.6655
-0.554534 0.667
-0.554534 0.6685
-0.554534 0.67
-0.554534 0.6715
-0.554534 0.673
-0.554534 0.6745
-0.554534 0.676
-0.554534 0.6775
-0.554534 0.679
-0.554534 0.6805
-0.554534 0.682
-0.554534 0.6835
-0.554534 0.685
-0.554534 0.6865
-0.554534 0.688
-0.554534 0.6895
-0.554534 0.691
-0.554534 0.6925
-0.554534 0.694
-0.554534 0.6955
-0.554534 0.697
-0.554534 0.6985
-0.554534 0.7
-0.554534 0.7015
-0.554534 0.703
-0.554534 0.7045
-0.554534 0.706
-0.554534 0.7075
-0.554534 0.709
-0.554534 0.7105
-0.554534 0.712
-0.554534 0.7135
-0.554534 0.715
-0.554534 0.7165
-0.554534 0.718
-0.554534 0.7195
-0.554534 0.721
-0.554534 0.7225
-0.554534 0.724
-0.554534 0.7255
-0.554534 0.727
-0.554534 0.7285
-0.554534 0.73
-0.554534 0.7315
-0.554534 0.733
-0.554534 0.7345
-0.554534 0.736
-0.554534 0.7375
-0.554534 0.739
-0.554534 0.7405
-0.554534 0.742
-0.554534 0.7435
-0.554534 0.745
-0.554534 0.7465
-0.554534 0.748
-0.554534 0.7495
-0.554534 0.751
-0.554534 0.7525
-0.554534 0.754
-0.554534 0.7555
-0.554534 0.757
-0.554534 0.7585
-0.554534 0.76
-0.554534 0.7615
-0.554534 0.763
-0.554534 0.7645
-0.554534 0.766
-0.554534 0.7675
-0.554534 0.769
-0.554534 0.7705
-0.554534 0.772
-0.554534 0.7735
-0.554534 0.775
-0.554534 0.7765
-0.554534 0.778
-0.554534 0.7795
-0.554534 0.781
-0.554534 0.7825
-0.554534 0.784
-0.554534 0.7855
-0.554534 0.787
-0.554534 0.7885
-0.554534 0.79
-0.554534 0.7915
-0.554534 0.793
-0.554534 0.7945
-0.554534 0.796
-0.554534 0.7975
-0.554534 0.799
-0.554534 0.8005
-0.554534 0.802
-0.554534 0.8035
-0.554534 0.805
-0.554534 0.8065
-0.554534 0.808
-0.554534 0.8095
-0.554534 0.811
-0.554534 0.8125
-0.554534 0.814
-0.554534 0.8155
-0.554534 0.817
-0.554534 0.8185
-0.554534 0.82
-0.554534 0.8215
-0.554534 0.823
-0.554534 0.8245
-0.554534 0.826
-0.554534 0.8275
-0.554534 0.829
-0.554534 0.8305
-0.554534 0.832
-0.554534 0.8335
-0.554534 0.835
-0.554534 0.8365
-0.554534 0.838
-0.554534 0.8395
-0.554534 0.841
-0.554534 0.8425
-0.554534 0.844
-0.554534 0.8455
-0.554534 0.847
-0.554534 0.8485
-0.554534 0.85
-0.554534 0.8515
-0.554534 0.853
-0.554534 0.8545
-0.554534 0.856
-0.554534 0.8575
-0.554534 0.859
-0.554534 0.8605
-0.554534 0.862
-0.554534 0.8635
-0.554534 0.865
-0.554534 0.8665
-0.554534 0.868
-0.554534 0.8695
-0.554534 0.871
-0.554534 0.8725
-0.554726 0.874
-0.555109 0.8755
-0.554199 0.877
-0.558973 0.8785
-0.555448 0.88
-0.558304 0.8815
-0.555888 0.883
-0.557982 0.8845
-0.55614 0.886
-0.557777 0.8875
-0.558777 0.889
-0.557586 0.8905
-0.559003 0.892
-0.557303 0.8935
-0.559381 0.895
-0.55674 0.8965
-0.560428 0.898
-0.552799 0.8995
-0.551799 0.901
-0.550799 0.9025
-0.549751 0.904
-0.550799 0.9055
-0.551799 0.907
-0.550799 0.9085
-0.549782 0.91
-0.550782 0.9115
-0.551805 0.913
-0.550798 0.9145
-0.549798 0.916
-0.550798 0.9175
-0.551803 0.919
-0.550803 0.9205
-0.549775 0.922
-0.550775 0.9235
-0.551782 0.925
-0.550775 0.9265
-0.549775 0.928
-0.550775 0.9295
-0.551775 0.931
-0.550775 0.9325
-0.54977 0.934
-0.55077 0.9355
-0.551772 0.937
-0.550772 0.9385
-0.549772 0.94
-0.550772 0.9415
-0.551772 0.943
-0.550772 0.9445
-0.549772 0.946
-0.550772 0.9475
-0.551772 0.949
-0.550772 0.9505
-0.549772 0.952
-0.550772 0.9535
-0.551772 0.955
-0.550772 0.9565
-0.549772 0.958
-0.550772 0.9595
-0.551772 0.961
-0.550772 0.9625
-0.549772 0.964
-0.550772 0.9655
-0.551772 0.967
-0.550768 0.9685
-0.549768 0.97
-0.550783 0.9715
-0.551783 0.973
-0.550755 0.9745
-0.549755 0.976
-0.550796 0.9775
-0.551796 0.979
-0.550796 0.9805
-0.549796 0.982
-0.550868 0.9835
-0.551868 0.985
-0.552868 0.9865
-0.566031 0.988
-0.561927 0.9895
-0.564772 0.991
-0.562542 0.9925
-0.56438 0.994
-0.562826 0.9955
-0.56416 0.997
-0.563006 0.9985
-0.564006 1


Shark
3.14159 1.5
3.13959 1.4995
3.13759 1.499
3.13559 1.4985
3.13359 1.498
3.13159 1.4975
3.12959 1.497
3.12759 1.4965
3.12559 1.496
3.12359 1.4955
3.12159 1.495
3.11959 1.4945
3.11759 1.494
3.11556 1.4935
3.11356 1.493
3.11156 1.4925
3.10956 1.492
3.10756 1.4915
3.10556 1.491
3.10356 1.4905
3.10156 1.49
3.09956 1.4895
3.09756 1.489
3.09556 1.4885
3.09356 1.488
3.09156 1.4875
3.08956 1.487
3.08756 1.4865
3.08556 1.486
3.08356 1.4855
3.08156 1.485
3.07956 1.4845
3.07756 1.484
3.07556 1.4835
3.07356 1.483
3.07156 1.4825
3.06956 1.482
3.06756 1.4815
3.06556 1.481
3.06356 1.4805
3.06156 1.48
3.05956 1.4795
3.05756 1.479
3.05556 1.4785
3.05356 1.478
3.05156 1.4775
3.04956 1.477
3.04756 1.4765
3.04556 1.476
3.04356 1.4755
3.04156 1.475
3.03956 1.4745
3.03756 1.474
3.03556 1.4735
3.03356 1.473
3.03156 1.4725
3.02956 1.472
3.02756 1.4715
3.02556 1.471
3.02356 1.4705
3.02156 1.47
3.01956 1.4695
3.01756 1.469
3.01556 1.4685
3.01356 1.468
3.01156 1.4675
3.00956 1.467
3.00756 1.4665
3.00556 1.466
3.00356 1.4655
3.00156 1.465
2.99956 1.4645
2.99756 1.464
2.99556 1.4635
2.99356 1.463
2.99156 1.4625
2.98956 1.462
2.98756 1.4615
2.98556 1.461
2.98356 1.4605
2.98156 1.46
2.97956 1.4595
2.97756 1.459
2.97556 1.4585
2.97356 1.458
2.97156 1.4575
2.96956 1.457
2.96756 1.4565
2.96556 1.456
2.96356 1.4555
2.96156 1.455
2.95956 1.4545
2.95756 1.454
2.95556 1.4535
2.95356 1.453
2.95156 1.4525
2.94956 1.452
2.94756 1.4515
2.94556 1.451
2.94356 1.4505
2.94156 1.45
2.93956 1.4495
2.93756 1.449
2.93556 1.4485
2.93356 1.448
2.93156 1.4475
2.92956 1.447
2.92756 1.4465
2.92556 1.446
2.92356 1.4455
2.92156 1.445
2.91956 1.4445
2.91756 1.444
2.91556 1.4435
2.91356 1.443
2.91156 1.4425
2.90956 1.442
2.90756 1.4415
2.90556 1.441
2.90356 1.4405
2.90156 1.44
2.89956 1.4395
2.89756 1.439
2.89556 1.4385
2.89356 1.438
2.89156 1.4375
2.88956 1.437
2.88756 1.4365
2.88556 1.436
2.88356 1.4355
2.88156 1.435
2.87956 1.4345
2.87756 1.434
2.87556 1.4335
2.87356 1.433
2.87156 1.4325
2.86956 1.432
2.86756 1.4315
2.86556 1.431
2.86356 1.4305
2.86156 1.43
2.85956 1.4295
2.85756 1.429
2.85556 1.4285
2.85356 1.428
2.85156 1.4275
2.84956 1.427
2.84756 1.4265
2.84556 1.426
2.84356 1.4255
2.84156 1.425
2.83956 1.4245
2.83756 1.424
2.83556 1.4235
2.83356 1.423
2.83156 1.4225
2.82956 1.422
2.82756 1.4215
2.82556 1.421
2.82356 1.4205
2.82156 1.42
2.81956 1.4195
2.81756 1.419
2.81556 1.4185
2.81356 1.418
2.81156 1.4175
2.80956 1.417
2.80756 1.4165
2.80556 1.416
2.80356 1.4155
2.80156 1.415
2.79956 1.4145
2.79756 1.414
2.79556 1.4135
2.79356 1.413
2.79156 1.4125
2.78956 1.412
2.78756 1.4115
2.78556 1.411
2.78356 1.4105
2.78156 1.41
2.77956 1.4095
2.77756 1.409
2.77556 1.4085
2.77356 1.408
2.77156 1.4075
2.76956 1.407
2.76756 1.4065
2.76556 1.406
2.76356 1.4055
2.76156 1.405
2.75956 1.4045
2.75756 1.404
2.75556 1.4035
2.71753 1.403
2.64191 1.4025
2.59556 1.402
2.57744 1.4015
2.56784 1.401
2.56584 1.4005
2.56384 1.4
2.56184 1.3995
2.55651 1.399
2.54637 1.3985
2.54099 1.398
2.53899 1.3975
2.53699 1.397
2.53499 1.3965
2.53299 1.396
2.53099 1.3955
2.52899 1.395
2.52699 1.3945
2.52499 1.394
2.52299 1.3935
2.52099 1.393
2.51899 1.3925
2.51699 1.392
2.51499 1.3915
2.51299 1.391
2.51099 1.3905
2.50899 1.39
2.50699 1.3895
2.50499 1.389
2.50299 1.3885
2.50099 1.388
2.49899 1.3875
2.49699 1.387
2.49499 1.3865
2.49299 1.386
2.49099 1.3855
2.48899 1.385
2.48699 1.3845
2.48499 1.384
2.48299 1.3835
2.48099 1.383
2.47899 1.3825
2.47699 1.382
2.47499 1.3815
2.47299 1.381
2.47099 1.3805
2.46899 1.38
2.46699 1.3795
2.46499 1.379
2.46299 1.3785
2.46099 1.378
2.45899 1.3775
2.45699 1.377
2.45499 1.3765
2.45299 1.376
2.45099 1.3755
2.44899 1.375
2.44699 1.3745
2.44499 1.374
2.44299 1.3735
2.44099 1.373
2.43899 1.3725
2.43699 1.372
2.43499 1.3715
2.43299 1.371
2.43099 1.3705
2.42899 1.37
2.42699 1.3695
2.42499 1.369
2.42299 1.3685
2.42099 1.368
2.41899 1.3675
2.41699 1.367
2.41499 1.3665
2.41299 1.366
2.41099 1.3655
2.40899 1.365
2.40699 1.3645
2.40499 1.364
2.40299 1.3635
2.40099 1.363
2.39899 1.3625
2.39699 1.362
2.39499 1.3615
2.39299 1.361
2.39099 1.3605
2.38899 1.36
2.38699 1.3595
2.38499 1.359
2.38299 1.3585
2.38099 1.358
2.37899 1.3575
2.37699 1.357
2.37499 1.3565
2.37299 1.356
2.37099 1.3555
2.36899 1.355
2.36699 1.3545
2.36499 1.354
2.36299 1.3535
2.36099 1.353
2.35899 1.3525
2.35699 1.352
2.35499 1.3515
2.35299 1.351
2.35099 1.3505
2.34899 1.35
2.34699 1.3495
2.34499 1.349
2.34299 1.3485
2.34099 1.348
2.33899 1.3475
2.33699 1.347
2.33499 1.3465
2.33299 1.346
2.33099 1.3455
2.32899 1.345
2.32699 1.3445
2.32499 1.344
2.32299 1.3435
2.32099 1.343
2.31899 1.3425
2.31699 1.342
2.31499 1.3415
2.31299 1.341
2.31099 1.3405
2.30899 1.34
2.30699 1.3395
2.30499 1.339
2.30299 1.3385
2.30099 1.338
2.29899 1.3375
2.29699 1.337
2.29499 1.3365
2.29299 1.336
2.29099 1.3355
2.28899 1.335
2.28699 1.3345
2.28499 1.334
2.28299 1.3335
2.28099 1.333
2.27899 1.3325
2.27699 1.332
2.27499 1.3315
2.27299 1.331
2.27099 1.3305
2.26899 1.33
2.26699 1.3295
2.26499 1.329
2.26299 1.3285
2.26099 1.328
2.25899 1.3275
2.25699 1.327
2.25499 1.3265
2.25299 1.326
2.25099 1.3255
2.24899 1.325
2.24699 1.3245
2.24499 1.324
2.24299 1.3235
2.24099 1.323
2.23899 1.3225
2.23699 1.322
2.23499 1.3215
2.23299 1.321
2.23099 1.3205
2.22899 1.32
2.22699 1.3195
2.22499 1.319
2.22299 1.3185
2.22099 1.318
2.21899 1.3175
2.21699 1.317
2.21499 1.3165
2.21299 1.316
2.21099 1.3155
2.20899 1.315
2.20699 1.3145
2.20499 1.314
2.20299 1.3135
2.20099 1.313
2.19899 1.3125
2.19699 1.312
2.19499 1.3115
2.19299 1.311
2.19099 1.3105
2.18899 1.31
2.18699 1.3095
2.18499 1.309
2.18299 1.3085
2.18099 1.308
2.17899 1.3075
2.17699 1.307
2.17499 1.3065
2.17299 1.306
2.17099 1.3055
2.16899 1.305
2.16699 1.3045
2.16499 1.304
2.16299 1.3035
2.16099 1.303
2.15899 1.3025
2.15699 1.302
2.15499 1.3015
2.15299 1.301
2.15099 1.3005
2.14899 1.3
2.14699 1.2995
2.14499 1.299
2.14299 1.2985
2.14099 1.298
2.13899 1.2975
2.13699 1.297
2.13499 1.2965
2.13299 1.296
2.13099 1.2955
2.12899 1.295
2.12699 1.2945
2.12499 1.294
2.12299 1.2935
2.12099 1.293
2.11899 1.2925
2.11699 1.292
2.11499 1.2915
2.11299 1.291
2.11099 1.2905
2.10899 1.29
2.10699 1.2895
2.10499 1.289
2.10299 1.2885
2.10099 1.288
2.09899 1.2875
2.09699 1.287
2.09499 1.2865
2.09299 1.286
2.09099 1.2855
2.08899 1.285
2.08699 1.2845
2.08499 1.284
2.08299 1.2835
2.08099 1.283
2.07899 1.2825
2.07699 1.282
2.07499 1.2815
2.07299 1.281
2.07099 1.2805
2.06899 1.28
2.06699 1.2795
2.06499 1.279
2.06299 1.2785
2.06099 1.278
2.05899 1.2775
2.05699 1.277
2.05499 1.2765
2.05299 1.276
2.05099 1.2755
2.04899 1.275
2.04699 1.2745
2.04499 1.274
2.04299 1.2735
2.04099 1.273
2.03899 1.2725
2.03699 1.272
2.03499 1.2715
2.03299 1.271
2.03099 1.2705
2.02899 1.27
2.02699 1.2695
2.02499 1.269
2.02299 1.2685
2.02099 1.268
2.01899 1.2675
2.01699 1.267
2.01499 1.2665
2.01299 1.266
2.01099 1.2655
2.00899 1.265
2.00699 1.2645
2.00499 1.264
2.00299 1.2635
2.00099 1.263
1.99899 1.2625
1.99699 1.262
1.99499 1.2615
1.99299 1.261
1.99099 1.2605
1.98899 1.26
1.98699 1.2595
1.98499 1.259
1.98299 1.2585
1.98099 1.258
1.97899 1.2575
1.97699 1.257
1.97499 1.2565
1.97299 1.256
1.97099 1.2555
1.96899 1.255
1.96699 1.2545
1.96499 1.254
1.96299 1.2535
1.96099 1.253
1.95899 1.2525
1.95699 1.252
1.95499 1.2515
1.95299 1.251
1.95099 1.2505
1.94899 1.25
1.94299 1.2495
1.93699 1.249
1.93099 1.2485
1.92499 1.248
1.91899 1.2475
1.91299 1.247
1.90699 1.2465
1.90099 1.246
1.89499 1.2455
1.88899 1.245
1.88299 1.2445
1.87699 1.244
1.87099 1.2435
1.86499 1.243
1.85899 1.2425
1.85299 1.242
1.84699 1.2415
1.84099 1.241
1.83499 1.2405
1.82899 1.24
1.82299 1.2395
1.81699 1.239
1.81099 1.2385
1.80499 1.238
1.79899 1.2375
1.79299 1.237
1.78699 1.2365
1.78099 1.236
1.77499 1.2355
1.76899 1.235
1.76299 1.2345
1.75699 1.234
1.75099 1.2335
1.74499 1.233
1.73899 1.2325
1.73299 1.232
1.72699 1.2315
1.72099 1.231
1.71499 1.2305
1.70899 1.23
1.70299 1.2295
1.69699 1.229
1.69099 1.2285
1.68499 1.228
1.67899 1.2275
1.67299 1.227
1.66699 1.2265
1.66099 1.226
1.65499 1.2255
1.64899 1.225
1.64299 1.2245
1.63699 1.224
1.63099 1.2235
1.62499 1.223
1.61899 1.2225
1.61299 1.222
1.60699 1.2215
1.60099 1.221
1.59499 1.2205
1.58899 1.22
1.58299 1.2195
1.57699 1.219
1.57099 1.2185
1.56499 1.218
1.55899 1.2175
1.55299 1.217
1.54699 1.2165
1.54099 1.216
1.53499 1.2155
1.52899 1.215
1.52299 1.2145
1.51699 1.214
1.51099 1.2135
1.50499 1.213
1.49899 1.2125
1.49299 1.212
1.48699 1.2115
1.48099 1.211
1.47499 1.2105
1.46899 1.21
1.46299 1.2095
1.45699 1.209
1.45099 1.2085
1.44499 1.208
1.43899 1.2075
1.43299 1.207
1.42699 1.2065
1.42099 1.206
1.41499 1.2055
1.40899 1.205
1.40299 1.2045
1.39699 1.204
1.39099 1.2035
1.38499 1.203
1.37899 1.2025
1.37299 1.202
1.36699 1.2015
1.36099 1.201
1.35499 1.2005
1.34899 1.2
1.34299 1.1995
1.33699 1.199
1.33099 1.1985
1.32499 1.198
1.31899 1.1975
1.31299 1.197
1.30699 1.1965
1.30099 1.196
1.29499 1.1955
1.28899 1.195
1.28299 1.1945
1.27699 1.194
1.27099 1.1935
1.26499 1.193
1.25899 1.1925
1.25299 1.192
1.24699 1.1915
1.24099 1.191
1.23499 1.1905
1.22899 1.19
1.22299 1.1895
1.21699 1.189
1.21099 1.1885
1.20499 1.188
1.19899 1.1875
1.19299 1.187
1.18699 1.1865
1.18099 1.186
1.17499 1.1855
1.16899 1.185
1.16299 1.1845
1.15699 1.184
1.15099 1.1835
1.14499 1.183
1.13899 1.1825
1.13299 1.182
1.12699 1.1815
1.12099 1.181
1.11499 1.1805
1.10899 1.18
1.10299 1.1795
1.09699 1.179
1.09099 1.1785
1.08499 1.178
1.07899 1.1775
1.07299 1.177
1.06699 1.1765
1.06099 1.176
1.05499 1.1755
1.04899 1.175
1.04299 1.1745
1.03699 1.174
1.03099 1.1735
1.02499 1.173
1.01899 1.1725
1.01299 1.172
1.00699 1.1715
1.00099 1.171
0.994986 1.1705
0.988986 1.17
0.982986 1.1695
0.976986 1.169
0.970986 1.1685
0.964986 1.168
0.958986 1.1675
0.952986 1.167
0.946986 1.1665
0.940986 1.166
0.934986 1.1655
0.928986 1.165
0.922986 1.1645
0.916986 1.164
0.910986 1.1635
0.904986 1.163
0.898986 1.1625
0.892986 1.162
0.886986 1.1615
0.880986 1.161
0.874986 1.1605
0.868986 1.16
0.862986 1.1595
0.856986 1.159
0.850986 1.1585
0.844986 1.158
0.838986 1.1575
0.832986 1.157
0.826986 1.1565
0.820986 1.156
0.814986 1.1555
0.808986 1.155
0.802986 1.1545
0.796986 1.154
0.790986 1.1535
0.784986 1.153
0.778986 1.1525
0.772986 1.152
0.766986 1.1515
0.760986 1.151
0.754986 1.1505
0.748986 1.15
0.742986 1.1495
0.736986 1.149
0.730986 1.1485
0.724986 1.148
0.718986 1.1475
0.712986 1.147
0.706986 1.1465
0.700986 1.146
0.694986 1.1455
0.688986 1.145
0.682986 1.1445
0.676986 1.144
0.670986 1.1435
0.664986 1.143
0.658986 1.1425
0.652986 1.142
0.646986 1.1415
0.640986 1.141
0.634986 1.1405
0.628986 1.14
0.622986 1.1395
0.616986 1.139
0.610986 1.1385
0.604986 1.138
0.598986 1.1375
0.592986 1.137
0.586986 1.1365
0.580986 1.136
0.574986 1.1355
0.568986 1.135
0.562986 1.1345
0.556986 1.134
0.550986 1.1335
0.544986 1.133
0.538986 1.1325
0.532986 1.132
0.526986 1.1315
0.520986 1.131
0.514986 1.1305
0.508986 1.13
0.502986 1.1295
0.496986 1.129
0.490986 1.1285
0.484986 1.128
0.478986 1.1275
0.472986 1.127
0.466986 1.1265
0.460986 1.126
0.454986 1.1255
0.448986 1.125
0.442986 1.1245
0.436986 1.124
0.430986 1.1235
0.424986 1.123
0.418986 1.1225
0.412986 1.122
0.406986 1.1215
0.400986 1.121
0.394986 1.1205
0.388986 1.12
0.382986 1.1195
0.376986 1.119
0.370986 1.1185
0.364986 1.118
0.358986 1.1175
0.352986 1.117
0.346986 1.1165
0.340986 1.116
0.334986 1.1155
0.328986 1.115
0.322986 1.1145
0.316986 1.114
0.310986 1.1135
0.304986 1.113
0.298986 1.1125
0.292986 1.112
0.286986 1.1115
0.280986 1.111
0.274986 1.1105
0.268986 1.11
0.262986 1.1095
0.256986 1.109
0.250986 1.1085
0.244986 1.108
0.238986 1.1075
0.232986 1.107
0.226986 1.1065
0.220986 1.106
0.214986 1.1055
0.208986 1.105
0.202986 1.1045
0.196986 1.104
0.190986 1.1035
0.184986 1.103
0.178986 1.1025
0.172986 1.102
0.166986 1.1015
0.160986 1.101
0.154986 1.1005
0.148986 1.1
0.142986 1.0995
0.136986 1.099
0.130986 1.0985
0.124986 1.098
0.118986 1.0975
0.112986 1.097
0.106986 1.0965
0.100986 1.096
0.0949864 1.0955
0.0889864 1.095
0.0829864 1.0945
0.0769864 1.094
0.0709864 1.0935
0.0649864 1.093
0.0589864 1.0925
0.0529864 1.092
0.0469864 1.0915
0.0409864 1.091
0.0349864 1.0905
0.0289864 1.09
0.0229864 1.0895
0.0169864 1.089
0.0109864 1.0885
0.00498637 1.088
-0.00101363 1.0875
-0.00701363 1.087
-0.0130136 1.0865
-0.0190136 1.086
-0.0250136 1.0855
-0.0310136 1.085
-0.0370136 1.0845
-0.0430136 1.084
-0.0490136 1.0835
-0.0550136 1.083
-0.0610136 1.0825
-0.0670136 1.082
-0.0730136 1.0815
-0.0790136 1.081
-0.0850136 1.0805
-0.0910136 1.08
-0.0970136 1.0795
-0.103014 1.079
-0.109014 1.0785
-0.115014 1.078
-0.121014 1.0775
-0.127014 1.077
-0.133014 1.0765
-0.139014 1.076
-0.145014 1.0755
-0.151014 1.075
-0.157014 1.0745
-0.163014 1.074
-0.169014 1.0735
-0.175014 1.073
-0.181014 1.0725
-0.187014 1.072
-0.193014 1.0715
-0.199014 1.071
-0.205014 1.0705
-0.211014 1.07
-0.217014 1.0695
-0.223014 1.069
-0.229014 1.0685
-0.235014 1.068
-0.241014 1.0675
-0.247014 1.067
-0.253014 1.0665
-0.259014 1.066
-0.265014 1.0655
-0.271014 1.065
-0.277014 1.0645
-0.283014 1.064
-0.289014 1.0635
-0.295014 1.063
-0.301014 1.0625
-0.307014 1.062
-0.313014 1.0615
-0.319014 1.061
-0.325014 1.0605
-0.331014 1.06
-0.337014 1.0595
-0.343014 1.059
-0.349014 1.0585
-0.355014 1.058
-0.361014 1.0575
-0.367014 1.057
-0.373014 1.0565
-0.379014 1.056
-0.385014 1.0555
-0.391014 1.055
-0.397014 1.0545
-0.403014 1.054
-0.409014 1.0535
-0.415014 1.053
-0.421014 1.0525
-0.427014 1.052
-0.433014 1.0515
-0.439014 1.051
-0.445014 1.0505
-0.451014 1.05
-0.457014 1.0495
-0.463014 1.049
-0.469014 1.0485
-0.475014 1.048
-0.481014 1.0475
-0.487014 1.047
-0.493014 1.0465
-0.499014 1.046
-0.505014 1.0455
-0.511014 1.045
-0.517014 1.0445
-0.523014 1.044
-0.529014 1.0435
-0.535014 1.043
-0.541014 1.0425
-0.547051 1.042
-0.553199 1.0415
-0.554199 1.041
-0.558973 1.0405
-0.555448 1.04
-0.558304 1.0395
-0.555888 1.039
-0.557982 1.0385
-0.55614 1.038
-0.557777 1.0375
-0.558777 1.037
-0.557586 1.0365
-0.559003 1.036
-0.557303 1.0355
-0.559381 1.035
-0.55674 1.0345
-0.560428 1.034
-0.552799 1.0335
-0.551799 1.033
-0.550799 1.0325
-0.549751 1.032
-0.550799 1.0315
-0.551799 1.031
-0.550799 1.0305
-0.549782 1.03
-0.550782 1.0295
-0.551805 1.029
-0.550798 1.0285
-0.549798 1.028
-0.550798 1.0275
-0.551803 1.027
-0.550803 1.0265
-0.549775 1.026
-0.550775 1.0255
-0.551782 1.025
-0.550775 1.0245
-0.549775 1.024
-0.550775 1.0235
-0.551775 1.023
-0.550775 1.0225
-0.54977 1.022
-0.55077 1.0215
-0.551772 1.021
-0.550772 1.0205
-0.549772 1.02
-0.550772 1.0195
-0.551772 1.019
-0.550772 1.0185
-0.549772 1.018
-0.550772 1.0175
-0.551772 1.017
-0.550772 1.0165
-0.549772 1.016
-0.550772 1.0155
-0.551772 1.015
-0.550772 1.0145
-0.549772 1.014
-0.550772 1.0135
-0.551772 1.013
-0.550772 1.0125
-0.549772 1.012
-0.550772 1.0115
-0.551772 1.011
-0.550768 1.0105
-0.549768 1.01
-0.550783 1.0095
-0.551783 1.009
-0.550755 1.0085
-0.549755 1.008
-0.550796 1.0075
-0.551796 1.007
-0.550796 1.0065
-0.549796 1.006
-0.550868 1.0055
-0.551868 1.005
-0.552868 1.0045
-0.566031 1.004
-0.561927 1.0035
-0.564772 1.003
-0.562542 1.0025
-0.56438 1.002
-0.562826 1.0015
-0.56416 1.001
-0.563006 1.0005
-0.564006 1
