Man
0 0
0 0.001
0 0.002
0 0.003
0 0.004
0 0.005
0 0.006
0 0.007
0 0.008
0 0.009
0 0.01
0 0.011
0 0.012
0 0.013
0 0.014
0 0.015
0 0.016
0 0.017
0 0.018
0 0.019
0 0.02
0 0.021
0 0.022
0 0.023
0 0.024
0 0.025
0 0.026
0 0.027
0 0.028
0 0.029
0 0.03
0 0.031
0 0.032
0 0.033
0 0.034
0 0.035
0 0.036
0 0.037
0 0.038
0 0.039
0 0.04
0 0.041
0 0.042
0 0.043
0 0.044
0 0.045
0 0.046
0 0.047
0 0.048
0 0.049
0 0.05
0 0.051
0 0.052
0 0.053
0 0.054
0 0.055
0 0.056
0 0.057
0 0.058
0 0.059
0 0.06
0 0.061
0 0.062
0 0.063
0 0.064
0 0.065
0 0.066
0 0.067
0 0.068
0 0.069
0 0.07
0 0.071
0 0.072
0 0.073
0 0.074
0 0.075
0 0.076
0 0.077
0 0.078
0 0.079
0 0.08
0 0.081
0 0.082
0 0.083
0 0.084
-0.0488952 0.085
-0.146686 0.086
-0.342267 0.087
-0.440045 0.088
-0.488821 0.089
-0.488581 0.09
-0.488173 0.091
-0.48797 0.092
-0.487874 0.093
-0.487874 0.094
-0.487874 0.095
-0.487874 0.096
-0.487874 0.097
-0.487874 0.098
-0.487874 0.099
-0.487874 0.1
-0.487874 0.101
-0.487874 0.102
-0.487874 0.103
-0.487874 0.104
-0.487874 0.105
-0.487874 0.106
-0.487874 0.107
-0.487874 0.108
-0.487874 0.109
-0.487874 0.11
-0.487874 0.111
-0.487874 0.112
-0.487874 0.113
-0.487874 0.114
-0.487874 0.115
-0.487874 0.116
-0.487874 0.117
-0.487874 0.118
-0.487874 0.119
-0.46333 0.12
-0.414243 0.121
-0.316068 0.122
-0.266981 0.123
-0.242437 0.124
-0.242437 0.125
-0.242437 0.126
-0.242437 0.127
-0.242437 0.128
-0.242437 0.129
-0.242437 0.13
-0.242437 0.131
-0.242437 0.132
-0.242437 0.133
-0.242437 0.134
-0.239369 0.135
-0.233233 0.136
-0.220961 0.137
-0.208689 0.138
-0.19335 0.139
-0.168806 0.14
-0.156534 0.141
-0.150398 0.142
-0.14733 0.143
-0.141194 0.144
-0.128922 0.145
-0.122786 0.146
-0.119718 0.147
-0.119718 0.148
-0.119718 0.149
-0.119718 0.15
-0.119718 0.151
-0.11665 0.152
-0.110515 0.153
-0.0982427 0.154
-0.0890388 0.155
-0.0798349 0.156
-0.0675631 0.157
-0.0614272 0.158
-0.0583592 0.159
-0.0552912 0.16
-0.0491553 0.161
-0.0368835 0.162
-0.0307475 0.163
-0.0276796 0.164
-0.0246116 0.165
-0.0184757 0.166
-0.00620385 0.167
-6.79262e-05 0.168
0.006068 0.169
0.0122039 0.17
0.0244758 0.171
0.0306117 0.172
0.0366278 0.173
0.042524 0.174
0.0543165 0.175
0.0602127 0.176
0.0646948 0.177
0.0677628 0.178
0.0738987 0.179
0.0769667 0.18
0.0811851 0.181
0.0865541 0.182
0.0972919 0.183
0.102661 0.184
0.105345 0.185
0.10797 0.186
0.113219 0.187
0.123717 0.188
0.128966 0.189
0.131591 0.19
0.133125 0.191
0.136193 0.192
0.142329 0.193
0.145397 0.194
0.146931 0.195
0.148465 0.196
0.151533 0.197
0.157668 0.198
0.160736 0.199
0.16227 0.2
0.163804 0.201
0.166872 0.202
0.173008 0.203
0.176076 0.204
0.17761 0.205
0.179144 0.206
0.182212 0.207
0.188348 0.208
0.191416 0.209
0.19295 0.21
0.194484 0.211
0.197552 0.212
0.203688 0.213
0.206756 0.214
0.20829 0.215
0.209824 0.216
0.212892 0.217
0.219028 0.218
0.222096 0.219
0.22363 0.22
0.225163 0.221
0.22823 0.222
0.234363 0.223
0.23743 0.224
0.238963 0.225
0.240402 0.226
0.243278 0.227
0.24903 0.228
0.251906 0.229
0.253345 0.23
0.254687 0.231
0.257371 0.232
0.26274 0.233
0.265425 0.234
0.266767 0.235
0.266767 0.236
0.266767 0.237
0.266767 0.238
0.266767 0.239
0.266767 0.24
0.266767 0.241
0.266767 0.242
0.266767 0.243
0.266767 0.244
0.266767 0.245
0.266767 0.246
0.266767 0.247
0.266767 0.248
0.266767 0.249
0.266767 0.25
0.266767 0.251
0.266767 0.252
0.266767 0.253
0.266767 0.254
0.266767 0.255
0.266767 0.256
0.266767 0.257
0.266767 0.258
0.266767 0.259
0.266767 0.26
0.266767 0.261
0.266767 0.262
0.266767 0.263
0.266767 0.264
0.266767 0.265
0.266767 0.266
0.266767 0.267
0.266767 0.268
0.266767 0.269
0.266767 0.27
0.266767 0.271
0.266767 0.272
0.266767 0.273
0.266767 0.274
0.266767 0.275
0.266767 0.276
0.266767 0.277
0.266767 0.278
0.266767 0.279
0.266767 0.28
0.266767 0.281
0.266767 0.282
0.266767 0.283
0.266767 0.284
0.266767 0.285
0.266767 0.286
0.266767 0.287
0.266767 0.288
0.266767 0.289
0.266767 0.29
0.266767 0.291
0.266767 0.292
0.266767 0.293
0.266767 0.294
0.266767 0.295
0.266767 0.296
0.266767 0.297
0.266767 0.298
0.266767 0.299
0.266767 0.3
0.266767 0.301
0.266767 0.302
0.266767 0.303
0.266767 0.304
0.266767 0.305
0.266767 0.306
0.266767 0.307
0.266767 0.308
0.266767 0.309
0.266767 0.31
0.266767 0.311
0.266767 0.312
0.266767 0.313
0.266767 0.314
0.266767 0.315
0.266767 0.316
0.266767 0.317
0.266767 0.318
0.266767 0.319
0.266767 0.32
0.266767 0.321
0.266767 0.322
0.266767 0.323
0.266767 0.324
0.266767 0.325
0.266767 0.326
0.266767 0.327
0.266767 0.328
0.266767 0.329
0.266767 0.33
0.266767 0.331
0.266767 0.332
0.266767 0.333
0.266767 0.334
0.266767 0.335
0.266767 0.336
0.266767 0.337
0.266767 0.338
0.266767 0.339
0.266767 0.34
0.266767 0.341
0.266767 0.342
0.266767 0.343
0.266767 0.344
0.266767 0.345
0.266767 0.346
0.266767 0.347
0.266767 0.348
0.266767 0.349
0.266767 0.35
0.266767 0.351
0.266767 0.352
0.266767 0.353
0.266767 0.354
0.266767 0.355
0.266767 0.356
0.266767 0.357
0.266767 0.358
0.266767 0.359
0.266767 0.36
0.266767 0.361
0.266767 0.362
0.266767 0.363
0.266767 0.364
0.266767 0.365
0.266767 0.366
0.266767 0.367
0.266767 0.368
0.266767 0.369
0.266767 0.37
0.266767 0.371
0.266767 0.372
0.266767 0.373
0.266767 0.374
0.266767 0.375
0.266767 0.376
0.266767 0.377
0.266767 0.378
0.266767 0.379
0.266767 0.38
0.266767 0.381
0.266767 0.382
0.266767 0.383
0.266767 0.384
0.266767 0.385
0.266767 0.386
0.266767 0.387
0.266767 0.388
0.266767 0.389
0.266767 0.39
0.266767 0.391
0.266767 0.392
0.266767 0.393
0.266767 0.394
0.266767 0.395
0.266767 0.396
0.266767 0.397
0.266767 0.398
0.266767 0.399
0.266767 0.4
0.266767 0.401
0.266767 0.402
0.266767 0.403
0.266767 0.404
0.266767 0.405
0.266767 0.406
0.266767 0.407
0.266767 0.408
0.266767 0.409
0.266767 0.41
0.266767 0.411
0.266767 0.412
0.266767 0.413
0.266767 0.414
0.266767 0.415
0.266767 0.416
0.266767 0.417
0.266767 0.418
0.266767 0.419
0.266767 0.42
0.266767 0.421
0.266767 0.422
0.266767 0.423
0.266767 0.424
0.266767 0.425
0.266767 0.426
0.266767 0.427
0.266767 0.428
0.266767 0.429
0.266767 0.43
0.266767 0.431
0.266767 0.432
0.266767 0.433
0.266767 0.434
0.266767 0.435
0.266767 0.436
0.266767 0.437
0.266767 0.438
0.266767 0.439
0.266767 0.44
0.266767 0.441
0.266767 0.442
0.266767 0.443
0.266767 0.444
0.266767 0.445
0.266767 0.446
0.266767 0.447
0.266767 0.448
0.266767 0.449
0.266767 0.45
0.266767 0.451
0.266767 0.452
0.266767 0.453
0.266767 0.454
0.266767 0.455
0.266767 0.456
0.266767 0.457
0.266767 0.458
0.266767 0.459
0.266767 0.46
0.266767 0.461
0.266767 0.462
0.266767 0.463
0.266767 0.464
0.266767 0.465
0.266767 0.466
0.266767 0.467
0.266767 0.468
0.266767 0.469
0.266767 0.47
0.266767 0.471
0.266767 0.472
0.266767 0.473
0.266767 0.474
0.266767 0.475
0.266767 0.476
0.266767 0.477
0.266767 0.478
0.266767 0.479
0.266767 0.48
0.266767 0.481
0.266767 0.482
0.266767 0.483
0.266767 0.484
0.266767 0.485
0.266767 0.486
0.266767 0.487
0.266767 0.488
0.266767 0.489
0.266767 0.49
0.266767 0.491
0.266767 0.492
0.266767 0.493
0.266767 0.494
0.266767 0.495
0.266767 0.496
0.266767 0.497
0.266767 0.498
0.266767 0.499
0.266767 0.5
0.266767 0.501
0.266767 0.502
0.266767 0.503
0.266767 0.504
0.266767 0.505
0.266767 0.506
0.266767 0.507
0.266767 0.508
0.266767 0.509
0.266767 0.51
0.266767 0.511
0.266767 0.512
0.266767 0.513
0.266767 0.514
0.266767 0.515
0.266767 0.516
0.266767 0.517
0.266767 0.518
0.266767 0.519
0.266767 0.52
0.266767 0.521
0.266767 0.522
0.266767 0.523
0.266767 0.524
0.266767 0.525
0.266767 0.526
0.266767 0.527
0.266767 0.528
0.266767 0.529
0.266767 0.53
0.266767 0.531
0.266767 0.532
0.266767 0.533
0.266767 0.534
0.266767 0.535
0.266767 0.536
0.266767 0.537
0.266767 0.538
0.266767 0.539
0.266767 0.54
0.266767 0.541
0.266767 0.542
0.266767 0.543
0.266767 0.544
0.266767 0.545
0.266767 0.546
0.266767 0.547
0.266767 0.548
0.266767 0.549
0.266767 0.55
0.266767 0.551
0.266767 0.552
0.266767 0.553
0.266767 0.554
0.266767 0.555
0.266767 0.556
0.266767 0.557
0.266767 0.558
0.266767 0.559
0.266767 0.56
0.266767 0.561
0.266767 0.562
0.266767 0.563
0.266767 0.564
0.266767 0.565
0.266767 0.566
0.266767 0.567
0.266767 0.568
0.266767 0.569
0.266767 0.57
0.266767 0.571
0.266767 0.572
0.266767 0.573
0.266767 0.574
0.266767 0.575
0.266767 0.576
0.266767 0.577
0.266767 0.578
0.266767 0.579
0.266767 0.58
0.266767 0.581
0.266767 0.582
0.266767 0.583
0.266767 0.584
0.266767 0.585
0.266767 0.586
0.266767 0.587
0.266767 0.588
0.266767 0.589
0.266767 0.59
0.266767 0.591
0.266767 0.592
0.266767 0.593
0.266767 0.594
0.266767 0.595
0.266767 0.596
0.266767 0.597
0.266767 0.598
0.266767 0.599
0.266767 0.6
0.266767 0.601
0.266767 0.602
0.266767 0.603
0.266767 0.604
0.266767 0.605
0.266767 0.606
0.266767 0.607
0.266767 0.608
0.266767 0.609
0.266767 0.61
0.266767 0.611
0.266767 0.612
0.266767 0.613
0.266767 0.614
0.266767 0.615
0.266767 0.616
0.266767 0.617
0.266767 0.618
0.266767 0.619
0.266767 0.62
0.266767 0.621
0.266767 0.622
0.266767 0.623
0.266767 0.624
0.266767 0.625
0.266767 0.626
0.266767 0.627
0.266767 0.628
0.266767 0.629
0.266767 0.63
0.266767 0.631
0.266767 0.632
0.266767 0.633
0.266767 0.634
0.266767 0.635
0.266767 0.636
0.266767 0.637
0.266767 0.638
0.266767 0.639
0.266767 0.64
0.266767 0.641
0.266767 0.642
0.266767 0.643
0.266767 0.644
0.266767 0.645
0.266767 0.646
0.266767 0.647
0.266767 0.648
0.266767 0.649
0.266767 0.65
0.266767 0.651
0.266767 0.652
0.266767 0.653
0.266767 0.654
0.266767 0.655
0.266767 0.656
0.266767 0.657
0.266767 0.658
0.266767 0.659
0.266767 0.66
0.266767 0.661
0.266767 0.662
0.266767 0.663
0.266767 0.664
0.266767 0.665
0.266767 0.666
0.266767 0.667
0.266767 0.668
0.266767 0.669
0.266767 0.67
0.266767 0.671
0.266767 0.672
0.266767 0.673
0.266767 0.674
0.266767 0.675
0.266767 0.676
0.266767 0.677
0.266767 0.678
0.266767 0.679
0.266767 0.68
0.266767 0.681
0.266767 0.682
0.266767 0.683
0.266767 0.684
0.266767 0.685
0.266767 0.686
0.266767 0.687
0.266767 0.688
0.266767 0.689
0.266767 0.69
0.266767 0.691
0.266767 0.692
0.266767 0.693
0.266767 0.694
0.266767 0.695
0.266767 0.696
0.266767 0.697
0.266767 0.698
0.266767 0.699
0.266767 0.7
0.266767 0.701
0.266767 0.702
0.266767 0.703
0.266767 0.704
0.266767 0.705
0.266767 0.706
0.266767 0.707
0.266767 0.708
0.266767 0.709
0.266767 0.71
0.266767 0.711
0.266767 0.712
0.266767 0.713
0.266767 0.714
0.266767 0.715
0.266767 0.716
0.266767 0.717
0.266767 0.718
0.266767 0.719
0.266767 0.72
0.266767 0.721
0.266767 0.722
0.266767 0.723
0.266767 0.724
0.266767 0.725
0.266767 0.726
0.266767 0.727
0.266767 0.728
0.266767 0.729
0.266767 0.73
0.266767 0.731
0.266767 0.732
0.266767 0.733
0.266767 0.734
0.266767 0.735
0.266767 0.736
0.266767 0.737
0.266767 0.738
0.266767 0.739
0.266767 0.74
0.266767 0.741
0.266767 0.742
0.266767 0.743
0.266767 0.744
0.266767 0.745
0.266767 0.746
0.266767 0.747
0.266767 0.748
0.266767 0.749
0.266767 0.75
0.266767 0.751
0.266767 0.752
0.266767 0.753
0.266767 0.754
0.266767 0.755
0.266767 0.756
0.266767 0.757
0.266767 0.758
0.266767 0.759
0.266767 0.76
0.266767 0.761
0.266767 0.762
0.266767 0.763
0.266767 0.764
0.266767 0.765
0.266767 0.766
0.266767 0.767
0.266767 0.768
0.266767 0.769
0.266767 0.77
0.266767 0.771
0.266767 0.772
0.266767 0.773
0.266767 0.774
0.266767 0.775
0.266767 0.776
0.266767 0.777
0.266767 0.778
0.266767 0.779
0.266767 0.78
0.266767 0.781
0.266767 0.782
0.266767 0.783
0.266767 0.784
0.266767 0.785
0.266767 0.786
0.266767 0.787
0.266767 0.788
0.266767 0.789
0.266767 0.79
0.266767 0.791
0.266767 0.792
0.266767 0.793
0.266767 0.794
0.266767 0.795
0.266767 0.796
0.266767 0.797
0.266767 0.798
0.266767 0.799
0.266767 0.8
0.266767 0.801
0.266767 0.802
0.266767 0.803
0.266767 0.804
0.266767 0.805
0.266767 0.806
0.266767 0.807
0.266767 0.808
0.266767 0.809
0.266767 0.81
0.266767 0.811
0.266767 0.812
0.266767 0.813
0.266767 0.814
0.266767 0.815
0.266767 0.816
0.266767 0.817
0.266767 0.818
0.266767 0.819
0.266767 0.82
0.266767 0.821
0.266767 0.822
0.266767 0.823
0.266767 0.824
0.266767 0.825
0.266767 0.826
0.266767 0.827
0.266767 0.828
0.266767 0.829
0.266767 0.83
0.266767 0.831
0.266767 0.832
0.266767 0.833
0.266767 0.834
0.266767 0.835
0.266767 0.836
0.266767 0.837
0.266767 0.838
0.266767 0.839
0.266767 0.84
0.266767 0.841
0.266767 0.842
0.266767 0.843
0.266767 0.844
0.266767 0.845
0.266767 0.846
0.266767 0.847
0.266767 0.848
0.266767 0.849
0.266767 0.85
0.266767 0.851
0.266767 0.852
0.266767 0.853
0.266767 0.854
0.266767 0.855
0.266767 0.856
0.266767 0.857
0.266767 0.858
0.266767 0.859
0.266767 0.86
0.266767 0.861
0.266767 0.862
0.266767 0.863
0.266767 0.864
0.266767 0.865
0.266767 0.866
0.266767 0.867
0.266767 0.868
0.266767 0.869
0.266767 0.87
0.266767 0.871
0.266767 0.872
0.266767 0.873
0.266767 0.874
0.266767 0.875
0.266767 0.876
0.266767 0.877
0.266767 0.878
0.266767 0.879
0.266767 0.88
0.266767 0.881
0.266767 0.882
0.266767 0.883
0.266767 0.884
0.266767 0.885
0.266767 0.886
0.266767 0.887
0.266767 0.888
0.266767 0.889
0.266767 0.89
0.266767 0.891
0.266767 0.892
0.266767 0.893
0.266767 0.894
0.266767 0.895
0.266767 0.896
0.266767 0.897
0.266767 0.898
0.266767 0.899
0.266767 0.9
0.266767 0.901
0.266767 0.902
0.266767 0.903
0.266767 0.904
0.266767 0.905
0.266767 0.906
0.266767 0.907
0.266767 0.908
0.266767 0.909
0.266767 0.91
0.266767 0.911
0.266767 0.912
0.266767 0.913
0.266767 0.914
0.266767 0.915
0.266767 0.916
0.266767 0.917
0.266767 0.918
0.266767 0.919
0.266767 0.92
0.266767 0.921
0.266767 0.922
0.266767 0.923
0.266767 0.924
0.266767 0.925
0.266767 0.926
0.266767 0.927
0.266767 0.928
0.266767 0.929
0.266767 0.93
0.266767 0.931
0.266767 0.932
0.266767 0.933
0.266767 0.934
0.266767 0.935
0.266767 0.936
0.266767 0.937
0.266767 0.938
0.266767 0.939
0.266767 0.94
0.266767 0.941
0.266767 0.942
0.266767 0.943
0.266767 0.944
0.266767 0.945
0.266767 0.946
0.266767 0.947
0.266767 0.948
0.266767 0.949
0.266767 0.95
0.266767 0.951
0.266767 0.952
0.266767 0.953
0.266767 0.954
0.266767 0.955
0.266767 0.956
0.266767 0.957
0.266767 0.958
0.266767 0.959
0.266767 0.96
0.266767 0.961
0.266767 0.962
0.266767 0.963
0.266767 0.964
0.266767 0.965
0.266767 0.966
0.266767 0.967
0.266767 0.968
0.266767 0.969
0.266767 0.97
0.266767 0.971
0.266767 0.972
0.266767 0.973
0.266767 0.974
0.266767 0.975
0.266767 0.976
0.266767 0.977
0.266767 0.978
0.266767 0.979
0.266767 0.98
0.266767 0.981
0.266767 0.982
0.266767 0.983
0.266767 0.984
0.266767 0.985
0.266767 0.986
0.266767 0.987
0.266767 0.988
0.266767 0.989
0.266767 0.99
0.266768 0.991
0.266768 0.992
0.266768 0.993
0.266765 0.994
0.267456 0.995
0.268456 0.996
0.26966 0.997
0.26866 0.998
0.266885 0.999
0.267885 1


Shark
3.14159 1.5
3.13759 1.4995
3.13359 1.499
3.12959 1.4985
3.12559 1.498
3.12159 1.4975
3.11759 1.497
3.11359 1.4965
3.10959 1.496
3.10559 1.4955
3.10159 1.495
3.09759 1.4945
3.09359 1.494
3.08959 1.4935
3.08559 1.493
3.08159 1.4925
3.07759 1.492
3.07359 1.4915
3.06959 1.491
3.06559 1.4905
3.06159 1.49
3.05759 1.4895
3.05359 1.489
3.04959 1.4885
3.04559 1.488
3.04159 1.4875
3.03759 1.487
3.03359 1.4865
3.02959 1.486
3.02559 1.4855
3.02159 1.485
3.01759 1.4845
3.01359 1.484
3.00959 1.4835
3.00559 1.483
3.00159 1.4825
2.99759 1.482
2.99359 1.4815
2.98959 1.481
2.98559 1.4805
2.98159 1.48
2.97759 1.4795
2.97359 1.479
2.96959 1.4785
2.96559 1.478
2.96159 1.4775
2.95759 1.477
2.95359 1.4765
2.94959 1.476
2.94559 1.4755
2.94159 1.475
2.93759 1.4745
2.93359 1.474
2.92959 1.4735
2.92559 1.473
2.92159 1.4725
2.91759 1.472
2.91359 1.4715
2.90959 1.471
2.90559 1.4705
2.90159 1.47
2.89759 1.4695
2.89359 1.469
2.88959 1.4685
2.88559 1.468
2.88159 1.4675
2.87759 1.467
2.87359 1.4665
2.86959 1.466
2.86559 1.4655
2.86159 1.465
2.85759 1.4645
2.85359 1.464
2.84959 1.4635
2.84559 1.463
2.84159 1.4625
2.83759 1.462
2.83359 1.4615
2.82959 1.461
2.82559 1.4605
2.82159 1.46
2.81759 1.4595
2.81359 1.459
2.80959 1.4585
2.80559 1.458
2.78859 1.4575
2.75492 1.457
2.68724 1.4565
2.6528 1.456
2.67052 1.4555
2.67452 1.455
2.67853 1.4545
2.68253 1.454
2.68653 1.4535
2.69053 1.453
2.69453 1.4525
2.69853 1.452
2.70253 1.4515
2.70653 1.451
2.71053 1.4505
2.71453 1.45
2.71853 1.4495
2.72253 1.449
2.72653 1.4485
2.73053 1.448
2.73453 1.4475
2.73853 1.447
2.74253 1.4465
2.74653 1.446
2.75053 1.4455
2.75453 1.445
2.75853 1.4445
2.76253 1.444
2.76653 1.4435
2.77053 1.443
2.77453 1.4425
2.77853 1.442
2.78253 1.4415
2.78653 1.441
2.79053 1.4405
2.80292 1.44
2.82691 1.4395
2.87478 1.439
2.89916 1.4385
2.91192 1.438
2.91592 1.4375
2.91992 1.437
2.92392 1.4365
2.92792 1.436
2.93192 1.4355
2.93592 1.435
2.93992 1.4345
2.94392 1.434
2.94792 1.4335
2.95192 1.433
2.95625 1.4325
2.96145 1.432
2.96926 1.4315
2.9771 1.431
2.98649 1.4305
3.00076 1.43
3.00873 1.4295
3.01403 1.429
3.0184 1.4285
3.02373 1.428
3.03187 1.4275
3.03723 1.427
3.04162 1.4265
3.04562 1.426
3.04962 1.4255
3.05362 1.425
3.05762 1.4245
3.06203 1.424
3.06751 1.4235
3.07604 1.423
3.08299 1.4225
3.08997 1.422
3.09863 1.4215
3.1042 1.421
3.10865 1.4205
3.1131 1.42
3.11871 1.4195
3.12759 1.419
3.13324 1.4185
3.13772 1.418
3.1422 1.4175
3.1479 1.417
3.157 1.4165
3.16273 1.416
3.16849 1.4155
3.17426 1.415
3.18353 1.4145
3.18934 1.414
3.1951 1.4135
3.20083 1.413
3.20998 1.4125
3.21573 1.412
3.22083 1.4115
3.22539 1.411
3.23132 1.4105
3.23589 1.41
3.24092 1.4095
3.2465 1.409
3.2553 1.4085
3.26092 1.408
3.26538 1.4075
3.26983 1.407
3.27543 1.4065
3.28426 1.406
3.28988 1.4055
3.29435 1.405
3.29852 1.4045
3.30316 1.404
3.30935 1.4035
3.314 1.403
3.31818 1.4025
3.32235 1.402
3.32702 1.4015
3.33331 1.401
3.33799 1.4005
3.34217 1.4
3.34636 1.3995
3.35106 1.399
3.35744 1.3985
3.36216 1.398
3.36635 1.3975
3.37054 1.397
3.37528 1.3965
3.38175 1.396
3.3865 1.3955
3.3907 1.395
3.39491 1.3945
3.39967 1.394
3.40625 1.3935
3.41103 1.393
3.41524 1.3925
3.41945 1.392
3.42425 1.3915
3.43093 1.391
3.43574 1.3905
3.43996 1.39
3.44418 1.3895
3.44902 1.389
3.45579 1.3885
3.46064 1.388
3.46487 1.3875
3.46907 1.387
3.47385 1.3865
3.48043 1.386
3.48522 1.3855
3.48943 1.385
3.49362 1.3845
3.49833 1.384
3.50473 1.3835
3.50945 1.383
3.51364 1.3825
3.51764 1.382
3.52164 1.3815
3.52564 1.381
3.52964 1.3805
3.53364 1.38
3.53764 1.3795
3.54164 1.379
3.54564 1.3785
3.54964 1.378
3.55364 1.3775
3.55764 1.377
3.56164 1.3765
3.56564 1.376
3.56964 1.3755
3.57364 1.375
3.57764 1.3745
3.58164 1.374
3.58564 1.3735
3.58964 1.373
3.59364 1.3725
3.59764 1.372
3.60164 1.3715
3.60564 1.371
3.60964 1.3705
3.61364 1.37
3.61764 1.3695
3.62164 1.369
3.62564 1.3685
3.62964 1.368
3.63364 1.3675
3.63764 1.367
3.64164 1.3665
3.64564 1.366
3.64964 1.3655
3.65364 1.365
3.65764 1.3645
3.66164 1.364
3.66564 1.3635
3.66964 1.363
3.67364 1.3625
3.67764 1.362
3.68164 1.3615
3.68564 1.361
3.68964 1.3605
3.69364 1.36
3.69764 1.3595
3.70164 1.359
3.70564 1.3585
3.70964 1.358
3.71364 1.3575
3.71764 1.357
3.72164 1.3565
3.72564 1.356
3.72964 1.3555
3.73364 1.355
3.73764 1.3545
3.74164 1.354
3.74564 1.3535
3.74964 1.353
3.75364 1.3525
3.75764 1.352
3.76164 1.3515
3.76564 1.351
3.76964 1.3505
3.77364 1.35
3.77764 1.3495
3.78164 1.349
3.78564 1.3485
3.78964 1.348
3.79364 1.3475
3.79764 1.347
3.80164 1.3465
3.80564 1.346
3.80964 1.3455
3.81364 1.345
3.81764 1.3445
3.82164 1.344
3.82564 1.3435
3.82964 1.343
3.83364 1.3425
3.83764 1.342
3.84164 1.3415
3.84564 1.341
3.84964 1.3405
3.85364 1.34
3.85764 1.3395
3.86164 1.339
3.86564 1.3385
3.86964 1.338
3.87364 1.3375
3.87764 1.337
3.88164 1.3365
3.88564 1.336
3.88964 1.3355
3.89364 1.335
3.89764 1.3345
3.90164 1.334
3.90564 1.3335
3.90964 1.333
3.91364 1.3325
3.91764 1.332
3.92164 1.3315
3.92564 1.331
3.92964 1.3305
3.93364 1.33
3.93764 1.3295
3.94164 1.329
3.94564 1.3285
3.94964 1.328
3.95364 1.3275
3.95764 1.327
3.96164 1.3265
3.96564 1.326
3.96964 1.3255
3.97364 1.325
3.97764 1.3245
3.98164 1.324
3.98564 1.3235
3.98964 1.323
3.99364 1.3225
3.99764 1.322
4.00164 1.3215
4.00564 1.321
4.00964 1.3205
4.01364 1.32
4.01764 1.3195
4.02164 1.319
4.02564 1.3185
4.02964 1.318
4.03364 1.3175
4.03764 1.317
4.04164 1.3165
4.04564 1.316
4.04964 1.3155
4.05364 1.315
4.05764 1.3145
4.06164 1.314
4.06564 1.3135
4.06964 1.313
4.07364 1.3125
4.07764 1.312
4.08164 1.3115
4.08564 1.311
4.08964 1.3105
4.09364 1.31
4.09764 1.3095
4.10164 1.309
4.10564 1.3085
4.10964 1.308
4.11364 1.3075
4.11764 1.307
4.12164 1.3065
4.12564 1.306
4.12964 1.3055
4.13364 1.305
4.13764 1.3045
4.14164 1.304
4.14564 1.3035
4.14964 1.303
4.15364 1.3025
4.15764 1.302
4.16164 1.3015
4.16564 1.301
4.16964 1.3005
4.17364 1.3
4.17764 1.2995
4.18164 1.299
4.18564 1.2985
4.18964 1.298
4.19364 1.2975
4.19764 1.297
4.20164 1.2965
4.20564 1.296
4.20964 1.2955
4.21364 1.295
4.21764 1.2945
4.22164 1.294
4.22564 1.2935
4.22964 1.293
4.23364 1.2925
4.23764 1.292
4.24164 1.2915
4.24564 1.291
4.24964 1.2905
4.25364 1.29
4.25764 1.2895
4.26164 1.289
4.26564 1.2885
4.26964 1.288
4.27364 1.2875
4.27764 1.287
4.28164 1.2865
4.28564 1.286
4.28964 1.2855
4.29364 1.285
4.29764 1.2845
4.30164 1.284
4.30564 1.2835
4.30964 1.283
4.31364 1.2825
4.31764 1.282
4.32164 1.2815
4.32564 1.281
4.32964 1.2805
4.33364 1.28
4.33764 1.2795
4.34164 1.279
4.34564 1.2785
4.34964 1.278
4.35364 1.2775
4.35764 1.277
4.36164 1.2765
4.36564 1.276
4.36964 1.2755
4.37364 1.275
4.37764 1.2745
4.38164 1.274
4.38564 1.2735
4.38964 1.273
4.39364 1.2725
4.39764 1.272
4.40164 1.2715
4.40564 1.271
4.40964 1.2705
4.41364 1.27
4.41764 1.2695
4.42164 1.269
4.42564 1.2685
4.42964 1.268
4.43364 1.2675
4.43764 1.267
4.44164 1.2665
4.44564 1.266
4.44964 1.2655
4.45364 1.265
4.45764 1.2645
4.46164 1.264
4.46564 1.2635
4.46964 1.263
4.47364 1.2625
4.47764 1.262
4.48164 1.2615
4.48564 1.261
4.48964 1.2605
4.49364 1.26
4.49764 1.2595
4.50164 1.259
4.50564 1.2585
4.50964 1.258
4.51364 1.2575
4.51764 1.257
4.52164 1.2565
4.52564 1.256
4.52964 1.2555
4.53364 1.255
4.53764 1.2545
4.54164 1.254
4.54564 1.2535
4.54964 1.253
4.55364 1.2525
4.55764 1.252
4.56164 1.2515
4.56564 1.251
4.56964 1.2505
4.57364 1.25
4.57764 1.2495
4.58164 1.249
4.58564 1.2485
4.58964 1.248
4.59364 1.2475
4.59764 1.247
4.60164 1.2465
4.60564 1.246
4.60964 1.2455
4.61364 1.245
4.61764 1.2445
4.62164 1.244
4.62564 1.2435
4.62964 1.243
4.63364 1.2425
4.63764 1.242
4.64164 1.2415
4.64564 1.241
4.64964 1.2405
4.65364 1.24
4.65764 1.2395
4.66164 1.239
4.66564 1.2385
4.66964 1.238
4.67364 1.2375
4.67764 1.237
4.68164 1.2365
4.68564 1.236
4.68964 1.2355
4.69364 1.235
4.69764 1.2345
4.70164 1.234
4.70564 1.2335
4.70964 1.233
4.71364 1.2325
4.71764 1.232
4.72164 1.2315
4.72564 1.231
4.72964 1.2305
4.73364 1.23
4.73764 1.2295
4.74164 1.229
4.74564 1.2285
4.74964 1.228
4.75364 1.2275
4.75764 1.227
4.76164 1.2265
4.76564 1.226
4.76964 1.2255
4.77364 1.225
4.77764 1.2245
4.78164 1.224
4.78564 1.2235
4.78964 1.223
4.79364 1.2225
4.79764 1.222
4.80164 1.2215
4.80564 1.221
4.80964 1.2205
4.81364 1.22
4.81764 1.2195
4.82164 1.219
4.82564 1.2185
4.82964 1.218
4.83364 1.2175
4.83764 1.217
4.84164 1.2165
4.84564 1.216
4.84964 1.2155
4.85364 1.215
4.85764 1.2145
4.86164 1.214
4.86564 1.2135
4.86964 1.213
4.87364 1.2125
4.87764 1.212
4.88164 1.2115
4.88564 1.211
4.88964 1.2105
4.89364 1.21
4.89764 1.2095
4.90164 1.209
4.90564 1.2085
4.90964 1.208
4.91364 1.2075
4.91764 1.207
4.92164 1.2065
4.92564 1.206
4.92964 1.2055
4.93364 1.205
4.93764 1.2045
4.94164 1.204
4.94564 1.2035
4.94964 1.203
4.95364 1.2025
4.95764 1.202
4.96164 1.2015
4.96564 1.201
4.96964 1.2005
4.97364 1.2
4.97764 1.1995
4.98164 1.199
4.98564 1.1985
4.98964 1.198
4.99364 1.1975
4.99764 1.197
5.00164 1.1965
5.00564 1.196
5.00964 1.1955
5.01364 1.195
5.01764 1.1945
5.02164 1.194
5.02564 1.1935
5.02964 1.193
5.03364 1.1925
5.03764 1.192
5.04164 1.1915
5.04564 1.191
5.04964 1.1905
5.05364 1.19
5.05764 1.1895
5.06164 1.189
5.06564 1.1885
5.06964 1.188
5.07364 1.1875
5.07764 1.187
5.08164 1.1865
5.08564 1.186
5.08964 1.1855
5.09364 1.185
5.09764 1.1845
5.10164 1.184
5.10564 1.1835
5.10964 1.183
5.11364 1.1825
5.11764 1.182
5.12164 1.1815
5.12564 1.181
5.12964 1.1805
5.13364 1.18
5.13764 1.1795
5.14164 1.179
5.14564 1.1785
5.14964 1.178
5.15364 1.1775
5.15764 1.177
5.16164 1.1765
5.16564 1.176
5.16964 1.1755
5.17364 1.175
5.17764 1.1745
5.18164 1.174
5.18564 1.1735
5.18964 1.173
5.19364 1.1725
5.19764 1.172
5.20164 1.1715
5.20564 1.171
5.20964 1.1705
5.21364 1.17
5.21764 1.1695
5.22164 1.169
5.22564 1.1685
5.22964 1.168
5.23364 1.1675
5.23764 1.167
5.24164 1.1665
5.24564 1.166
5.24964 1.1655
5.25364 1.165
5.25764 1.1645
5.26164 1.164
5.26564 1.1635
5.26964 1.163
5.27364 1.1625
5.27764 1.162
5.28164 1.1615
5.28564 1.161
5.28964 1.1605
5.29364 1.16
5.29764 1.1595
5.30164 1.159
5.30564 1.1585
5.30964 1.158
5.31364 1.1575
5.31764 1.157
5.32164 1.1565
5.32564 1.156
5.32964 1.1555
5.33364 1.155
5.33764 1.1545
5.34164 1.154
5.34564 1.1535
5.34964 1.153
5.35364 1.1525
5.35764 1.152
5.36164 1.1515
5.36564 1.151
5.36964 1.1505
5.37364 1.15
5.37764 1.1495
5.38164 1.149
5.38564 1.1485
5.38964 1.148
5.39364 1.1475
5.39764 1.147
5.40164 1.1465
5.40564 1.146
5.40964 1.1455
5.41364 1.145
5.41764 1.1445
5.42164 1.144
5.42564 1.1435
5.42964 1.143
5.43364 1.1425
5.43764 1.142
5.44164 1.1415
5.44564 1.141
5.44964 1.1405
5.45364 1.14
5.45764 1.1395
5.46164 1.139
5.46564 1.1385
5.46964 1.138
5.47364 1.1375
5.47764 1.137
5.48164 1.1365
5.48564 1.136
5.48964 1.1355
5.49364 1.135
5.49764 1.1345
5.50164 1.134
5.50564 1.1335
5.50964 1.133
5.51364 1.1325
5.51764 1.132
5.52164 1.1315
5.52564 1.131
5.52964 1.1305
5.53364 1.13
5.53764 1.1295
5.54164 1.129
5.54564 1.1285
5.54964 1.128
5.55364 1.1275
5.55764 1.127
5.56164 1.1265
5.56564 1.126
5.56964 1.1255
5.57364 1.125
5.57764 1.1245
5.58164 1.124
5.58564 1.1235
5.58964 1.123
5.59364 1.1225
5.59764 1.122
5.60164 1.1215
5.60564 1.121
5.60964 1.1205
5.61364 1.12
5.61764 1.1195
5.62164 1.119
5.62564 1.1185
5.62964 1.118
5.63364 1.1175
5.63764 1.117
5.64164 1.1165
5.64564 1.116
5.64964 1.1155
5.65364 1.115
5.65764 1.1145
5.66164 1.114
5.66564 1.1135
5.66964 1.113
5.67364 1.1125
5.67764 1.112
5.68164 1.1115
5.68564 1.111
5.68964 1.1105
5.69364 1.11
5.69764 1.1095
5.70164 1.109
5.70564 1.1085
5.70964 1.108
5.71364 1.1075
5.71764 1.107
5.72164 1.1065
5.72564 1.106
5.72964 1.1055
5.73364 1.105
5.73764 1.1045
5.74164 1.104
5.74564 1.1035
5.74964 1.103
5.75364 1.1025
5.75764 1.102
5.76164 1.1015
5.76564 1.101
5.76964 1.1005
5.77364 1.1
5.77764 1.0995
5.78164 1.099
5.78564 1.0985
5.78964 1.098
5.79364 1.0975
5.79764 1.097
5.80164 1.0965
5.80564 1.096
5.80964 1.0955
5.81364 1.095
5.81764 1.0945
5.82164 1.094
5.82564 1.0935
5.82964 1.093
5.83364 1.0925
5.83764 1.092
5.84164 1.0915
5.84564 1.091
5.84964 1.0905
5.85364 1.09
5.85764 1.0895
5.86164 1.089
5.86564 1.0885
5.86964 1.088
5.87364 1.0875
5.87764 1.087
5.88164 1.0865
5.88564 1.086
5.88964 1.0855
5.89364 1.085
5.89764 1.0845
5.90164 1.084
5.90564 1.0835
5.90964 1.083
5.91364 1.0825
5.91764 1.082
5.92164 1.0815
5.92564 1.081
5.92964 1.0805
5.93364 1.08
5.93764 1.0795
5.94164 1.079
5.94564 1.0785
5.94964 1.078
5.95364 1.0775
5.95764 1.077
5.96164 1.0765
5.96564 1.076
5.96964 1.0755
5.97364 1.075
5.97764 1.0745
5.98164 1.074
5.98564 1.0735
5.98964 1.073
5.99364 1.0725
5.99764 1.072
6.00164 1.0715
6.00564 1.071
6.00964 1.0705
6.01364 1.07
6.01764 1.0695
6.02164 1.069
6.02564 1.0685
6.02964 1.068
6.03364 1.0675
6.03764 1.067
6.04164 1.0665
6.04564 1.066
6.04964 1.0655
6.05364 1.065
6.05764 1.0645
6.06164 1.064
6.06564 1.0635
6.06964 1.063
6.07364 1.0625
6.07764 1.062
6.08164 1.0615
6.08564 1.061
6.08964 1.0605
6.09364 1.06
6.09764 1.0595
6.10164 1.059
6.10564 1.0585
6.10964 1.058
6.11364 1.0575
6.11764 1.057
6.12164 1.0565
6.12564 1.056
6.12964 1.0555
6.13364 1.055
6.13764 1.0545
6.14164 1.054
6.14564 1.0535
6.14964 1.053
6.15364 1.0525
6.15764 1.052
6.16164 1.0515
6.16564 1.051
6.16964 1.0505
6.17364 1.05
6.17764 1.0495
6.18164 1.049
6.18564 1.0485
6.18964 1.048
6.19364 1.0475
6.19764 1.047
6.20164 1.0465
6.20564 1.046
6.20964 1.0455
6.21364 1.045
6.21764 1.0445
6.22164 1.044
6.22564 1.0435
6.22964 1.043
6.23364 1.0425
6.23764 1.042
6.24164 1.0415
6.24564 1.041
6.24964 1.0405
6.25364 1.04
6.25764 1.0395
6.26164 1.039
6.26564 1.0385
6.26964 1.038
6.27364 1.0375
6.27764 1.037
6.28164 1.0365
6.28564 1.036
6.28964 1.0355
6.29364 1.035
6.29764 1.0345
6.30164 1.034
6.30564 1.0335
6.30964 1.033
6.31364 1.0325
6.31764 1.032
6.32164 1.0315
6.32564 1.031
6.32964 1.0305
6.33364 1.03
6.33764 1.0295
6.34164 1.029
6.34564 1.0285
6.34964 1.028
6.35364 1.0275
6.35764 1.027
6.36164 1.0265
6.36564 1.026
6.36964 1.0255
6.37364 1.025
6.37764 1.0245
6.38164 1.024
6.38564 1.0235
6.38964 1.023
6.39364 1.0225
6.39764 1.022
6.40164 1.0215
6.40564 1.021
6.40964 1.0205
6.41364 1.02
6.41764 1.0195
6.42164 1.019
6.42564 1.0185
6.42964 1.018
6.43364 1.0175
6.43764 1.017
6.44164 1.0165
6.44564 1.016
6.44964 1.0155
6.45364 1.015
6.45764 1.0145
6.46164 1.014
6.46564 1.0135
6.46964 1.013
6.47364 1.0125
6.47764 1.012
6.48164 1.0115
6.48564 1.011
6.48964 1.0105
6.49364 1.01
6.49764 1.0095
6.50164 1.009
6.50564 1.0085
6.50964 1.008
6.51364 1.0075
6.51764 1.007
6.52164 1.0065
6.52564 1.006
6.52964 1.0055
6.53364 1.005
6.53764 1.0045
6.54164 1.004
6.54564 1.0035
6.54964 1.003
6.55064 1.0025
6.55164 1.002
6.55285 1.0015
6.55185 1.001
6.55007 1.0005
6.55107 1
