Man
0 0
0 0.001
0 0.002
0 0.003
0 0.004
0 0.005
0 0.006
0 0.007
0 0.008
0 0.009
0 0.01
0 0.011
0 0.012
0 0.013
0 0.014
0 0.015
0 0.016
0 0.017
0 0.018
0 0.019
0 0.02
0 0.021
0 0.022
0 0.023
0 0.024
0 0.025
0 0.026
0 0.027
0 0.028
0 0.029
0 0.03
0 0.031
0 0.032
0 0.033
0 0.034
0 0.035
0 0.036
0 0.037
0 0.038
0 0.039
0 0.04
0 0.041
0 0.042
0 0.043
0 0.044
0 0.045
0 0.046
0 0.047
0 0.048
0 0.049
0 0.05
0 0.051
0 0.052
0 0.053
0 0.054
0 0.055
0 0.056
0 0.057
0 0.058
0 0.059
0 0.06
0 0.061
0 0.062
0 0.063
0 0.064
0 0.065
0 0.066
0 0.067
0 0.068
0 0.069
0 0.07
0 0.071
0 0.072
0 0.073
0 0.074
0 0.075
0 0.076
0 0.077
0 0.078
0 0.079
0 0.08
0 0.081
0 0.082
0 0.083
0 0.084
0 0.085
0 0.086
0 0.087
-0.00076699 0.088
-0.00230097 0.089
-0.00536893 0.09
-0.0115049 0.091
-0.0237767 0.092
-0.0483204 0.093
-0.0974078 0.094
-0.195583 0.095
-0.391932 0.096
-0.490107 0.097
-0.539194 0.098
-0.563738 0.099
-0.57601 0.1
-0.582146 0.101
-0.585214 0.102
-0.586748 0.103
-0.587515 0.104
-0.587611 0.105
-0.587802 0.106
-0.588186 0.107
-0.588953 0.108
-0.590487 0.109
-0.593555 0.11
-0.599691 0.111
-0.611962 0.112
-0.636506 0.113
-0.648778 0.114
-0.654914 0.115
-0.657994 0.116
-0.659552 0.117
-0.660367 0.118
-0.660846 0.119
-0.66123 0.12
-0.661709 0.121
-0.662476 0.122
-0.66401 0.123
-0.667078 0.124
-0.668612 0.125
-0.669379 0.126
-0.669762 0.127
-0.669954 0.128
-0.67005 0.129
-0.670098 0.13
-0.670122 0.131
-0.670134 0.132
-0.670278 0.133
-0.670565 0.134
-0.671141 0.135
-0.672291 0.136
-0.674592 0.137
-0.679194 0.138
-0.688398 0.139
-0.706806 0.14
-0.743621 0.141
-0.762029 0.142
-0.771329 0.143
-0.776122 0.144
-0.778807 0.145
-0.780724 0.146
-0.782834 0.147
-0.786237 0.148
-0.792613 0.149
-0.805076 0.15
-0.830003 0.151
-0.843042 0.152
-0.850712 0.153
-0.856896 0.154
-0.864662 0.155
-0.877892 0.156
-0.884795 0.157
-0.888822 0.158
-0.892034 0.159
-0.895965 0.16
-0.902676 0.161
-0.915523 0.162
-0.922522 0.163
-0.927172 0.164
-0.931821 0.165
-0.93882 0.166
-0.951667 0.167
-0.958378 0.168
-0.962309 0.169
-0.965425 0.17
-0.969308 0.171
-0.975923 0.172
-0.988579 0.173
-0.995194 0.174
-0.999077 0.175
-1.00217 0.176
-1.00605 0.177
-1.01267 0.178
-1.02532 0.179
-1.03194 0.18
-1.03584 0.181
-1.03896 0.182
-1.04289 0.183
-1.0496 0.184
-1.05325 0.185
-1.05564 0.186
-1.05804 0.187
-1.06159 0.188
-1.06811 0.189
-1.07165 0.19
-1.074 0.191
-1.07633 0.192
-1.07978 0.193
-1.08611 0.194
-1.09847 0.195
-1.10466 0.196
-1.10775 0.197
-1.10932 0.198
-1.11016 0.199
-1.11069 0.2
-1.11117 0.201
-1.11184 0.202
-1.11303 0.203
-1.11534 0.204
-1.11994 0.205
-1.12914 0.206
-1.13374 0.207
-1.13607 0.208
-1.13727 0.209
-1.13794 0.21
-1.13842 0.211
-1.13894 0.212
-1.13978 0.213
-1.14135 0.214
-1.14442 0.215
-1.15056 0.216
-1.15363 0.217
-1.15518 0.218
-1.156 0.219
-1.15648 0.22
-1.15686 0.221
-1.15734 0.222
-1.15816 0.223
-1.15971 0.224
-1.16278 0.225
-1.16892 0.226
-1.17199 0.227
-1.17352 0.228
-1.17431 0.229
-1.17474 0.23
-1.17503 0.231
-1.17532 0.232
-1.17575 0.233
-1.17654 0.234
-1.17807 0.235
-1.18114 0.236
-1.18728 0.237
-1.19035 0.238
-1.1919 0.239
-1.19272 0.24
-1.1932 0.241
-1.19358 0.242
-1.19406 0.243
-1.19488 0.244
-1.19643 0.245
-1.1995 0.246
-1.20564 0.247
-1.2087 0.248
-1.21026 0.249
-1.21107 0.25
-1.21155 0.251
-1.21192 0.252
-1.21237 0.253
-1.21313 0.254
-1.21458 0.255
-1.21744 0.256
-1.22315 0.257
-1.226 0.258
-1.22743 0.259
-1.22814 0.26
-1.2285 0.261
-1.2287 0.262
-1.22881 0.263
-1.2289 0.264
-1.22902 0.265
-1.22921 0.266
-1.22959 0.267
-1.23036 0.268
-1.2319 0.269
-1.23266 0.27
-1.23305 0.271
-1.23324 0.272
-1.23333 0.273
-1.23338 0.274
-1.23341 0.275
-1.23342 0.276
-1.23342 0.277
-1.23342 0.278
-1.23342 0.279
-1.23342 0.28
-1.23342 0.281
-1.23342 0.282
-1.23342 0.283
-1.23342 0.284
-1.23342 0.285
-1.23342 0.286
-1.23342 0.287
-1.23342 0.288
-1.23342 0.289
-1.23342 0.29
-1.23342 0.291
-1.23342 0.292
-1.23342 0.293
-1.23342 0.294
-1.23342 0.295
-1.23342 0.296
-1.23342 0.297
-1.23342 0.298
-1.23342 0.299
-1.23342 0.3
-1.23342 0.301
-1.23342 0.302
-1.23342 0.303
-1.23342 0.304
-1.23342 0.305
-1.23342 0.306
-1.23342 0.307
-1.23342 0.308
-1.23342 0.309
-1.23342 0.31
-1.23342 0.311
-1.23342 0.312
-1.23342 0.313
-1.23342 0.314
-1.23342 0.315
-1.23342 0.316
-1.23342 0.317
-1.23342 0.318
-1.23342 0.319
-1.23342 0.32
-1.23342 0.321
-1.23342 0.322
-1.23342 0.323
-1.23342 0.324
-1.23342 0.325
-1.23342 0.326
-1.23342 0.327
-1.23342 0.328
-1.23342 0.329
-1.23342 0.33
-1.23342 0.331
-1.23342 0.332
-1.23342 0.333
-1.23342 0.334
-1.23342 0.335
-1.23342 0.336
-1.23342 0.337
-1.23342 0.338
-1.23342 0.339
-1.23342 0.34
-1.23342 0.341
-1.23342 0.342
-1.23342 0.343
-1.23342 0.344
-1.23342 0.345
-1.23342 0.346
-1.23342 0.347
-1.23342 0.348
-1.23342 0.349
-1.23342 0.35
-1.23342 0.351
-1.23342 0.352
-1.23342 0.353
-1.23342 0.354
-1.23342 0.355
-1.23342 0.356
-1.23342 0.357
-1.23342 0.358
-1.23342 0.359
-1.23342 0.36
-1.23342 0.361
-1.23342 0.362
-1.23342 0.363
-1.23342 0.364
-1.23342 0.365
-1.23342 0.366
-1.23342 0.367
-1.23342 0.368
-1.23342 0.369
-1.23342 0.37
-1.23342 0.371
-1.23342 0.372
-1.23342 0.373
-1.23342 0.374
-1.23342 0.375
-1.23342 0.376
-1.23342 0.377
-1.23342 0.378
-1.23342 0.379
-1.23342 0.38
-1.23342 0.381
-1.23342 0.382
-1.23342 0.383
-1.23342 0.384
-1.23342 0.385
-1.23342 0.386
-1.23342 0.387
-1.23342 0.388
-1.23342 0.389
-1.23342 0.39
-1.23342 0.391
-1.23342 0.392
-1.23342 0.393
-1.23342 0.394
-1.23342 0.395
-1.23342 0.396
-1.23342 0.397
-1.23342 0.398
-1.23342 0.399
-1.23342 0.4
-1.23342 0.401
-1.23342 0.402
-1.23342 0.403
-1.23342 0.404
-1.23342 0.405
-1.23342 0.406
-1.23342 0.407
-1.23342 0.408
-1.23342 0.409
-1.23342 0.41
-1.23342 0.411
-1.23342 0.412
-1.23342 0.413
-1.23342 0.414
-1.23342 0.415
-1.23342 0.416
-1.23342 0.417
-1.23342 0.418
-1.23342 0.419
-1.23342 0.42
-1.23342 0.421
-1.23342 0.422
-1.23342 0.423
-1.23342 0.424
-1.23342 0.425
-1.23342 0.426
-1.23342 0.427
-1.23342 0.428
-1.23342 0.429
-1.23342 0.43
-1.23342 0.431
-1.23342 0.432
-1.23342 0.433
-1.23342 0.434
-1.23342 0.435
-1.23342 0.436
-1.23342 0.437
-1.23342 0.438
-1.23342 0.439
-1.23342 0.44
-1.23342 0.441
-1.23342 0.442
-1.23342 0.443
-1.23342 0.444
-1.23342 0.445
-1.23342 0.446
-1.23342 0.447
-1.23342 0.448
-1.23342 0.449
-1.23342 0.45
-1.23342 0.451
-1.23342 0.452
-1.23342 0.453
-1.23342 0.454
-1.23342 0.455
-1.23342 0.456
-1.23342 0.457
-1.23342 0.458
-1.23342 0.459
-1.23342 0.46
-1.23342 0.461
-1.23342 0.462
-1.23342 0.463
-1.23342 0.464
-1.23342 0.465
-1.23342 0.466
-1.23342 0.467
-1.23342 0.468
-1.23342 0.469
-1.23342 0.47
-1.23342 0.471
-1.23342 0.472
-1.23342 0.473
-1.23342 0.474
-1.23342 0.475
-1.23342 0.476
-1.23342 0.477
-1.23342 0.478
-1.23342 0.479
-1.23342 0.48
-1.23342 0.481
-1.23342 0.482
-1.23342 0.483
-1.23342 0.484
-1.23342 0.485
-1.23342 0.486
-1.23342 0.487
-1.23342 0.488
-1.23342 0.489
-1.23342 0.49
-1.23342 0.491
-1.23342 0.492
-1.23342 0.493
-1.23342 0.494
-1.23342 0.495
-1.23342 0.496
-1.23342 0.497
-1.23342 0.498
-1.23342 0.499
-1.23342 0.5
-1.23342 0.501
-1.23342 0.502
-1.23342 0.503
-1.23342 0.504
-1.23342 0.505
-1.23342 0.506
-1.23342 0.507
-1.23342 0.508
-1.23342 0.509
-1.23342 0.51
-1.23342 0.511
-1.23342 0.512
-1.23342 0.513
-1.23342 0.514
-1.23342 0.515
-1.23342 0.516
-1.23342 0.517
-1.23342 0.518
-1.23342 0.519
-1.23342 0.52
-1.23342 0.521
-1.23342 0.522
-1.23342 0.523
-1.23342 0.524
-1.23342 0.525
-1.23342 0.526
-1.23342 0.527
-1.23342 0.528
-1.23342 0.529
-1.23342 0.53
-1.23342 0.531
-1.23342 0.532
-1.23342 0.533
-1.23342 0.534
-1.23342 0.535
-1.23342 0.536
-1.23342 0.537
-1.23342 0.538
-1.23342 0.539
-1.23342 0.54
-1.23342 0.541
-1.23342 0.542
-1.23342 0.543
-1.23342 0.544
-1.23342 0.545
-1.23342 0.546
-1.23342 0.547
-1.23342 0.548
-1.23342 0.549
-1.23342 0.55
-1.23342 0.551
-1.23342 0.552
-1.23342 0.553
-1.23342 0.554
-1.23342 0.555
-1.23342 0.556
-1.23342 0.557
-1.23342 0.558
-1.23342 0.559
-1.23342 0.56
-1.23342 0.561
-1.23342 0.562
-1.23342 0.563
-1.23342 0.564
-1.23342 0.565
-1.23342 0.566
-1.23342 0.567
-1.23342 0.568
-1.23342 0.569
-1.23342 0.57
-1.23342 0.571
-1.23342 0.572
-1.23342 0.573
-1.23342 0.574
-1.23342 0.575
-1.23342 0.576
-1.23342 0.577
-1.23342 0.578
-1.23342 0.579
-1.23342 0.58
-1.23342 0.581
-1.23342 0.582
-1.23342 0.583
-1.23342 0.584
-1.23342 0.585
-1.23342 0.586
-1.23342 0.587
-1.23342 0.588
-1.23342 0.589
-1.23342 0.59
-1.23342 0.591
-1.23342 0.592
-1.23342 0.593
-1.23342 0.594
-1.23342 0.595
-1.23342 0.596
-1.23342 0.597
-1.23342 0.598
-1.23342 0.599
-1.23342 0.6
-1.23342 0.601
-1.23342 0.602
-1.23342 0.603
-1.23342 0.604
-1.23342 0.605
-1.23342 0.606
-1.23342 0.607
-1.23342 0.608
-1.23342 0.609
-1.23342 0.61
-1.23342 0.611
-1.23342 0.612
-1.23342 0.613
-1.23342 0.614
-1.23342 0.615
-1.23342 0.616
-1.23342 0.617
-1.23342 0.618
-1.23342 0.619
-1.23342 0.62
-1.23342 0.621
-1.23342 0.622
-1.23342 0.623
-1.23342 0.624
-1.23342 0.625
-1.23342 0.626
-1.23342 0.627
-1.23342 0.628
-1.23342 0.629
-1.23342 0.63
-1.23342 0.631
-1.23342 0.632
-1.23342 0.633
-1.23342 0.634
-1.23342 0.635
-1.23342 0.636
-1.23342 0.637
-1.23342 0.638
-1.23342 0.639
-1.23342 0.64
-1.23342 0.641
-1.23342 0.642
-1.23342 0.643
-1.23342 0.644
-1.23342 0.645
-1.23342 0.646
-1.23342 0.647
-1.23342 0.648
-1.23342 0.649
-1.23342 0.65
-1.23342 0.651
-1.23342 0.652
-1.23342 0.653
-1.23342 0.654
-1.23342 0.655
-1.23342 0.656
-1.23342 0.657
-1.23342 0.658
-1.23342 0.659
-1.23342 0.66
-1.23342 0.661
-1.23342 0.662
-1.23342 0.663
-1.23342 0.664
-1.23342 0.665
-1.23342 0.666
-1.23342 0.667
-1.23342 0.668
-1.23342 0.669
-1.23342 0.67
-1.23342 0.671
-1.23342 0.672
-1.23342 0.673
-1.23342 0.674
-1.23342 0.675
-1.23342 0.676
-1.23342 0.677
-1.23342 0.678
-1.23342 0.679
-1.23342 0.68
-1.23342 0.681
-1.23342 0.682
-1.23342 0.683
-1.23342 0.684
-1.23342 0.685
-1.23342 0.686
-1.23342 0.687
-1.23342 0.688
-1.23342 0.689
-1.23342 0.69
-1.23342 0.691
-1.23342 0.692
-1.23342 0.693
-1.23342 0.694
-1.23342 0.695
-1.23342 0.696
-1.23342 0.697
-1.23342 0.698
-1.23342 0.699
-1.23342 0.7
-1.23342 0.701
-1.23342 0.702
-1.23342 0.703
-1.23342 0.704
-1.23342 0.705
-1.23342 0.706
-1.23342 0.707
-1.23342 0.708
-1.23342 0.709
-1.23342 0.71
-1.23342 0.711
-1.23342 0.712
-1.23342 0.713
-1.23342 0.714
-1.23342 0.715
-1.23342 0.716
-1.23342 0.717
-1.23342 0.718
-1.23342 0.719
-1.23342 0.72
-1.23342 0.721
-1.23342 0.722
-1.23342 0.723
-1.23342 0.724
-1.23342 0.725
-1.23342 0.726
-1.23342 0.727
-1.23342 0.728
-1.23342 0.729
-1.23342 0.73
-1.23342 0.731
-1.23342 0.732
-1.23342 0.733
-1.23342 0.734
-1.23342 0.735
-1.23342 0.736
-1.23342 0.737
-1.23342 0.738
-1.23342 0.739
-1.23342 0.74
-1.23342 0.741
-1.23342 0.742
-1.23342 0.743
-1.23342 0.744
-1.23342 0.745
-1.23342 0.746
-1.23342 0.747
-1.23342 0.748
-1.23342 0.749
-1.23342 0.75
-1.23342 0.751
-1.23342 0.752
-1.23342 0.753
-1.23342 0.754
-1.23342 0.755
-1.23342 0.756
-1.23342 0.757
-1.23342 0.758
-1.23342 0.759
-1.23342 0.76
-1.23342 0.761
-1.23342 0.762
-1.23342 0.763
-1.23342 0.764
-1.23342 0.765
-1.23342 0.766
-1.23342 0.767
-1.23342 0.768
-1.23342 0.769
-1.23342 0.77
-1.23342 0.771
-1.23342 0.772
-1.23342 0.773
-1.23342 0.774
-1.23342 0.775
-1.23342 0.776
-1.23342 0.777
-1.23342 0.778
-1.23342 0.779
-1.23342 0.78
-1.23342 0.781
-1.23342 0.782
-1.23342 0.783
-1.23342 0.784
-1.23342 0.785
-1.23342 0.786
-1.23342 0.787
-1.23342 0.788
-1.23342 0.789
-1.23342 0.79
-1.23342 0.791
-1.23342 0.792
-1.23342 0.793
-1.23342 0.794
-1.23342 0.795
-1.23342 0.796
-1.23342 0.797
-1.23342 0.798
-1.23342 0.799
-1.23342 0.8
-1.23342 0.801
-1.23342 0.802
-1.23342 0.803
-1.23342 0.804
-1.23342 0.805
-1.23342 0.806
-1.23342 0.807
-1.23342 0.808
-1.23342 0.809
-1.23342 0.81
-1.23342 0.811
-1.23342 0.812
-1.23342 0.813
-1.23342 0.814
-1.23342 0.815
-1.23342 0.816
-1.23342 0.817
-1.23342 0.818
-1.23342 0.819
-1.23342 0.82
-1.23342 0.821
-1.23342 0.822
-1.23342 0.823
-1.23342 0.824
-1.23342 0.825
-1.23342 0.826
-1.23342 0.827
-1.23342 0.828
-1.23342 0.829
-1.23342 0.83
-1.23342 0.831
-1.23342 0.832
-1.23342 0.833
-1.23342 0.834
-1.23342 0.835
-1.23342 0.836
-1.23342 0.837
-1.23342 0.838
-1.23342 0.839
-1.23342 0.84
-1.23342 0.841
-1.23342 0.842
-1.23342 0.843
-1.23342 0.844
-1.23342 0.845
-1.23342 0.846
-1.23342 0.847
-1.23342 0.848
-1.23342 0.849
-1.23342 0.85
-1.23342 0.851
-1.23342 0.852
-1.23342 0.853
-1.23342 0.854
-1.23342 0.855
-1.23342 0.856
-1.23342 0.857
-1.23342 0.858
-1.23342 0.859
-1.23342 0.86
-1.23342 0.861
-1.23342 0.862
-1.23342 0.863
-1.23342 0.864
-1.23342 0.865
-1.23342 0.866
-1.23342 0.867
-1.23342 0.868
-1.23342 0.869
-1.23342 0.87
-1.23342 0.871
-1.23342 0.872
-1.23342 0.873
-1.23342 0.874
-1.23342 0.875
-1.23342 0.876
-1.23342 0.877
-1.23342 0.878
-1.23342 0.879
-1.23342 0.88
-1.23342 0.881
-1.23342 0.882
-1.23342 0.883
-1.23342 0.884
-1.23342 0.885
-1.23342 0.886
-1.23342 0.887
-1.23342 0.888
-1.23342 0.889
-1.23342 0.89
-1.23342 0.891
-1.23342 0.892
-1.23342 0.893
-1.23342 0.894
-1.23342 0.895
-1.23342 0.896
-1.23342 0.897
-1.23342 0.898
-1.23342 0.899
-1.23342 0.9
-1.23342 0.901
-1.23342 0.902
-1.23342 0.903
-1.23342 0.904
-1.23342 0.905
-1.23342 0.906
-1.23342 0.907
-1.23342 0.908
-1.23342 0.909
-1.23342 0.91
-1.23342 0.911
-1.23342 0.912
-1.23342 0.913
-1.23342 0.914
-1.23342 0.915
-1.23342 0.916
-1.23342 0.917
-1.23342 0.918
-1.23342 0.919
-1.23342 0.92
-1.23342 0.921
-1.23342 0.922
-1.23342 0.923
-1.23342 0.924
-1.23342 0.925
-1.23342 0.926
-1.23342 0.927
-1.23342 0.928
-1.23342 0.929
-1.23342 0.93
-1.23342 0.931
-1.23342 0.932
-1.23342 0.933
-1.23342 0.934
-1.23342 0.935
-1.23342 0.936
-1.23342 0.937
-1.23342 0.938
-1.23342 0.939
-1.23342 0.94
-1.23342 0.941
-1.23342 0.942
-1.23342 0.943
-1.23342 0.944
-1.23342 0.945
-1.23342 0.946
-1.23342 0.947
-1.23342 0.948
-1.23342 0.949
-1.23342 0.95
-1.23342 0.951
-1.23342 0.952
-1.23342 0.953
-1.23342 0.954
-1.23342 0.955
-1.23342 0.956
-1.23342 0.957
-1.23342 0.958
-1.23342 0.959
-1.23342 0.96
-1.23342 0.961
-1.23342 0.962
-1.23342 0.963
-1.23342 0.964
-1.23342 0.965
-1.23342 0.966
-1.23342 0.967
-1.23342 0.968
-1.23342 0.969
-1.23342 0.97
-1.23342 0.971
-1.23342 0.972
-1.23342 0.973
-1.23342 0.974
-1.23342 0.975
-1.23342 0.976
-1.23342 0.977
-1.23342 0.978
-1.23342 0.979
-1.23342 0.98
-1.23342 0.981
-1.23342 0.982
-1.23342 0.983
-1.23342 0.984
-1.23342 0.985
-1.23342 0.986
-1.23342 0.987
-1.23342 0.988
-1.23343 0.989
-1.23342 0.99
-1.23343 0.991
-1.23343 0.992
-1.23343 0.993
-1.23343 0.994
-1.23344 0.995
-1.23345 0.996
-1.2334 0.997
-1.23322 0.998
-1.23509 0.999
-1.23409 1


Shark
3.14159 1.5
3.13759 1.4995
3.13359 1.499
3.12959 1.4985
3.12559 1.498
3.12159 1.4975
3.11759 1.497
3.11359 1.4965
3.10959 1.496
3.10559 1.4955
3.10159 1.495
3.09759 1.4945
3.09359 1.494
3.08959 1.4935
3.08559 1.493
3.08159 1.4925
3.07759 1.492
3.07359 1.4915
3.06959 1.491
3.06559 1.4905
3.06159 1.49
3.05759 1.4895
3.05359 1.489
3.04959 1.4885
3.04559 1.488
3.04159 1.4875
3.03759 1.487
3.03359 1.4865
3.02959 1.486
3.02559 1.4855
3.02159 1.485
3.01759 1.4845
3.01359 1.484
3.00959 1.4835
3.00559 1.483
3.00159 1.4825
2.99759 1.482
2.99359 1.4815
2.98959 1.481
2.98559 1.4805
2.98159 1.48
2.97759 1.4795
2.97359 1.479
2.96959 1.4785
2.96559 1.478
2.96159 1.4775
2.95759 1.477
2.95359 1.4765
2.94959 1.476
2.94559 1.4755
2.94159 1.475
2.93759 1.4745
2.93359 1.474
2.92959 1.4735
2.92559 1.473
2.92159 1.4725
2.91759 1.472
2.91359 1.4715
2.90959 1.471
2.90559 1.4705
2.90159 1.47
2.89759 1.4695
2.89359 1.469
2.88959 1.4685
2.88559 1.468
2.88159 1.4675
2.87759 1.467
2.87359 1.4665
2.86959 1.466
2.86559 1.4655
2.86159 1.465
2.85759 1.4645
2.85359 1.464
2.84959 1.4635
2.84559 1.463
2.84159 1.4625
2.83759 1.462
2.83359 1.4615
2.82959 1.461
2.82559 1.4605
2.82159 1.46
2.81759 1.4595
2.81359 1.459
2.80959 1.4585
2.80559 1.458
2.80159 1.4575
2.79759 1.457
2.79359 1.4565
2.78958 1.456
2.78555 1.4555
2.7814 1.455
2.77682 1.4545
2.77081 1.454
2.76089 1.4535
2.7421 1.453
2.70479 1.4525
2.6298 1.452
2.59171 1.4515
2.57215 1.451
2.56169 1.4505
2.55538 1.45
2.55068 1.4495
2.54649 1.449
2.54244 1.4485
2.53842 1.448
2.53442 1.4475
2.53042 1.447
2.52642 1.4465
2.52241 1.446
2.51835 1.4455
2.51413 1.445
2.5093 1.4445
2.50252 1.444
2.49077 1.4435
2.48392 1.443
2.47903 1.4425
2.47478 1.442
2.47072 1.4415
2.4667 1.441
2.46269 1.4405
2.45869 1.44
2.45468 1.4395
2.45066 1.439
2.44659 1.4385
2.44232 1.438
2.43824 1.4375
2.43422 1.437
2.43022 1.4365
2.42622 1.436
2.42222 1.4355
2.41822 1.435
2.41422 1.4345
2.41022 1.434
2.40622 1.4335
2.40221 1.433
2.3982 1.4325
2.39415 1.432
2.38996 1.4315
2.38523 1.431
2.37875 1.4305
2.36773 1.43
2.34665 1.4295
2.33549 1.429
2.32885 1.4285
2.324 1.428
2.31971 1.4275
2.31555 1.427
2.31137 1.4265
2.30689 1.426
2.30138 1.4255
2.29292 1.425
2.2774 1.4245
2.26854 1.424
2.26238 1.4235
2.25687 1.423
2.25062 1.4225
2.24147 1.422
2.23558 1.4215
2.23085 1.421
2.22636 1.4205
2.22164 1.42
2.21576 1.4195
2.20654 1.419
2.20049 1.4185
2.19546 1.418
2.19043 1.4175
2.1843 1.417
2.17486 1.4165
2.16884 1.416
2.16404 1.4155
2.15952 1.415
2.15472 1.4145
2.14867 1.414
2.13907 1.4135
2.13298 1.413
2.12815 1.4125
2.1236 1.412
2.11875 1.4115
2.11258 1.411
2.1027 1.4105
2.09649 1.41
2.09159 1.4095
2.087 1.409
2.08208 1.4085
2.07573 1.408
2.07091 1.4075
2.06653 1.407
2.06215 1.4065
2.05735 1.406
2.05101 1.4055
2.04619 1.405
2.04181 1.4045
2.03743 1.404
2.03263 1.4035
2.0263 1.403
2.01588 1.4025
2.00961 1.402
2.00493 1.4015
2.00074 1.401
1.99668 1.4005
1.99266 1.4
1.98864 1.3995
1.98461 1.399
1.98049 1.3985
1.97607 1.398
1.97058 1.3975
1.96202 1.397
1.95651 1.3965
1.95206 1.396
1.94794 1.3955
1.9439 1.395
1.93988 1.3945
1.93586 1.394
1.93179 1.3935
1.92758 1.393
1.92279 1.3925
1.91616 1.392
1.91135 1.3915
1.90713 1.391
1.90307 1.3905
1.89904 1.39
1.89503 1.3895
1.89101 1.389
1.88694 1.3885
1.88271 1.388
1.87785 1.3875
1.87102 1.387
1.86615 1.3865
1.86191 1.386
1.85785 1.3855
1.85383 1.385
1.84982 1.3845
1.84581 1.384
1.84179 1.3835
1.83772 1.383
1.83347 1.3825
1.82854 1.382
1.82149 1.3815
1.81654 1.381
1.81227 1.3805
1.8082 1.38
1.80417 1.3795
1.80015 1.379
1.79613 1.3785
1.79205 1.378
1.78777 1.3775
1.78276 1.377
1.77551 1.3765
1.77049 1.376
1.7662 1.3755
1.76212 1.375
1.75809 1.3745
1.75407 1.374
1.75004 1.3735
1.74597 1.373
1.74171 1.3725
1.73676 1.372
1.72966 1.3715
1.7247 1.371
1.72043 1.3705
1.71637 1.37
1.71235 1.3695
1.70834 1.369
1.70434 1.3685
1.70034 1.368
1.69634 1.3675
1.69233 1.367
1.68831 1.3665
1.68423 1.366
1.6799 1.3655
1.67582 1.365
1.6718 1.3645
1.66779 1.364
1.66379 1.3635
1.65979 1.363
1.65579 1.3625
1.65179 1.362
1.64779 1.3615
1.64379 1.361
1.63979 1.3605
1.63579 1.36
1.63179 1.3595
1.62779 1.359
1.62379 1.3585
1.61979 1.358
1.61579 1.3575
1.61179 1.357
1.60779 1.3565
1.60379 1.356
1.59979 1.3555
1.59579 1.355
1.59179 1.3545
1.58779 1.354
1.58379 1.3535
1.57979 1.353
1.57579 1.3525
1.57179 1.352
1.56779 1.3515
1.56379 1.351
1.55979 1.3505
1.55579 1.35
1.55179 1.3495
1.54779 1.349
1.54379 1.3485
1.53979 1.348
1.53579 1.3475
1.53179 1.347
1.52779 1.3465
1.52379 1.346
1.51979 1.3455
1.51579 1.345
1.51179 1.3445
1.50779 1.344
1.50379 1.3435
1.49979 1.343
1.49579 1.3425
1.49179 1.342
1.48779 1.3415
1.48379 1.341
1.47979 1.3405
1.47579 1.34
1.47179 1.3395
1.46779 1.339
1.46379 1.3385
1.45979 1.338
1.45579 1.3375
1.45179 1.337
1.44779 1.3365
1.44379 1.336
1.43979 1.3355
1.43579 1.335
1.43179 1.3345
1.42779 1.334
1.42379 1.3335
1.41979 1.333
1.41579 1.3325
1.41179 1.332
1.40779 1.3315
1.40379 1.331
1.39979 1.3305
1.39579 1.33
1.39179 1.3295
1.38779 1.329
1.38379 1.3285
1.37979 1.328
1.37579 1.3275
1.37179 1.327
1.36779 1.3265
1.36379 1.326
1.35979 1.3255
1.35579 1.325
1.35179 1.3245
1.34779 1.324
1.34379 1.3235
1.33979 1.323
1.33579 1.3225
1.33179 1.322
1.32779 1.3215
1.32379 1.321
1.31979 1.3205
1.31579 1.32
1.31179 1.3195
1.30779 1.319
1.30379 1.3185
1.29979 1.318
1.29579 1.3175
1.29179 1.317
1.28779 1.3165
1.28379 1.316
1.27979 1.3155
1.27579 1.315
1.27179 1.3145
1.26779 1.314
1.26379 1.3135
1.25979 1.313
1.25579 1.3125
1.25179 1.312
1.24779 1.3115
1.24379 1.311
1.23979 1.3105
1.23579 1.31
1.23179 1.3095
1.22779 1.309
1.22379 1.3085
1.21979 1.308
1.21579 1.3075
1.21179 1.307
1.20779 1.3065
1.20379 1.306
1.19979 1.3055
1.19579 1.305
1.19179 1.3045
1.18779 1.304
1.18379 1.3035
1.17979 1.303
1.17579 1.3025
1.17179 1.302
1.16779 1.3015
1.16379 1.301
1.15979 1.3005
1.15579 1.3
1.15179 1.2995
1.14779 1.299
1.14379 1.2985
1.13979 1.298
1.13579 1.2975
1.13179 1.297
1.12779 1.2965
1.12379 1.296
1.11979 1.2955
1.11579 1.295
1.11179 1.2945
1.10779 1.294
1.10379 1.2935
1.09979 1.293
1.09579 1.2925
1.09179 1.292
1.08779 1.2915
1.08379 1.291
1.07979 1.2905
1.07579 1.29
1.07179 1.2895
1.06779 1.289
1.06379 1.2885
1.05979 1.288
1.05579 1.2875
1.05179 1.287
1.04779 1.2865
1.04379 1.286
1.03979 1.2855
1.03579 1.285
1.03179 1.2845
1.02779 1.284
1.02379 1.2835
1.01979 1.283
1.01579 1.2825
1.01179 1.282
1.00779 1.2815
1.00379 1.281
0.999789 1.2805
0.995789 1.28
0.991789 1.2795
0.987789 1.279
0.983789 1.2785
0.979789 1.278
0.975789 1.2775
0.971789 1.277
0.967789 1.2765
0.963789 1.276
0.959789 1.2755
0.955789 1.275
0.951789 1.2745
0.947789 1.274
0.943789 1.2735
0.939789 1.273
0.935789 1.2725
0.931789 1.272
0.927789 1.2715
0.923789 1.271
0.919789 1.2705
0.915789 1.27
0.911789 1.2695
0.907789 1.269
0.903789 1.2685
0.899789 1.268
0.895789 1.2675
0.891789 1.267
0.887789 1.2665
0.883789 1.266
0.879789 1.2655
0.875789 1.265
0.871789 1.2645
0.867789 1.264
0.863789 1.2635
0.859789 1.263
0.855789 1.2625
0.851789 1.262
0.847789 1.2615
0.843789 1.261
0.839789 1.2605
0.835789 1.26
0.831789 1.2595
0.827789 1.259
0.823789 1.2585
0.819789 1.258
0.815789 1.2575
0.811789 1.257
0.807789 1.2565
0.803789 1.256
0.799789 1.2555
0.795789 1.255
0.791789 1.2545
0.787789 1.254
0.783789 1.2535
0.779789 1.253
0.775789 1.2525
0.771789 1.252
0.767789 1.2515
0.763789 1.251
0.759789 1.2505
0.755789 1.25
0.751789 1.2495
0.747789 1.249
0.743789 1.2485
0.739789 1.248
0.735789 1.2475
0.731789 1.247
0.727789 1.2465
0.723789 1.246
0.719789 1.2455
0.715789 1.245
0.711789 1.2445
0.707789 1.244
0.703789 1.2435
0.699789 1.243
0.695789 1.2425
0.691789 1.242
0.687789 1.2415
0.683789 1.241
0.679789 1.2405
0.675789 1.24
0.671789 1.2395
0.667789 1.239
0.663789 1.2385
0.659789 1.238
0.655789 1.2375
0.651789 1.237
0.647789 1.2365
0.643789 1.236
0.639789 1.2355
0.635789 1.235
0.631789 1.2345
0.627789 1.234
0.623789 1.2335
0.619789 1.233
0.615789 1.2325
0.611789 1.232
0.607789 1.2315
0.603789 1.231
0.599789 1.2305
0.595789 1.23
0.591789 1.2295
0.587789 1.229
0.583789 1.2285
0.579789 1.228
0.575789 1.2275
0.571789 1.227
0.567789 1.2265
0.563789 1.226
0.559789 1.2255
0.555789 1.225
0.551789 1.2245
0.547789 1.224
0.543789 1.2235
0.539789 1.223
0.535789 1.2225
0.531789 1.222
0.527789 1.2215
0.523789 1.221
0.519789 1.2205
0.515789 1.22
0.511789 1.2195
0.507789 1.219
0.503789 1.2185
0.499789 1.218
0.495789 1.2175
0.491789 1.217
0.487789 1.2165
0.483789 1.216
0.479789 1.2155
0.475789 1.215
0.471789 1.2145
0.467789 1.214
0.463789 1.2135
0.459789 1.213
0.455789 1.2125
0.451789 1.212
0.447789 1.2115
0.443789 1.211
0.439789 1.2105
0.435789 1.21
0.431789 1.2095
0.427789 1.209
0.423789 1.2085
0.419789 1.208
0.415789 1.2075
0.411789 1.207
0.407789 1.2065
0.403789 1.206
0.399789 1.2055
0.395789 1.205
0.391789 1.2045
0.387789 1.204
0.383789 1.2035
0.379789 1.203
0.375789 1.2025
0.371789 1.202
0.367789 1.2015
0.363789 1.201
0.359789 1.2005
0.355789 1.2
0.351789 1.1995
0.347789 1.199
0.343789 1.1985
0.339789 1.198
0.335789 1.1975
0.331789 1.197
0.327789 1.1965
0.323789 1.196
0.319789 1.1955
0.315789 1.195
0.311789 1.1945
0.307789 1.194
0.303789 1.1935
0.299789 1.193
0.295789 1.1925
0.291789 1.192
0.287789 1.1915
0.283789 1.191
0.279789 1.1905
0.275789 1.19
0.271789 1.1895
0.267789 1.189
0.263789 1.1885
0.259789 1.188
0.255789 1.1875
0.251789 1.187
0.247789 1.1865
0.243789 1.186
0.239789 1.1855
0.235789 1.185
0.231789 1.1845
0.227789 1.184
0.223789 1.1835
0.219789 1.183
0.215789 1.1825
0.211789 1.182
0.207789 1.1815
0.203789 1.181
0.199789 1.1805
0.195789 1.18
0.191789 1.1795
0.187789 1.179
0.183789 1.1785
0.179789 1.178
0.175789 1.1775
0.171789 1.177
0.167789 1.1765
0.163789 1.176
0.159789 1.1755
0.155789 1.175
0.151789 1.1745
0.147789 1.174
0.143789 1.1735
0.139789 1.173
0.135789 1.1725
0.131789 1.172
0.127789 1.1715
0.123789 1.171
0.119789 1.1705
0.115789 1.17
0.111789 1.1695
0.107789 1.169
0.103789 1.1685
0.0997895 1.168
0.0957895 1.1675
0.0917895 1.167
0.0877895 1.1665
0.0837895 1.166
0.0797895 1.1655
0.0757895 1.165
0.0717895 1.1645
0.0677895 1.164
0.0637895 1.1635
0.0597895 1.163
0.0557895 1.1625
0.0517895 1.162
0.0477895 1.1615
0.0437895 1.161
0.0397895 1.1605
0.0357895 1.16
0.0317895 1.1595
0.0277895 1.159
0.0237895 1.1585
0.0197895 1.158
0.0157895 1.1575
0.0117895 1.157
0.00778949 1.1565
0.00378949 1.156
-0.000210507 1.1555
-0.00421051 1.155
-0.00821051 1.1545
-0.0122105 1.154
-0.0162105 1.1535
-0.0202105 1.153
-0.0242105 1.1525
-0.0282105 1.152
-0.0322105 1.1515
-0.0362105 1.151
-0.0402105 1.1505
-0.0442105 1.15
-0.0482105 1.1495
-0.0522105 1.149
-0.0562105 1.1485
-0.0602105 1.148
-0.0642105 1.1475
-0.0682105 1.147
-0.0722105 1.1465
-0.0762105 1.146
-0.0802105 1.1455
-0.0842105 1.145
-0.0882105 1.1445
-0.0922105 1.144
-0.0962105 1.1435
-0.100211 1.143
-0.104211 1.1425
-0.108211 1.142
-0.112211 1.1415
-0.116211 1.141
-0.120211 1.1405
-0.124211 1.14
-0.128211 1.1395
-0.132211 1.139
-0.136211 1.1385
-0.140211 1.138
-0.144211 1.1375
-0.148211 1.137
-0.152211 1.1365
-0.156211 1.136
-0.160211 1.1355
-0.164211 1.135
-0.168211 1.1345
-0.172211 1.134
-0.176211 1.1335
-0.180211 1.133
-0.184211 1.1325
-0.188211 1.132
-0.192211 1.1315
-0.196211 1.131
-0.200211 1.1305
-0.204211 1.13
-0.208211 1.1295
-0.212211 1.129
-0.216211 1.1285
-0.220211 1.128
-0.224211 1.1275
-0.228211 1.127
-0.232211 1.1265
-0.236211 1.126
-0.240211 1.1255
-0.244211 1.125
-0.248211 1.1245
-0.252211 1.124
-0.256211 1.1235
-0.260211 1.123
-0.264211 1.1225
-0.268211 1.122
-0.272211 1.1215
-0.276211 1.121
-0.280211 1.1205
-0.284211 1.12
-0.288211 1.1195
-0.292211 1.119
-0.296211 1.1185
-0.300211 1.118
-0.304211 1.1175
-0.308211 1.117
-0.312211 1.1165
-0.316211 1.116
-0.320211 1.1155
-0.324211 1.115
-0.328211 1.1145
-0.332211 1.114
-0.336211 1.1135
-0.340211 1.113
-0.344211 1.1125
-0.348211 1.112
-0.352211 1.1115
-0.356211 1.111
-0.360211 1.1105
-0.364211 1.11
-0.368211 1.1095
-0.372211 1.109
-0.376211 1.1085
-0.380211 1.108
-0.384211 1.1075
-0.388211 1.107
-0.392211 1.1065
-0.396211 1.106
-0.400211 1.1055
-0.404211 1.105
-0.408211 1.1045
-0.412211 1.104
-0.416211 1.1035
-0.420211 1.103
-0.424211 1.1025
-0.428211 1.102
-0.432211 1.1015
-0.436211 1.101
-0.440211 1.1005
-0.444211 1.1
-0.448211 1.0995
-0.452211 1.099
-0.456211 1.0985
-0.460211 1.098
-0.464211 1.0975
-0.468211 1.097
-0.472211 1.0965
-0.476211 1.096
-0.480211 1.0955
-0.484211 1.095
-0.488211 1.0945
-0.492211 1.094
-0.496211 1.0935
-0.500211 1.093
-0.504211 1.0925
-0.508211 1.092
-0.512211 1.0915
-0.516211 1.091
-0.520211 1.0905
-0.524211 1.09
-0.528211 1.0895
-0.532211 1.089
-0.536211 1.0885
-0.540211 1.088
-0.544211 1.0875
-0.548211 1.087
-0.552211 1.0865
-0.556211 1.086
-0.560211 1.0855
-0.564211 1.085
-0.568211 1.0845
-0.572211 1.084
-0.576211 1.0835
-0.580211 1.083
-0.584211 1.0825
-0.588211 1.082
-0.592211 1.0815
-0.596211 1.081
-0.600211 1.0805
-0.604211 1.08
-0.608211 1.0795
-0.612211 1.079
-0.616211 1.0785
-0.620211 1.078
-0.624211 1.0775
-0.628211 1.077
-0.632211 1.0765
-0.636211 1.076
-0.640211 1.0755
-0.644211 1.075
-0.648211 1.0745
-0.652211 1.074
-0.656211 1.0735
-0.660211 1.073
-0.664211 1.0725
-0.668211 1.072
-0.672211 1.0715
-0.676211 1.071
-0.680211 1.0705
-0.684211 1.07
-0.688211 1.0695
-0.692211 1.069
-0.696211 1.0685
-0.700211 1.068
-0.704211 1.0675
-0.708211 1.067
-0.712211 1.0665
-0.716211 1.066
-0.720211 1.0655
-0.724211 1.065
-0.728211 1.0645
-0.732211 1.064
-0.736211 1.0635
-0.740211 1.063
-0.744211 1.0625
-0.748211 1.062
-0.752211 1.0615
-0.756211 1.061
-0.760211 1.0605
-0.764211 1.06
-0.768211 1.0595
-0.772211 1.059
-0.776211 1.0585
-0.780211 1.058
-0.784211 1.0575
-0.788211 1.057
-0.792211 1.0565
-0.796211 1.056
-0.800211 1.0555
-0.804211 1.055
-0.808211 1.0545
-0.812211 1.054
-0.816211 1.0535
-0.820211 1.053
-0.824211 1.0525
-0.828211 1.052
-0.832211 1.0515
-0.836211 1.051
-0.840211 1.0505
-0.844211 1.05
-0.848211 1.0495
-0.852211 1.049
-0.856211 1.0485
-0.860211 1.048
-0.864211 1.0475
-0.868211 1.047
-0.872211 1.0465
-0.876211 1.046
-0.880211 1.0455
-0.884211 1.045
-0.888211 1.0445
-0.892211 1.044
-0.896211 1.0435
-0.900211 1.043
-0.904211 1.0425
-0.908211 1.042
-0.912211 1.0415
-0.916211 1.041
-0.920211 1.0405
-0.924211 1.04
-0.928211 1.0395
-0.932211 1.039
-0.936211 1.0385
-0.940211 1.038
-0.944211 1.0375
-0.948211 1.037
-0.952211 1.0365
-0.956211 1.036
-0.960211 1.0355
-0.964211 1.035
-0.968211 1.0345
-0.972211 1.034
-0.976211 1.0335
-0.980211 1.033
-0.984211 1.0325
-0.988211 1.032
-0.992211 1.0315
-0.996211 1.031
-1.00021 1.0305
-1.00421 1.03
-1.00821 1.0295
-1.01221 1.029
-1.01621 1.0285
-1.02021 1.028
-1.02421 1.0275
-1.02821 1.027
-1.03221 1.0265
-1.03621 1.026
-1.04021 1.0255
-1.04421 1.025
-1.04821 1.0245
-1.05221 1.024
-1.05621 1.0235
-1.06021 1.023
-1.06421 1.0225
-1.06821 1.022
-1.07221 1.0215
-1.07621 1.021
-1.08021 1.0205
-1.08421 1.02
-1.08821 1.0195
-1.09221 1.019
-1.09621 1.0185
-1.10021 1.018
-1.10421 1.0175
-1.10821 1.017
-1.11221 1.0165
-1.11621 1.016
-1.12021 1.0155
-1.12421 1.015
-1.12821 1.0145
-1.13221 1.014
-1.13621 1.0135
-1.14021 1.013
-1.14421 1.0125
-1.14821 1.012
-1.15221 1.0115
-1.15621 1.011
-1.16021 1.0105
-1.16421 1.01
-1.16821 1.0095
-1.17221 1.009
-1.17621 1.0085
-1.18021 1.008
-1.18421 1.0075
-1.18821 1.007
-1.19221 1.0065
-1.19621 1.006
-1.20021 1.0055
-1.20421 1.005
-1.20821 1.0045
-1.21221 1.004
-1.21621 1.0035
-1.22021 1.003
-1.22421 1.0025
-1.22821 1.002
-1.23222 1.0015
-1.23322 1.001
-1.23509 1.0005
-1.23409 1
