Man
0 0
0 0.001
0 0.002
0 0.003
0 0.004
0 0.005
0 0.006
0 0.007
0 0.008
0 0.009
0 0.01
0 0.011
0 0.012
0 0.013
0 0.014
0 0.015
0 0.016
0 0.017
0 0.018
0 0.019
0 0.02
0 0.021
0 0.022
0 0.023
0 0.024
0 0.025
0 0.026
0 0.027
0 0.028
0 0.029
0 0.03
0 0.031
0 0.032
0 0.033
0 0.034
0 0.035
0 0.036
0 0.037
0 0.038
0 0.039
0 0.04
0 0.041
0 0.042
0 0.043
0 0.044
0 0.045
0 0.046
0 0.047
0 0.048
0 0.049
0 0.05
0 0.051
0 0.052
0 0.053
0 0.054
0 0.055
0 0.056
0 0.057
0 0.058
0 0.059
0 0.06
0 0.061
0 0.062
0 0.063
0 0.064
0 0.065
0 0.066
0 0.067
0 0.068
0 0.069
0 0.07
0 0.071
0 0.072
0 0.073
0 0.074
0 0.075
0 0.076
0 0.077
0 0.078
0 0.079
0 0.08
0 0.081
0 0.082
0 0.083
0 0.084
0 0.085
0 0.086
-0.000383495 0.087
-0.00115049 0.088
-0.00268447 0.089
-0.00575243 0.09
-0.0118884 0.091
-0.0241602 0.092
-0.0487039 0.093
-0.0977913 0.094
-0.195966 0.095
-0.392316 0.096
-0.49049 0.097
-0.539578 0.098
-0.564121 0.099
-0.576393 0.1
-0.582529 0.101
-0.585597 0.102
-0.587131 0.103
-0.587946 0.104
-0.588425 0.105
-0.588617 0.106
-0.589001 0.107
-0.589768 0.108
-0.591302 0.109
-0.59437 0.11
-0.600506 0.111
-0.612777 0.112
-0.637321 0.113
-0.649593 0.114
-0.655729 0.115
-0.658797 0.116
-0.660331 0.117
-0.661098 0.118
-0.661481 0.119
-0.661673 0.12
-0.661769 0.121
-0.661817 0.122
-0.661817 0.123
-0.661817 0.124
-0.661817 0.125
-0.661817 0.126
-0.661817 0.127
-0.661817 0.128
-0.661817 0.129
-0.661817 0.13
-0.661817 0.131
-0.661913 0.132
-0.662104 0.133
-0.662488 0.134
-0.663255 0.135
-0.664789 0.136
-0.667857 0.137
-0.673993 0.138
-0.686265 0.139
-0.710808 0.14
-0.759896 0.141
-0.784487 0.142
-0.796855 0.143
-0.803183 0.144
-0.806634 0.145
-0.808935 0.146
-0.811236 0.147
-0.814688 0.148
-0.821027 0.149
-0.833419 0.15
-0.858011 0.151
-0.870378 0.152
-0.876742 0.153
-0.880265 0.154
-0.88271 0.155
-0.885299 0.156
-0.889325 0.157
-0.896804 0.158
-0.90228 0.159
-0.908488 0.16
-0.918507 0.161
-0.937394 0.162
-0.946981 0.163
-0.952087 0.164
-0.955251 0.165
-0.958055 0.166
-0.961902 0.167
-0.968709 0.168
-0.972712 0.169
-0.975899 0.17
-0.979866 0.171
-0.986577 0.172
-0.999424 0.173
-1.00642 0.174
-1.01109 0.175
-1.01575 0.176
-1.02274 0.177
-1.03554 0.178
-1.04215 0.179
-1.04591 0.18
-1.04866 0.181
-1.0518 0.182
-1.05688 0.183
-1.06647 0.184
-1.07155 0.185
-1.07468 0.186
-1.07741 0.187
-1.0811 0.188
-1.08762 0.189
-1.09103 0.19
-1.09302 0.191
-1.0946 0.192
-1.09656 0.193
-1.09986 0.194
-1.10619 0.195
-1.1095 0.196
-1.11145 0.197
-1.11302 0.198
-1.11499 0.199
-1.11834 0.2
-1.12477 0.201
-1.12827 0.202
-1.13059 0.203
-1.1329 0.204
-1.13636 0.205
-1.14268 0.206
-1.14586 0.207
-1.14747 0.208
-1.1483 0.209
-1.1488 0.21
-1.14918 0.211
-1.14966 0.212
-1.15047 0.213
-1.15203 0.214
-1.15511 0.215
-1.16125 0.216
-1.16432 0.217
-1.16586 0.218
-1.16665 0.219
-1.16708 0.22
-1.16737 0.221
-1.16766 0.222
-1.16809 0.223
-1.16888 0.224
-1.17043 0.225
-1.1735 0.226
-1.17963 0.227
-1.1827 0.228
-1.18425 0.229
-1.18504 0.23
-1.18547 0.231
-1.18576 0.232
-1.18604 0.233
-1.18647 0.234
-1.18727 0.235
-1.18881 0.236
-1.19188 0.237
-1.19802 0.238
-1.20109 0.239
-1.20265 0.24
-1.20347 0.241
-1.20395 0.242
-1.20433 0.243
-1.20481 0.244
-1.20563 0.245
-1.20718 0.246
-1.21026 0.247
-1.2164 0.248
-1.21947 0.249
-1.22101 0.25
-1.22179 0.251
-1.22219 0.252
-1.22243 0.253
-1.22262 0.254
-1.22286 0.255
-1.22327 0.256
-1.22405 0.257
-1.22558 0.258
-1.22865 0.259
-1.23019 0.26
-1.23095 0.261
-1.23134 0.262
-1.23153 0.263
-1.23162 0.264
-1.23167 0.265
-1.2317 0.266
-1.23171 0.267
-1.23171 0.268
-1.23171 0.269
-1.23171 0.27
-1.23171 0.271
-1.23171 0.272
-1.23171 0.273
-1.23171 0.274
-1.23171 0.275
-1.23171 0.276
-1.23171 0.277
-1.23171 0.278
-1.23171 0.279
-1.23171 0.28
-1.23171 0.281
-1.23171 0.282
-1.23171 0.283
-1.23171 0.284
-1.23171 0.285
-1.23171 0.286
-1.23171 0.287
-1.23171 0.288
-1.23171 0.289
-1.23171 0.29
-1.23171 0.291
-1.23171 0.292
-1.23171 0.293
-1.23171 0.294
-1.23171 0.295
-1.23171 0.296
-1.23171 0.297
-1.23171 0.298
-1.23171 0.299
-1.23171 0.3
-1.23171 0.301
-1.23171 0.302
-1.23171 0.303
-1.23171 0.304
-1.23171 0.305
-1.23171 0.306
-1.23171 0.307
-1.23171 0.308
-1.23171 0.309
-1.23171 0.31
-1.23171 0.311
-1.23171 0.312
-1.23171 0.313
-1.23171 0.314
-1.23171 0.315
-1.23171 0.316
-1.23171 0.317
-1.23171 0.318
-1.23171 0.319
-1.23171 0.32
-1.23171 0.321
-1.23171 0.322
-1.23171 0.323
-1.23171 0.324
-1.23171 0.325
-1.23171 0.326
-1.23171 0.327
-1.23171 0.328
-1.23171 0.329
-1.23171 0.33
-1.23171 0.331
-1.23171 0.332
-1.23171 0.333
-1.23171 0.334
-1.23171 0.335
-1.23171 0.336
-1.23171 0.337
-1.23171 0.338
-1.23171 0.339
-1.23171 0.34
-1.23171 0.341
-1.23171 0.342
-1.23171 0.343
-1.23171 0.344
-1.23171 0.345
-1.23171 0.346
-1.23171 0.347
-1.23171 0.348
-1.23171 0.349
-1.23171 0.35
-1.23171 0.351
-1.23171 0.352
-1.23171 0.353
-1.23171 0.354
-1.23171 0.355
-1.23171 0.356
-1.23171 0.357
-1.23171 0.358
-1.23171 0.359
-1.23171 0.36
-1.23171 0.361
-1.23171 0.362
-1.23171 0.363
-1.23171 0.364
-1.23171 0.365
-1.23171 0.366
-1.23171 0.367
-1.23171 0.368
-1.23171 0.369
-1.23171 0.37
-1.23171 0.371
-1.23171 0.372
-1.23171 0.373
-1.23171 0.374
-1.23171 0.375
-1.23171 0.376
-1.23171 0.377
-1.23171 0.378
-1.23171 0.379
-1.23171 0.38
-1.23171 0.381
-1.23171 0.382
-1.23171 0.383
-1.23171 0.384
-1.23171 0.385
-1.23171 0.386
-1.23171 0.387
-1.23171 0.388
-1.23171 0.389
-1.23171 0.39
-1.23171 0.391
-1.23171 0.392
-1.23171 0.393
-1.23171 0.394
-1.23171 0.395
-1.23171 0.396
-1.23171 0.397
-1.23171 0.398
-1.23171 0.399
-1.23171 0.4
-1.23171 0.401
-1.23171 0.402
-1.23171 0.403
-1.23171 0.404
-1.23171 0.405
-1.23171 0.406
-1.23171 0.407
-1.23171 0.408
-1.23171 0.409
-1.23171 0.41
-1.23171 0.411
-1.23171 0.412
-1.23171 0.413
-1.23171 0.414
-1.23171 0.415
-1.23171 0.416
-1.23171 0.417
-1.23171 0.418
-1.23171 0.419
-1.23171 0.42
-1.23171 0.421
-1.23171 0.422
-1.23171 0.423
-1.23171 0.424
-1.23171 0.425
-1.23171 0.426
-1.23171 0.427
-1.23171 0.428
-1.23171 0.429
-1.23171 0.43
-1.23171 0.431
-1.23171 0.432
-1.23171 0.433
-1.23171 0.434
-1.23171 0.435
-1.23171 0.436
-1.23171 0.437
-1.23171 0.438
-1.23171 0.439
-1.23171 0.44
-1.23171 0.441
-1.23171 0.442
-1.23171 0.443
-1.23171 0.444
-1.23171 0.445
-1.23171 0.446
-1.23171 0.447
-1.23171 0.448
-1.23171 0.449
-1.23171 0.45
-1.23171 0.451
-1.23171 0.452
-1.23171 0.453
-1.23171 0.454
-1.23171 0.455
-1.23171 0.456
-1.23171 0.457
-1.23171 0.458
-1.23171 0.459
-1.23171 0.46
-1.23171 0.461
-1.23171 0.462
-1.23171 0.463
-1.23171 0.464
-1.23171 0.465
-1.23171 0.466
-1.23171 0.467
-1.23171 0.468
-1.23171 0.469
-1.23171 0.47
-1.23171 0.471
-1.23171 0.472
-1.23171 0.473
-1.23171 0.474
-1.23171 0.475
-1.23171 0.476
-1.23171 0.477
-1.23171 0.478
-1.23171 0.479
-1.23171 0.48
-1.23171 0.481
-1.23171 0.482
-1.23171 0.483
-1.23171 0.484
-1.23171 0.485
-1.23171 0.486
-1.23171 0.487
-1.23171 0.488
-1.23171 0.489
-1.23171 0.49
-1.23171 0.491
-1.23171 0.492
-1.23171 0.493
-1.23171 0.494
-1.23171 0.495
-1.23171 0.496
-1.23171 0.497
-1.23171 0.498
-1.23171 0.499
-1.23171 0.5
-1.23171 0.501
-1.23171 0.502
-1.23171 0.503
-1.23171 0.504
-1.23171 0.505
-1.23171 0.506
-1.23171 0.507
-1.23171 0.508
-1.23171 0.509
-1.23171 0.51
-1.23171 0.511
-1.23171 0.512
-1.23171 0.513
-1.23171 0.514
-1.23171 0.515
-1.23171 0.516
-1.23171 0.517
-1.23171 0.518
-1.23171 0.519
-1.23171 0.52
-1.23171 0.521
-1.23171 0.522
-1.23171 0.523
-1.23171 0.524
-1.23171 0.525
-1.23171 0.526
-1.23171 0.527
-1.23171 0.528
-1.23171 0.529
-1.23171 0.53
-1.23171 0.531
-1.23171 0.532
-1.23171 0.533
-1.23171 0.534
-1.23171 0.535
-1.23171 0.536
-1.23171 0.537
-1.23171 0.538
-1.23171 0.539
-1.23171 0.54
-1.23171 0.541
-1.23171 0.542
-1.23171 0.543
-1.23171 0.544
-1.23171 0.545
-1.23171 0.546
-1.23171 0.547
-1.23171 0.548
-1.23171 0.549
-1.23171 0.55
-1.23171 0.551
-1.23171 0.552
-1.23171 0.553
-1.23171 0.554
-1.23171 0.555
-1.23171 0.556
-1.23171 0.557
-1.23171 0.558
-1.23171 0.559
-1.23171 0.56
-1.23171 0.561
-1.23171 0.562
-1.23171 0.563
-1.23171 0.564
-1.23171 0.565
-1.23171 0.566
-1.23171 0.567
-1.23171 0.568
-1.23171 0.569
-1.23171 0.57
-1.23171 0.571
-1.23171 0.572
-1.23171 0.573
-1.23171 0.574
-1.23171 0.575
-1.23171 0.576
-1.23171 0.577
-1.23171 0.578
-1.23171 0.579
-1.23171 0.58
-1.23171 0.581
-1.23171 0.582
-1.23171 0.583
-1.23171 0.584
-1.23171 0.585
-1.23171 0.586
-1.23171 0.587
-1.23171 0.588
-1.23171 0.589
-1.23171 0.59
-1.23171 0.591
-1.23171 0.592
-1.23171 0.593
-1.23171 0.594
-1.23171 0.595
-1.23171 0.596
-1.23171 0.597
-1.23171 0.598
-1.23171 0.599
-1.23171 0.6
-1.23171 0.601
-1.23171 0.602
-1.23171 0.603
-1.23171 0.604
-1.23171 0.605
-1.23171 0.606
-1.23171 0.607
-1.23171 0.608
-1.23171 0.609
-1.23171 0.61
-1.23171 0.611
-1.23171 0.612
-1.23171 0.613
-1.23171 0.614
-1.23171 0.615
-1.23171 0.616
-1.23171 0.617
-1.23171 0.618
-1.23171 0.619
-1.23171 0.62
-1.23171 0.621
-1.23171 0.622
-1.23171 0.623
-1.23171 0.624
-1.23171 0.625
-1.23171 0.626
-1.23171 0.627
-1.23171 0.628
-1.23171 0.629
-1.23171 0.63
-1.23171 0.631
-1.23171 0.632
-1.23171 0.633
-1.23171 0.634
-1.23171 0.635
-1.23171 0.636
-1.23171 0.637
-1.23171 0.638
-1.23171 0.639
-1.23171 0.64
-1.23171 0.641
-1.23171 0.642
-1.23171 0.643
-1.23171 0.644
-1.23171 0.645
-1.23171 0.646
-1.23171 0.647
-1.23171 0.648
-1.23171 0.649
-1.23171 0.65
-1.23171 0.651
-1.23171 0.652
-1.23171 0.653
-1.23171 0.654
-1.23171 0.655
-1.23171 0.656
-1.23171 0.657
-1.23171 0.658
-1.23171 0.659
-1.23171 0.66
-1.23171 0.661
-1.23171 0.662
-1.23171 0.663
-1.23171 0.664
-1.23171 0.665
-1.23171 0.666
-1.23171 0.667
-1.23171 0.668
-1.23171 0.669
-1.23171 0.67
-1.23171 0.671
-1.23171 0.672
-1.23171 0.673
-1.23171 0.674
-1.23171 0.675
-1.23171 0.676
-1.23171 0.677
-1.23171 0.678
-1.23171 0.679
-1.23171 0.68
-1.23171 0.681
-1.23171 0.682
-1.23171 0.683
-1.23171 0.684
-1.23171 0.685
-1.23171 0.686
-1.23171 0.687
-1.23171 0.688
-1.23171 0.689
-1.23171 0.69
-1.23171 0.691
-1.23171 0.692
-1.23171 0.693
-1.23171 0.694
-1.23171 0.695
-1.23171 0.696
-1.23171 0.697
-1.23171 0.698
-1.23171 0.699
-1.23171 0.7
-1.23171 0.701
-1.23171 0.702
-1.23171 0.703
-1.23171 0.704
-1.23171 0.705
-1.23171 0.706
-1.23171 0.707
-1.23171 0.708
-1.23171 0.709
-1.23171 0.71
-1.23171 0.711
-1.23171 0.712
-1.23171 0.713
-1.23171 0.714
-1.23171 0.715
-1.23171 0.716
-1.23171 0.717
-1.23171 0.718
-1.23171 0.719
-1.23171 0.72
-1.23171 0.721
-1.23171 0.722
-1.23171 0.723
-1.23171 0.724
-1.23171 0.725
-1.23171 0.726
-1.23171 0.727
-1.23171 0.728
-1.23171 0.729
-1.23171 0.73
-1.23171 0.731
-1.23171 0.732
-1.23171 0.733
-1.23171 0.734
-1.23171 0.735
-1.23171 0.736
-1.23171 0.737
-1.23171 0.738
-1.23171 0.739
-1.23171 0.74
-1.23171 0.741
-1.23171 0.742
-1.23171 0.743
-1.23171 0.744
-1.23171 0.745
-1.23171 0.746
-1.23171 0.747
-1.23171 0.748
-1.23171 0.749
-1.23171 0.75
-1.23171 0.751
-1.23171 0.752
-1.23171 0.753
-1.23171 0.754
-1.23171 0.755
-1.23171 0.756
-1.23171 0.757
-1.23171 0.758
-1.23171 0.759
-1.23171 0.76
-1.23171 0.761
-1.23171 0.762
-1.23171 0.763
-1.23171 0.764
-1.23171 0.765
-1.23171 0.766
-1.23171 0.767
-1.23171 0.768
-1.23171 0.769
-1.23171 0.77
-1.23171 0.771
-1.23171 0.772
-1.23171 0.773
-1.23171 0.774
-1.23171 0.775
-1.23171 0.776
-1.23171 0.777
-1.23171 0.778
-1.23171 0.779
-1.23171 0.78
-1.23171 0.781
-1.23171 0.782
-1.23171 0.783
-1.23171 0.784
-1.23171 0.785
-1.23171 0.786
-1.23171 0.787
-1.23171 0.788
-1.23171 0.789
-1.23171 0.79
-1.23171 0.791
-1.23171 0.792
-1.23171 0.793
-1.23171 0.794
-1.23171 0.795
-1.23171 0.796
-1.23171 0.797
-1.23171 0.798
-1.23171 0.799
-1.23171 0.8
-1.23171 0.801
-1.23171 0.802
-1.23171 0.803
-1.23171 0.804
-1.23171 0.805
-1.23171 0.806
-1.23171 0.807
-1.23171 0.808
-1.23171 0.809
-1.23171 0.81
-1.23171 0.811
-1.23171 0.812
-1.23171 0.813
-1.23171 0.814
-1.23171 0.815
-1.23171 0.816
-1.23171 0.817
-1.23171 0.818
-1.23171 0.819
-1.23171 0.82
-1.23171 0.821
-1.23171 0.822
-1.23171 0.823
-1.23171 0.824
-1.23171 0.825
-1.23171 0.826
-1.23171 0.827
-1.23171 0.828
-1.23171 0.829
-1.23171 0.83
-1.23171 0.831
-1.23171 0.832
-1.23171 0.833
-1.23171 0.834
-1.23171 0.835
-1.23171 0.836
-1.23171 0.837
-1.23171 0.838
-1.23171 0.839
-1.23171 0.84
-1.23171 0.841
-1.23171 0.842
-1.23171 0.843
-1.23171 0.844
-1.23171 0.845
-1.23171 0.846
-1.23171 0.847
-1.23171 0.848
-1.23171 0.849
-1.23171 0.85
-1.23171 0.851
-1.23171 0.852
-1.23171 0.853
-1.23171 0.854
-1.23171 0.855
-1.23171 0.856
-1.23171 0.857
-1.23171 0.858
-1.23171 0.859
-1.23171 0.86
-1.23171 0.861
-1.23171 0.862
-1.23171 0.863
-1.23171 0.864
-1.23171 0.865
-1.23171 0.866
-1.23171 0.867
-1.23171 0.868
-1.23171 0.869
-1.23171 0.87
-1.23171 0.871
-1.23171 0.872
-1.23171 0.873
-1.23171 0.874
-1.23171 0.875
-1.23171 0.876
-1.23171 0.877
-1.23171 0.878
-1.23171 0.879
-1.23171 0.88
-1.23171 0.881
-1.23171 0.882
-1.23171 0.883
-1.23171 0.884
-1.23171 0.885
-1.23171 0.886
-1.23171 0.887
-1.23171 0.888
-1.23171 0.889
-1.23171 0.89
-1.23171 0.891
-1.23171 0.892
-1.23171 0.893
-1.23171 0.894
-1.23171 0.895
-1.23171 0.896
-1.23171 0.897
-1.23171 0.898
-1.23171 0.899
-1.23171 0.9
-1.23171 0.901
-1.23171 0.902
-1.23171 0.903
-1.23171 0.904
-1.23171 0.905
-1.23171 0.906
-1.23171 0.907
-1.23171 0.908
-1.23171 0.909
-1.23171 0.91
-1.23171 0.911
-1.23171 0.912
-1.23171 0.913
-1.23171 0.914
-1.23171 0.915
-1.23171 0.916
-1.23171 0.917
-1.23171 0.918
-1.23171 0.919
-1.23171 0.92
-1.23171 0.921
-1.23171 0.922
-1.23171 0.923
-1.23171 0.924
-1.23171 0.925
-1.23171 0.926
-1.23171 0.927
-1.23171 0.928
-1.23171 0.929
-1.23171 0.93
-1.23171 0.931
-1.23171 0.932
-1.23171 0.933
-1.23171 0.934
-1.23171 0.935
-1.23171 0.936
-1.23171 0.937
-1.23171 0.938
-1.23171 0.939
-1.23171 0.94
-1.23171 0.941
-1.23171 0.942
-1.23171 0.943
-1.23171 0.944
-1.23171 0.945
-1.23171 0.946
-1.23171 0.947
-1.23171 0.948
-1.23171 0.949
-1.23171 0.95
-1.23171 0.951
-1.23171 0.952
-1.23171 0.953
-1.23171 0.954
-1.23171 0.955
-1.23171 0.956
-1.23171 0.957
-1.23171 0.958
-1.23171 0.959
-1.23171 0.96
-1.23171 0.961
-1.23171 0.962
-1.23171 0.963
-1.23171 0.964
-1.23171 0.965
-1.23171 0.966
-1.23171 0.967
-1.23171 0.968
-1.23171 0.969
-1.23171 0.97
-1.23171 0.971
-1.23171 0.972
-1.23171 0.973
-1.23171 0.974
-1.23171 0.975
-1.23171 0.976
-1.23171 0.977
-1.23171 0.978
-1.23171 0.979
-1.23171 0.98
-1.23171 0.981
-1.23171 0.982
-1.23171 0.983
-1.23171 0.984
-1.23171 0.985
-1.23171 0.986
-1.23171 0.987
-1.23171 0.988
-1.23171 0.989
-1.23172 0.99
-1.23173 0.991
-1.23174 0.992
-1.23176 0.993
-1.23181 0.994
-1.23191 0.995
-1.2321 0.996
-1.23248 0.997
-1.23353 0.998
-1.23579 0.999
-1.23479 1


Shark
3.14159 1.5
3.13759 1.4995
3.13359 1.499
3.12959 1.4985
3.12559 1.498
3.12159 1.4975
3.11759 1.497
3.11359 1.4965
3.10959 1.496
3.10559 1.4955
3.10159 1.495
3.09759 1.4945
3.09359 1.494
3.08959 1.4935
3.08559 1.493
3.08159 1.4925
3.07759 1.492
3.07359 1.4915
3.06959 1.491
3.06559 1.4905
3.06159 1.49
3.05759 1.4895
3.05359 1.489
3.04959 1.4885
3.04559 1.488
3.04159 1.4875
3.03759 1.487
3.03359 1.4865
3.02959 1.486
3.02559 1.4855
3.02159 1.485
3.01759 1.4845
3.01359 1.484
3.00959 1.4835
3.00559 1.483
3.00159 1.4825
2.99759 1.482
2.99359 1.4815
2.98959 1.481
2.98559 1.4805
2.98159 1.48
2.97759 1.4795
2.97359 1.479
2.96959 1.4785
2.96559 1.478
2.96159 1.4775
2.95759 1.477
2.95359 1.4765
2.94959 1.476
2.94559 1.4755
2.94159 1.475
2.93759 1.4745
2.93359 1.474
2.92959 1.4735
2.92559 1.473
2.92159 1.4725
2.91759 1.472
2.91359 1.4715
2.90959 1.471
2.90559 1.4705
2.90159 1.47
2.89759 1.4695
2.89359 1.469
2.88959 1.4685
2.88559 1.468
2.88159 1.4675
2.87759 1.467
2.87359 1.4665
2.86959 1.466
2.86559 1.4655
2.86159 1.465
2.85759 1.4645
2.85359 1.464
2.84959 1.4635
2.84559 1.463
2.84159 1.4625
2.83759 1.462
2.83359 1.4615
2.82959 1.461
2.82559 1.4605
2.82159 1.46
2.81759 1.4595
2.81359 1.459
2.80959 1.4585
2.80559 1.458
2.80159 1.4575
2.79759 1.457
2.79359 1.4565
2.78958 1.456
2.78554 1.4555
2.7814 1.455
2.77682 1.4545
2.77081 1.454
2.76088 1.4535
2.7421 1.453
2.70479 1.4525
2.6298 1.452
2.59171 1.4515
2.57215 1.451
2.56169 1.4505
2.55537 1.45
2.55067 1.4495
2.54648 1.449
2.54244 1.4485
2.53842 1.448
2.53442 1.4475
2.53042 1.447
2.52641 1.4465
2.5224 1.446
2.51834 1.4455
2.51412 1.445
2.50929 1.4445
2.50251 1.444
2.49077 1.4435
2.48391 1.443
2.47902 1.4425
2.47477 1.442
2.47071 1.4415
2.4667 1.441
2.46269 1.4405
2.45869 1.44
2.45469 1.4395
2.45069 1.439
2.44669 1.4385
2.44269 1.438
2.43869 1.4375
2.43469 1.437
2.43069 1.4365
2.42669 1.436
2.42269 1.4355
2.41869 1.435
2.41469 1.4345
2.41069 1.434
2.40669 1.4335
2.40268 1.433
2.39866 1.4325
2.39458 1.432
2.39024 1.4315
2.38501 1.431
2.37712 1.4305
2.36285 1.43
2.33498 1.4295
2.3205 1.429
2.31239 1.4285
2.30699 1.428
2.30252 1.4275
2.2983 1.427
2.29408 1.4265
2.28959 1.426
2.2841 1.4255
2.27568 1.425
2.26034 1.4245
2.25185 1.424
2.24627 1.4235
2.24172 1.423
2.23745 1.4225
2.23314 1.422
2.22841 1.4215
2.22223 1.421
2.21693 1.4205
2.2113 1.42
2.20373 1.4195
2.19089 1.419
2.18348 1.4185
2.17827 1.418
2.17376 1.4175
2.16935 1.417
2.1646 1.4165
2.15854 1.416
2.15371 1.4155
2.14917 1.415
2.14434 1.4145
2.13824 1.414
2.12851 1.4135
2.12222 1.413
2.11706 1.4125
2.11189 1.412
2.10554 1.4115
2.09561 1.411
2.08943 1.4105
2.0846 1.41
2.08014 1.4095
2.07553 1.409
2.07008 1.4085
2.06198 1.408
2.0565 1.4075
2.05187 1.407
2.04738 1.4065
2.04252 1.406
2.03618 1.4055
2.03142 1.405
2.02715 1.4045
2.02297 1.404
2.01869 1.4035
2.01394 1.403
2.0076 1.4025
2.00284 1.402
1.99855 1.4015
1.99436 1.401
1.99007 1.4005
1.98526 1.4
1.97873 1.3995
1.97384 1.399
1.96942 1.3985
1.965 1.398
1.9601 1.3975
1.95354 1.397
1.94876 1.3965
1.94454 1.396
1.94048 1.3955
1.93646 1.395
1.93244 1.3945
1.92842 1.394
1.92436 1.3935
1.92015 1.393
1.91536 1.3925
1.90872 1.392
1.90392 1.3915
1.8997 1.391
1.89564 1.3905
1.89162 1.39
1.88762 1.3895
1.88361 1.389
1.87959 1.3885
1.87553 1.388
1.87129 1.3875
1.86643 1.387
1.85958 1.3865
1.8547 1.386
1.85046 1.3855
1.8464 1.385
1.84238 1.3845
1.83837 1.384
1.83436 1.3835
1.83034 1.383
1.82627 1.3825
1.82201 1.382
1.81707 1.3815
1.81 1.381
1.80504 1.3805
1.80077 1.38
1.79669 1.3795
1.79267 1.379
1.78865 1.3785
1.78462 1.378
1.78054 1.3775
1.77626 1.377
1.77124 1.3765
1.76396 1.376
1.75894 1.3755
1.75465 1.375
1.75057 1.3745
1.74655 1.374
1.74255 1.3735
1.73854 1.373
1.73453 1.3725
1.73051 1.372
1.72643 1.3715
1.72213 1.371
1.71703 1.3705
1.71272 1.37
1.70864 1.3695
1.70462 1.369
1.70062 1.3685
1.69662 1.368
1.69262 1.3675
1.68862 1.367
1.68462 1.3665
1.68062 1.366
1.67662 1.3655
1.67262 1.365
1.66862 1.3645
1.66462 1.364
1.66062 1.3635
1.65662 1.363
1.65262 1.3625
1.64862 1.362
1.64462 1.3615
1.64062 1.361
1.63662 1.3605
1.63262 1.36
1.62862 1.3595
1.62462 1.359
1.62062 1.3585
1.61662 1.358
1.61262 1.3575
1.60862 1.357
1.60462 1.3565
1.60062 1.356
1.59662 1.3555
1.59262 1.355
1.58862 1.3545
1.58462 1.354
1.58062 1.3535
1.57662 1.353
1.57262 1.3525
1.56862 1.352
1.56462 1.3515
1.56062 1.351
1.55662 1.3505
1.55262 1.35
1.54862 1.3495
1.54462 1.349
1.54062 1.3485
1.53662 1.348
1.53262 1.3475
1.52862 1.347
1.52462 1.3465
1.52062 1.346
1.51662 1.3455
1.51262 1.345
1.50862 1.3445
1.50462 1.344
1.50062 1.3435
1.49662 1.343
1.49262 1.3425
1.48862 1.342
1.48462 1.3415
1.48062 1.341
1.47662 1.3405
1.47262 1.34
1.46862 1.3395
1.46462 1.339
1.46062 1.3385
1.45662 1.338
1.45262 1.3375
1.44862 1.337
1.44462 1.3365
1.44062 1.336
1.43662 1.3355
1.43262 1.335
1.42862 1.3345
1.42462 1.334
1.42062 1.3335
1.41662 1.333
1.41262 1.3325
1.40862 1.332
1.40462 1.3315
1.40062 1.331
1.39662 1.3305
1.39262 1.33
1.38862 1.3295
1.38462 1.329
1.38062 1.3285
1.37662 1.328
1.37262 1.3275
1.36862 1.327
1.36462 1.3265
1.36062 1.326
1.35662 1.3255
1.35262 1.325
1.34862 1.3245
1.34462 1.324
1.34062 1.3235
1.33662 1.323
1.33262 1.3225
1.32862 1.322
1.32462 1.3215
1.32062 1.321
1.31662 1.3205
1.31262 1.32
1.30862 1.3195
1.30462 1.319
1.30062 1.3185
1.29662 1.318
1.29262 1.3175
1.28862 1.317
1.28462 1.3165
1.28062 1.316
1.27662 1.3155
1.27262 1.315
1.26862 1.3145
1.26462 1.314
1.26062 1.3135
1.25662 1.313
1.25262 1.3125
1.24862 1.312
1.24462 1.3115
1.24062 1.311
1.23662 1.3105
1.23262 1.31
1.22862 1.3095
1.22462 1.309
1.22062 1.3085
1.21662 1.308
1.21262 1.3075
1.20862 1.307
1.20462 1.3065
1.20062 1.306
1.19662 1.3055
1.19262 1.305
1.18862 1.3045
1.18462 1.304
1.18062 1.3035
1.17662 1.303
1.17262 1.3025
1.16862 1.302
1.16462 1.3015
1.16062 1.301
1.15662 1.3005
1.15262 1.3
1.14862 1.2995
1.14462 1.299
1.14062 1.2985
1.13662 1.298
1.13262 1.2975
1.12862 1.297
1.12462 1.2965
1.12062 1.296
1.11662 1.2955
1.11262 1.295
1.10862 1.2945
1.10462 1.294
1.10062 1.2935
1.09662 1.293
1.09262 1.2925
1.08862 1.292
1.08462 1.2915
1.08062 1.291
1.07662 1.2905
1.07262 1.29
1.06862 1.2895
1.06462 1.289
1.06062 1.2885
1.05662 1.288
1.05262 1.2875
1.04862 1.287
1.04462 1.2865
1.04062 1.286
1.03662 1.2855
1.03262 1.285
1.02862 1.2845
1.02462 1.284
1.02062 1.2835
1.01662 1.283
1.01262 1.2825
1.00862 1.282
1.00462 1.2815
1.00062 1.281
0.996616 1.2805
0.992616 1.28
0.988616 1.2795
0.984616 1.279
0.980616 1.2785
0.976616 1.278
0.972616 1.2775
0.968616 1.277
0.964616 1.2765
0.960616 1.276
0.956616 1.2755
0.952616 1.275
0.948616 1.2745
0.944616 1.274
0.940616 1.2735
0.936616 1.273
0.932616 1.2725
0.928616 1.272
0.924616 1.2715
0.920616 1.271
0.916616 1.2705
0.912616 1.27
0.908616 1.2695
0.904616 1.269
0.900616 1.2685
0.896616 1.268
0.892616 1.2675
0.888616 1.267
0.884616 1.2665
0.880616 1.266
0.876616 1.2655
0.872616 1.265
0.868616 1.2645
0.864616 1.264
0.860616 1.2635
0.856616 1.263
0.852616 1.2625
0.848616 1.262
0.844616 1.2615
0.840616 1.261
0.836616 1.2605
0.832616 1.26
0.828616 1.2595
0.824616 1.259
0.820616 1.2585
0.816616 1.258
0.812616 1.2575
0.808616 1.257
0.804616 1.2565
0.800616 1.256
0.796616 1.2555
0.792616 1.255
0.788616 1.2545
0.784616 1.254
0.780616 1.2535
0.776616 1.253
0.772616 1.2525
0.768616 1.252
0.764616 1.2515
0.760616 1.251
0.756616 1.2505
0.752616 1.25
0.748616 1.2495
0.744616 1.249
0.740616 1.2485
0.736616 1.248
0.732616 1.2475
0.728616 1.247
0.724616 1.2465
0.720616 1.246
0.716616 1.2455
0.712616 1.245
0.708616 1.2445
0.704616 1.244
0.700616 1.2435
0.696616 1.243
0.692616 1.2425
0.688616 1.242
0.684616 1.2415
0.680616 1.241
0.676616 1.2405
0.672616 1.24
0.668616 1.2395
0.664616 1.239
0.660616 1.2385
0.656616 1.238
0.652616 1.2375
0.648616 1.237
0.644616 1.2365
0.640616 1.236
0.636616 1.2355
0.632616 1.235
0.628616 1.2345
0.624616 1.234
0.620616 1.2335
0.616616 1.233
0.612616 1.2325
0.608616 1.232
0.604616 1.2315
0.600616 1.231
0.596616 1.2305
0.592616 1.23
0.588616 1.2295
0.584616 1.229
0.580616 1.2285
0.576616 1.228
0.572616 1.2275
0.568616 1.227
0.564616 1.2265
0.560616 1.226
0.556616 1.2255
0.552616 1.225
0.548616 1.2245
0.544616 1.224
0.540616 1.2235
0.536616 1.223
0.532616 1.2225
0.528616 1.222
0.524616 1.2215
0.520616 1.221
0.516616 1.2205
0.512616 1.22
0.508616 1.2195
0.504616 1.219
0.500616 1.2185
0.496616 1.218
0.492616 1.2175
0.488616 1.217
0.484616 1.2165
0.480616 1.216
0.476616 1.2155
0.472616 1.215
0.468616 1.2145
0.464616 1.214
0.460616 1.2135
0.456616 1.213
0.452616 1.2125
0.448616 1.212
0.444616 1.2115
0.440616 1.211
0.436616 1.2105
0.432616 1.21
0.428616 1.2095
0.424616 1.209
0.420616 1.2085
0.416616 1.208
0.412616 1.2075
0.408616 1.207
0.404616 1.2065
0.400616 1.206
0.396616 1.2055
0.392616 1.205
0.388616 1.2045
0.384616 1.204
0.380616 1.2035
0.376616 1.203
0.372616 1.2025
0.368616 1.202
0.364616 1.2015
0.360616 1.201
0.356616 1.2005
0.352616 1.2
0.348616 1.1995
0.344616 1.199
0.340616 1.1985
0.336616 1.198
0.332616 1.1975
0.328616 1.197
0.324616 1.1965
0.320616 1.196
0.316616 1.1955
0.312616 1.195
0.308616 1.1945
0.304616 1.194
0.300616 1.1935
0.296616 1.193
0.292616 1.1925
0.288616 1.192
0.284616 1.1915
0.280616 1.191
0.276616 1.1905
0.272616 1.19
0.268616 1.1895
0.264616 1.189
0.260616 1.1885
0.256616 1.188
0.252616 1.1875
0.248616 1.187
0.244616 1.1865
0.240616 1.186
0.236616 1.1855
0.232616 1.185
0.228616 1.1845
0.224616 1.184
0.220616 1.1835
0.216616 1.183
0.212616 1.1825
0.208616 1.182
0.204616 1.1815
0.200616 1.181
0.196616 1.1805
0.192616 1.18
0.188616 1.1795
0.184616 1.179
0.180616 1.1785
0.176616 1.178
0.172616 1.1775
0.168616 1.177
0.164616 1.1765
0.160616 1.176
0.156616 1.1755
0.152616 1.175
0.148616 1.1745
0.144616 1.174
0.140616 1.1735
0.136616 1.173
0.132616 1.1725
0.128616 1.172
0.124616 1.1715
0.120616 1.171
0.116616 1.1705
0.112616 1.17
0.108616 1.1695
0.104616 1.169
0.100616 1.1685
0.0966163 1.168
0.0926163 1.1675
0.0886163 1.167
0.0846163 1.1665
0.0806163 1.166
0.0766163 1.1655
0.0726163 1.165
0.0686163 1.1645
0.0646163 1.164
0.0606163 1.1635
0.0566163 1.163
0.0526163 1.1625
0.0486163 1.162
0.0446163 1.1615
0.0406163 1.161
0.0366163 1.1605
0.0326163 1.16
0.0286163 1.1595
0.0246163 1.159
0.0206163 1.1585
0.0166163 1.158
0.0126163 1.1575
0.00861632 1.157
0.00461632 1.1565
0.000616323 1.156
-0.00338368 1.1555
-0.00738368 1.155
-0.0113837 1.1545
-0.0153837 1.154
-0.0193837 1.1535
-0.0233837 1.153
-0.0273837 1.1525
-0.0313837 1.152
-0.0353837 1.1515
-0.0393837 1.151
-0.0433837 1.1505
-0.0473837 1.15
-0.0513837 1.1495
-0.0553837 1.149
-0.0593837 1.1485
-0.0633837 1.148
-0.0673837 1.1475
-0.0713837 1.147
-0.0753837 1.1465
-0.0793837 1.146
-0.0833837 1.1455
-0.0873837 1.145
-0.0913837 1.1445
-0.0953837 1.144
-0.0993837 1.1435
-0.103384 1.143
-0.107384 1.1425
-0.111384 1.142
-0.115384 1.1415
-0.119384 1.141
-0.123384 1.1405
-0.127384 1.14
-0.131384 1.1395
-0.135384 1.139
-0.139384 1.1385
-0.143384 1.138
-0.147384 1.1375
-0.151384 1.137
-0.155384 1.1365
-0.159384 1.136
-0.163384 1.1355
-0.167384 1.135
-0.171384 1.1345
-0.175384 1.134
-0.179384 1.1335
-0.183384 1.133
-0.187384 1.1325
-0.191384 1.132
-0.195384 1.1315
-0.199384 1.131
-0.203384 1.1305
-0.207384 1.13
-0.211384 1.1295
-0.215384 1.129
-0.219384 1.1285
-0.223384 1.128
-0.227384 1.1275
-0.231384 1.127
-0.235384 1.1265
-0.239384 1.126
-0.243384 1.1255
-0.247384 1.125
-0.251384 1.1245
-0.255384 1.124
-0.259384 1.1235
-0.263384 1.123
-0.267384 1.1225
-0.271384 1.122
-0.275384 1.1215
-0.279384 1.121
-0.283384 1.1205
-0.287384 1.12
-0.291384 1.1195
-0.295384 1.119
-0.299384 1.1185
-0.303384 1.118
-0.307384 1.1175
-0.311384 1.117
-0.315384 1.1165
-0.319384 1.116
-0.323384 1.1155
-0.327384 1.115
-0.331384 1.1145
-0.335384 1.114
-0.339384 1.1135
-0.343384 1.113
-0.347384 1.1125
-0.351384 1.112
-0.355384 1.1115
-0.359384 1.111
-0.363384 1.1105
-0.367384 1.11
-0.371384 1.1095
-0.375384 1.109
-0.379384 1.1085
-0.383384 1.108
-0.387384 1.1075
-0.391384 1.107
-0.395384 1.1065
-0.399384 1.106
-0.403384 1.1055
-0.407384 1.105
-0.411384 1.1045
-0.415384 1.104
-0.419384 1.1035
-0.423384 1.103
-0.427384 1.1025
-0.431384 1.102
-0.435384 1.1015
-0.439384 1.101
-0.443384 1.1005
-0.447384 1.1
-0.451384 1.0995
-0.455384 1.099
-0.459384 1.0985
-0.463384 1.098
-0.467384 1.0975
-0.471384 1.097
-0.475384 1.0965
-0.479384 1.096
-0.483384 1.0955
-0.487384 1.095
-0.491384 1.0945
-0.495384 1.094
-0.499384 1.0935
-0.503384 1.093
-0.507384 1.0925
-0.511384 1.092
-0.515384 1.0915
-0.519384 1.091
-0.523384 1.0905
-0.527384 1.09
-0.531384 1.0895
-0.535384 1.089
-0.539384 1.0885
-0.543384 1.088
-0.547384 1.0875
-0.551384 1.087
-0.555384 1.0865
-0.559384 1.086
-0.563384 1.0855
-0.567384 1.085
-0.571384 1.0845
-0.575384 1.084
-0.579384 1.0835
-0.583384 1.083
-0.587384 1.0825
-0.591384 1.082
-0.595384 1.0815
-0.599384 1.081
-0.603384 1.0805
-0.607384 1.08
-0.611384 1.0795
-0.615384 1.079
-0.619384 1.0785
-0.623384 1.078
-0.627384 1.0775
-0.631384 1.077
-0.635384 1.0765
-0.639384 1.076
-0.643384 1.0755
-0.647384 1.075
-0.651384 1.0745
-0.655384 1.074
-0.659384 1.0735
-0.663384 1.073
-0.667384 1.0725
-0.671384 1.072
-0.675384 1.0715
-0.679384 1.071
-0.683384 1.0705
-0.687384 1.07
-0.691384 1.0695
-0.695384 1.069
-0.699384 1.0685
-0.703384 1.068
-0.707384 1.0675
-0.711384 1.067
-0.715384 1.0665
-0.719384 1.066
-0.723384 1.0655
-0.727384 1.065
-0.731384 1.0645
-0.735384 1.064
-0.739384 1.0635
-0.743384 1.063
-0.747384 1.0625
-0.751384 1.062
-0.755384 1.0615
-0.759384 1.061
-0.763384 1.0605
-0.767384 1.06
-0.771384 1.0595
-0.775384 1.059
-0.779384 1.0585
-0.783384 1.058
-0.787384 1.0575
-0.791384 1.057
-0.795384 1.0565
-0.799384 1.056
-0.803384 1.0555
-0.807384 1.055
-0.811384 1.0545
-0.815384 1.054
-0.819384 1.0535
-0.823384 1.053
-0.827384 1.0525
-0.831384 1.052
-0.835384 1.0515
-0.839384 1.051
-0.843384 1.0505
-0.847384 1.05
-0.851384 1.0495
-0.855384 1.049
-0.859384 1.0485
-0.863384 1.048
-0.867384 1.0475
-0.871384 1.047
-0.875384 1.0465
-0.879384 1.046
-0.883384 1.0455
-0.887384 1.045
-0.891384 1.0445
-0.895384 1.044
-0.899384 1.0435
-0.903384 1.043
-0.907384 1.0425
-0.911384 1.042
-0.915384 1.0415
-0.919384 1.041
-0.923384 1.0405
-0.927384 1.04
-0.931384 1.0395
-0.935384 1.039
-0.939384 1.0385
-0.943384 1.038
-0.947384 1.0375
-0.951384 1.037
-0.955384 1.0365
-0.959384 1.036
-0.963384 1.0355
-0.967384 1.035
-0.971384 1.0345
-0.975384 1.034
-0.979384 1.0335
-0.983384 1.033
-0.987384 1.0325
-0.991384 1.032
-0.995384 1.0315
-0.999384 1.031
-1.00338 1.0305
-1.00738 1.03
-1.01138 1.0295
-1.01538 1.029
-1.01938 1.0285
-1.02338 1.028
-1.02738 1.0275
-1.03138 1.027
-1.03538 1.0265
-1.03938 1.026
-1.04338 1.0255
-1.04738 1.025
-1.05138 1.0245
-1.05538 1.024
-1.05938 1.0235
-1.06338 1.023
-1.06738 1.0225
-1.07138 1.022
-1.07538 1.0215
-1.07938 1.021
-1.08338 1.0205
-1.08738 1.02
-1.09138 1.0195
-1.09538 1.019
-1.09938 1.0185
-1.10338 1.018
-1.10738 1.0175
-1.11138 1.017
-1.11538 1.0165
-1.11938 1.016
-1.12338 1.0155
-1.12738 1.015
-1.13138 1.0145
-1.13538 1.014
-1.13938 1.0135
-1.14338 1.013
-1.14738 1.0125
-1.15138 1.012
-1.15538 1.0115
-1.15938 1.011
-1.16338 1.0105
-1.16738 1.01
-1.17138 1.0095
-1.17538 1.009
-1.17938 1.0085
-1.18338 1.008
-1.18738 1.0075
-1.19138 1.007
-1.19538 1.0065
-1.19938 1.006
-1.20338 1.0055
-1.20738 1.005
-1.21138 1.0045
-1.21538 1.004
-1.21939 1.0035
-1.22339 1.003
-1.22741 1.0025
-1.23148 1.002
-1.23248 1.0015
-1.23353 1.001
-1.23579 1.0005
-1.23479 1
