Man
0 0
0 0.001
0 0.002
0 0.003
0 0.004
0 0.005
0 0.006
0 0.007
0 0.008
0 0.009
0 0.01
0 0.011
0 0.012
0 0.013
0 0.014
0 0.015
0 0.016
0 0.017
0 0.018
0 0.019
0 0.02
0 0.021
0 0.022
0 0.023
0 0.024
0 0.025
0 0.026
0 0.027
0 0.028
0 0.029
0 0.03
0 0.031
0 0.032
0 0.033
0 0.034
0 0.035
0 0.036
0 0.037
0 0.038
0 0.039
0 0.04
0 0.041
0 0.042
0 0.043
0 0.044
0 0.045
0 0.046
0 0.047
0 0.048
0 0.049
0 0.05
0 0.051
0 0.052
0 0.053
0 0.054
0 0.055
0 0.056
0 0.057
0 0.058
0 0.059
0 0.06
0 0.061
0 0.062
0 0.063
0 0.064
0 0.065
0 0.066
0 0.067
0 0.068
0 0.069
0 0.07
0 0.071
0 0.072
0 0.073
0 0.074
0 0.075
0 0.076
0 0.077
0 0.078
0 0.079
0 0.08
0 0.081
0 0.082
0 0.083
0 0.084
0 0.085
-0.000191748 0.086
-0.000575243 0.087
-0.00134223 0.088
-0.00287621 0.089
-0.00594418 0.09
-0.0120801 0.091
-0.0243519 0.092
-0.0488956 0.093
-0.097983 0.094
-0.196158 0.095
-0.392507 0.096
-0.490682 0.097
-0.539769 0.098
-0.564313 0.099
-0.576585 0.1
-0.582721 0.101
-0.585789 0.102
-0.587347 0.103
-0.588162 0.104
-0.588641 0.105
-0.589025 0.106
-0.589408 0.107
-0.590175 0.108
-0.591709 0.109
-0.594777 0.11
-0.600913 0.111
-0.613185 0.112
-0.637729 0.113
-0.65 0.114
-0.656136 0.115
-0.659204 0.116
-0.660738 0.117
-0.661505 0.118
-0.661889 0.119
-0.66208 0.12
-0.662176 0.121
-0.662224 0.122
-0.662248 0.123
-0.662248 0.124
-0.662248 0.125
-0.662248 0.126
-0.662248 0.127
-0.662248 0.128
-0.662248 0.129
-0.662248 0.13
-0.662296 0.131
-0.662392 0.132
-0.662584 0.133
-0.662967 0.134
-0.663734 0.135
-0.665268 0.136
-0.668336 0.137
-0.674472 0.138
-0.686744 0.139
-0.711288 0.14
-0.760399 0.141
-0.784991 0.142
-0.797358 0.143
-0.803686 0.144
-0.807138 0.145
-0.809439 0.146
-0.811739 0.147
-0.815191 0.148
-0.821519 0.149
-0.833886 0.15
-0.858478 0.151
-0.870774 0.152
-0.876958 0.153
-0.880121 0.154
-0.881847 0.155
-0.882998 0.156
-0.884148 0.157
-0.88588 0.158
-0.889056 0.159
-0.895264 0.16
-0.907607 0.161
-0.932247 0.162
-0.944722 0.163
-0.951266 0.164
-0.955149 0.165
-0.958313 0.166
-0.962339 0.167
-0.969254 0.168
-0.973305 0.169
-0.976517 0.17
-0.980495 0.171
-0.98723 0.172
-1.00008 0.173
-1.00709 0.174
-1.01176 0.175
-1.01643 0.176
-1.02344 0.177
-1.03628 0.178
-1.04297 0.179
-1.04687 0.18
-1.04993 0.181
-1.05367 0.182
-1.05996 0.183
-1.07194 0.184
-1.07838 0.185
-1.08248 0.186
-1.08629 0.187
-1.09172 0.188
-1.10147 0.189
-1.10662 0.19
-1.10977 0.191
-1.11247 0.192
-1.11607 0.193
-1.12238 0.194
-1.13456 0.195
-1.14065 0.196
-1.14372 0.197
-1.14528 0.198
-1.14613 0.199
-1.14667 0.2
-1.14719 0.201
-1.14796 0.202
-1.14935 0.203
-1.15206 0.204
-1.15744 0.205
-1.16817 0.206
-1.17355 0.207
-1.17625 0.208
-1.17761 0.209
-1.17833 0.21
-1.17876 0.211
-1.17912 0.212
-1.17959 0.213
-1.1804 0.214
-1.18195 0.215
-1.18503 0.216
-1.19117 0.217
-1.19424 0.218
-1.19579 0.219
-1.19658 0.22
-1.19701 0.221
-1.1973 0.222
-1.19759 0.223
-1.19802 0.224
-1.19881 0.225
-1.20035 0.226
-1.20343 0.227
-1.20957 0.228
-1.21265 0.229
-1.21421 0.23
-1.21502 0.231
-1.2155 0.232
-1.21589 0.233
-1.21636 0.234
-1.21718 0.235
-1.21874 0.236
-1.22182 0.237
-1.22796 0.238
-1.23103 0.239
-1.23257 0.24
-1.23335 0.241
-1.23376 0.242
-1.234 0.243
-1.23419 0.244
-1.23443 0.245
-1.23484 0.246
-1.23561 0.247
-1.23715 0.248
-1.24022 0.249
-1.24176 0.25
-1.24253 0.251
-1.24292 0.252
-1.24312 0.253
-1.24324 0.254
-1.24334 0.255
-1.24346 0.256
-1.24366 0.257
-1.24405 0.258
-1.24482 0.259
-1.24635 0.26
-1.24712 0.261
-1.2475 0.262
-1.2477 0.263
-1.24779 0.264
-1.24784 0.265
-1.24786 0.266
-1.24788 0.267
-1.24788 0.268
-1.24788 0.269
-1.24789 0.27
-1.24789 0.271
-1.24789 0.272
-1.24789 0.273
-1.24789 0.274
-1.24789 0.275
-1.24789 0.276
-1.24789 0.277
-1.24789 0.278
-1.24789 0.279
-1.24789 0.28
-1.24789 0.281
-1.24789 0.282
-1.24789 0.283
-1.24789 0.284
-1.24789 0.285
-1.24789 0.286
-1.24789 0.287
-1.24789 0.288
-1.24789 0.289
-1.24789 0.29
-1.24789 0.291
-1.24789 0.292
-1.24789 0.293
-1.24789 0.294
-1.24789 0.295
-1.24789 0.296
-1.24789 0.297
-1.24789 0.298
-1.24789 0.299
-1.24789 0.3
-1.24789 0.301
-1.24789 0.302
-1.24789 0.303
-1.24789 0.304
-1.24789 0.305
-1.24789 0.306
-1.24789 0.307
-1.24789 0.308
-1.24789 0.309
-1.24789 0.31
-1.24789 0.311
-1.24789 0.312
-1.24789 0.313
-1.24789 0.314
-1.24789 0.315
-1.24789 0.316
-1.24789 0.317
-1.24789 0.318
-1.24789 0.319
-1.24789 0.32
-1.24789 0.321
-1.24789 0.322
-1.24789 0.323
-1.24789 0.324
-1.24789 0.325
-1.24789 0.326
-1.24789 0.327
-1.24789 0.328
-1.24789 0.329
-1.24789 0.33
-1.24789 0.331
-1.24789 0.332
-1.24789 0.333
-1.24789 0.334
-1.24789 0.335
-1.24789 0.336
-1.24789 0.337
-1.24789 0.338
-1.24789 0.339
-1.24789 0.34
-1.24789 0.341
-1.24789 0.342
-1.24789 0.343
-1.24789 0.344
-1.24789 0.345
-1.24789 0.346
-1.24789 0.347
-1.24789 0.348
-1.24789 0.349
-1.24789 0.35
-1.24789 0.351
-1.24789 0.352
-1.24789 0.353
-1.24789 0.354
-1.24789 0.355
-1.24789 0.356
-1.24789 0.357
-1.24789 0.358
-1.24789 0.359
-1.24789 0.36
-1.24789 0.361
-1.24789 0.362
-1.24789 0.363
-1.24789 0.364
-1.24789 0.365
-1.24789 0.366
-1.24789 0.367
-1.24789 0.368
-1.24789 0.369
-1.24789 0.37
-1.24789 0.371
-1.24789 0.372
-1.24789 0.373
-1.24789 0.374
-1.24789 0.375
-1.24789 0.376
-1.24789 0.377
-1.24789 0.378
-1.24789 0.379
-1.24789 0.38
-1.24789 0.381
-1.24789 0.382
-1.24789 0.383
-1.24789 0.384
-1.24789 0.385
-1.24789 0.386
-1.24789 0.387
-1.24789 0.388
-1.24789 0.389
-1.24789 0.39
-1.24789 0.391
-1.24789 0.392
-1.24789 0.393
-1.24789 0.394
-1.24789 0.395
-1.24789 0.396
-1.24789 0.397
-1.24789 0.398
-1.24789 0.399
-1.24789 0.4
-1.24789 0.401
-1.24789 0.402
-1.24789 0.403
-1.24789 0.404
-1.24789 0.405
-1.24789 0.406
-1.24789 0.407
-1.24789 0.408
-1.24789 0.409
-1.24789 0.41
-1.24789 0.411
-1.24789 0.412
-1.24789 0.413
-1.24789 0.414
-1.24789 0.415
-1.24789 0.416
-1.24789 0.417
-1.24789 0.418
-1.24789 0.419
-1.24789 0.42
-1.24789 0.421
-1.24789 0.422
-1.24789 0.423
-1.24789 0.424
-1.24789 0.425
-1.24789 0.426
-1.24789 0.427
-1.24789 0.428
-1.24789 0.429
-1.24789 0.43
-1.24789 0.431
-1.24789 0.432
-1.24789 0.433
-1.24789 0.434
-1.24789 0.435
-1.24789 0.436
-1.24789 0.437
-1.24789 0.438
-1.24789 0.439
-1.24789 0.44
-1.24789 0.441
-1.24789 0.442
-1.24789 0.443
-1.24789 0.444
-1.24789 0.445
-1.24789 0.446
-1.24789 0.447
-1.24789 0.448
-1.24789 0.449
-1.24789 0.45
-1.24789 0.451
-1.24789 0.452
-1.24789 0.453
-1.24789 0.454
-1.24789 0.455
-1.24789 0.456
-1.24789 0.457
-1.24789 0.458
-1.24789 0.459
-1.24789 0.46
-1.24789 0.461
-1.24789 0.462
-1.24789 0.463
-1.24789 0.464
-1.24789 0.465
-1.24789 0.466
-1.24789 0.467
-1.24789 0.468
-1.24789 0.469
-1.24789 0.47
-1.24789 0.471
-1.24789 0.472
-1.24789 0.473
-1.24789 0.474
-1.24789 0.475
-1.24789 0.476
-1.24789 0.477
-1.24789 0.478
-1.24789 0.479
-1.24789 0.48
-1.24789 0.481
-1.24789 0.482
-1.24789 0.483
-1.24789 0.484
-1.24789 0.485
-1.24789 0.486
-1.24789 0.487
-1.24789 0.488
-1.24789 0.489
-1.24789 0.49
-1.24789 0.491
-1.24789 0.492
-1.24789 0.493
-1.24789 0.494
-1.24789 0.495
-1.24789 0.496
-1.24789 0.497
-1.24789 0.498
-1.24789 0.499
-1.24789 0.5
-1.24789 0.501
-1.24789 0.502
-1.24789 0.503
-1.24789 0.504
-1.24789 0.505
-1.24789 0.506
-1.24789 0.507
-1.24789 0.508
-1.24789 0.509
-1.24789 0.51
-1.24789 0.511
-1.24789 0.512
-1.24789 0.513
-1.24789 0.514
-1.24789 0.515
-1.24789 0.516
-1.24789 0.517
-1.24789 0.518
-1.24789 0.519
-1.24789 0.52
-1.24789 0.521
-1.24789 0.522
-1.24789 0.523
-1.24789 0.524
-1.24789 0.525
-1.24789 0.526
-1.24789 0.527
-1.24789 0.528
-1.24789 0.529
-1.24789 0.53
-1.24789 0.531
-1.24789 0.532
-1.24789 0.533
-1.24789 0.534
-1.24789 0.535
-1.24789 0.536
-1.24789 0.537
-1.24789 0.538
-1.24789 0.539
-1.24789 0.54
-1.24789 0.541
-1.24789 0.542
-1.24789 0.543
-1.24789 0.544
-1.24789 0.545
-1.24789 0.546
-1.24789 0.547
-1.24789 0.548
-1.24789 0.549
-1.24789 0.55
-1.24789 0.551
-1.24789 0.552
-1.24789 0.553
-1.24789 0.554
-1.24789 0.555
-1.24789 0.556
-1.24789 0.557
-1.24789 0.558
-1.24789 0.559
-1.24789 0.56
-1.24789 0.561
-1.24789 0.562
-1.24789 0.563
-1.24789 0.564
-1.24789 0.565
-1.24789 0.566
-1.24789 0.567
-1.24789 0.568
-1.24789 0.569
-1.24789 0.57
-1.24789 0.571
-1.24789 0.572
-1.24789 0.573
-1.24789 0.574
-1.24789 0.575
-1.24789 0.576
-1.24789 0.577
-1.24789 0.578
-1.24789 0.579
-1.24789 0.58
-1.24789 0.581
-1.24789 0.582
-1.24789 0.583
-1.24789 0.584
-1.24789 0.585
-1.24789 0.586
-1.24789 0.587
-1.24789 0.588
-1.24789 0.589
-1.24789 0.59
-1.24789 0.591
-1.24789 0.592
-1.24789 0.593
-1.24789 0.594
-1.24789 0.595
-1.24789 0.596
-1.24789 0.597
-1.24789 0.598
-1.24789 0.599
-1.24789 0.6
-1.24789 0.601
-1.24789 0.602
-1.24789 0.603
-1.24789 0.604
-1.24789 0.605
-1.24789 0.606
-1.24789 0.607
-1.24789 0.608
-1.24789 0.609
-1.24789 0.61
-1.24789 0.611
-1.24789 0.612
-1.24789 0.613
-1.24789 0.614
-1.24789 0.615
-1.24789 0.616
-1.24789 0.617
-1.24789 0.618
-1.24789 0.619
-1.24789 0.62
-1.24789 0.621
-1.24789 0.622
-1.24789 0.623
-1.24789 0.624
-1.24789 0.625
-1.24789 0.626
-1.24789 0.627
-1.24789 0.628
-1.24789 0.629
-1.24789 0.63
-1.24789 0.631
-1.24789 0.632
-1.24789 0.633
-1.24789 0.634
-1.24789 0.635
-1.24789 0.636
-1.24789 0.637
-1.24789 0.638
-1.24789 0.639
-1.24789 0.64
-1.24789 0.641
-1.24789 0.642
-1.24789 0.643
-1.24789 0.644
-1.24789 0.645
-1.24789 0.646
-1.24789 0.647
-1.24789 0.648
-1.24789 0.649
-1.24789 0.65
-1.24789 0.651
-1.24789 0.652
-1.24789 0.653
-1.24789 0.654
-1.24789 0.655
-1.24789 0.656
-1.24789 0.657
-1.24789 0.658
-1.24789 0.659
-1.24789 0.66
-1.24789 0.661
-1.24789 0.662
-1.24789 0.663
-1.24789 0.664
-1.24789 0.665
-1.24789 0.666
-1.24789 0.667
-1.24789 0.668
-1.24789 0.669
-1.24789 0.67
-1.24789 0.671
-1.24789 0.672
-1.24789 0.673
-1.24789 0.674
-1.24789 0.675
-1.24789 0.676
-1.24789 0.677
-1.24789 0.678
-1.24789 0.679
-1.24789 0.68
-1.24789 0.681
-1.24789 0.682
-1.24789 0.683
-1.24789 0.684
-1.24789 0.685
-1.24789 0.686
-1.24789 0.687
-1.24789 0.688
-1.24789 0.689
-1.24789 0.69
-1.24789 0.691
-1.24789 0.692
-1.24789 0.693
-1.24789 0.694
-1.24789 0.695
-1.24789 0.696
-1.24789 0.697
-1.24789 0.698
-1.24789 0.699
-1.24789 0.7
-1.24789 0.701
-1.24789 0.702
-1.24789 0.703
-1.24789 0.704
-1.24789 0.705
-1.24789 0.706
-1.24789 0.707
-1.24789 0.708
-1.24789 0.709
-1.24789 0.71
-1.24789 0.711
-1.24789 0.712
-1.24789 0.713
-1.24789 0.714
-1.24789 0.715
-1.24789 0.716
-1.24789 0.717
-1.24789 0.718
-1.24789 0.719
-1.24789 0.72
-1.24789 0.721
-1.24789 0.722
-1.24789 0.723
-1.24789 0.724
-1.24789 0.725
-1.24789 0.726
-1.24789 0.727
-1.24789 0.728
-1.24789 0.729
-1.24789 0.73
-1.24789 0.731
-1.24789 0.732
-1.24789 0.733
-1.24789 0.734
-1.24789 0.735
-1.24789 0.736
-1.24789 0.737
-1.24789 0.738
-1.24789 0.739
-1.24789 0.74
-1.24789 0.741
-1.24789 0.742
-1.24789 0.743
-1.24789 0.744
-1.24789 0.745
-1.24789 0.746
-1.24789 0.747
-1.24789 0.748
-1.24789 0.749
-1.24789 0.75
-1.24789 0.751
-1.24789 0.752
-1.24789 0.753
-1.24789 0.754
-1.24789 0.755
-1.24789 0.756
-1.24789 0.757
-1.24789 0.758
-1.24789 0.759
-1.24789 0.76
-1.24789 0.761
-1.24789 0.762
-1.24789 0.763
-1.24789 0.764
-1.24789 0.765
-1.24789 0.766
-1.24789 0.767
-1.24789 0.768
-1.24789 0.769
-1.24789 0.77
-1.24789 0.771
-1.24789 0.772
-1.24789 0.773
-1.24789 0.774
-1.24789 0.775
-1.24789 0.776
-1.24789 0.777
-1.24789 0.778
-1.24789 0.779
-1.24789 0.78
-1.24789 0.781
-1.24789 0.782
-1.24789 0.783
-1.24789 0.784
-1.24789 0.785
-1.24789 0.786
-1.24789 0.787
-1.24789 0.788
-1.24789 0.789
-1.24789 0.79
-1.24789 0.791
-1.24789 0.792
-1.24789 0.793
-1.24789 0.794
-1.24789 0.795
-1.24789 0.796
-1.24789 0.797
-1.24789 0.798
-1.24789 0.799
-1.24789 0.8
-1.24789 0.801
-1.24789 0.802
-1.24789 0.803
-1.24789 0.804
-1.24789 0.805
-1.24789 0.806
-1.24789 0.807
-1.24789 0.808
-1.24789 0.809
-1.24789 0.81
-1.24789 0.811
-1.24789 0.812
-1.24789 0.813
-1.24789 0.814
-1.24789 0.815
-1.24789 0.816
-1.24789 0.817
-1.24789 0.818
-1.24789 0.819
-1.24789 0.82
-1.24789 0.821
-1.24789 0.822
-1.24789 0.823
-1.24789 0.824
-1.24789 0.825
-1.24789 0.826
-1.24789 0.827
-1.24789 0.828
-1.24789 0.829
-1.24789 0.83
-1.24789 0.831
-1.24789 0.832
-1.24789 0.833
-1.24789 0.834
-1.24789 0.835
-1.24789 0.836
-1.24789 0.837
-1.24789 0.838
-1.24789 0.839
-1.24789 0.84
-1.24789 0.841
-1.24789 0.842
-1.24789 0.843
-1.24789 0.844
-1.24789 0.845
-1.24789 0.846
-1.24789 0.847
-1.24789 0.848
-1.24789 0.849
-1.24789 0.85
-1.24789 0.851
-1.24789 0.852
-1.24789 0.853
-1.24789 0.854
-1.24789 0.855
-1.24789 0.856
-1.24789 0.857
-1.24789 0.858
-1.24789 0.859
-1.24789 0.86
-1.24789 0.861
-1.24789 0.862
-1.24789 0.863
-1.24789 0.864
-1.24789 0.865
-1.24789 0.866
-1.24789 0.867
-1.24789 0.868
-1.24789 0.869
-1.24789 0.87
-1.24789 0.871
-1.24789 0.872
-1.24789 0.873
-1.24789 0.874
-1.24789 0.875
-1.24789 0.876
-1.24789 0.877
-1.24789 0.878
-1.24789 0.879
-1.24789 0.88
-1.24789 0.881
-1.24789 0.882
-1.24789 0.883
-1.24789 0.884
-1.24789 0.885
-1.24789 0.886
-1.24789 0.887
-1.24789 0.888
-1.24789 0.889
-1.24789 0.89
-1.24789 0.891
-1.24789 0.892
-1.24789 0.893
-1.24789 0.894
-1.24789 0.895
-1.24789 0.896
-1.24789 0.897
-1.24789 0.898
-1.24789 0.899
-1.24789 0.9
-1.24789 0.901
-1.24789 0.902
-1.24789 0.903
-1.24789 0.904
-1.24789 0.905
-1.24789 0.906
-1.24789 0.907
-1.24789 0.908
-1.24789 0.909
-1.24789 0.91
-1.24789 0.911
-1.24789 0.912
-1.24789 0.913
-1.24789 0.914
-1.24789 0.915
-1.24789 0.916
-1.24789 0.917
-1.24789 0.918
-1.24789 0.919
-1.24789 0.92
-1.24789 0.921
-1.24789 0.922
-1.24789 0.923
-1.24789 0.924
-1.24789 0.925
-1.24789 0.926
-1.24789 0.927
-1.24789 0.928
-1.24789 0.929
-1.24789 0.93
-1.24789 0.931
-1.24789 0.932
-1.24789 0.933
-1.24789 0.934
-1.24789 0.935
-1.24789 0.936
-1.24789 0.937
-1.24789 0.938
-1.24789 0.939
-1.24789 0.94
-1.24789 0.941
-1.24789 0.942
-1.24789 0.943
-1.24789 0.944
-1.24789 0.945
-1.24789 0.946
-1.24789 0.947
-1.24789 0.948
-1.24789 0.949
-1.24789 0.95
-1.24789 0.951
-1.24789 0.952
-1.24789 0.953
-1.24789 0.954
-1.24789 0.955
-1.24789 0.956
-1.24789 0.957
-1.24789 0.958
-1.24789 0.959
-1.24789 0.96
-1.24789 0.961
-1.24789 0.962
-1.24789 0.963
-1.24789 0.964
-1.24789 0.965
-1.24789 0.966
-1.24789 0.967
-1.24789 0.968
-1.24789 0.969
-1.24789 0.97
-1.24789 0.971
-1.24789 0.972
-1.24789 0.973
-1.24789 0.974
-1.24789 0.975
-1.24789 0.976
-1.24789 0.977
-1.24789 0.978
-1.24789 0.979
-1.24789 0.98
-1.24789 0.981
-1.24789 0.982
-1.24789 0.983
-1.24789 0.984
-1.24789 0.985
-1.24789 0.986
-1.24789 0.987
-1.24789 0.988
-1.24789 0.989
-1.24789 0.99
-1.24789 0.991
-1.2479 0.992
-1.24791 0.993
-1.24794 0.994
-1.24799 0.995
-1.2481 0.996
-1.24831 0.997
-1.24931 0.998
-1.2516 0.999
-1.2506 1


Shark
3.14159 1.5
3.13759 1.4995
3.13359 1.499
3.12959 1.4985
3.12559 1.498
3.12159 1.4975
3.11759 1.497
3.11359 1.4965
3.10959 1.496
3.10559 1.4955
3.10159 1.495
3.09759 1.4945
3.09359 1.494
3.08959 1.4935
3.08559 1.493
3.08159 1.4925
3.07759 1.492
3.07359 1.4915
3.06959 1.491
3.06559 1.4905
3.06159 1.49
3.05759 1.4895
3.05359 1.489
3.04959 1.4885
3.04559 1.488
3.04159 1.4875
3.03759 1.487
3.03359 1.4865
3.02959 1.486
3.02559 1.4855
3.02159 1.485
3.01759 1.4845
3.01359 1.484
3.00959 1.4835
3.00559 1.483
3.00159 1.4825
2.99759 1.482
2.99359 1.4815
2.98959 1.481
2.98559 1.4805
2.98159 1.48
2.97759 1.4795
2.97359 1.479
2.96959 1.4785
2.96559 1.478
2.96159 1.4775
2.95759 1.477
2.95359 1.4765
2.94959 1.476
2.94559 1.4755
2.94159 1.475
2.93759 1.4745
2.93359 1.474
2.92959 1.4735
2.92559 1.473
2.92159 1.4725
2.91759 1.472
2.91359 1.4715
2.90959 1.471
2.90559 1.4705
2.90159 1.47
2.89759 1.4695
2.89359 1.469
2.88959 1.4685
2.88559 1.468
2.88159 1.4675
2.87759 1.467
2.87359 1.4665
2.86959 1.466
2.86559 1.4655
2.86159 1.465
2.85759 1.4645
2.85359 1.464
2.84959 1.4635
2.84559 1.463
2.84159 1.4625
2.83759 1.462
2.83359 1.4615
2.82959 1.461
2.82559 1.4605
2.82159 1.46
2.81759 1.4595
2.81359 1.459
2.80959 1.4585
2.80559 1.458
2.80159 1.4575
2.79759 1.457
2.79359 1.4565
2.78958 1.456
2.78554 1.4555
2.7814 1.455
2.77682 1.4545
2.77081 1.454
2.76088 1.4535
2.7421 1.453
2.70479 1.4525
2.6298 1.452
2.59171 1.4515
2.57215 1.451
2.56169 1.4505
2.55537 1.45
2.55067 1.4495
2.54648 1.449
2.54243 1.4485
2.53842 1.448
2.53441 1.4475
2.53041 1.447
2.52641 1.4465
2.52239 1.446
2.51834 1.4455
2.51412 1.445
2.50929 1.4445
2.50251 1.444
2.49076 1.4435
2.4839 1.443
2.47901 1.4425
2.47477 1.442
2.47071 1.4415
2.46669 1.441
2.46269 1.4405
2.45869 1.44
2.45469 1.4395
2.45069 1.439
2.44669 1.4385
2.44269 1.438
2.43869 1.4375
2.43469 1.437
2.43069 1.4365
2.42669 1.436
2.42269 1.4355
2.41869 1.435
2.41469 1.4345
2.41068 1.434
2.40668 1.4335
2.40268 1.433
2.39866 1.4325
2.39457 1.432
2.39023 1.4315
2.385 1.431
2.37711 1.4305
2.36285 1.43
2.33496 1.4295
2.32048 1.429
2.31237 1.4285
2.30697 1.428
2.3025 1.4275
2.29828 1.427
2.29406 1.4265
2.28957 1.426
2.28408 1.4255
2.27568 1.425
2.26034 1.4245
2.25188 1.424
2.24639 1.4235
2.24194 1.423
2.2378 1.4225
2.23374 1.422
2.22967 1.4215
2.22553 1.421
2.22105 1.4205
2.21542 1.42
2.20654 1.4195
2.19013 1.419
2.18109 1.4185
2.17523 1.418
2.17048 1.4175
2.16597 1.417
2.16115 1.4165
2.15503 1.416
2.15019 1.4155
2.14563 1.415
2.1408 1.4145
2.13469 1.414
2.12496 1.4135
2.11867 1.413
2.11351 1.4125
2.10833 1.412
2.10197 1.4115
2.09202 1.411
2.08578 1.4105
2.0809 1.41
2.07633 1.4095
2.0715 1.409
2.06541 1.4085
2.05574 1.408
2.04954 1.4075
2.04451 1.407
2.0396 1.4065
2.0339 1.406
2.02553 1.4055
2.01993 1.405
2.01527 1.4045
2.01077 1.404
2.0059 1.4035
1.99958 1.403
1.9893 1.4025
1.98308 1.402
1.97841 1.4015
1.97423 1.401
1.97017 1.4005
1.96615 1.4
1.96212 1.3995
1.95808 1.399
1.95392 1.3985
1.94935 1.398
1.94341 1.3975
1.93372 1.397
1.92774 1.3965
1.92316 1.396
1.919 1.3955
1.91495 1.395
1.91094 1.3945
1.90692 1.394
1.90291 1.3935
1.89885 1.393
1.89463 1.3925
1.88983 1.392
1.88318 1.3915
1.87837 1.391
1.87414 1.3905
1.87008 1.39
1.86607 1.3895
1.86206 1.389
1.85805 1.3885
1.85403 1.388
1.84997 1.3875
1.84573 1.387
1.84086 1.3865
1.83399 1.386
1.82909 1.3855
1.82485 1.385
1.82078 1.3845
1.81675 1.384
1.81274 1.3835
1.80871 1.383
1.80464 1.3825
1.80038 1.382
1.79543 1.3815
1.78836 1.381
1.7834 1.3805
1.77913 1.38
1.77506 1.3795
1.77104 1.379
1.76704 1.3785
1.76303 1.378
1.75903 1.3775
1.75501 1.377
1.75093 1.3765
1.74665 1.376
1.74162 1.3755
1.73734 1.375
1.73327 1.3745
1.72925 1.374
1.72524 1.3735
1.72124 1.373
1.71724 1.3725
1.71324 1.372
1.70923 1.3715
1.70521 1.371
1.70113 1.3705
1.69683 1.37
1.69275 1.3695
1.68873 1.369
1.68472 1.3685
1.68072 1.368
1.67672 1.3675
1.67272 1.367
1.66872 1.3665
1.66472 1.366
1.66072 1.3655
1.65672 1.365
1.65272 1.3645
1.64872 1.364
1.64472 1.3635
1.64072 1.363
1.63672 1.3625
1.63272 1.362
1.62872 1.3615
1.62472 1.361
1.62072 1.3605
1.61672 1.36
1.61272 1.3595
1.60872 1.359
1.60472 1.3585
1.60072 1.358
1.59672 1.3575
1.59272 1.357
1.58872 1.3565
1.58472 1.356
1.58072 1.3555
1.57672 1.355
1.57272 1.3545
1.56872 1.354
1.56472 1.3535
1.56072 1.353
1.55672 1.3525
1.55272 1.352
1.54872 1.3515
1.54472 1.351
1.54072 1.3505
1.53672 1.35
1.53272 1.3495
1.52872 1.349
1.52472 1.3485
1.52072 1.348
1.51672 1.3475
1.51272 1.347
1.50872 1.3465
1.50472 1.346
1.50072 1.3455
1.49672 1.345
1.49272 1.3445
1.48872 1.344
1.48472 1.3435
1.48072 1.343
1.47672 1.3425
1.47272 1.342
1.46872 1.3415
1.46472 1.341
1.46072 1.3405
1.45672 1.34
1.45272 1.3395
1.44872 1.339
1.44472 1.3385
1.44072 1.338
1.43672 1.3375
1.43272 1.337
1.42872 1.3365
1.42472 1.336
1.42072 1.3355
1.41672 1.335
1.41272 1.3345
1.40872 1.334
1.40472 1.3335
1.40072 1.333
1.39672 1.3325
1.39272 1.332
1.38872 1.3315
1.38472 1.331
1.38072 1.3305
1.37672 1.33
1.37272 1.3295
1.36872 1.329
1.36472 1.3285
1.36072 1.328
1.35672 1.3275
1.35272 1.327
1.34872 1.3265
1.34472 1.326
1.34072 1.3255
1.33672 1.325
1.33272 1.3245
1.32872 1.324
1.32472 1.3235
1.32072 1.323
1.31672 1.3225
1.31272 1.322
1.30872 1.3215
1.30472 1.321
1.30072 1.3205
1.29672 1.32
1.29272 1.3195
1.28872 1.319
1.28472 1.3185
1.28072 1.318
1.27672 1.3175
1.27272 1.317
1.26872 1.3165
1.26472 1.316
1.26072 1.3155
1.25672 1.315
1.25272 1.3145
1.24872 1.314
1.24472 1.3135
1.24072 1.313
1.23672 1.3125
1.23272 1.312
1.22872 1.3115
1.22472 1.311
1.22072 1.3105
1.21672 1.31
1.21272 1.3095
1.20872 1.309
1.20472 1.3085
1.20072 1.308
1.19672 1.3075
1.19272 1.307
1.18872 1.3065
1.18472 1.306
1.18072 1.3055
1.17672 1.305
1.17272 1.3045
1.16872 1.304
1.16472 1.3035
1.16072 1.303
1.15672 1.3025
1.15272 1.302
1.14872 1.3015
1.14472 1.301
1.14072 1.3005
1.13672 1.3
1.13272 1.2995
1.12872 1.299
1.12472 1.2985
1.12072 1.298
1.11672 1.2975
1.11272 1.297
1.10872 1.2965
1.10472 1.296
1.10072 1.2955
1.09672 1.295
1.09272 1.2945
1.08872 1.294
1.08472 1.2935
1.08072 1.293
1.07672 1.2925
1.07272 1.292
1.06872 1.2915
1.06472 1.291
1.06072 1.2905
1.05672 1.29
1.05272 1.2895
1.04872 1.289
1.04472 1.2885
1.04072 1.288
1.03672 1.2875
1.03272 1.287
1.02872 1.2865
1.02472 1.286
1.02072 1.2855
1.01672 1.285
1.01272 1.2845
1.00872 1.284
1.00472 1.2835
1.00072 1.283
0.996722 1.2825
0.992722 1.282
0.988722 1.2815
0.984722 1.281
0.980722 1.2805
0.976722 1.28
0.972722 1.2795
0.968722 1.279
0.964722 1.2785
0.960722 1.278
0.956722 1.2775
0.952722 1.277
0.948722 1.2765
0.944722 1.276
0.940722 1.2755
0.936722 1.275
0.932722 1.2745
0.928722 1.274
0.924722 1.2735
0.920722 1.273
0.916722 1.2725
0.912722 1.272
0.908722 1.2715
0.904722 1.271
0.900722 1.2705
0.896722 1.27
0.892722 1.2695
0.888722 1.269
0.884722 1.2685
0.880722 1.268
0.876722 1.2675
0.872722 1.267
0.868722 1.2665
0.864722 1.266
0.860722 1.2655
0.856722 1.265
0.852722 1.2645
0.848722 1.264
0.844722 1.2635
0.840722 1.263
0.836722 1.2625
0.832722 1.262
0.828722 1.2615
0.824722 1.261
0.820722 1.2605
0.816722 1.26
0.812722 1.2595
0.808722 1.259
0.804722 1.2585
0.800722 1.258
0.796722 1.2575
0.792722 1.257
0.788722 1.2565
0.784722 1.256
0.780722 1.2555
0.776722 1.255
0.772722 1.2545
0.768722 1.254
0.764722 1.2535
0.760722 1.253
0.756722 1.2525
0.752722 1.252
0.748722 1.2515
0.744722 1.251
0.740722 1.2505
0.736722 1.25
0.732722 1.2495
0.728722 1.249
0.724722 1.2485
0.720722 1.248
0.716722 1.2475
0.712722 1.247
0.708722 1.2465
0.704722 1.246
0.700722 1.2455
0.696722 1.245
0.692722 1.2445
0.688722 1.244
0.684722 1.2435
0.680722 1.243
0.676722 1.2425
0.672722 1.242
0.668722 1.2415
0.664722 1.241
0.660722 1.2405
0.656722 1.24
0.652722 1.2395
0.648722 1.239
0.644722 1.2385
0.640722 1.238
0.636722 1.2375
0.632722 1.237
0.628722 1.2365
0.624722 1.236
0.620722 1.2355
0.616722 1.235
0.612722 1.2345
0.608722 1.234
0.604722 1.2335
0.600722 1.233
0.596722 1.2325
0.592722 1.232
0.588722 1.2315
0.584722 1.231
0.580722 1.2305
0.576722 1.23
0.572722 1.2295
0.568722 1.229
0.564722 1.2285
0.560722 1.228
0.556722 1.2275
0.552722 1.227
0.548722 1.2265
0.544722 1.226
0.540722 1.2255
0.536722 1.225
0.532722 1.2245
0.528722 1.224
0.524722 1.2235
0.520722 1.223
0.516722 1.2225
0.512722 1.222
0.508722 1.2215
0.504722 1.221
0.500722 1.2205
0.496722 1.22
0.492722 1.2195
0.488722 1.219
0.484722 1.2185
0.480722 1.218
0.476722 1.2175
0.472722 1.217
0.468722 1.2165
0.464722 1.216
0.460722 1.2155
0.456722 1.215
0.452722 1.2145
0.448722 1.214
0.444722 1.2135
0.440722 1.213
0.436722 1.2125
0.432722 1.212
0.428722 1.2115
0.424722 1.211
0.420722 1.2105
0.416722 1.21
0.412722 1.2095
0.408722 1.209
0.404722 1.2085
0.400722 1.208
0.396722 1.2075
0.392722 1.207
0.388722 1.2065
0.384722 1.206
0.380722 1.2055
0.376722 1.205
0.372722 1.2045
0.368722 1.204
0.364722 1.2035
0.360722 1.203
0.356722 1.2025
0.352722 1.202
0.348722 1.2015
0.344722 1.201
0.340722 1.2005
0.336722 1.2
0.332722 1.1995
0.328722 1.199
0.324722 1.1985
0.320722 1.198
0.316722 1.1975
0.312722 1.197
0.308722 1.1965
0.304722 1.196
0.300722 1.1955
0.296722 1.195
0.292722 1.1945
0.288722 1.194
0.284722 1.1935
0.280722 1.193
0.276722 1.1925
0.272722 1.192
0.268722 1.1915
0.264722 1.191
0.260722 1.1905
0.256722 1.19
0.252722 1.1895
0.248722 1.189
0.244722 1.1885
0.240722 1.188
0.236722 1.1875
0.232722 1.187
0.228722 1.1865
0.224722 1.186
0.220722 1.1855
0.216722 1.185
0.212722 1.1845
0.208722 1.184
0.204722 1.1835
0.200722 1.183
0.196722 1.1825
0.192722 1.182
0.188722 1.1815
0.184722 1.181
0.180722 1.1805
0.176722 1.18
0.172722 1.1795
0.168722 1.179
0.164722 1.1785
0.160722 1.178
0.156722 1.1775
0.152722 1.177
0.148722 1.1765
0.144722 1.176
0.140722 1.1755
0.136722 1.175
0.132722 1.1745
0.128722 1.174
0.124722 1.1735
0.120722 1.173
0.116722 1.1725
0.112722 1.172
0.108722 1.1715
0.104722 1.171
0.100722 1.1705
0.0967217 1.17
0.0927217 1.1695
0.0887217 1.169
0.0847217 1.1685
0.0807217 1.168
0.0767217 1.1675
0.0727217 1.167
0.0687217 1.1665
0.0647217 1.166
0.0607217 1.1655
0.0567217 1.165
0.0527217 1.1645
0.0487217 1.164
0.0447217 1.1635
0.0407217 1.163
0.0367217 1.1625
0.0327217 1.162
0.0287217 1.1615
0.0247217 1.161
0.0207217 1.1605
0.0167217 1.16
0.0127217 1.1595
0.00872167 1.159
0.00472167 1.1585
0.000721668 1.158
-0.00327833 1.1575
-0.00727833 1.157
-0.0112783 1.1565
-0.0152783 1.156
-0.0192783 1.1555
-0.0232783 1.155
-0.0272783 1.1545
-0.0312783 1.154
-0.0352783 1.1535
-0.0392783 1.153
-0.0432783 1.1525
-0.0472783 1.152
-0.0512783 1.1515
-0.0552783 1.151
-0.0592783 1.1505
-0.0632783 1.15
-0.0672783 1.1495
-0.0712783 1.149
-0.0752783 1.1485
-0.0792783 1.148
-0.0832783 1.1475
-0.0872783 1.147
-0.0912783 1.1465
-0.0952783 1.146
-0.0992783 1.1455
-0.103278 1.145
-0.107278 1.1445
-0.111278 1.144
-0.115278 1.1435
-0.119278 1.143
-0.123278 1.1425
-0.127278 1.142
-0.131278 1.1415
-0.135278 1.141
-0.139278 1.1405
-0.143278 1.14
-0.147278 1.1395
-0.151278 1.139
-0.155278 1.1385
-0.159278 1.138
-0.163278 1.1375
-0.167278 1.137
-0.171278 1.1365
-0.175278 1.136
-0.179278 1.1355
-0.183278 1.135
-0.187278 1.1345
-0.191278 1.134
-0.195278 1.1335
-0.199278 1.133
-0.203278 1.1325
-0.207278 1.132
-0.211278 1.1315
-0.215278 1.131
-0.219278 1.1305
-0.223278 1.13
-0.227278 1.1295
-0.231278 1.129
-0.235278 1.1285
-0.239278 1.128
-0.243278 1.1275
-0.247278 1.127
-0.251278 1.1265
-0.255278 1.126
-0.259278 1.1255
-0.263278 1.125
-0.267278 1.1245
-0.271278 1.124
-0.275278 1.1235
-0.279278 1.123
-0.283278 1.1225
-0.287278 1.122
-0.291278 1.1215
-0.295278 1.121
-0.299278 1.1205
-0.303278 1.12
-0.307278 1.1195
-0.311278 1.119
-0.315278 1.1185
-0.319278 1.118
-0.323278 1.1175
-0.327278 1.117
-0.331278 1.1165
-0.335278 1.116
-0.339278 1.1155
-0.343278 1.115
-0.347278 1.1145
-0.351278 1.114
-0.355278 1.1135
-0.359278 1.113
-0.363278 1.1125
-0.367278 1.112
-0.371278 1.1115
-0.375278 1.111
-0.379278 1.1105
-0.383278 1.11
-0.387278 1.1095
-0.391278 1.109
-0.395278 1.1085
-0.399278 1.108
-0.403278 1.1075
-0.407278 1.107
-0.411278 1.1065
-0.415278 1.106
-0.419278 1.1055
-0.423278 1.105
-0.427278 1.1045
-0.431278 1.104
-0.435278 1.1035
-0.439278 1.103
-0.443278 1.1025
-0.447278 1.102
-0.451278 1.1015
-0.455278 1.101
-0.459278 1.1005
-0.463278 1.1
-0.467278 1.0995
-0.471278 1.099
-0.475278 1.0985
-0.479278 1.098
-0.483278 1.0975
-0.487278 1.097
-0.491278 1.0965
-0.495278 1.096
-0.499278 1.0955
-0.503278 1.095
-0.507278 1.0945
-0.511278 1.094
-0.515278 1.0935
-0.519278 1.093
-0.523278 1.0925
-0.527278 1.092
-0.531278 1.0915
-0.535278 1.091
-0.539278 1.0905
-0.543278 1.09
-0.547278 1.0895
-0.551278 1.089
-0.555278 1.0885
-0.559278 1.088
-0.563278 1.0875
-0.567278 1.087
-0.571278 1.0865
-0.575278 1.086
-0.579278 1.0855
-0.583278 1.085
-0.587278 1.0845
-0.591278 1.084
-0.595278 1.0835
-0.599278 1.083
-0.603278 1.0825
-0.607278 1.082
-0.611278 1.0815
-0.615278 1.081
-0.619278 1.0805
-0.623278 1.08
-0.627278 1.0795
-0.631278 1.079
-0.635278 1.0785
-0.639278 1.078
-0.643278 1.0775
-0.647278 1.077
-0.651278 1.0765
-0.655278 1.076
-0.659278 1.0755
-0.663278 1.075
-0.667278 1.0745
-0.671278 1.074
-0.675278 1.0735
-0.679278 1.073
-0.683278 1.0725
-0.687278 1.072
-0.691278 1.0715
-0.695278 1.071
-0.699278 1.0705
-0.703278 1.07
-0.707278 1.0695
-0.711278 1.069
-0.715278 1.0685
-0.719278 1.068
-0.723278 1.0675
-0.727278 1.067
-0.731278 1.0665
-0.735278 1.066
-0.739278 1.0655
-0.743278 1.065
-0.747278 1.0645
-0.751278 1.064
-0.755278 1.0635
-0.759278 1.063
-0.763278 1.0625
-0.767278 1.062
-0.771278 1.0615
-0.775278 1.061
-0.779278 1.0605
-0.783278 1.06
-0.787278 1.0595
-0.791278 1.059
-0.795278 1.0585
-0.799278 1.058
-0.803278 1.0575
-0.807278 1.057
-0.811278 1.0565
-0.815278 1.056
-0.819278 1.0555
-0.823278 1.055
-0.827278 1.0545
-0.831278 1.054
-0.835278 1.0535
-0.839278 1.053
-0.843278 1.0525
-0.847278 1.052
-0.851278 1.0515
-0.855278 1.051
-0.859278 1.0505
-0.863278 1.05
-0.867278 1.0495
-0.871278 1.049
-0.875278 1.0485
-0.879278 1.048
-0.883278 1.0475
-0.887278 1.047
-0.891278 1.0465
-0.895278 1.046
-0.899278 1.0455
-0.903278 1.045
-0.907278 1.0445
-0.911278 1.044
-0.915278 1.0435
-0.919278 1.043
-0.923278 1.0425
-0.927278 1.042
-0.931278 1.0415
-0.935278 1.041
-0.939278 1.0405
-0.943278 1.04
-0.947278 1.0395
-0.951278 1.039
-0.955278 1.0385
-0.959278 1.038
-0.963278 1.0375
-0.967278 1.037
-0.971278 1.0365
-0.975278 1.036
-0.979278 1.0355
-0.983278 1.035
-0.987278 1.0345
-0.991278 1.034
-0.995278 1.0335
-0.999278 1.033
-1.00328 1.0325
-1.00728 1.032
-1.01128 1.0315
-1.01528 1.031
-1.01928 1.0305
-1.02328 1.03
-1.02728 1.0295
-1.03128 1.029
-1.03528 1.0285
-1.03928 1.028
-1.04328 1.0275
-1.04728 1.027
-1.05128 1.0265
-1.05528 1.026
-1.05928 1.0255
-1.06328 1.025
-1.06728 1.0245
-1.07128 1.024
-1.07528 1.0235
-1.07928 1.023
-1.08328 1.0225
-1.08728 1.022
-1.09128 1.0215
-1.09528 1.021
-1.09928 1.0205
-1.10328 1.02
-1.10728 1.0195
-1.11128 1.019
-1.11528 1.0185
-1.11928 1.018
-1.12328 1.0175
-1.12728 1.017
-1.13128 1.0165
-1.13528 1.016
-1.13928 1.0155
-1.14328 1.015
-1.14728 1.0145
-1.15128 1.014
-1.15528 1.0135
-1.15928 1.013
-1.16328 1.0125
-1.16728 1.012
-1.17128 1.0115
-1.17528 1.011
-1.17928 1.0105
-1.18328 1.01
-1.18728 1.0095
-1.19128 1.009
-1.19528 1.0085
-1.19928 1.008
-1.20328 1.0075
-1.20728 1.007
-1.21128 1.0065
-1.21528 1.006
-1.21928 1.0055
-1.22328 1.005
-1.22728 1.0045
-1.23128 1.004
-1.23528 1.0035
-1.23928 1.003
-1.24329 1.0025
-1.24731 1.002
-1.24831 1.0015
-1.24931 1.001
-1.2516 1.0005
-1.2506 1
