Man
0 0
0 0.0005
0 0.001
0 0.0015
0 0.002
0 0.0025
0 0.003
0 0.0035
0 0.004
0 0.0045
0 0.005
0 0.0055
0 0.006
0 0.0065
0 0.007
0 0.0075
0 0.008
0 0.0085
0 0.009
0 0.0095
0 0.01
0 0.0105
0 0.011
0 0.0115
0 0.012
0 0.0125
0 0.013
0 0.0135
0 0.014
0 0.0145
0 0.015
0 0.0155
0 0.016
0 0.0165
0 0.017
0 0.0175
0 0.018
0 0.0185
0 0.019
0 0.0195
0 0.02
0 0.0205
0 0.021
0 0.0215
0 0.022
0 0.0225
0 0.023
0 0.0235
0 0.024
0 0.0245
0 0.025
0 0.0255
0 0.026
0 0.0265
0 0.027
0 0.0275
0 0.028
0 0.0285
0 0.029
0 0.0295
0 0.03
0 0.0305
0 0.031
0 0.0315
0 0.032
0 0.0325
0 0.033
0 0.0335
0 0.034
0 0.0345
0 0.035
0 0.0355
0 0.036
0 0.0365
0 0.037
0 0.0375
0 0.038
0 0.0385
0 0.039
0 0.0395
0 0.04
0 0.0405
0 0.041
0 0.0415
0 0.042
0 0.0425
0 0.043
0 0.0435
0 0.044
0 0.0445
0 0.045
0 0.0455
0 0.046
0 0.0465
0 0.047
0 0.0475
0 0.048
0 0.0485
0 0.049
0 0.0495
0 0.05
0 0.0505
0 0.051
0 0.0515
0 0.052
0 0.0525
0 0.053
0 0.0535
0 0.054
0 0.0545
0 0.055
0 0.0555
0 0.056
0 0.0565
0 0.057
0 0.0575
0 0.058
0 0.0585
0 0.059
0 0.0595
0 0.06
0 0.0605
0 0.061
0 0.0615
0 0.062
0 0.0625
0 0.063
0 0.0635
0 0.064
0 0.0645
0 0.065
0 0.0655
0 0.066
0 0.0665
0 0.067
0 0.0675
0 0.068
0 0.0685
0 0.069
0 0.0695
0 0.07
0 0.0705
0 0.071
0 0.0715
0 0.072
0 0.0725
0 0.073
0 0.0735
0 0.074
0 0.0745
0 0.075
0 0.0755
0 0.076
0 0.0765
0 0.077
0 0.0775
0 0.078
0 0.0785
0 0.079
0 0.0795
0 0.08
0 0.0805
0 0.081
0 0.0815
0 0.082
0 0.0825
0 0.083
0 0.0835
0 0.084
0 0.0845
-0.0490453 0.085
-0.147136 0.0855
-0.343317 0.086
-0.441407 0.0865
-0.490453 0.087
-0.490453 0.0875
-0.490453 0.088
-0.490453 0.0885
-0.490453 0.089
-0.490453 0.0895
-0.490453 0.09
-0.490453 0.0905
-0.490453 0.091
-0.490453 0.0915
-0.490453 0.092
-0.490453 0.0925
-0.490453 0.093
-0.490453 0.0935
-0.490453 0.094
-0.490453 0.0945
-0.490453 0.095
-0.490453 0.0955
-0.490453 0.096
-0.490453 0.0965
-0.490453 0.097
-0.490453 0.0975
-0.490453 0.098
-0.490453 0.0985
-0.490453 0.099
-0.490453 0.0995
-0.490453 0.1
-0.490453 0.1005
-0.490453 0.101
-0.490453 0.1015
-0.490453 0.102
-0.490453 0.1025
-0.490453 0.103
-0.490453 0.1035
-0.490453 0.104
-0.490453 0.1045
-0.490453 0.105
-0.490453 0.1055
-0.490453 0.106
-0.490453 0.1065
-0.490453 0.107
-0.490453 0.1075
-0.490453 0.108
-0.490453 0.1085
-0.490453 0.109
-0.490453 0.1095
-0.490453 0.11
-0.490453 0.1105
-0.490453 0.111
-0.490453 0.1115
-0.490453 0.112
-0.490453 0.1125
-0.490453 0.113
-0.490453 0.1135
-0.490453 0.114
-0.490453 0.1145
-0.490453 0.115
-0.490453 0.1155
-0.490453 0.116
-0.490453 0.1165
-0.490453 0.117
-0.490453 0.1175
-0.465909 0.118
-0.416822 0.1185
-0.318647 0.119
-0.26956 0.1195
-0.245016 0.12
-0.245016 0.1205
-0.245016 0.121
-0.245016 0.1215
-0.245016 0.122
-0.245016 0.1225
-0.245016 0.123
-0.245016 0.1235
-0.245016 0.124
-0.245016 0.1245
-0.245016 0.125
-0.245016 0.1255
-0.245016 0.126
-0.245016 0.1265
-0.245016 0.127
-0.245016 0.1275
-0.245016 0.128
-0.245016 0.1285
-0.245016 0.129
-0.245016 0.1295
-0.243482 0.13
-0.240414 0.1305
-0.234278 0.131
-0.23121 0.1315
-0.229676 0.132
-0.229676 0.1325
-0.229676 0.133
-0.229676 0.1335
-0.22354 0.134
-0.211268 0.1345
-0.186725 0.135
-0.174453 0.1355
-0.168317 0.136
-0.168317 0.1365
-0.168317 0.137
-0.168317 0.1375
-0.168317 0.138
-0.168317 0.1385
-0.168317 0.139
-0.168317 0.1395
-0.168317 0.14
-0.168317 0.1405
-0.168317 0.141
-0.168317 0.1415
-0.162181 0.142
-0.149909 0.1425
-0.125365 0.143
-0.113093 0.1435
-0.106958 0.144
-0.102356 0.1445
-0.0931517 0.145
-0.074744 0.1455
-0.0655401 0.146
-0.0609381 0.1465
-0.0609381 0.147
-0.0609381 0.1475
-0.0609381 0.148
-0.0609381 0.1485
-0.0609381 0.149
-0.0609381 0.1495
-0.0609381 0.15
-0.0609381 0.1505
-0.0609381 0.151
-0.0578702 0.1515
-0.0517343 0.152
-0.0394624 0.1525
-0.0333265 0.153
-0.0302585 0.1535
-0.0302585 0.154
-0.0302585 0.1545
-0.0302585 0.155
-0.0271906 0.1555
-0.0210546 0.156
-0.0087828 0.1565
-0.00264688 0.157
0.000421086 0.1575
0.000421086 0.158
0.000421086 0.1585
0.000421086 0.159
0.000421086 0.1595
0.00348905 0.16
0.00962497 0.1605
0.0218968 0.161
0.0280327 0.1615
0.0311007 0.162
0.0326347 0.1625
0.0357026 0.163
0.0418386 0.1635
0.0449065 0.164
0.0464405 0.1645
0.0464405 0.165
0.0464405 0.1655
0.0479745 0.166
0.0510425 0.1665
0.0571784 0.167
0.0602463 0.1675
0.0633143 0.168
0.0663823 0.1685
0.0725182 0.169
0.0755861 0.1695
0.0786541 0.17
0.0817221 0.1705
0.087858 0.171
0.090926 0.1715
0.0924599 0.172
0.0939939 0.1725
0.0970619 0.173
0.103198 0.1735
0.106266 0.174
0.1078 0.1745
0.109334 0.175
0.112402 0.1755
0.118538 0.176
0.121606 0.1765
0.12314 0.177
0.124674 0.1775
0.127741 0.178
0.133877 0.1785
0.136945 0.179
0.138479 0.1795
0.140013 0.18
0.143081 0.1805
0.149217 0.181
0.152285 0.1815
0.153819 0.182
0.155353 0.1825
0.158421 0.183
0.164557 0.1835
0.167625 0.184
0.169159 0.1845
0.170693 0.185
0.173761 0.1855
0.179897 0.186
0.182965 0.1865
0.184499 0.187
0.186033 0.1875
0.189101 0.188
0.195237 0.1885
0.198305 0.189
0.199839 0.1895
0.201373 0.19
0.204441 0.1905
0.210576 0.191
0.213644 0.1915
0.215178 0.192
0.216712 0.1925
0.21978 0.193
0.225916 0.1935
0.228984 0.194
0.230518 0.1945
0.230518 0.195
0.230518 0.1955
0.230518 0.196
0.230518 0.1965
0.230518 0.197
0.230518 0.1975
0.230518 0.198
0.230518 0.1985
0.230518 0.199
0.230518 0.1995
0.230518 0.2
0.230518 0.2005
0.230518 0.201
0.230518 0.2015
0.230518 0.202
0.230518 0.2025
0.230518 0.203
0.230518 0.2035
0.230518 0.204
0.230518 0.2045
0.230518 0.205
0.230518 0.2055
0.230518 0.206
0.230518 0.2065
0.230518 0.207
0.230518 0.2075
0.230518 0.208
0.230518 0.2085
0.230518 0.209
0.230518 0.2095
0.230518 0.21
0.230518 0.2105
0.230518 0.211
0.230518 0.2115
0.230518 0.212
0.230518 0.2125
0.230518 0.213
0.230518 0.2135
0.230518 0.214
0.230518 0.2145
0.230518 0.215
0.230518 0.2155
0.230518 0.216
0.230518 0.2165
0.230518 0.217
0.230518 0.2175
0.230518 0.218
0.230518 0.2185
0.230518 0.219
0.230518 0.2195
0.230518 0.22
0.230518 0.2205
0.230518 0.221
0.230518 0.2215
0.230518 0.222
0.230518 0.2225
0.230518 0.223
0.230518 0.2235
0.230518 0.224
0.230518 0.2245
0.230518 0.225
0.230518 0.2255
0.230518 0.226
0.230518 0.2265
0.230518 0.227
0.230518 0.2275
0.230518 0.228
0.230518 0.2285
0.230518 0.229
0.230518 0.2295
0.230518 0.23
0.230518 0.2305
0.230518 0.231
0.230518 0.2315
0.230518 0.232
0.230518 0.2325
0.230518 0.233
0.230518 0.2335
0.230518 0.234
0.230518 0.2345
0.230518 0.235
0.230518 0.2355
0.230518 0.236
0.230518 0.2365
0.230518 0.237
0.230518 0.2375
0.230518 0.238
0.230518 0.2385
0.230518 0.239
0.230518 0.2395
0.230518 0.24
0.230518 0.2405
0.230518 0.241
0.230518 0.2415
0.230518 0.242
0.230518 0.2425
0.230518 0.243
0.230518 0.2435
0.230518 0.244
0.230518 0.2445
0.230518 0.245
0.230518 0.2455
0.230518 0.246
0.230518 0.2465
0.230518 0.247
0.230518 0.2475
0.230518 0.248
0.230518 0.2485
0.230518 0.249
0.230518 0.2495
0.230518 0.25
0.232052 0.2515
0.23512 0.253
0.241256 0.2545
0.244324 0.256
0.245858 0.2575
0.247392 0.259
0.25046 0.2605
0.256596 0.262
0.259664 0.2635
0.261198 0.265
0.262732 0.2665
0.2658 0.268
0.271936 0.2695
0.275004 0.271
0.276538 0.2725
0.27806 0.274
0.281103 0.2755
0.287191 0.277
0.290235 0.2785
0.291757 0.28
0.293171 0.2815
0.295999 0.283
0.301656 0.2845
0.304484 0.286
0.305898 0.2875
0.307224 0.289
0.309875 0.2905
0.315177 0.292
0.317829 0.2935
0.319154 0.295
0.319154 0.2965
0.319154 0.298
0.319154 0.2995
0.319154 0.301
0.319154 0.3025
0.319154 0.304
0.319154 0.3055
0.319154 0.307
0.319154 0.3085
0.319154 0.31
0.319154 0.3115
0.319154 0.313
0.319154 0.3145
0.319154 0.316
0.319154 0.3175
0.319154 0.319
0.319154 0.3205
0.319154 0.322
0.319154 0.3235
0.319154 0.325
0.319154 0.3265
0.319154 0.328
0.319154 0.3295
0.319154 0.331
0.319154 0.3325
0.319154 0.334
0.319154 0.3355
0.319154 0.337
0.319154 0.3385
0.319154 0.34
0.319154 0.3415
0.319154 0.343
0.319154 0.3445
0.319154 0.346
0.319154 0.3475
0.319154 0.349
0.319154 0.3505
0.319154 0.352
0.319154 0.3535
0.319154 0.355
0.319154 0.3565
0.319154 0.358
0.319154 0.3595
0.319154 0.361
0.319154 0.3625
0.319154 0.364
0.319154 0.3655
0.319154 0.367
0.319154 0.3685
0.319154 0.37
0.319154 0.3715
0.319154 0.373
0.319154 0.3745
0.319154 0.376
0.319154 0.3775
0.319154 0.379
0.319154 0.3805
0.319154 0.382
0.319154 0.3835
0.319154 0.385
0.319154 0.3865
0.319154 0.388
0.319154 0.3895
0.319154 0.391
0.319154 0.3925
0.319154 0.394
0.319154 0.3955
0.319154 0.397
0.319154 0.3985
0.319154 0.4
0.319154 0.4015
0.319154 0.403
0.319154 0.4045
0.319154 0.406
0.319154 0.4075
0.319154 0.409
0.319154 0.4105
0.319154 0.412
0.319154 0.4135
0.319154 0.415
0.319154 0.4165
0.319154 0.418
0.319154 0.4195
0.319154 0.421
0.319154 0.4225
0.319154 0.424
0.319154 0.4255
0.319154 0.427
0.319154 0.4285
0.319154 0.43
0.319154 0.4315
0.319154 0.433
0.319154 0.4345
0.319154 0.436
0.319154 0.4375
0.319154 0.439
0.319154 0.4405
0.319154 0.442
0.319154 0.4435
0.319154 0.445
0.319154 0.4465
0.319154 0.448
0.319154 0.4495
0.319154 0.451
0.319154 0.4525
0.319154 0.454
0.319154 0.4555
0.319154 0.457
0.319154 0.4585
0.319154 0.46
0.319154 0.4615
0.319154 0.463
0.319154 0.4645
0.319154 0.466
0.319154 0.4675
0.319154 0.469
0.319154 0.4705
0.319154 0.472
0.319154 0.4735
0.319154 0.475
0.319154 0.4765
0.319154 0.478
0.319154 0.4795
0.319154 0.481
0.319154 0.4825
0.319154 0.484
0.319154 0.4855
0.319154 0.487
0.319154 0.4885
0.319154 0.49
0.319154 0.4915
0.319154 0.493
0.319154 0.4945
0.319154 0.496
0.319154 0.4975
0.319154 0.499
0.319154 0.5005
0.319154 0.502
0.319154 0.5035
0.319154 0.505
0.319154 0.5065
0.319154 0.508
0.319154 0.5095
0.319154 0.511
0.319154 0.5125
0.319154 0.514
0.319154 0.5155
0.319154 0.517
0.319154 0.5185
0.319154 0.52
0.319154 0.5215
0.319154 0.523
0.319154 0.5245
0.319154 0.526
0.319154 0.5275
0.319154 0.529
0.319154 0.5305
0.319154 0.532
0.319154 0.5335
0.319154 0.535
0.319154 0.5365
0.319154 0.538
0.319154 0.5395
0.319154 0.541
0.319154 0.5425
0.319154 0.544
0.319154 0.5455
0.319154 0.547
0.319154 0.5485
0.319154 0.55
0.319154 0.5515
0.319154 0.553
0.319154 0.5545
0.319154 0.556
0.319154 0.5575
0.319154 0.559
0.319154 0.5605
0.319154 0.562
0.319154 0.5635
0.319154 0.565
0.319154 0.5665
0.319154 0.568
0.319154 0.5695
0.319154 0.571
0.319154 0.5725
0.319154 0.574
0.319154 0.5755
0.319154 0.577
0.319154 0.5785
0.319154 0.58
0.319154 0.5815
0.319154 0.583
0.319154 0.5845
0.319154 0.586
0.319154 0.5875
0.319154 0.589
0.319154 0.5905
0.319154 0.592
0.319154 0.5935
0.319154 0.595
0.319154 0.5965
0.319154 0.598
0.319154 0.5995
0.319154 0.601
0.319154 0.6025
0.319154 0.604
0.319154 0.6055
0.319154 0.607
0.319154 0.6085
0.319154 0.61
0.319154 0.6115
0.319154 0.613
0.319154 0.6145
0.319154 0.616
0.319154 0.6175
0.319154 0.619
0.319154 0.6205
0.319154 0.622
0.319154 0.6235
0.319154 0.625
0.319154 0.6265
0.319154 0.628
0.319154 0.6295
0.319154 0.631
0.319154 0.6325
0.319154 0.634
0.319154 0.6355
0.319154 0.637
0.319154 0.6385
0.319154 0.64
0.319154 0.6415
0.319154 0.643
0.319154 0.6445
0.319154 0.646
0.319154 0.6475
0.319154 0.649
0.319154 0.6505
0.319154 0.652
0.319154 0.6535
0.319154 0.655
0.319154 0.6565
0.319154 0.658
0.319154 0.6595
0.319154 0.661
0.319154 0.6625
0.319154 0.664
0.319154 0.6655
0.319154 0.667
0.319154 0.6685
0.319154 0.67
0.319154 0.6715
0.319154 0.673
0.319154 0.6745
0.319154 0.676
0.319154 0.6775
0.319154 0.679
0.319154 0.6805
0.319154 0.682
0.319154 0.6835
0.319154 0.685
0.319154 0.6865
0.319154 0.688
0.319154 0.6895
0.319154 0.691
0.319154 0.6925
0.319154 0.694
0.319154 0.6955
0.319154 0.697
0.319154 0.6985
0.319154 0.7
0.319154 0.7015
0.319154 0.703
0.319154 0.7045
0.319154 0.706
0.319154 0.7075
0.319154 0.709
0.319154 0.7105
0.319154 0.712
0.319154 0.7135
0.319154 0.715
0.319154 0.7165
0.319154 0.718
0.319154 0.7195
0.319154 0.721
0.319154 0.7225
0.319154 0.724
0.319154 0.7255
0.319154 0.727
0.319154 0.7285
0.319154 0.73
0.319154 0.7315
0.319154 0.733
0.319154 0.7345
0.319154 0.736
0.319154 0.7375
0.319154 0.739
0.319154 0.7405
0.319154 0.742
0.319154 0.7435
0.319154 0.745
0.319154 0.7465
0.319154 0.748
0.319154 0.7495
0.319154 0.751
0.319154 0.7525
0.319154 0.754
0.319154 0.7555
0.319154 0.757
0.319154 0.7585
0.319154 0.76
0.319154 0.7615
0.319154 0.763
0.319154 0.7645
0.319154 0.766
0.319154 0.7675
0.319154 0.769
0.319154 0.7705
0.319154 0.772
0.319154 0.7735
0.319154 0.775
0.319154 0.7765
0.319154 0.778
0.319154 0.7795
0.319154 0.781
0.319154 0.7825
0.319154 0.784
0.319154 0.7855
0.319154 0.787
0.319154 0.7885
0.319154 0.79
0.319154 0.7915
0.319154 0.793
0.319154 0.7945
0.319154 0.796
0.319154 0.7975
0.319154 0.799
0.319154 0.8005
0.319154 0.802
0.319154 0.8035
0.319154 0.805
0.319154 0.8065
0.319154 0.808
0.319154 0.8095
0.319154 0.811
0.319154 0.8125
0.319154 0.814
0.319154 0.8155
0.319154 0.817
0.319154 0.8185
0.319154 0.82
0.319154 0.8215
0.319154 0.823
0.319154 0.8245
0.319154 0.826
0.319154 0.8275
0.319154 0.829
0.319154 0.8305
0.319154 0.832
0.319154 0.8335
0.319154 0.835
0.319154 0.8365
0.319154 0.838
0.319154 0.8395
0.319154 0.841
0.319154 0.8425
0.319154 0.844
0.319154 0.8455
0.319154 0.847
0.319154 0.8485
0.319154 0.85
0.319154 0.8515
0.319154 0.853
0.319154 0.8545
0.319154 0.856
0.319154 0.8575
0.319154 0.859
0.319154 0.8605
0.319154 0.862
0.319154 0.8635
0.319154 0.865
0.319154 0.8665
0.319154 0.868
0.319154 0.8695
0.319154 0.871
0.319154 0.8725
0.319154 0.874
0.319154 0.8755
0.319154 0.877
0.319154 0.8785
0.319154 0.88
0.319154 0.8815
0.319154 0.883
0.319154 0.8845
0.319154 0.886
0.319154 0.8875
0.319154 0.889
0.319154 0.8905
0.319154 0.892
0.319154 0.8935
0.319154 0.895
0.319154 0.8965
0.319154 0.898
0.319154 0.8995
0.319154 0.901
0.319154 0.9025
0.319154 0.904
0.319154 0.9055
0.319154 0.907
0.319154 0.9085
0.319154 0.91
0.319154 0.9115
0.319154 0.913
0.319154 0.9145
0.319154 0.916
0.319154 0.9175
0.319154 0.919
0.319154 0.9205
0.319154 0.922
0.319154 0.9235
0.319154 0.925
0.319154 0.9265
0.319154 0.928
0.319154 0.9295
0.319154 0.931
0.319154 0.9325
0.319154 0.934
0.319154 0.9355
0.319154 0.937
0.319154 0.9385
0.319154 0.94
0.319154 0.9415
0.319154 0.943
0.319154 0.9445
0.319154 0.946
0.319154 0.9475
0.319154 0.949
0.319154 0.9505
0.319154 0.952
0.319154 0.9535
0.319154 0.955
0.319154 0.9565
0.319154 0.958
0.319154 0.9595
0.319154 0.961
0.319154 0.9625
0.319154 0.964
0.319154 0.9655
0.319154 0.967
0.319154 0.9685
0.319154 0.97
0.319154 0.9715
0.319154 0.973
0.319154 0.9745
0.319154 0.976
0.319154 0.9775
0.319154 0.979
0.319154 0.9805
0.319154 0.982
0.31925 0.9835
0.319442 0.985
0.319633 0.9865
0.319675 0.988
0.319471 0.9895
0.320022 0.991
0.319914 0.9925
0.320914 0.994
0.319914 0.9955
0.321348 0.997
0.316166 0.9985
0.317166 1


Shark
3.14159 1.5
3.13959 1.4995
3.13759 1.499
3.13559 1.4985
3.13359 1.498
3.13159 1.4975
3.12959 1.497
3.12759 1.4965
3.12559 1.496
3.12359 1.4955
3.12159 1.495
3.11959 1.4945
3.11759 1.494
3.11559 1.4935
3.11359 1.493
3.11159 1.4925
3.10959 1.492
3.10759 1.4915
3.10559 1.491
3.10359 1.4905
3.10159 1.49
3.09959 1.4895
3.09759 1.489
3.09559 1.4885
3.09359 1.488
3.09159 1.4875
3.08959 1.487
3.08759 1.4865
3.08559 1.486
3.08359 1.4855
3.08159 1.485
3.07959 1.4845
3.07759 1.484
3.07559 1.4835
3.07359 1.483
3.07159 1.4825
3.06959 1.482
3.06759 1.4815
3.06559 1.481
3.06359 1.4805
3.06159 1.48
3.05959 1.4795
3.05759 1.479
3.05559 1.4785
3.05359 1.478
3.05159 1.4775
3.04959 1.477
3.04759 1.4765
3.04559 1.476
3.04359 1.4755
3.04159 1.475
3.03959 1.4745
3.03759 1.474
3.03559 1.4735
3.03359 1.473
3.03159 1.4725
3.02959 1.472
3.02759 1.4715
3.02559 1.471
3.02359 1.4705
3.02159 1.47
3.01959 1.4695
3.01759 1.469
3.01559 1.4685
3.01359 1.468
3.01159 1.4675
3.00959 1.467
3.00759 1.4665
3.00559 1.466
3.00359 1.4655
3.00159 1.465
2.99959 1.4645
2.99759 1.464
2.99559 1.4635
2.99359 1.463
2.99159 1.4625
2.98959 1.462
2.98759 1.4615
2.98559 1.461
2.98359 1.4605
2.98159 1.46
2.97959 1.4595
2.97759 1.459
2.97559 1.4585
2.97359 1.458
2.97159 1.4575
2.96959 1.457
2.96759 1.4565
2.96559 1.456
2.96359 1.4555
2.96159 1.455
2.95959 1.4545
2.95759 1.454
2.95559 1.4535
2.95359 1.453
2.95159 1.4525
2.94959 1.452
2.94759 1.4515
2.94559 1.451
2.94359 1.4505
2.94159 1.45
2.93959 1.4495
2.93759 1.449
2.93559 1.4485
2.93359 1.448
2.93159 1.4475
2.92959 1.447
2.92759 1.4465
2.92559 1.446
2.92359 1.4455
2.92159 1.445
2.91959 1.4445
2.91759 1.444
2.91559 1.4435
2.91359 1.443
2.91159 1.4425
2.90959 1.442
2.90759 1.4415
2.90559 1.441
2.90359 1.4405
2.90159 1.44
2.89959 1.4395
2.89759 1.439
2.89559 1.4385
2.89359 1.438
2.89159 1.4375
2.88959 1.437
2.88759 1.4365
2.88559 1.436
2.88359 1.4355
2.88159 1.435
2.87959 1.4345
2.87759 1.434
2.87559 1.4335
2.87359 1.433
2.87159 1.4325
2.86959 1.432
2.86759 1.4315
2.86559 1.431
2.86359 1.4305
2.86159 1.43
2.85959 1.4295
2.85759 1.429
2.85559 1.4285
2.85359 1.428
2.85159 1.4275
2.84959 1.427
2.84759 1.4265
2.84559 1.426
2.84359 1.4255
2.84159 1.425
2.83959 1.4245
2.83759 1.424
2.83559 1.4235
2.83359 1.423
2.83159 1.4225
2.82959 1.422
2.82759 1.4215
2.82559 1.421
2.82359 1.4205
2.82159 1.42
2.81959 1.4195
2.81759 1.419
2.81559 1.4185
2.81359 1.418
2.81159 1.4175
2.80959 1.417
2.80759 1.4165
2.80559 1.416
2.80359 1.4155
2.78685 1.415
2.75335 1.4145
2.68614 1.414
2.65225 1.4135
2.66939 1.413
2.67139 1.4125
2.67339 1.412
2.67539 1.4115
2.67739 1.411
2.67939 1.4105
2.68139 1.41
2.68339 1.4095
2.68539 1.409
2.68739 1.4085
2.68939 1.408
2.69139 1.4075
2.69339 1.407
2.69539 1.4065
2.69739 1.406
2.69939 1.4055
2.70139 1.405
2.70339 1.4045
2.70539 1.404
2.70739 1.4035
2.70939 1.403
2.71139 1.4025
2.71339 1.402
2.71539 1.4015
2.71739 1.401
2.71939 1.4005
2.72139 1.4
2.72339 1.3995
2.72539 1.399
2.72739 1.3985
2.72939 1.398
2.73139 1.3975
2.73339 1.397
2.73539 1.3965
2.73739 1.396
2.73939 1.3955
2.74139 1.395
2.74339 1.3945
2.74539 1.394
2.74739 1.3935
2.74939 1.393
2.75139 1.3925
2.75339 1.392
2.75539 1.3915
2.75739 1.391
2.75939 1.3905
2.76139 1.39
2.76339 1.3895
2.76539 1.389
2.76739 1.3885
2.76939 1.388
2.77139 1.3875
2.77339 1.387
2.77539 1.3865
2.77739 1.386
2.77939 1.3855
2.78139 1.385
2.78339 1.3845
2.78539 1.384
2.78739 1.3835
2.78939 1.383
2.79139 1.3825
2.80312 1.382
2.82642 1.3815
2.87308 1.381
2.89658 1.3805
2.9085 1.38
2.9105 1.3795
2.9125 1.379
2.9145 1.3785
2.9165 1.378
2.9185 1.3775
2.9205 1.377
2.9225 1.3765
2.9245 1.376
2.9265 1.3755
2.9285 1.375
2.9305 1.3745
2.9325 1.374
2.9345 1.3735
2.9365 1.373
2.9385 1.3725
2.9405 1.372
2.9425 1.3715
2.9445 1.371
2.9465 1.3705
2.94865 1.37
2.95121 1.3695
2.955 1.369
2.95756 1.3685
2.95972 1.368
2.96172 1.3675
2.96372 1.367
2.96572 1.3665
2.96957 1.366
2.97645 1.3655
2.98983 1.365
2.99676 1.3645
3.00065 1.364
3.00265 1.3635
3.00465 1.363
3.00665 1.3625
3.00865 1.362
3.01065 1.3615
3.01265 1.361
3.01465 1.3605
3.01665 1.36
3.01865 1.3595
3.02065 1.359
3.02265 1.3585
3.02666 1.358
3.03393 1.3575
3.04808 1.357
3.05539 1.3565
3.05945 1.356
3.06277 1.3555
3.06847 1.355
3.07935 1.3545
3.08507 1.354
3.08843 1.3535
3.09043 1.353
3.09243 1.3525
3.09443 1.352
3.09643 1.3515
3.09843 1.351
3.10043 1.3505
3.10243 1.35
3.10443 1.3495
3.10643 1.349
3.10915 1.3485
3.11338 1.348
3.12112 1.3475
3.12537 1.347
3.12811 1.3465
3.13011 1.346
3.13211 1.3455
3.13411 1.345
3.13688 1.3445
3.14119 1.344
3.14912 1.3435
3.15345 1.343
3.15623 1.3425
3.15823 1.342
3.16023 1.3415
3.16223 1.341
3.16423 1.3405
3.16703 1.34
3.17144 1.3395
3.17958 1.339
3.18402 1.3385
3.18684 1.338
3.18907 1.3375
3.1919 1.337
3.19637 1.3365
3.19921 1.336
3.20145 1.3355
3.20345 1.335
3.20545 1.3345
3.20769 1.334
3.21055 1.3335
3.21511 1.333
3.21797 1.3325
3.22084 1.332
3.22372 1.3315
3.22832 1.331
3.2312 1.3305
3.23409 1.33
3.23698 1.3295
3.24162 1.329
3.24452 1.3285
3.24678 1.328
3.24905 1.3275
3.25196 1.327
3.25666 1.3265
3.25958 1.326
3.26185 1.3255
3.26412 1.325
3.26706 1.3245
3.27181 1.324
3.27476 1.3235
3.27703 1.323
3.27931 1.3225
3.28227 1.322
3.28708 1.3215
3.29005 1.321
3.29233 1.3205
3.29461 1.32
3.2976 1.3195
3.30246 1.319
3.30545 1.3185
3.30774 1.318
3.31004 1.3175
3.31304 1.317
3.31796 1.3165
3.32098 1.316
3.32327 1.3155
3.32557 1.315
3.3286 1.3145
3.33358 1.314
3.33662 1.3135
3.33892 1.313
3.34123 1.3125
3.34428 1.312
3.34931 1.3115
3.35237 1.311
3.35469 1.3105
3.357 1.31
3.36007 1.3095
3.36517 1.309
3.36825 1.3085
3.37057 1.308
3.37289 1.3075
3.37599 1.307
3.38114 1.3065
3.38424 1.306
3.38657 1.3055
3.38857 1.305
3.39057 1.3045
3.39257 1.304
3.39457 1.3035
3.39657 1.303
3.39857 1.3025
3.40057 1.302
3.40257 1.3015
3.40457 1.301
3.40657 1.3005
3.40857 1.3
3.41057 1.2995
3.41257 1.299
3.41457 1.2985
3.41657 1.298
3.41857 1.2975
3.42057 1.297
3.42257 1.2965
3.42457 1.296
3.42657 1.2955
3.42857 1.295
3.43057 1.2945
3.43257 1.294
3.43457 1.2935
3.43657 1.293
3.43857 1.2925
3.44057 1.292
3.44257 1.2915
3.44457 1.291
3.44657 1.2905
3.44857 1.29
3.45057 1.2895
3.45257 1.289
3.45457 1.2885
3.45657 1.288
3.45857 1.2875
3.46057 1.287
3.46257 1.2865
3.46457 1.286
3.46657 1.2855
3.46857 1.285
3.47057 1.2845
3.47257 1.284
3.47457 1.2835
3.47657 1.283
3.47857 1.2825
3.48057 1.282
3.48257 1.2815
3.48457 1.281
3.48657 1.2805
3.48857 1.28
3.49057 1.2795
3.49257 1.279
3.49457 1.2785
3.49657 1.278
3.49857 1.2775
3.50057 1.277
3.50257 1.2765
3.50457 1.276
3.50657 1.2755
3.50857 1.275
3.51057 1.2745
3.51257 1.274
3.51457 1.2735
3.51657 1.273
3.51857 1.2725
3.52057 1.272
3.52257 1.2715
3.52457 1.271
3.52657 1.2705
3.52857 1.27
3.53057 1.2695
3.53257 1.269
3.53457 1.2685
3.53657 1.268
3.53857 1.2675
3.54057 1.267
3.54257 1.2665
3.54457 1.266
3.54657 1.2655
3.54857 1.265
3.55057 1.2645
3.55257 1.264
3.55457 1.2635
3.55657 1.263
3.55857 1.2625
3.56057 1.262
3.56257 1.2615
3.56457 1.261
3.56657 1.2605
3.56857 1.26
3.57057 1.2595
3.57257 1.259
3.57457 1.2585
3.57657 1.258
3.57857 1.2575
3.58057 1.257
3.58257 1.2565
3.58457 1.256
3.58657 1.2555
3.58857 1.255
3.59057 1.2545
3.59257 1.254
3.59457 1.2535
3.59657 1.253
3.59857 1.2525
3.60057 1.252
3.60257 1.2515
3.60457 1.251
3.60657 1.2505
3.60857 1.25
3.61477 1.2495
3.62152 1.249
3.63017 1.2485
3.63693 1.248
3.64314 1.2475
3.64934 1.247
3.65614 1.2465
3.66492 1.246
3.67173 1.2455
3.67795 1.245
3.68416 1.2445
3.691 1.244
3.69992 1.2435
3.70677 1.243
3.713 1.2425
3.71923 1.242
3.7261 1.2415
3.73511 1.241
3.742 1.2405
3.74823 1.24
3.75444 1.2395
3.76124 1.239
3.77002 1.2385
3.77684 1.238
3.78305 1.2375
3.78924 1.237
3.79599 1.2365
3.8046 1.236
3.81135 1.2355
3.81755 1.235
3.82355 1.2345
3.82955 1.234
3.83555 1.2335
3.84155 1.233
3.84755 1.2325
3.85355 1.232
3.85955 1.2315
3.86555 1.231
3.87155 1.2305
3.87755 1.23
3.88355 1.2295
3.88955 1.229
3.89555 1.2285
3.90155 1.228
3.90755 1.2275
3.91355 1.227
3.91955 1.2265
3.92555 1.226
3.93155 1.2255
3.93755 1.225
3.94355 1.2245
3.94955 1.224
3.95555 1.2235
3.96155 1.223
3.96755 1.2225
3.97355 1.222
3.97955 1.2215
3.98555 1.221
3.99155 1.2205
3.99755 1.22
4.00355 1.2195
4.00955 1.219
4.01555 1.2185
4.02155 1.218
4.02755 1.2175
4.03355 1.217
4.03955 1.2165
4.04555 1.216
4.05155 1.2155
4.05755 1.215
4.06355 1.2145
4.06955 1.214
4.07555 1.2135
4.08155 1.213
4.08755 1.2125
4.09355 1.212
4.09955 1.2115
4.10555 1.211
4.11155 1.2105
4.11755 1.21
4.12355 1.2095
4.12955 1.209
4.13555 1.2085
4.14155 1.208
4.14755 1.2075
4.15355 1.207
4.15955 1.2065
4.16555 1.206
4.17155 1.2055
4.17755 1.205
4.18355 1.2045
4.18955 1.204
4.19555 1.2035
4.20155 1.203
4.20755 1.2025
4.21355 1.202
4.21955 1.2015
4.22555 1.201
4.23155 1.2005
4.23755 1.2
4.24355 1.1995
4.24955 1.199
4.25555 1.1985
4.26155 1.198
4.26755 1.1975
4.27355 1.197
4.27955 1.1965
4.28555 1.196
4.29155 1.1955
4.29755 1.195
4.30355 1.1945
4.30955 1.194
4.31555 1.1935
4.32155 1.193
4.32755 1.1925
4.33355 1.192
4.33955 1.1915
4.34555 1.191
4.35155 1.1905
4.35755 1.19
4.36355 1.1895
4.36955 1.189
4.37555 1.1885
4.38155 1.188
4.38755 1.1875
4.39355 1.187
4.39955 1.1865
4.40555 1.186
4.41155 1.1855
4.41755 1.185
4.42355 1.1845
4.42955 1.184
4.43555 1.1835
4.44155 1.183
4.44755 1.1825
4.45355 1.182
4.45955 1.1815
4.46555 1.181
4.47155 1.1805
4.47755 1.18
4.48355 1.1795
4.48955 1.179
4.49555 1.1785
4.50155 1.178
4.50755 1.1775
4.51355 1.177
4.51955 1.1765
4.52555 1.176
4.53155 1.1755
4.53755 1.175
4.54355 1.1745
4.54955 1.174
4.55555 1.1735
4.56155 1.173
4.56755 1.1725
4.57355 1.172
4.57955 1.1715
4.58555 1.171
4.59155 1.1705
4.59755 1.17
4.60355 1.1695
4.60955 1.169
4.61555 1.1685
4.62155 1.168
4.62755 1.1675
4.63355 1.167
4.63955 1.1665
4.64555 1.166
4.65155 1.1655
4.65755 1.165
4.66355 1.1645
4.66955 1.164
4.67555 1.1635
4.68155 1.163
4.68755 1.1625
4.69355 1.162
4.69955 1.1615
4.70555 1.161
4.71155 1.1605
4.71755 1.16
4.72355 1.1595
4.72955 1.159
4.73555 1.1585
4.74155 1.158
4.74755 1.1575
4.75355 1.157
4.75955 1.1565
4.76555 1.156
4.77155 1.1555
4.77755 1.155
4.78355 1.1545
4.78955 1.154
4.79555 1.1535
4.80155 1.153
4.80755 1.1525
4.81355 1.152
4.81955 1.1515
4.82555 1.151
4.83155 1.1505
4.83755 1.15
4.84355 1.1495
4.84955 1.149
4.85555 1.1485
4.86155 1.148
4.86755 1.1475
4.87355 1.147
4.87955 1.1465
4.88555 1.146
4.89155 1.1455
4.89755 1.145
4.90355 1.1445
4.90955 1.144
4.91555 1.1435
4.92155 1.143
4.92755 1.1425
4.93355 1.142
4.93955 1.1415
4.94555 1.141
4.95155 1.1405
4.95755 1.14
4.96355 1.1395
4.96955 1.139
4.97555 1.1385
4.98155 1.138
4.98755 1.1375
4.99355 1.137
4.99955 1.1365
5.00555 1.136
5.01155 1.1355
5.01755 1.135
5.02355 1.1345
5.02955 1.134
5.03555 1.1335
5.04155 1.133
5.04755 1.1325
5.05355 1.132
5.05955 1.1315
5.06555 1.131
5.07155 1.1305
5.07755 1.13
5.08355 1.1295
5.08955 1.129
5.09555 1.1285
5.10155 1.128
5.10755 1.1275
5.11355 1.127
5.11955 1.1265
5.12555 1.126
5.13155 1.1255
5.13755 1.125
5.14355 1.1245
5.14955 1.124
5.15555 1.1235
5.16155 1.123
5.16755 1.1225
5.17355 1.122
5.17955 1.1215
5.18555 1.121
5.19155 1.1205
5.19755 1.12
5.20355 1.1195
5.20955 1.119
5.21555 1.1185
5.22155 1.118
5.22755 1.1175
5.23355 1.117
5.23955 1.1165
5.24555 1.116
5.25155 1.1155
5.25755 1.115
5.26355 1.1145
5.26955 1.114
5.27555 1.1135
5.28155 1.113
5.28755 1.1125
5.29355 1.112
5.29955 1.1115
5.30555 1.111
5.31155 1.1105
5.31755 1.11
5.32355 1.1095
5.32955 1.109
5.33555 1.1085
5.34155 1.108
5.34755 1.1075
5.35355 1.107
5.35955 1.1065
5.36555 1.106
5.37155 1.1055
5.37755 1.105
5.38355 1.1045
5.38955 1.104
5.39555 1.1035
5.40155 1.103
5.40755 1.1025
5.41355 1.102
5.41955 1.1015
5.42555 1.101
5.43155 1.1005
5.43755 1.1
5.44355 1.0995
5.44955 1.099
5.45555 1.0985
5.46155 1.098
5.46755 1.0975
5.47355 1.097
5.47955 1.0965
5.48555 1.096
5.49155 1.0955
5.49755 1.095
5.50355 1.0945
5.50955 1.094
5.51555 1.0935
5.52155 1.093
5.52755 1.0925
5.53355 1.092
5.53955 1.0915
5.54555 1.091
5.55155 1.0905
5.55755 1.09
5.56355 1.0895
5.56955 1.089
5.57555 1.0885
5.58155 1.088
5.58755 1.0875
5.59355 1.087
5.59955 1.0865
5.60555 1.086
5.61155 1.0855
5.61755 1.085
5.62355 1.0845
5.62955 1.084
5.63555 1.0835
5.64155 1.083
5.64755 1.0825
5.65355 1.082
5.65955 1.0815
5.66555 1.081
5.67155 1.0805
5.67755 1.08
5.68355 1.0795
5.68955 1.079
5.69555 1.0785
5.70155 1.078
5.70755 1.0775
5.71355 1.077
5.71955 1.0765
5.72555 1.076
5.73155 1.0755
5.73755 1.075
5.74355 1.0745
5.74955 1.074
5.75555 1.0735
5.76155 1.073
5.76755 1.0725
5.77355 1.072
5.77955 1.0715
5.78555 1.071
5.79155 1.0705
5.79755 1.07
5.80355 1.0695
5.80955 1.069
5.81555 1.0685
5.82155 1.068
5.82755 1.0675
5.83355 1.067
5.83955 1.0665
5.84555 1.066
5.85155 1.0655
5.85755 1.065
5.86355 1.0645
5.86955 1.064
5.87555 1.0635
5.88155 1.063
5.88755 1.0625
5.89355 1.062
5.89955 1.0615
5.90555 1.061
5.91155 1.0605
5.91755 1.06
5.92355 1.0595
5.92955 1.059
5.93555 1.0585
5.94155 1.058
5.94755 1.0575
5.95355 1.057
5.95955 1.0565
5.96555 1.056
5.97155 1.0555
5.97755 1.055
5.98355 1.0545
5.98955 1.054
5.99555 1.0535
6.00155 1.053
6.00755 1.0525
6.01355 1.052
6.01955 1.0515
6.02555 1.051
6.03155 1.0505
6.03755 1.05
6.04355 1.0495
6.04955 1.049
6.05555 1.0485
6.06155 1.048
6.06755 1.0475
6.07355 1.047
6.07955 1.0465
6.08555 1.046
6.09155 1.0455
6.09755 1.045
6.10355 1.0445
6.10955 1.044
6.11555 1.0435
6.12155 1.043
6.12755 1.0425
6.13355 1.042
6.13955 1.0415
6.14555 1.041
6.15155 1.0405
6.15755 1.04
6.16355 1.0395
6.16955 1.039
6.17555 1.0385
6.18155 1.038
6.18755 1.0375
6.19355 1.037
6.19955 1.0365
6.20555 1.036
6.21155 1.0355
6.21755 1.035
6.22355 1.0345
6.22955 1.034
6.23555 1.0335
6.24155 1.033
6.24755 1.0325
6.25355 1.032
6.25955 1.0315
6.26555 1.031
6.27155 1.0305
6.27755 1.03
6.28355 1.0295
6.28955 1.029
6.29555 1.0285
6.30155 1.028
6.30755 1.0275
6.31355 1.027
6.31955 1.0265
6.32555 1.026
6.33155 1.0255
6.33755 1.025
6.34355 1.0245
6.34955 1.024
6.35555 1.0235
6.36155 1.023
6.36755 1.0225
6.37355 1.022
6.37955 1.0215
6.38555 1.021
6.39155 1.0205
6.39755 1.02
6.40355 1.0195
6.40955 1.019
6.41555 1.0185
6.42155 1.018
6.42755 1.0175
6.43355 1.017
6.43955 1.0165
6.44555 1.016
6.45155 1.0155
6.45755 1.015
6.46355 1.0145
6.46955 1.014
6.47555 1.0135
6.48155 1.013
6.48755 1.0125
6.49355 1.012
6.49955 1.0115
6.50555 1.011
6.51155 1.0105
6.51755 1.01
6.52355 1.0095
6.52955 1.009
6.53555 1.0085
6.54155 1.008
6.54755 1.0075
6.55355 1.007
6.55955 1.0065
6.56555 1.006
6.57156 1.0055
6.57761 1.005
6.58366 1.0045
6.58966 1.004
6.59571 1.0035
6.6021 1.003
6.6031 1.0025
6.6041 1.002
6.6031 1.0015
6.60453 1.001
6.59935 1.0005
6.60035 1
