Man
0 0
0 0.001
0 0.002
0 0.003
0 0.004
0 0.005
0 0.006
0 0.007
0 0.008
0 0.009
0 0.01
0 0.011
0 0.012
0 0.013
0 0.014
0 0.015
0 0.016
0 0.017
0 0.018
0 0.019
0 0.02
0 0.021
0 0.022
0 0.023
0 0.024
0 0.025
0 0.026
0 0.027
0 0.028
0 0.029
0 0.03
0 0.031
0 0.032
0 0.033
0 0.034
0 0.035
0 0.036
0 0.037
0 0.038
0 0.039
0.392699 0.04
0.392699 0.041
0.392699 0.042
0.392699 0.043
0.392699 0.044
0.19635 0.045
0.19635 0.046
0.0981748 0.047
0.0981748 0.048
0.0981748 0.049
0.0981748 0.05
0.0981748 0.051
0.0981748 0.052
0 0.053
0.0490874 0.054
0.0490874 0.055
0.0490874 0.056
0.0490874 0.057
0.0490874 0.058
0.0981748 0.059
0.147262 0.06
0.147262 0.061
0.19635 0.062
0.171806 0.063
0.147978 0.064
0.123435 0.065
0.123435 0.066
0.147978 0.067
0.172522 0.068
0.172522 0.069
0.197066 0.07
0.220155 0.071
0.220155 0.072
0.220155 0.073
0.220155 0.074
0.220155 0.075
0.220155 0.076
0.220155 0.077
0.220155 0.078
0.220155 0.079
0.220155 0.08
0.220155 0.081
0.220155 0.082
0.220155 0.083
0.220155 0.084
0.220155 0.085
0.220155 0.086
0.220155 0.087
0.220155 0.088
0.220155 0.089
0.220155 0.09
0.220155 0.091
0.220155 0.092
0.220155 0.093
0.220155 0.094
0.220155 0.095
0.220155 0.096
0.220155 0.097
0.220155 0.098
0.220155 0.099
0.220155 0.1
0.220155 0.101
0.220155 0.102
0.220155 0.103
0.220155 0.104
0.220155 0.105
0.220155 0.106
0.220155 0.107
0.220155 0.108
0.220155 0.109
0.220155 0.11
0.220155 0.111
0.220155 0.112
0.220155 0.113
0.220155 0.114
0.220155 0.115
0.220155 0.116
0.220155 0.117
0.220155 0.118
0.220155 0.119
0.220155 0.12
0.220155 0.121
0.220155 0.122
0.220155 0.123
0.220155 0.124
0.220155 0.125
0.220155 0.126
0.220155 0.127
0.220155 0.128
0.220155 0.129
0.220155 0.13
0.220155 0.131
0.220155 0.132
0.220155 0.133
0.220155 0.134
0.220155 0.135
0.220155 0.136
0.220155 0.137
0.220155 0.138
0.220155 0.139
0.220155 0.14
0.220155 0.141
0.220155 0.142
0.220155 0.143
0.220155 0.144
0.220155 0.145
0.220155 0.146
0.220155 0.147
0.220155 0.148
0.220155 0.149
0.220155 0.15
0.220156 0.151
0.220156 0.152
0.220156 0.153
0.220156 0.154
0.220156 0.155
0.220156 0.156
0.220156 0.157
0.220156 0.158
0.220156 0.159
0.220156 0.16
0.220156 0.161
0.220156 0.162
0.220156 0.163
0.220156 0.164
0.220156 0.165
0.220156 0.166
0.220156 0.167
0.220156 0.168
0.220156 0.169
0.220156 0.17
0.220156 0.171
0.220156 0.172
0.220156 0.173
0.220156 0.174
0.220156 0.175
0.220156 0.176
0.220156 0.177
0.220156 0.178
0.220156 0.179
0.220156 0.18
0.220156 0.181
0.220156 0.182
0.220156 0.183
0.220156 0.184
0.220156 0.185
0.220156 0.186
0.220156 0.187
0.220156 0.188
0.220156 0.189
0.220156 0.19
0.220156 0.191
0.220156 0.192
0.220156 0.193
0.220156 0.194
0.220156 0.195
0.220156 0.196
0.220156 0.197
0.220156 0.198
0.220156 0.199
0.220156 0.2
0.220156 0.201
0.220156 0.202
0.220156 0.203
0.220156 0.204
0.220156 0.205
0.220156 0.206
0.220156 0.207
0.220156 0.208
0.220156 0.209
0.220156 0.21
0.220156 0.211
0.220156 0.212
0.220156 0.213
0.220156 0.214
0.220156 0.215
0.220156 0.216
0.220156 0.217
0.220156 0.218
0.220156 0.219
0.220156 0.22
0.220156 0.221
0.220156 0.222
0.220156 0.223
0.220156 0.224
0.220156 0.225
0.220156 0.226
0.220156 0.227
0.220156 0.228
0.220156 0.229
0.220156 0.23
0.220156 0.231
0.220156 0.232
0.220156 0.233
0.220156 0.234
0.220156 0.235
0.220156 0.236
0.220156 0.237
0.220156 0.238
0.220156 0.239
0.220156 0.24
0.220156 0.241
0.220156 0.242
0.220156 0.243
0.220156 0.244
0.220156 0.245
0.220156 0.246
0.220156 0.247
0.220156 0.248
0.220156 0.249
0.220156 0.25
0.220156 0.251
0.220156 0.252
0.220156 0.253
0.220156 0.254
0.220156 0.255
0.220156 0.256
0.220156 0.257
0.220156 0.258
0.220156 0.259
0.220156 0.26
0.220156 0.261
0.220156 0.262
0.220156 0.263
0.220156 0.264
0.220156 0.265
0.220156 0.266
0.220156 0.267
0.220156 0.268
0.220156 0.269
0.220156 0.27
0.220156 0.271
0.220156 0.272
0.220156 0.273
0.220156 0.274
0.220156 0.275
0.220156 0.276
0.220156 0.277
0.220156 0.278
0.220156 0.279
0.220156 0.28
0.220156 0.281
0.220156 0.282
0.220156 0.283
0.220156 0.284
0.220156 0.285
0.220156 0.286
0.220156 0.287
0.220156 0.288
0.220156 0.289
0.220156 0.29
0.220156 0.291
0.220156 0.292
0.220156 0.293
0.220156 0.294
0.220156 0.295
0.220156 0.296
0.220156 0.297
0.220156 0.298
0.220156 0.299
0.220156 0.3
0.220156 0.301
0.220156 0.302
0.220156 0.303
0.220156 0.304
0.220156 0.305
0.220156 0.306
0.220156 0.307
0.220156 0.308
0.220156 0.309
0.220156 0.31
0.220156 0.311
0.220156 0.312
0.220156 0.313
0.220156 0.314
0.220156 0.315
0.220156 0.316
0.220156 0.317
0.220156 0.318
0.220156 0.319
0.220156 0.32
0.220156 0.321
0.220156 0.322
0.220156 0.323
0.220156 0.324
0.220156 0.325
0.220156 0.326
0.220156 0.327
0.220156 0.328
0.220156 0.329
0.220156 0.33
0.220156 0.331
0.220156 0.332
0.220156 0.333
0.220156 0.334
0.220156 0.335
0.220156 0.336
0.220156 0.337
0.220156 0.338
0.220156 0.339
0.220156 0.34
0.220156 0.341
0.220156 0.342
0.220156 0.343
0.220156 0.344
0.220156 0.345
0.220156 0.346
0.220156 0.347
0.220156 0.348
0.220156 0.349
0.220156 0.35
0.220156 0.351
0.220156 0.352
0.220156 0.353
0.220156 0.354
0.220156 0.355
0.220156 0.356
0.220156 0.357
0.220156 0.358
0.220156 0.359
0.220156 0.36
0.220156 0.361
0.220156 0.362
0.220156 0.363
0.220156 0.364
0.220156 0.365
0.220156 0.366
0.220156 0.367
0.220156 0.368
0.220156 0.369
0.220156 0.37
0.220156 0.371
0.220156 0.372
0.220156 0.373
0.220156 0.374
0.220156 0.375
0.220156 0.376
0.220156 0.377
0.220156 0.378
0.220156 0.379
0.220156 0.38
0.220156 0.381
0.220156 0.382
0.220156 0.383
0.220156 0.384
0.219156 0.385
0.218156 0.386
0.217156 0.387
0.216156 0.388
0.215156 0.389
0.214156 0.39
0.213156 0.391
0.212156 0.392
0.211156 0.393
0.210156 0.394
0.209156 0.395
0.208156 0.396
0.207156 0.397
0.206156 0.398
0.205156 0.399
0.204156 0.4
0.203156 0.401
0.202156 0.402
0.201156 0.403
0.200156 0.404
0.199156 0.405
0.198156 0.406
0.197156 0.407
0.196156 0.408
0.195156 0.409
0.194156 0.41
0.193156 0.411
0.192156 0.412
0.191156 0.413
0.190156 0.414
0.189156 0.415
0.188156 0.416
0.187156 0.417
0.186156 0.418
0.185156 0.419
0.184156 0.42
0.183156 0.421
0.182156 0.422
0.181156 0.423
0.180156 0.424
0.179156 0.425
0.178156 0.426
0.177156 0.427
0.176156 0.428
0.175156 0.429
0.174156 0.43
0.173156 0.431
0.172156 0.432
0.171156 0.433
0.170156 0.434
0.169156 0.435
0.168156 0.436
0.167156 0.437
0.166156 0.438
0.165156 0.439
0.164156 0.44
0.163156 0.441
0.162156 0.442
0.161156 0.443
0.160156 0.444
0.159156 0.445
0.158156 0.446
0.157156 0.447
0.156156 0.448
0.155156 0.449
0.154156 0.45
0.153156 0.451
0.152156 0.452
0.151156 0.453
0.150156 0.454
0.149156 0.455
0.148156 0.456
0.147156 0.457
0.146156 0.458
0.145156 0.459
0.144156 0.46
0.143156 0.461
0.142156 0.462
0.141156 0.463
0.140156 0.464
0.139156 0.465
0.138156 0.466
0.137156 0.467
0.136156 0.468
0.135156 0.469
0.134156 0.47
0.133156 0.471
0.132156 0.472
0.131156 0.473
0.130156 0.474
0.129156 0.475
0.128156 0.476
0.127156 0.477
0.126156 0.478
0.125156 0.479
0.124156 0.48
0.123156 0.481
0.122156 0.482
0.121156 0.483
0.120156 0.484
0.119156 0.485
0.118156 0.486
0.117156 0.487
0.116156 0.488
0.115156 0.489
0.114156 0.49
0.113156 0.491
0.112156 0.492
0.111156 0.493
0.110156 0.494
0.109156 0.495
0.108156 0.496
0.107156 0.497
0.106156 0.498
0.105156 0.499
0.104156 0.5
0.103156 0.501
0.102156 0.502
0.101156 0.503
0.100156 0.504
0.0991556 0.505
0.0981556 0.506
0.0971556 0.507
0.0961556 0.508
0.0951556 0.509
0.0941556 0.51
0.0931556 0.511
0.0921556 0.512
0.0911556 0.513
0.0901556 0.514
0.0891556 0.515
0.0881556 0.516
0.0871556 0.517
0.0861556 0.518
0.0851556 0.519
0.0841556 0.52
0.0831556 0.521
0.0821556 0.522
0.0811556 0.523
0.0801556 0.524
0.0791556 0.525
0.0781556 0.526
0.0771556 0.527
0.0761556 0.528
0.0751556 0.529
0.0741556 0.53
0.0731556 0.531
0.0721556 0.532
0.0711556 0.533
0.0701556 0.534
0.0691556 0.535
0.0681556 0.536
0.0671556 0.537
0.0661556 0.538
0.0651556 0.539
0.0641556 0.54
0.0631556 0.541
0.0621556 0.542
0.0611556 0.543
0.0601556 0.544
0.0591556 0.545
0.0581556 0.546
0.0571556 0.547
0.0561556 0.548
0.0551556 0.549
0.0541556 0.55
0.0531556 0.551
0.0521556 0.552
0.0511556 0.553
0.0501556 0.554
0.0491556 0.555
0.0481556 0.556
0.0471556 0.557
0.0461556 0.558
0.0451556 0.559
0.0441556 0.56
0.0431556 0.561
0.0421556 0.562
0.0411556 0.563
0.0401556 0.564
0.0391556 0.565
0.0401556 0.566
0.0411556 0.567
0.0421556 0.568
0.0431556 0.569
0.0441556 0.57
0.0451556 0.571
0.0461556 0.572
0.0471556 0.573
0.0481556 0.574
0.0491556 0.575
0.0501556 0.576
0.0511556 0.577
0.0521556 0.578
0.0531556 0.579
0.0541556 0.58
0.0551556 0.581
0.0561556 0.582
0.0571556 0.583
0.0581556 0.584
0.0591556 0.585
0.0601556 0.586
0.0611556 0.587
0.0621556 0.588
0.0631556 0.589
0.0641556 0.59
0.0651556 0.591
0.0661556 0.592
0.0671556 0.593
0.0681556 0.594
0.0691556 0.595
0.0701556 0.596
0.0711556 0.597
0.0721556 0.598
0.0731556 0.599
0.0741556 0.6
0.0751556 0.601
0.0761556 0.602
0.0771556 0.603
0.0781556 0.604
0.0791556 0.605
0.0801556 0.606
0.0811556 0.607
0.0821556 0.608
0.0831556 0.609
0.0841556 0.61
0.0851556 0.611
0.0861556 0.612
0.0871556 0.613
0.0881556 0.614
0.0891556 0.615
0.0901556 0.616
0.0911556 0.617
0.0921556 0.618
0.0931556 0.619
0.0941556 0.62
0.0951556 0.621
0.0961556 0.622
0.0971556 0.623
0.0981556 0.624
0.0991556 0.625
0.100156 0.626
0.101156 0.627
0.102156 0.628
0.103156 0.629
0.104156 0.63
0.105156 0.631
0.106156 0.632
0.107156 0.633
0.108156 0.634
0.109156 0.635
0.110156 0.636
0.111156 0.637
0.112156 0.638
0.113156 0.639
0.114156 0.64
0.115156 0.641
0.116156 0.642
0.117156 0.643
0.118156 0.644
0.119156 0.645
0.120156 0.646
0.121156 0.647
0.122156 0.648
0.123156 0.649
0.124156 0.65
0.125156 0.651
0.126156 0.652
0.127156 0.653
0.128156 0.654
0.129156 0.655
0.130156 0.656
0.131156 0.657
0.132156 0.658
0.133156 0.659
0.134156 0.66
0.135156 0.661
0.136156 0.662
0.137156 0.663
0.138156 0.664
0.139156 0.665
0.140156 0.666
0.141156 0.667
0.142156 0.668
0.143156 0.669
0.144156 0.67
0.145156 0.671
0.146156 0.672
0.147156 0.673
0.148156 0.674
0.149156 0.675
0.150156 0.676
0.151156 0.677
0.152156 0.678
0.153156 0.679
0.154156 0.68
0.155156 0.681
0.156156 0.682
0.157156 0.683
0.158156 0.684
0.159156 0.685
0.160156 0.686
0.161156 0.687
0.162156 0.688
0.163156 0.689
0.164156 0.69
0.165156 0.691
0.166156 0.692
0.167156 0.693
0.168156 0.694
0.169156 0.695
0.170156 0.696
0.171156 0.697
0.172156 0.698
0.173156 0.699
0.174156 0.7
0.175156 0.701
0.176156 0.702
0.177156 0.703
0.178156 0.704
0.179156 0.705
0.180156 0.706
0.181156 0.707
0.182156 0.708
0.183156 0.709
0.184156 0.71
0.185156 0.711
0.186156 0.712
0.187156 0.713
0.188156 0.714
0.189156 0.715
0.190156 0.716
0.191156 0.717
0.192156 0.718
0.193156 0.719
0.194156 0.72
0.195156 0.721
0.196156 0.722
0.197156 0.723
0.198156 0.724
0.199156 0.725
0.200156 0.726
0.201156 0.727
0.202156 0.728
0.203156 0.729
0.204156 0.73
0.205156 0.731
0.206156 0.732
0.207156 0.733
0.208156 0.734
0.209156 0.735
0.210156 0.736
0.211156 0.737
0.212156 0.738
0.213156 0.739
0.214156 0.74
0.215156 0.741
0.216156 0.742
0.217156 0.743
0.218156 0.744
0.219156 0.745
0.220156 0.746
0.221156 0.747
0.222156 0.748
0.223156 0.749
0.224156 0.75
0.225156 0.751
0.226156 0.752
0.227156 0.753
0.228156 0.754
0.229156 0.755
0.230156 0.756
0.231156 0.757
0.232156 0.758
0.233156 0.759
0.234156 0.76
0.235156 0.761
0.236156 0.762
0.237156 0.763
0.238156 0.764
0.239156 0.765
0.240156 0.766
0.241156 0.767
0.242156 0.768
0.243156 0.769
0.244156 0.77
0.245156 0.771
0.246156 0.772
0.247156 0.773
0.248156 0.774
0.249156 0.775
0.250156 0.776
0.251156 0.777
0.252156 0.778
0.253156 0.779
0.254156 0.78
0.255156 0.781
0.256156 0.782
0.257156 0.783
0.258156 0.784
0.259156 0.785
0.260156 0.786
0.261156 0.787
0.262156 0.788
0.263156 0.789
0.264156 0.79
0.265156 0.791
0.266156 0.792
0.267156 0.793
0.268156 0.794
0.269156 0.795
0.270156 0.796
0.271156 0.797
0.272156 0.798
0.273156 0.799
0.274156 0.8
0.275156 0.801
0.276156 0.802
0.277156 0.803
0.278156 0.804
0.279156 0.805
0.280156 0.806
0.281156 0.807
0.282156 0.808
0.283156 0.809
0.284156 0.81
0.285156 0.811
0.286156 0.812
0.287156 0.813
0.288156 0.814
0.289156 0.815
0.290156 0.816
0.291156 0.817
0.292156 0.818
0.293156 0.819
0.294156 0.82
0.295156 0.821
0.296156 0.822
0.297156 0.823
0.298156 0.824
0.299156 0.825
0.300156 0.826
0.301156 0.827
0.302156 0.828
0.303156 0.829
0.304156 0.83
0.305156 0.831
0.306156 0.832
0.307156 0.833
0.308156 0.834
0.309156 0.835
0.310156 0.836
0.311156 0.837
0.312156 0.838
0.313156 0.839
0.314156 0.84
0.315156 0.841
0.316156 0.842
0.317156 0.843
0.318156 0.844
0.319156 0.845
0.320156 0.846
0.321156 0.847
0.322156 0.848
0.323156 0.849
0.324156 0.85
0.325156 0.851
0.326156 0.852
0.327156 0.853
0.328156 0.854
0.329156 0.855
0.330156 0.856
0.331156 0.857
0.332156 0.858
0.333156 0.859
0.334156 0.86
0.335156 0.861
0.336156 0.862
0.337156 0.863
0.338156 0.864
0.339156 0.865
0.340156 0.866
0.341156 0.867
0.342156 0.868
0.343156 0.869
0.344156 0.87
0.345156 0.871
0.346156 0.872
0.347156 0.873
0.348156 0.874
0.349156 0.875
0.350156 0.876
0.351156 0.877
0.352156 0.878
0.353156 0.879
0.354156 0.88
0.355156 0.881
0.356156 0.882
0.357156 0.883
0.358156 0.884
0.359156 0.885
0.360156 0.886
0.361156 0.887
0.362156 0.888
0.363156 0.889
0.364156 0.89
0.365156 0.891
0.366156 0.892
0.367156 0.893
0.368156 0.894
0.369156 0.895
0.370156 0.896
0.371156 0.897
0.372156 0.898
0.373156 0.899
0.374156 0.9
0.375156 0.901
0.376156 0.902
0.377156 0.903
0.378156 0.904
0.379156 0.905
0.380156 0.906
0.381156 0.907
0.382156 0.908
0.383156 0.909
0.384156 0.91
0.385156 0.911
0.386156 0.912
0.387156 0.913
0.388156 0.914
0.389156 0.915
0.390156 0.916
0.391156 0.917
0.392156 0.918
0.393156 0.919
0.394156 0.92
0.395156 0.921
0.396156 0.922
0.397156 0.923
0.398156 0.924
0.399156 0.925
0.400156 0.926
0.401156 0.927
0.402156 0.928
0.403156 0.929
0.404156 0.93
0.405156 0.931
0.406156 0.932
0.407156 0.933
0.408156 0.934
0.409156 0.935
0.410156 0.936
0.411156 0.937
0.412156 0.938
0.413156 0.939
0.414156 0.94
0.415156 0.941
0.416156 0.942
0.417156 0.943
0.418156 0.944
0.419156 0.945
0.420156 0.946
0.421156 0.947
0.422156 0.948
0.423156 0.949
0.424156 0.95
0.425156 0.951
0.426156 0.952
0.427156 0.953
0.428156 0.954
0.429156 0.955
0.430156 0.956
0.431156 0.957
0.432156 0.958
0.433156 0.959
0.434156 0.96
0.435156 0.961
0.436156 0.962
0.437156 0.963
0.438156 0.964
0.439156 0.965
0.440156 0.966
0.441156 0.967
0.442156 0.968
0.443156 0.969
0.444156 0.97
0.445156 0.971
0.446156 0.972
0.447156 0.973
0.448156 0.974
0.449156 0.975
0.450156 0.976
0.451156 0.977
0.452156 0.978
0.453156 0.979
0.454156 0.98
0.455156 0.981
0.456156 0.982
0.457156 0.983
0.458156 0.984
0.459156 0.985
0.460156 0.986
0.461156 0.987
0.462156 0.988
0.463156 0.989
0.464156 0.99
0.465156 0.991
0.466156 0.992
0.467156 0.993
0.468156 0.994
0.469156 0.995
0.470156 0.996
0.471156 0.997
0.472156 0.998
0.473156 0.999
0.474156 1


Shark
3.14159 1.5
3.15159 1.4995
3.16159 1.499
3.17159 1.4985
3.18159 1.498
3.19159 1.4975
3.20159 1.497
3.21159 1.4965
3.22159 1.496
3.23159 1.4955
3.24159 1.495
3.25159 1.4945
3.26159 1.494
3.27159 1.4935
3.28159 1.493
3.29159 1.4925
3.30159 1.492
3.31159 1.4915
3.32159 1.491
3.33159 1.4905
3.34159 1.49
3.35159 1.4895
3.36159 1.489
3.37159 1.4885
3.38159 1.488
3.39159 1.4875
3.40159 1.487
3.41159 1.4865
3.42159 1.486
3.43159 1.4855
3.44159 1.485
3.45159 1.4845
3.46159 1.484
3.47159 1.4835
3.48159 1.483
3.49159 1.4825
3.50159 1.482
3.51159 1.4815
3.52159 1.481
3.53159 1.4805
3.37716 1.48
3.36716 1.4795
3.35716 1.479
3.34716 1.4785
3.33716 1.478
3.24936 1.4775
3.23936 1.477
3.19265 1.4765
3.18265 1.476
3.17265 1.4755
3.16265 1.475
3.15265 1.4745
3.14265 1.474
3.19513 1.4735
3.22322 1.473
3.23322 1.4725
3.24322 1.472
3.25322 1.4715
3.26322 1.471
3.29363 1.4705
3.32449 1.47
3.33449 1.4695
3.3027 1.469
3.28439 1.4685
3.26625 1.468
3.28497 1.4675
3.29497 1.467
3.31411 1.4665
3.33347 1.466
3.34347 1.4655
3.36324 1.465
3.38234 1.4645
3.39234 1.464
3.40234 1.4635
3.41234 1.463
3.42234 1.4625
3.43234 1.462
3.44234 1.4615
3.45234 1.461
3.46234 1.4605
3.47234 1.46
3.48234 1.4595
3.49234 1.459
3.50234 1.4585
3.51234 1.458
3.52234 1.4575
3.53234 1.457
3.54234 1.4565
3.55234 1.456
3.56234 1.4555
3.57234 1.455
3.58234 1.4545
3.59234 1.454
3.60234 1.4535
3.61234 1.453
3.62234 1.4525
3.63234 1.452
3.64234 1.4515
3.65234 1.451
3.66234 1.4505
3.67234 1.45
3.68234 1.4495
3.69234 1.449
3.70234 1.4485
3.71234 1.448
3.72234 1.4475
3.73234 1.447
3.74234 1.4465
3.75234 1.446
3.76234 1.4455
3.77234 1.445
3.78234 1.4445
3.79234 1.444
3.80234 1.4435
3.81234 1.443
3.82234 1.4425
3.83234 1.442
3.84234 1.4415
3.85234 1.441
3.86234 1.4405
3.87234 1.44
3.88234 1.4395
3.89234 1.439
3.90234 1.4385
3.91234 1.438
3.92234 1.4375
3.93234 1.437
3.94234 1.4365
3.95234 1.436
3.96234 1.4355
3.97234 1.435
3.98234 1.4345
3.99234 1.434
4.00234 1.4335
4.01234 1.433
4.02234 1.4325
4.03234 1.432
4.04234 1.4315
4.05234 1.431
4.06234 1.4305
4.07234 1.43
4.08234 1.4295
4.09234 1.429
4.10234 1.4285
4.11234 1.428
4.12234 1.4275
4.13234 1.427
4.14234 1.4265
4.15234 1.426
4.16234 1.4255
4.17234 1.425
4.18234 1.4245
4.19234 1.424
4.20234 1.4235
4.21234 1.423
4.22234 1.4225
4.23234 1.422
4.24234 1.4215
4.25234 1.421
4.26234 1.4205
4.27234 1.42
4.28234 1.4195
4.29234 1.419
4.30234 1.4185
4.31234 1.418
4.32234 1.4175
4.33234 1.417
4.34234 1.4165
4.35234 1.416
4.36234 1.4155
4.37234 1.415
4.38234 1.4145
4.39234 1.414
4.40234 1.4135
4.41234 1.413
4.42234 1.4125
4.43234 1.412
4.44234 1.4115
4.45234 1.411
4.46234 1.4105
4.47234 1.41
4.48234 1.4095
4.49234 1.409
4.50234 1.4085
4.51234 1.408
4.52234 1.4075
4.53234 1.407
4.54234 1.4065
4.55234 1.406
4.56234 1.4055
4.57234 1.405
4.58234 1.4045
4.59234 1.404
4.60234 1.4035
4.61234 1.403
4.62234 1.4025
4.63234 1.402
4.64234 1.4015
4.65234 1.401
4.66234 1.4005
4.67234 1.4
4.68234 1.3995
4.69234 1.399
4.70234 1.3985
4.71234 1.398
4.72234 1.3975
4.73234 1.397
4.74234 1.3965
4.75234 1.396
4.76234 1.3955
4.77234 1.395
4.78234 1.3945
4.79234 1.394
4.80234 1.3935
4.81234 1.393
4.82234 1.3925
4.83234 1.392
4.84234 1.3915
4.85234 1.391
4.86234 1.3905
4.87234 1.39
4.88234 1.3895
4.89234 1.389
4.90234 1.3885
4.91234 1.388
4.92234 1.3875
4.93234 1.387
4.94234 1.3865
4.95234 1.386
4.96234 1.3855
4.97234 1.385
4.98234 1.3845
4.99234 1.384
5.00234 1.3835
5.01234 1.383
5.02234 1.3825
5.03234 1.382
5.04234 1.3815
5.05234 1.381
5.06234 1.3805
5.07234 1.38
5.08234 1.3795
5.09234 1.379
5.10234 1.3785
5.11234 1.378
5.12234 1.3775
5.13234 1.377
5.14234 1.3765
5.15234 1.376
5.16234 1.3755
5.17234 1.375
5.18234 1.3745
5.19234 1.374
5.20234 1.3735
5.21234 1.373
5.22234 1.3725
5.23234 1.372
5.24234 1.3715
5.25234 1.371
5.26234 1.3705
5.27234 1.37
5.28234 1.3695
5.29234 1.369
5.30234 1.3685
5.31234 1.368
5.32234 1.3675
5.33234 1.367
5.34234 1.3665
5.35234 1.366
5.36234 1.3655
5.37234 1.365
5.38234 1.3645
5.39234 1.364
5.40234 1.3635
5.41234 1.363
5.42234 1.3625
5.43234 1.362
5.44234 1.3615
5.45234 1.361
5.46234 1.3605
5.47234 1.36
5.48234 1.3595
5.49234 1.359
5.50234 1.3585
5.51234 1.358
5.52234 1.3575
5.53234 1.357
5.54234 1.3565
5.55234 1.356
5.56234 1.3555
5.57234 1.355
5.58234 1.3545
5.59234 1.354
5.60234 1.3535
5.61234 1.353
5.62234 1.3525
5.63234 1.352
5.64234 1.3515
5.65234 1.351
5.66234 1.3505
5.67234 1.35
5.68234 1.3495
5.69234 1.349
5.70234 1.3485
5.71234 1.348
5.72234 1.3475
5.73234 1.347
5.74234 1.3465
5.75234 1.346
5.76234 1.3455
5.77234 1.345
5.78234 1.3445
5.79234 1.344
5.80234 1.3435
5.81234 1.343
5.82234 1.3425
5.83234 1.342
5.84234 1.3415
5.85234 1.341
5.86234 1.3405
5.87234 1.34
5.88234 1.3395
5.89234 1.339
5.90234 1.3385
5.91234 1.338
5.92234 1.3375
5.93234 1.337
5.94234 1.3365
5.95234 1.336
5.96234 1.3355
5.97234 1.335
5.98234 1.3345
5.99234 1.334
6.00234 1.3335
6.01234 1.333
6.02234 1.3325
6.03234 1.332
6.04234 1.3315
6.05234 1.331
6.06234 1.3305
6.07234 1.33
6.08234 1.3295
6.09234 1.329
6.10234 1.3285
6.11234 1.328
6.12234 1.3275
6.13234 1.327
6.14234 1.3265
6.15234 1.326
6.16234 1.3255
6.17234 1.325
6.18234 1.3245
6.19234 1.324
6.20234 1.3235
6.21234 1.323
6.22234 1.3225
6.23234 1.322
6.24234 1.3215
6.25234 1.321
6.26234 1.3205
6.27234 1.32
6.28234 1.3195
6.29234 1.319
6.30234 1.3185
6.31234 1.318
6.32234 1.3175
6.33234 1.317
6.34234 1.3165
6.35234 1.316
6.36234 1.3155
6.37234 1.315
6.38234 1.3145
6.39234 1.314
6.40234 1.3135
6.41234 1.313
6.42234 1.3125
6.43234 1.312
6.44234 1.3115
6.45234 1.311
6.46234 1.3105
6.47234 1.31
6.48234 1.3095
6.49234 1.309
6.50234 1.3085
6.50334 1.308
6.50234 1.3075
6.50134 1.307
6.50034 1.3065
6.49934 1.306
6.49834 1.3055
6.49734 1.305
6.49634 1.3045
6.49534 1.304
6.49434 1.3035
6.49334 1.303
6.49234 1.3025
6.49134 1.302
6.49034 1.3015
6.48934 1.301
6.48834 1.3005
6.48734 1.3
6.48634 1.2995
6.48534 1.299
6.48434 1.2985
6.48334 1.298
6.48234 1.2975
6.48134 1.297
6.48034 1.2965
6.47934 1.296
6.47834 1.2955
6.47734 1.295
6.47634 1.2945
6.47534 1.294
6.47434 1.2935
6.47334 1.293
6.47234 1.2925
6.47134 1.292
6.47034 1.2915
6.46934 1.291
6.46834 1.2905
6.46734 1.29
6.46634 1.2895
6.46534 1.289
6.46434 1.2885
6.46334 1.288
6.46234 1.2875
6.46134 1.287
6.46034 1.2865
6.45934 1.286
6.45834 1.2855
6.45734 1.285
6.45634 1.2845
6.45534 1.284
6.45434 1.2835
6.45334 1.283
6.45234 1.2825
6.45134 1.282
6.45034 1.2815
6.44934 1.281
6.44834 1.2805
6.44734 1.28
6.44634 1.2795
6.44534 1.279
6.44434 1.2785
6.44334 1.278
6.44234 1.2775
6.44134 1.277
6.44034 1.2765
6.43934 1.276
6.43834 1.2755
6.43734 1.275
6.43634 1.2745
6.43534 1.274
6.43434 1.2735
6.43334 1.273
6.43234 1.2725
6.43134 1.272
6.43034 1.2715
6.42934 1.271
6.42834 1.2705
6.42734 1.27
6.42634 1.2695
6.42534 1.269
6.42434 1.2685
6.42334 1.268
6.42234 1.2675
6.42134 1.267
6.42034 1.2665
6.41934 1.266
6.41834 1.2655
6.41734 1.265
6.41634 1.2645
6.41534 1.264
6.41434 1.2635
6.41334 1.263
6.41234 1.2625
6.41134 1.262
6.41034 1.2615
6.40934 1.261
6.40834 1.2605
6.40734 1.26
6.40634 1.2595
6.40534 1.259
6.40434 1.2585
6.40334 1.258
6.40234 1.2575
6.40134 1.257
6.40034 1.2565
6.39934 1.256
6.39834 1.2555
6.39734 1.255
6.39634 1.2545
6.39534 1.254
6.39434 1.2535
6.39334 1.253
6.39234 1.2525
6.39134 1.252
6.39034 1.2515
6.38934 1.251
6.38834 1.2505
6.38734 1.25
6.38634 1.2495
6.38534 1.249
6.38434 1.2485
6.38334 1.248
6.38234 1.2475
6.38134 1.247
6.38034 1.2465
6.37934 1.246
6.37834 1.2455
6.37734 1.245
6.37634 1.2445
6.37534 1.244
6.37434 1.2435
6.37334 1.243
6.37234 1.2425
6.37134 1.242
6.37034 1.2415
6.36934 1.241
6.36834 1.2405
6.36734 1.24
6.36634 1.2395
6.36534 1.239
6.36434 1.2385
6.36334 1.238
6.36234 1.2375
6.36134 1.237
6.36034 1.2365
6.35934 1.236
6.35834 1.2355
6.35734 1.235
6.35634 1.2345
6.35534 1.234
6.35434 1.2335
6.35334 1.233
6.35234 1.2325
6.35134 1.232
6.35034 1.2315
6.34934 1.231
6.34834 1.2305
6.34734 1.23
6.34634 1.2295
6.34534 1.229
6.34434 1.2285
6.34334 1.228
6.34234 1.2275
6.34134 1.227
6.34034 1.2265
6.33934 1.226
6.33834 1.2255
6.33734 1.225
6.33634 1.2245
6.33534 1.224
6.33434 1.2235
6.33334 1.223
6.33234 1.2225
6.33134 1.222
6.33034 1.2215
6.32934 1.221
6.32834 1.2205
6.32734 1.22
6.32634 1.2195
6.32534 1.219
6.32434 1.2185
6.32334 1.218
6.32234 1.2175
6.32334 1.217
6.32434 1.2165
6.32534 1.216
6.32634 1.2155
6.32734 1.215
6.32834 1.2145
6.32934 1.214
6.33034 1.2135
6.33134 1.213
6.33234 1.2125
6.33334 1.212
6.33434 1.2115
6.33534 1.211
6.33634 1.2105
6.33734 1.21
6.33834 1.2095
6.33934 1.209
6.34034 1.2085
6.34134 1.208
6.34234 1.2075
6.34334 1.207
6.34434 1.2065
6.34534 1.206
6.34634 1.2055
6.34734 1.205
6.34834 1.2045
6.34934 1.204
6.35034 1.2035
6.35134 1.203
6.35234 1.2025
6.35334 1.202
6.35434 1.2015
6.35534 1.201
6.35634 1.2005
6.35734 1.2
6.35834 1.1995
6.35934 1.199
6.36034 1.1985
6.36134 1.198
6.36234 1.1975
6.36334 1.197
6.36434 1.1965
6.36534 1.196
6.36634 1.1955
6.36734 1.195
6.36834 1.1945
6.36934 1.194
6.37034 1.1935
6.37134 1.193
6.37234 1.1925
6.37334 1.192
6.37434 1.1915
6.37534 1.191
6.37634 1.1905
6.37734 1.19
6.37834 1.1895
6.37934 1.189
6.38034 1.1885
6.38134 1.188
6.38234 1.1875
6.38334 1.187
6.38434 1.1865
6.38534 1.186
6.38634 1.1855
6.38734 1.185
6.38834 1.1845
6.38934 1.184
6.39034 1.1835
6.39134 1.183
6.39234 1.1825
6.39334 1.182
6.39434 1.1815
6.39534 1.181
6.39634 1.1805
6.39734 1.18
6.39834 1.1795
6.39934 1.179
6.40034 1.1785
6.40134 1.178
6.40234 1.1775
6.40334 1.177
6.40434 1.1765
6.40534 1.176
6.40634 1.1755
6.40734 1.175
6.40834 1.1745
6.40934 1.174
6.41034 1.1735
6.41134 1.173
6.41234 1.1725
6.41334 1.172
6.41434 1.1715
6.41534 1.171
6.41634 1.1705
6.41734 1.17
6.41834 1.1695
6.41934 1.169
6.42034 1.1685
6.42134 1.168
6.42234 1.1675
6.42334 1.167
6.42434 1.1665
6.42534 1.166
6.42634 1.1655
6.42734 1.165
6.42834 1.1645
6.42934 1.164
6.43034 1.1635
6.43134 1.163
6.43234 1.1625
6.43334 1.162
6.43434 1.1615
6.43534 1.161
6.43634 1.1605
6.43734 1.16
6.43834 1.1595
6.43934 1.159
6.44034 1.1585
6.44134 1.158
6.44234 1.1575
6.44334 1.157
6.44434 1.1565
6.44534 1.156
6.44634 1.1555
6.44734 1.155
6.44834 1.1545
6.44934 1.154
6.45034 1.1535
6.45134 1.153
6.45234 1.1525
6.45334 1.152
6.45434 1.1515
6.45534 1.151
6.45634 1.1505
6.45734 1.15
6.45834 1.1495
6.45934 1.149
6.46034 1.1485
6.46134 1.148
6.46234 1.1475
6.46334 1.147
6.46434 1.1465
6.46534 1.146
6.46634 1.1455
6.46734 1.145
6.46834 1.1445
6.46934 1.144
6.47034 1.1435
6.47134 1.143
6.47234 1.1425
6.47334 1.142
6.47434 1.1415
6.47534 1.141
6.47634 1.1405
6.47734 1.14
6.47834 1.1395
6.47934 1.139
6.48034 1.1385
6.48134 1.138
6.48234 1.1375
6.48334 1.137
6.48434 1.1365
6.48534 1.136
6.48634 1.1355
6.48734 1.135
6.48834 1.1345
6.48934 1.134
6.49034 1.1335
6.49134 1.133
6.49234 1.1325
6.49334 1.132
6.49434 1.1315
6.49534 1.131
6.49634 1.1305
6.49734 1.13
6.49834 1.1295
6.49934 1.129
6.50034 1.1285
6.50134 1.128
6.50234 1.1275
6.50334 1.127
6.50434 1.1265
6.50534 1.126
6.50634 1.1255
6.50734 1.125
6.50834 1.1245
6.50934 1.124
6.51034 1.1235
6.51134 1.123
6.51234 1.1225
6.51334 1.122
6.51434 1.1215
6.51534 1.121
6.51634 1.1205
6.51734 1.12
6.51834 1.1195
6.51934 1.119
6.52034 1.1185
6.52134 1.118
6.52234 1.1175
6.52334 1.117
6.52434 1.1165
6.52534 1.116
6.52634 1.1155
6.52734 1.115
6.52834 1.1145
6.52934 1.114
6.53034 1.1135
6.53134 1.113
6.53234 1.1125
6.53334 1.112
6.53434 1.1115
6.53534 1.111
6.53634 1.1105
6.53734 1.11
6.53834 1.1095
6.53934 1.109
6.54034 1.1085
6.54134 1.108
6.54234 1.1075
6.54334 1.107
6.54434 1.1065
6.54534 1.106
6.54634 1.1055
6.54734 1.105
6.54834 1.1045
6.54934 1.104
6.55034 1.1035
6.55134 1.103
6.55234 1.1025
6.55334 1.102
6.55434 1.1015
6.55534 1.101
6.55634 1.1005
6.55734 1.1
6.55834 1.0995
6.55934 1.099
6.56034 1.0985
6.56134 1.098
6.56234 1.0975
6.56334 1.097
6.56434 1.0965
6.56534 1.096
6.56634 1.0955
6.56734 1.095
6.56834 1.0945
6.56934 1.094
6.57034 1.0935
6.57134 1.093
6.57234 1.0925
6.57334 1.092
6.57434 1.0915
6.57534 1.091
6.57634 1.0905
6.57734 1.09
6.57834 1.0895
6.57934 1.089
6.58034 1.0885
6.58134 1.088
6.58234 1.0875
6.58334 1.087
6.58434 1.0865
6.58534 1.086
6.58634 1.0855
6.58734 1.085
6.58834 1.0845
6.58934 1.084
6.59034 1.0835
6.59134 1.083
6.59234 1.0825
6.59334 1.082
6.59434 1.0815
6.59534 1.081
6.59634 1.0805
6.59734 1.08
6.59834 1.0795
6.59934 1.079
6.60034 1.0785
6.60134 1.078
6.60234 1.0775
6.60334 1.077
6.60434 1.0765
6.60534 1.076
6.60634 1.0755
6.60734 1.075
6.60834 1.0745
6.60934 1.074
6.61034 1.0735
6.61134 1.073
6.61234 1.0725
6.61334 1.072
6.61434 1.0715
6.61534 1.071
6.61634 1.0705
6.61734 1.07
6.61834 1.0695
6.61934 1.069
6.62034 1.0685
6.62134 1.068
6.62234 1.0675
6.62334 1.067
6.62434 1.0665
6.62534 1.066
6.62634 1.0655
6.62734 1.065
6.62834 1.0645
6.62934 1.064
6.63034 1.0635
6.63134 1.063
6.63234 1.0625
6.63334 1.062
6.63434 1.0615
6.63534 1.061
6.63634 1.0605
6.63734 1.06
6.63834 1.0595
6.63934 1.059
6.64034 1.0585
6.64134 1.058
6.64234 1.0575
6.64334 1.057
6.64434 1.0565
6.64534 1.056
6.64634 1.0555
6.64734 1.055
6.64834 1.0545
6.64934 1.054
6.65034 1.0535
6.65134 1.053
6.65234 1.0525
6.65334 1.052
6.65434 1.0515
6.65534 1.051
6.65634 1.0505
6.65734 1.05
6.65834 1.0495
6.65934 1.049
6.66034 1.0485
6.66134 1.048
6.66234 1.0475
6.66334 1.047
6.66434 1.0465
6.66534 1.046
6.66634 1.0455
6.66734 1.045
6.66834 1.0445
6.66934 1.044
6.67034 1.0435
6.67134 1.043
6.67234 1.0425
6.67334 1.042
6.67434 1.0415
6.67534 1.041
6.67634 1.0405
6.67734 1.04
6.67834 1.0395
6.67934 1.039
6.68034 1.0385
6.68134 1.038
6.68234 1.0375
6.68334 1.037
6.68434 1.0365
6.68534 1.036
6.68634 1.0355
6.68734 1.035
6.68834 1.0345
6.68934 1.034
6.69034 1.0335
6.69134 1.033
6.69234 1.0325
6.69334 1.032
6.69434 1.0315
6.69534 1.031
6.69634 1.0305
6.69734 1.03
6.69834 1.0295
6.69934 1.029
6.70034 1.0285
6.70134 1.028
6.70234 1.0275
6.70334 1.027
6.70434 1.0265
6.70534 1.026
6.70634 1.0255
6.70734 1.025
6.70834 1.0245
6.70934 1.024
6.71034 1.0235
6.71134 1.023
6.71234 1.0225
6.71334 1.022
6.71434 1.0215
6.71534 1.021
6.71634 1.0205
6.71734 1.02
6.71834 1.0195
6.71934 1.019
6.72034 1.0185
6.72134 1.018
6.72234 1.0175
6.72334 1.017
6.72434 1.0165
6.72534 1.016
6.72634 1.0155
6.72734 1.015
6.72834 1.0145
6.72934 1.014
6.73034 1.0135
6.73134 1.013
6.73234 1.0125
6.73334 1.012
6.73434 1.0115
6.73534 1.011
6.73634 1.0105
6.73734 1.01
6.73834 1.0095
6.73934 1.009
6.74034 1.0085
6.74134 1.008
6.74234 1.0075
6.74334 1.007
6.74434 1.0065
6.74534 1.006
6.74634 1.0055
6.74734 1.005
6.74834 1.0045
6.74934 1.004
6.75034 1.0035
6.75134 1.003
6.75234 1.0025
6.75334 1.002
6.75434 1.0015
6.75534 1.001
6.75634 1.0005
6.75734 1
