Man
0 0
0 0.0005
0 0.001
0 0.0015
0 0.002
0 0.0025
0 0.003
0 0.0035
0 0.004
0 0.0045
0 0.005
0 0.0055
0 0.006
0 0.0065
0 0.007
0 0.0075
0 0.008
0 0.0085
0 0.009
0 0.0095
0 0.01
0 0.0105
0 0.011
0 0.0115
0 0.012
0 0.0125
0 0.013
0 0.0135
0 0.014
0 0.0145
0 0.015
0 0.0155
0 0.016
0 0.0165
0 0.017
0 0.0175
0 0.018
0 0.0185
0 0.019
0 0.0195
0 0.02
0 0.0205
0 0.021
0 0.0215
0 0.022
0 0.0225
0 0.023
0 0.0235
0 0.024
0 0.0245
0 0.025
0 0.0255
0 0.026
0 0.0265
0 0.027
0 0.0275
0 0.028
0 0.0285
0 0.029
0 0.0295
0 0.03
0 0.0305
0 0.031
0 0.0315
0 0.032
0 0.0325
0 0.033
0 0.0335
0 0.034
0 0.0345
0 0.035
0 0.0355
0 0.036
0 0.0365
0 0.037
0 0.0375
0 0.038
0 0.0385
0 0.039
0 0.0395
0 0.04
0 0.0405
0 0.041
0 0.0415
0 0.042
0 0.0425
0 0.043
0 0.0435
0 0.044
0 0.0445
0 0.045
0 0.0455
0 0.046
0 0.0465
0 0.047
0 0.0475
0 0.048
0 0.0485
0 0.049
0 0.0495
0 0.05
0 0.0505
0 0.051
0 0.0515
0 0.052
0 0.0525
0 0.053
0 0.0535
0 0.054
0 0.0545
0 0.055
0 0.0555
0 0.056
0 0.0565
0 0.057
0 0.0575
0 0.058
0 0.0585
0 0.059
0 0.0595
0 0.06
0 0.0605
0 0.061
0 0.0615
0 0.062
0 0.0625
0 0.063
0 0.0635
0 0.064
0 0.0645
0 0.065
0 0.0655
0 0.066
0 0.0665
0 0.067
0 0.0675
0 0.068
0 0.0685
0 0.069
0 0.0695
0 0.07
0 0.0705
0 0.071
0 0.0715
0 0.072
0 0.0725
0 0.073
0 0.0735
0 0.074
0 0.0745
0 0.075
0 0.0755
0 0.076
0 0.0765
0 0.077
0 0.0775
0 0.078
0 0.0785
0 0.079
0 0.0795
0 0.08
0 0.0805
0 0.081
0 0.0815
0 0.082
0 0.0825
0 0.083
0 0.0835
0 0.084
0 0.0845
0 0.085
0 0.0855
0 0.086
0 0.0865
0 0.087
0 0.0875
0 0.088
0 0.0885
0 0.089
0 0.0895
0 0.09
0 0.0905
-0.00306796 0.091
-0.00920388 0.0915
-0.0214757 0.092
-0.0460194 0.0925
-0.0951068 0.093
-0.193282 0.0935
-0.389631 0.094
-0.487806 0.0945
-0.536893 0.095
-0.561437 0.0955
-0.573709 0.096
-0.579845 0.0965
-0.582913 0.097
-0.582913 0.0975
-0.582913 0.098
-0.582913 0.0985
-0.582913 0.099
-0.582913 0.0995
-0.583104 0.1
-0.583488 0.1005
-0.584255 0.101
-0.585789 0.1015
-0.588857 0.102
-0.594993 0.1025
-0.607265 0.103
-0.613401 0.1035
-0.616469 0.104
-0.618003 0.1045
-0.61877 0.105
-0.619153 0.1055
-0.619345 0.106
-0.619345 0.1065
-0.619536 0.107
-0.61992 0.1075
-0.620687 0.108
-0.622221 0.1085
-0.625289 0.109
-0.631425 0.1095
-0.643697 0.11
-0.649833 0.1105
-0.652901 0.111
-0.654435 0.1115
-0.655202 0.112
-0.655585 0.1125
-0.655777 0.113
-0.655777 0.1135
-0.655777 0.114
-0.655777 0.1145
-0.655777 0.115
-0.655777 0.1155
-0.655777 0.116
-0.655777 0.1165
-0.655777 0.117
-0.655777 0.1175
-0.655777 0.118
-0.655777 0.1185
-0.655777 0.119
-0.655777 0.1195
-0.655777 0.12
-0.655777 0.1205
-0.655777 0.121
-0.655777 0.1215
-0.655777 0.122
-0.655777 0.1225
-0.655777 0.123
-0.655777 0.1235
-0.655777 0.124
-0.655777 0.1245
-0.655777 0.125
-0.655777 0.1255
-0.655777 0.126
-0.655777 0.1265
-0.655777 0.127
-0.655777 0.1275
-0.655777 0.128
-0.655777 0.1285
-0.655777 0.129
-0.655777 0.1295
-0.655777 0.13
-0.655777 0.1305
-0.655777 0.131
-0.655777 0.1315
-0.656352 0.132
-0.657503 0.1325
-0.659803 0.133
-0.664405 0.1335
-0.673609 0.134
-0.692017 0.1345
-0.728833 0.135
-0.74724 0.1355
-0.756444 0.136
-0.761046 0.1365
-0.763347 0.137
-0.764881 0.1375
-0.766223 0.138
-0.767757 0.1385
-0.770825 0.139
-0.776961 0.1395
-0.789233 0.14
-0.813777 0.1405
-0.826049 0.141
-0.832233 0.1415
-0.835396 0.142
-0.837122 0.1425
-0.838273 0.143
-0.839423 0.1435
-0.840957 0.144
-0.844025 0.1445
-0.845751 0.145
-0.846901 0.1455
-0.848052 0.146
-0.849777 0.1465
-0.852941 0.147
-0.859125 0.1475
-0.871397 0.148
-0.877533 0.1485
-0.880601 0.149
-0.882135 0.1495
-0.882902 0.15
-0.883285 0.1505
-0.883477 0.151
-0.883669 0.1515
-0.884052 0.152
-0.884819 0.1525
-0.886353 0.153
-0.889421 0.1535
-0.895557 0.154
-0.907829 0.1545
-0.913965 0.155
-0.917225 0.1555
-0.919142 0.156
-0.920676 0.1565
-0.922594 0.157
-0.925853 0.1575
-0.931989 0.158
-0.944261 0.1585
-0.950397 0.159
-0.953465 0.1595
-0.954999 0.16
-0.955766 0.1605
-0.956341 0.161
-0.956916 0.1615
-0.957683 0.162
-0.959217 0.1625
-0.962285 0.163
-0.968421 0.1635
-0.980693 0.164
-0.986829 0.1645
-0.989897 0.165
-0.991431 0.1655
-0.992198 0.166
-0.992773 0.1665
-0.993348 0.167
-0.994115 0.1675
-0.995649 0.168
-0.998717 0.1685
-1.00485 0.169
-1.01713 0.1695
-1.02326 0.17
-1.02633 0.1705
-1.02786 0.171
-1.02863 0.1715
-1.02921 0.172
-1.02978 0.1725
-1.03055 0.173
-1.03208 0.1735
-1.03515 0.174
-1.04129 0.1745
-1.05356 0.175
-1.05969 0.1755
-1.06276 0.176
-1.0643 0.1765
-1.06506 0.177
-1.06564 0.1775
-1.06621 0.178
-1.06698 0.1785
-1.06851 0.179
-1.07158 0.1795
-1.07772 0.18
-1.08999 0.1805
-1.09613 0.181
-1.09919 0.1815
-1.10073 0.182
-1.10149 0.1825
-1.10207 0.183
-1.10264 0.1835
-1.10341 0.184
-1.10495 0.1845
-1.10801 0.185
-1.11415 0.1855
-1.12642 0.186
-1.13256 0.1865
-1.13563 0.187
-1.13716 0.1875
-1.13793 0.188
-1.1385 0.1885
-1.13908 0.189
-1.13984 0.1895
-1.14138 0.19
-1.14445 0.1905
-1.15058 0.191
-1.16285 0.1915
-1.16899 0.192
-1.17206 0.1925
-1.17359 0.193
-1.17436 0.1935
-1.17493 0.194
-1.17551 0.1945
-1.17628 0.195
-1.17781 0.1955
-1.18088 0.196
-1.18701 0.1965
-1.19929 0.197
-1.20542 0.1975
-1.20849 0.198
-1.21002 0.1985
-1.21079 0.199
-1.21117 0.1995
-1.21137 0.2
-1.21137 0.2005
-1.21137 0.201
-1.21137 0.2015
-1.21137 0.202
-1.21137 0.2025
-1.21137 0.203
-1.21137 0.2035
-1.21137 0.204
-1.21137 0.2045
-1.21137 0.205
-1.21137 0.2055
-1.21137 0.206
-1.21137 0.2065
-1.21137 0.207
-1.21137 0.2075
-1.21137 0.208
-1.21137 0.2085
-1.21137 0.209
-1.21137 0.2095
-1.21137 0.21
-1.21137 0.2105
-1.21137 0.211
-1.21137 0.2115
-1.21137 0.212
-1.21137 0.2125
-1.21137 0.213
-1.21137 0.2135
-1.21137 0.214
-1.21137 0.2145
-1.21137 0.215
-1.21137 0.2155
-1.21137 0.216
-1.21137 0.2165
-1.21137 0.217
-1.21137 0.2175
-1.21137 0.218
-1.21137 0.2185
-1.21137 0.219
-1.21137 0.2195
-1.21137 0.22
-1.21137 0.2205
-1.21137 0.221
-1.21137 0.2215
-1.21137 0.222
-1.21137 0.2225
-1.21137 0.223
-1.21137 0.2235
-1.21137 0.224
-1.21137 0.2245
-1.21137 0.225
-1.21137 0.2255
-1.21137 0.226
-1.21137 0.2265
-1.21137 0.227
-1.21137 0.2275
-1.21137 0.228
-1.21137 0.2285
-1.21137 0.229
-1.21137 0.2295
-1.21137 0.23
-1.21137 0.2305
-1.21137 0.231
-1.21137 0.2315
-1.21137 0.232
-1.21137 0.2325
-1.21137 0.233
-1.21137 0.2335
-1.21137 0.234
-1.21137 0.2345
-1.21137 0.235
-1.21137 0.2355
-1.21137 0.236
-1.21137 0.2365
-1.21137 0.237
-1.21137 0.2375
-1.21137 0.238
-1.21137 0.2385
-1.21137 0.239
-1.21137 0.2395
-1.21137 0.24
-1.21137 0.2405
-1.21137 0.241
-1.21137 0.2415
-1.21137 0.242
-1.21137 0.2425
-1.21137 0.243
-1.21137 0.2435
-1.21137 0.244
-1.21137 0.2445
-1.21137 0.245
-1.21137 0.2455
-1.21137 0.246
-1.21137 0.2465
-1.21137 0.247
-1.21137 0.2475
-1.21137 0.248
-1.21137 0.2485
-1.21155 0.249
-1.21192 0.2495
-1.21267 0.25
-1.21415 0.2515
-1.21712 0.253
-1.22307 0.2545
-1.23496 0.256
-1.2409 0.2575
-1.24387 0.259
-1.2455 0.2605
-1.24653 0.262
-1.24748 0.2635
-1.24882 0.265
-1.25112 0.2665
-1.25572 0.268
-1.26492 0.2695
-1.26952 0.271
-1.27183 0.2725
-1.27307 0.274
-1.27384 0.2755
-1.27451 0.277
-1.27542 0.2785
-1.27696 0.28
-1.28002 0.2815
-1.28616 0.283
-1.28923 0.2845
-1.29076 0.286
-1.29153 0.2875
-1.29191 0.289
-1.2921 0.2905
-1.2922 0.292
-1.2922 0.2935
-1.2922 0.295
-1.2922 0.2965
-1.2922 0.298
-1.2922 0.2995
-1.2922 0.301
-1.2922 0.3025
-1.2922 0.304
-1.2922 0.3055
-1.2922 0.307
-1.2922 0.3085
-1.2922 0.31
-1.2922 0.3115
-1.2922 0.313
-1.2922 0.3145
-1.2922 0.316
-1.2922 0.3175
-1.2922 0.319
-1.2922 0.3205
-1.2922 0.322
-1.2922 0.3235
-1.2922 0.325
-1.2922 0.3265
-1.2922 0.328
-1.2922 0.3295
-1.2922 0.331
-1.2922 0.3325
-1.2922 0.334
-1.2922 0.3355
-1.2922 0.337
-1.2922 0.3385
-1.2922 0.34
-1.2922 0.3415
-1.2922 0.343
-1.2922 0.3445
-1.2922 0.346
-1.2922 0.3475
-1.2922 0.349
-1.2922 0.3505
-1.2922 0.352
-1.2922 0.3535
-1.2922 0.355
-1.2922 0.3565
-1.2922 0.358
-1.2922 0.3595
-1.2922 0.361
-1.2922 0.3625
-1.2922 0.364
-1.2922 0.3655
-1.2922 0.367
-1.2922 0.3685
-1.2922 0.37
-1.2922 0.3715
-1.2922 0.373
-1.2922 0.3745
-1.2922 0.376
-1.2922 0.3775
-1.2922 0.379
-1.2922 0.3805
-1.2922 0.382
-1.2922 0.3835
-1.2922 0.385
-1.2922 0.3865
-1.2922 0.388
-1.2922 0.3895
-1.2922 0.391
-1.2922 0.3925
-1.2922 0.394
-1.2922 0.3955
-1.2922 0.397
-1.2922 0.3985
-1.2922 0.4
-1.2922 0.4015
-1.2922 0.403
-1.2922 0.4045
-1.2922 0.406
-1.2922 0.4075
-1.2922 0.409
-1.2922 0.4105
-1.2922 0.412
-1.2922 0.4135
-1.2922 0.415
-1.2922 0.4165
-1.2922 0.418
-1.2922 0.4195
-1.2922 0.421
-1.2922 0.4225
-1.2922 0.424
-1.2922 0.4255
-1.2922 0.427
-1.2922 0.4285
-1.2922 0.43
-1.2922 0.4315
-1.2922 0.433
-1.2922 0.4345
-1.2922 0.436
-1.2922 0.4375
-1.2922 0.439
-1.2922 0.4405
-1.2922 0.442
-1.2922 0.4435
-1.2922 0.445
-1.2922 0.4465
-1.2922 0.448
-1.2922 0.4495
-1.2922 0.451
-1.2922 0.4525
-1.2922 0.454
-1.2922 0.4555
-1.2922 0.457
-1.2922 0.4585
-1.2922 0.46
-1.2922 0.4615
-1.2922 0.463
-1.2922 0.4645
-1.2922 0.466
-1.2922 0.4675
-1.2922 0.469
-1.2922 0.4705
-1.2922 0.472
-1.2922 0.4735
-1.2922 0.475
-1.2922 0.4765
-1.2922 0.478
-1.2922 0.4795
-1.2922 0.481
-1.2922 0.4825
-1.2922 0.484
-1.2922 0.4855
-1.2922 0.487
-1.2922 0.4885
-1.2922 0.49
-1.2922 0.4915
-1.2922 0.493
-1.2922 0.4945
-1.2922 0.496
-1.2922 0.4975
-1.2922 0.499
-1.2922 0.5005
-1.2922 0.502
-1.2922 0.5035
-1.2922 0.505
-1.2922 0.5065
-1.2922 0.508
-1.2922 0.5095
-1.2922 0.511
-1.2922 0.5125
-1.2922 0.514
-1.2922 0.5155
-1.2922 0.517
-1.2922 0.5185
-1.2922 0.52
-1.2922 0.5215
-1.2922 0.523
-1.2922 0.5245
-1.2922 0.526
-1.2922 0.5275
-1.2922 0.529
-1.2922 0.5305
-1.2922 0.532
-1.2922 0.5335
-1.2922 0.535
-1.2922 0.5365
-1.2922 0.538
-1.2922 0.5395
-1.2922 0.541
-1.2922 0.5425
-1.2922 0.544
-1.2922 0.5455
-1.2922 0.547
-1.2922 0.5485
-1.2922 0.55
-1.2922 0.5515
-1.2922 0.553
-1.2922 0.5545
-1.2922 0.556
-1.2922 0.5575
-1.2922 0.559
-1.2922 0.5605
-1.2922 0.562
-1.2922 0.5635
-1.2922 0.565
-1.2922 0.5665
-1.2922 0.568
-1.2922 0.5695
-1.2922 0.571
-1.2922 0.5725
-1.2922 0.574
-1.2922 0.5755
-1.2922 0.577
-1.2922 0.5785
-1.2922 0.58
-1.2922 0.5815
-1.2922 0.583
-1.2922 0.5845
-1.2922 0.586
-1.2922 0.5875
-1.2922 0.589
-1.2922 0.5905
-1.2922 0.592
-1.2922 0.5935
-1.2922 0.595
-1.2922 0.5965
-1.2922 0.598
-1.2922 0.5995
-1.2922 0.601
-1.2922 0.6025
-1.2922 0.604
-1.2922 0.6055
-1.2922 0.607
-1.2922 0.6085
-1.2922 0.61
-1.2922 0.6115
-1.2922 0.613
-1.2922 0.6145
-1.2922 0.616
-1.2922 0.6175
-1.2922 0.619
-1.2922 0.6205
-1.2922 0.622
-1.2922 0.6235
-1.2922 0.625
-1.2922 0.6265
-1.2922 0.628
-1.2922 0.6295
-1.2922 0.631
-1.2922 0.6325
-1.2922 0.634
-1.2922 0.6355
-1.2922 0.637
-1.2922 0.6385
-1.2922 0.64
-1.2922 0.6415
-1.2922 0.643
-1.2922 0.6445
-1.2922 0.646
-1.2922 0.6475
-1.2922 0.649
-1.2922 0.6505
-1.2922 0.652
-1.2922 0.6535
-1.2922 0.655
-1.2922 0.6565
-1.2922 0.658
-1.2922 0.6595
-1.2922 0.661
-1.2922 0.6625
-1.2922 0.664
-1.2922 0.6655
-1.2922 0.667
-1.2922 0.6685
-1.2922 0.67
-1.2922 0.6715
-1.2922 0.673
-1.2922 0.6745
-1.2922 0.676
-1.2922 0.6775
-1.2922 0.679
-1.2922 0.6805
-1.2922 0.682
-1.2922 0.6835
-1.2922 0.685
-1.2922 0.6865
-1.2922 0.688
-1.2922 0.6895
-1.2922 0.691
-1.2922 0.6925
-1.2922 0.694
-1.2922 0.6955
-1.2922 0.697
-1.2922 0.6985
-1.2922 0.7
-1.2922 0.7015
-1.2922 0.703
-1.2922 0.7045
-1.2922 0.706
-1.2922 0.7075
-1.2922 0.709
-1.2922 0.7105
-1.2922 0.712
-1.2922 0.7135
-1.2922 0.715
-1.2922 0.7165
-1.2922 0.718
-1.2922 0.7195
-1.2922 0.721
-1.2922 0.7225
-1.2922 0.724
-1.2922 0.7255
-1.2922 0.727
-1.2922 0.7285
-1.2922 0.73
-1.2922 0.7315
-1.2922 0.733
-1.2922 0.7345
-1.2922 0.736
-1.2922 0.7375
-1.2922 0.739
-1.2922 0.7405
-1.2922 0.742
-1.2922 0.7435
-1.2922 0.745
-1.2922 0.7465
-1.2922 0.748
-1.2922 0.7495
-1.2922 0.751
-1.2922 0.7525
-1.2922 0.754
-1.2922 0.7555
-1.2922 0.757
-1.2922 0.7585
-1.2922 0.76
-1.2922 0.7615
-1.2922 0.763
-1.2922 0.7645
-1.2922 0.766
-1.2922 0.7675
-1.2922 0.769
-1.2922 0.7705
-1.2922 0.772
-1.2922 0.7735
-1.2922 0.775
-1.2922 0.7765
-1.2922 0.778
-1.2922 0.7795
-1.2922 0.781
-1.2922 0.7825
-1.2922 0.784
-1.2922 0.7855
-1.2922 0.787
-1.2922 0.7885
-1.2922 0.79
-1.2922 0.7915
-1.2922 0.793
-1.2922 0.7945
-1.2922 0.796
-1.2922 0.7975
-1.2922 0.799
-1.2922 0.8005
-1.2922 0.802
-1.2922 0.8035
-1.2922 0.805
-1.2922 0.8065
-1.2922 0.808
-1.2922 0.8095
-1.2922 0.811
-1.2922 0.8125
-1.2922 0.814
-1.2922 0.8155
-1.2922 0.817
-1.2922 0.8185
-1.2922 0.82
-1.2922 0.8215
-1.2922 0.823
-1.2922 0.8245
-1.2922 0.826
-1.2922 0.8275
-1.2922 0.829
-1.2922 0.8305
-1.2922 0.832
-1.2922 0.8335
-1.2922 0.835
-1.2922 0.8365
-1.2922 0.838
-1.2922 0.8395
-1.2922 0.841
-1.2922 0.8425
-1.2922 0.844
-1.2922 0.8455
-1.2922 0.847
-1.2922 0.8485
-1.2922 0.85
-1.2922 0.8515
-1.2922 0.853
-1.2922 0.8545
-1.2922 0.856
-1.2922 0.8575
-1.2922 0.859
-1.2922 0.8605
-1.2922 0.862
-1.2922 0.8635
-1.2922 0.865
-1.2922 0.8665
-1.2922 0.868
-1.2922 0.8695
-1.2922 0.871
-1.2922 0.8725
-1.2922 0.874
-1.2922 0.8755
-1.2922 0.877
-1.2922 0.8785
-1.2922 0.88
-1.2922 0.8815
-1.2922 0.883
-1.2922 0.8845
-1.2922 0.886
-1.2922 0.8875
-1.2922 0.889
-1.2922 0.8905
-1.2922 0.892
-1.2922 0.8935
-1.2922 0.895
-1.2922 0.8965
-1.2922 0.898
-1.2922 0.8995
-1.2922 0.901
-1.2922 0.9025
-1.2922 0.904
-1.2922 0.9055
-1.2922 0.907
-1.2922 0.9085
-1.2922 0.91
-1.2922 0.9115
-1.2922 0.913
-1.2922 0.9145
-1.2922 0.916
-1.2922 0.9175
-1.2922 0.919
-1.2922 0.9205
-1.2922 0.922
-1.2922 0.9235
-1.2922 0.925
-1.2922 0.9265
-1.2922 0.928
-1.2922 0.9295
-1.2922 0.931
-1.2922 0.9325
-1.2922 0.934
-1.2922 0.9355
-1.2922 0.937
-1.2922 0.9385
-1.2922 0.94
-1.2922 0.9415
-1.2922 0.943
-1.2922 0.9445
-1.2922 0.946
-1.2922 0.9475
-1.2922 0.949
-1.2922 0.9505
-1.2922 0.952
-1.2922 0.9535
-1.2922 0.955
-1.2922 0.9565
-1.2922 0.958
-1.2922 0.9595
-1.2922 0.961
-1.2922 0.9625
-1.2922 0.964
-1.2922 0.9655
-1.2922 0.967
-1.2922 0.9685
-1.2922 0.97
-1.2922 0.9715
-1.2922 0.973
-1.2922 0.9745
-1.2922 0.976
-1.2922 0.9775
-1.2922 0.979
-1.2922 0.9805
-1.2922 0.982
-1.2922 0.9835
-1.2922 0.985
-1.29223 0.9865
-1.29225 0.988
-1.29233 0.9895
-1.29247 0.991
-1.29273 0.9925
-1.29327 0.994
-1.29433 0.9955
-1.29333 0.997
-1.29433 0.9985
-1.29333 1


Shark
3.14159 1.5
3.13959 1.4995
3.13759 1.499
3.13559 1.4985
3.13359 1.498
3.13159 1.4975
3.12959 1.497
3.12759 1.4965
3.12559 1.496
3.12359 1.4955
3.12159 1.495
3.11959 1.4945
3.11759 1.494
3.11559 1.4935
3.11359 1.493
3.11159 1.4925
3.10959 1.492
3.10759 1.4915
3.10559 1.491
3.10359 1.4905
3.10159 1.49
3.09959 1.4895
3.09759 1.489
3.09559 1.4885
3.09359 1.488
3.09159 1.4875
3.08959 1.487
3.08759 1.4865
3.08559 1.486
3.08359 1.4855
3.08159 1.485
3.07959 1.4845
3.07759 1.484
3.07559 1.4835
3.07359 1.483
3.07159 1.4825
3.06959 1.482
3.06759 1.4815
3.06559 1.481
3.06359 1.4805
3.06159 1.48
3.05959 1.4795
3.05759 1.479
3.05559 1.4785
3.05359 1.478
3.05159 1.4775
3.04959 1.477
3.04759 1.4765
3.04559 1.476
3.04359 1.4755
3.04159 1.475
3.03959 1.4745
3.03759 1.474
3.03559 1.4735
3.03359 1.473
3.03159 1.4725
3.02959 1.472
3.02759 1.4715
3.02559 1.471
3.02359 1.4705
3.02159 1.47
3.01959 1.4695
3.01759 1.469
3.01559 1.4685
3.01359 1.468
3.01159 1.4675
3.00959 1.467
3.00759 1.4665
3.00559 1.466
3.00359 1.4655
3.00159 1.465
2.99959 1.4645
2.99759 1.464
2.99559 1.4635
2.99359 1.463
2.99159 1.4625
2.98959 1.462
2.98759 1.4615
2.98559 1.461
2.98359 1.4605
2.98159 1.46
2.97959 1.4595
2.97759 1.459
2.97559 1.4585
2.97359 1.458
2.97159 1.4575
2.96959 1.457
2.96759 1.4565
2.96559 1.456
2.96359 1.4555
2.96159 1.455
2.95959 1.4545
2.95759 1.454
2.95559 1.4535
2.95359 1.453
2.95159 1.4525
2.94959 1.452
2.94759 1.4515
2.94559 1.451
2.94359 1.4505
2.94159 1.45
2.93959 1.4495
2.93759 1.449
2.93559 1.4485
2.93359 1.448
2.93159 1.4475
2.92959 1.447
2.92759 1.4465
2.92559 1.446
2.92359 1.4455
2.92159 1.445
2.91959 1.4445
2.91759 1.444
2.91559 1.4435
2.91359 1.443
2.91159 1.4425
2.90959 1.442
2.90759 1.4415
2.90559 1.441
2.90359 1.4405
2.90159 1.44
2.89959 1.4395
2.89759 1.439
2.89559 1.4385
2.89359 1.438
2.89159 1.4375
2.88959 1.437
2.88759 1.4365
2.88559 1.436
2.88359 1.4355
2.88159 1.435
2.87959 1.4345
2.87759 1.434
2.87559 1.4335
2.87359 1.433
2.87159 1.4325
2.86959 1.432
2.86759 1.4315
2.86559 1.431
2.86359 1.4305
2.86159 1.43
2.85959 1.4295
2.85759 1.429
2.85559 1.4285
2.85359 1.428
2.85159 1.4275
2.84959 1.427
2.84759 1.4265
2.84559 1.426
2.84359 1.4255
2.84159 1.425
2.83959 1.4245
2.83759 1.424
2.83559 1.4235
2.83359 1.423
2.83159 1.4225
2.82959 1.422
2.82759 1.4215
2.82559 1.421
2.82359 1.4205
2.82159 1.42
2.81959 1.4195
2.81759 1.419
2.81559 1.4185
2.81359 1.418
2.81159 1.4175
2.80959 1.417
2.80759 1.4165
2.80559 1.416
2.80359 1.4155
2.80159 1.415
2.79959 1.4145
2.79759 1.414
2.79559 1.4135
2.79359 1.413
2.79159 1.4125
2.78959 1.412
2.78759 1.4115
2.78559 1.411
2.78359 1.4105
2.78159 1.41
2.77959 1.4095
2.7773 1.409
2.7743 1.4085
2.76937 1.408
2.7601 1.4075
2.74178 1.407
2.70512 1.4065
2.63158 1.406
2.59453 1.4055
2.57582 1.405
2.56626 1.4045
2.56115 1.404
2.55805 1.4035
2.55573 1.403
2.55373 1.4025
2.55173 1.402
2.54973 1.4015
2.54773 1.401
2.54573 1.4005
2.54373 1.4
2.54172 1.3995
2.5397 1.399
2.5376 1.3985
2.53525 1.398
2.53204 1.3975
2.52661 1.397
2.52338 1.3965
2.52101 1.396
2.51891 1.3955
2.51689 1.395
2.51488 1.3945
2.51288 1.394
2.51088 1.3935
2.50888 1.393
2.50687 1.3925
2.50484 1.392
2.50274 1.3915
2.50033 1.391
2.49699 1.3905
2.49124 1.39
2.48787 1.3895
2.48546 1.389
2.48334 1.3885
2.48131 1.388
2.47931 1.3875
2.4773 1.387
2.4753 1.3865
2.4733 1.386
2.4713 1.3855
2.4693 1.385
2.4673 1.3845
2.4653 1.384
2.4633 1.3835
2.4613 1.383
2.4593 1.3825
2.4573 1.382
2.4553 1.3815
2.4533 1.381
2.4513 1.3805
2.4493 1.38
2.4473 1.3795
2.4453 1.379
2.4433 1.3785
2.4413 1.378
2.4393 1.3775
2.4373 1.377
2.4353 1.3765
2.4333 1.376
2.4313 1.3755
2.4293 1.375
2.4273 1.3745
2.4253 1.374
2.4233 1.3735
2.4213 1.373
2.4193 1.3725
2.4173 1.372
2.4153 1.3715
2.4133 1.371
2.4113 1.3705
2.4093 1.37
2.4073 1.3695
2.4053 1.369
2.4033 1.3685
2.40128 1.368
2.39919 1.3675
2.39685 1.367
2.39368 1.3665
2.38837 1.366
2.37828 1.3655
2.35834 1.365
2.34818 1.3645
2.3428 1.364
2.33959 1.3635
2.33723 1.363
2.33506 1.3625
2.33293 1.362
2.33075 1.3615
2.32813 1.361
2.32417 1.3605
2.31702 1.36
2.30311 1.3595
2.29592 1.359
2.29189 1.3585
2.2892 1.358
2.28698 1.3575
2.28487 1.357
2.28276 1.3565
2.28058 1.356
2.27791 1.3555
2.27567 1.355
2.27356 1.3545
2.27145 1.354
2.26921 1.3535
2.26648 1.353
2.26233 1.3525
2.25481 1.352
2.25065 1.3515
2.24795 1.351
2.24575 1.3505
2.24369 1.35
2.24168 1.3495
2.23968 1.349
2.23767 1.3485
2.23566 1.348
2.23361 1.3475
2.2314 1.347
2.22865 1.3465
2.22438 1.346
2.21655 1.3455
2.21226 1.345
2.20941 1.3445
2.20708 1.344
2.20486 1.3435
2.20253 1.343
2.19967 1.3425
2.19531 1.342
2.18729 1.3415
2.18291 1.341
2.18011 1.3405
2.17788 1.34
2.17582 1.3395
2.17379 1.339
2.17176 1.3385
2.1697 1.338
2.16746 1.3375
2.16464 1.337
2.16016 1.3365
2.15187 1.336
2.14737 1.3355
2.14453 1.335
2.14229 1.3345
2.14022 1.334
2.13819 1.3335
2.13615 1.333
2.13409 1.3325
2.13184 1.332
2.12896 1.3315
2.12436 1.331
2.11582 1.3305
2.1112 1.33
2.1083 1.3295
2.10605 1.329
2.10398 1.3285
2.10194 1.328
2.0999 1.3275
2.09783 1.327
2.09557 1.3265
2.09264 1.326
2.08792 1.3255
2.07911 1.325
2.07437 1.3245
2.07143 1.324
2.06916 1.3235
2.06708 1.323
2.06504 1.3225
2.063 1.322
2.06093 1.3215
2.05865 1.321
2.05567 1.3205
2.05083 1.32
2.04176 1.3195
2.03689 1.319
2.0339 1.3185
2.03161 1.318
2.02953 1.3175
2.02749 1.317
2.02545 1.3165
2.02337 1.316
2.02107 1.3155
2.01805 1.315
2.01308 1.3145
2.00375 1.314
1.99876 1.3135
1.99572 1.313
1.99341 1.3125
1.99133 1.312
1.98928 1.3115
1.98723 1.311
1.98515 1.3105
1.98284 1.31
1.97976 1.3095
1.97467 1.309
1.96507 1.3085
1.95996 1.308
1.95687 1.3075
1.95454 1.307
1.95246 1.3065
1.95041 1.306
1.94836 1.3055
1.94627 1.305
1.94394 1.3045
1.94082 1.304
1.9356 1.3035
1.92574 1.303
1.9205 1.3025
1.91735 1.302
1.91501 1.3015
1.91292 1.301
1.9109 1.3005
1.90889 1.3
1.90689 1.2995
1.90489 1.299
1.90289 1.2985
1.90089 1.298
1.89889 1.2975
1.89689 1.297
1.89489 1.2965
1.89289 1.296
1.89089 1.2955
1.88889 1.295
1.88689 1.2945
1.88489 1.294
1.88289 1.2935
1.88089 1.293
1.87889 1.2925
1.87689 1.292
1.87489 1.2915
1.87289 1.291
1.87089 1.2905
1.86889 1.29
1.86689 1.2895
1.86489 1.289
1.86289 1.2885
1.86089 1.288
1.85889 1.2875
1.85689 1.287
1.85489 1.2865
1.85289 1.286
1.85089 1.2855
1.84889 1.285
1.84689 1.2845
1.84489 1.284
1.84289 1.2835
1.84089 1.283
1.83889 1.2825
1.83689 1.282
1.83489 1.2815
1.83289 1.281
1.83089 1.2805
1.82889 1.28
1.82689 1.2795
1.82489 1.279
1.82289 1.2785
1.82089 1.278
1.81889 1.2775
1.81689 1.277
1.81489 1.2765
1.81289 1.276
1.81089 1.2755
1.80889 1.275
1.80689 1.2745
1.80489 1.274
1.80289 1.2735
1.80089 1.273
1.79889 1.2725
1.79689 1.272
1.79489 1.2715
1.79289 1.271
1.79089 1.2705
1.78889 1.27
1.78689 1.2695
1.78489 1.269
1.78289 1.2685
1.78089 1.268
1.77889 1.2675
1.77689 1.267
1.77489 1.2665
1.77289 1.266
1.77089 1.2655
1.76889 1.265
1.76689 1.2645
1.76489 1.264
1.76289 1.2635
1.76089 1.263
1.75889 1.2625
1.75689 1.262
1.75489 1.2615
1.75289 1.261
1.75089 1.2605
1.74889 1.26
1.74689 1.2595
1.74489 1.259
1.74289 1.2585
1.74089 1.258
1.73889 1.2575
1.73689 1.257
1.73489 1.2565
1.73289 1.256
1.73089 1.2555
1.72889 1.255
1.72689 1.2545
1.72489 1.254
1.72289 1.2535
1.72089 1.253
1.71889 1.2525
1.71689 1.252
1.71489 1.2515
1.71288 1.251
1.71085 1.2505
1.70872 1.25
1.70253 1.2495
1.69583 1.249
1.68732 1.2485
1.67378 1.248
1.66522 1.2475
1.65848 1.247
1.65224 1.2465
1.64615 1.246
1.64007 1.2455
1.6339 1.245
1.62742 1.2445
1.61966 1.244
1.60809 1.2435
1.6003 1.243
1.5938 1.2425
1.58765 1.242
1.58159 1.2415
1.57554 1.241
1.56946 1.2405
1.56322 1.24
1.5563 1.2395
1.54713 1.239
1.5402 1.2385
1.53395 1.238
1.52788 1.2375
1.52187 1.237
1.51586 1.2365
1.50986 1.236
1.50386 1.2355
1.49786 1.235
1.49186 1.2345
1.48586 1.234
1.47986 1.2335
1.47386 1.233
1.46786 1.2325
1.46186 1.232
1.45586 1.2315
1.44986 1.231
1.44386 1.2305
1.43786 1.23
1.43186 1.2295
1.42586 1.229
1.41986 1.2285
1.41386 1.228
1.40786 1.2275
1.40186 1.227
1.39586 1.2265
1.38986 1.226
1.38386 1.2255
1.37786 1.225
1.37186 1.2245
1.36586 1.224
1.35986 1.2235
1.35386 1.223
1.34786 1.2225
1.34186 1.222
1.33586 1.2215
1.32986 1.221
1.32386 1.2205
1.31786 1.22
1.31186 1.2195
1.30586 1.219
1.29986 1.2185
1.29386 1.218
1.28786 1.2175
1.28186 1.217
1.27586 1.2165
1.26986 1.216
1.26386 1.2155
1.25786 1.215
1.25186 1.2145
1.24586 1.214
1.23986 1.2135
1.23386 1.213
1.22786 1.2125
1.22186 1.212
1.21586 1.2115
1.20986 1.211
1.20386 1.2105
1.19786 1.21
1.19186 1.2095
1.18586 1.209
1.17986 1.2085
1.17386 1.208
1.16786 1.2075
1.16186 1.207
1.15586 1.2065
1.14986 1.206
1.14386 1.2055
1.13786 1.205
1.13186 1.2045
1.12586 1.204
1.11986 1.2035
1.11386 1.203
1.10786 1.2025
1.10186 1.202
1.09586 1.2015
1.08986 1.201
1.08386 1.2005
1.07786 1.2
1.07186 1.1995
1.06586 1.199
1.05986 1.1985
1.05386 1.198
1.04786 1.1975
1.04186 1.197
1.03586 1.1965
1.02986 1.196
1.02386 1.1955
1.01786 1.195
1.01186 1.1945
1.00586 1.194
0.999861 1.1935
0.993861 1.193
0.987861 1.1925
0.981861 1.192
0.975861 1.1915
0.969861 1.191
0.963861 1.1905
0.957861 1.19
0.951861 1.1895
0.945861 1.189
0.939861 1.1885
0.933861 1.188
0.927861 1.1875
0.921861 1.187
0.915861 1.1865
0.909861 1.186
0.903861 1.1855
0.897861 1.185
0.891861 1.1845
0.885861 1.184
0.879861 1.1835
0.873861 1.183
0.867861 1.1825
0.861861 1.182
0.855861 1.1815
0.849861 1.181
0.843861 1.1805
0.837861 1.18
0.831861 1.1795
0.825861 1.179
0.819861 1.1785
0.813861 1.178
0.807861 1.1775
0.801861 1.177
0.795861 1.1765
0.789861 1.176
0.783861 1.1755
0.777861 1.175
0.771861 1.1745
0.765861 1.174
0.759861 1.1735
0.753861 1.173
0.747861 1.1725
0.741861 1.172
0.735861 1.1715
0.729861 1.171
0.723861 1.1705
0.717861 1.17
0.711861 1.1695
0.705861 1.169
0.699861 1.1685
0.693861 1.168
0.687861 1.1675
0.681861 1.167
0.675861 1.1665
0.669861 1.166
0.663861 1.1655
0.657861 1.165
0.651861 1.1645
0.645861 1.164
0.639861 1.1635
0.633861 1.163
0.627861 1.1625
0.621861 1.162
0.615861 1.1615
0.609861 1.161
0.603861 1.1605
0.597861 1.16
0.591861 1.1595
0.585861 1.159
0.579861 1.1585
0.573861 1.158
0.567861 1.1575
0.561861 1.157
0.555861 1.1565
0.549861 1.156
0.543861 1.1555
0.537861 1.155
0.531861 1.1545
0.525861 1.154
0.519861 1.1535
0.513861 1.153
0.507861 1.1525
0.501861 1.152
0.495861 1.1515
0.489861 1.151
0.483861 1.1505
0.477861 1.15
0.471861 1.1495
0.465861 1.149
0.459861 1.1485
0.453861 1.148
0.447861 1.1475
0.441861 1.147
0.435861 1.1465
0.429861 1.146
0.423861 1.1455
0.417861 1.145
0.411861 1.1445
0.405861 1.144
0.399861 1.1435
0.393861 1.143
0.387861 1.1425
0.381861 1.142
0.375861 1.1415
0.369861 1.141
0.363861 1.1405
0.357861 1.14
0.351861 1.1395
0.345861 1.139
0.339861 1.1385
0.333861 1.138
0.327861 1.1375
0.321861 1.137
0.315861 1.1365
0.309861 1.136
0.303861 1.1355
0.297861 1.135
0.291861 1.1345
0.285861 1.134
0.279861 1.1335
0.273861 1.133
0.267861 1.1325
0.261861 1.132
0.255861 1.1315
0.249861 1.131
0.243861 1.1305
0.237861 1.13
0.231861 1.1295
0.225861 1.129
0.219861 1.1285
0.213861 1.128
0.207861 1.1275
0.201861 1.127
0.195861 1.1265
0.189861 1.126
0.183861 1.1255
0.177861 1.125
0.171861 1.1245
0.165861 1.124
0.159861 1.1235
0.153861 1.123
0.147861 1.1225
0.141861 1.122
0.135861 1.1215
0.129861 1.121
0.123861 1.1205
0.117861 1.12
0.111861 1.1195
0.105861 1.119
0.0998607 1.1185
0.0938607 1.118
0.0878607 1.1175
0.0818607 1.117
0.0758607 1.1165
0.0698607 1.116
0.0638607 1.1155
0.0578607 1.115
0.0518607 1.1145
0.0458607 1.114
0.0398607 1.1135
0.0338607 1.113
0.0278607 1.1125
0.0218607 1.112
0.0158607 1.1115
0.00986069 1.111
0.00386069 1.1105
-0.00213931 1.11
-0.00813931 1.1095
-0.0141393 1.109
-0.0201393 1.1085
-0.0261393 1.108
-0.0321393 1.1075
-0.0381393 1.107
-0.0441393 1.1065
-0.0501393 1.106
-0.0561393 1.1055
-0.0621393 1.105
-0.0681393 1.1045
-0.0741393 1.104
-0.0801393 1.1035
-0.0861393 1.103
-0.0921393 1.1025
-0.0981393 1.102
-0.104139 1.1015
-0.110139 1.101
-0.116139 1.1005
-0.122139 1.1
-0.128139 1.0995
-0.134139 1.099
-0.140139 1.0985
-0.146139 1.098
-0.152139 1.0975
-0.158139 1.097
-0.164139 1.0965
-0.170139 1.096
-0.176139 1.0955
-0.182139 1.095
-0.188139 1.0945
-0.194139 1.094
-0.200139 1.0935
-0.206139 1.093
-0.212139 1.0925
-0.218139 1.092
-0.224139 1.0915
-0.230139 1.091
-0.236139 1.0905
-0.242139 1.09
-0.248139 1.0895
-0.254139 1.089
-0.260139 1.0885
-0.266139 1.088
-0.272139 1.0875
-0.278139 1.087
-0.284139 1.0865
-0.290139 1.086
-0.296139 1.0855
-0.302139 1.085
-0.308139 1.0845
-0.314139 1.084
-0.320139 1.0835
-0.326139 1.083
-0.332139 1.0825
-0.338139 1.082
-0.344139 1.0815
-0.350139 1.081
-0.356139 1.0805
-0.362139 1.08
-0.368139 1.0795
-0.374139 1.079
-0.380139 1.0785
-0.386139 1.078
-0.392139 1.0775
-0.398139 1.077
-0.404139 1.0765
-0.410139 1.076
-0.416139 1.0755
-0.422139 1.075
-0.428139 1.0745
-0.434139 1.074
-0.440139 1.0735
-0.446139 1.073
-0.452139 1.0725
-0.458139 1.072
-0.464139 1.0715
-0.470139 1.071
-0.476139 1.0705
-0.482139 1.07
-0.488139 1.0695
-0.494139 1.069
-0.500139 1.0685
-0.506139 1.068
-0.512139 1.0675
-0.518139 1.067
-0.524139 1.0665
-0.530139 1.066
-0.536139 1.0655
-0.542139 1.065
-0.548139 1.0645
-0.554139 1.064
-0.560139 1.0635
-0.566139 1.063
-0.572139 1.0625
-0.578139 1.062
-0.584139 1.0615
-0.590139 1.061
-0.596139 1.0605
-0.602139 1.06
-0.608139 1.0595
-0.614139 1.059
-0.620139 1.0585
-0.626139 1.058
-0.632139 1.0575
-0.638139 1.057
-0.644139 1.0565
-0.650139 1.056
-0.656139 1.0555
-0.662139 1.055
-0.668139 1.0545
-0.674139 1.054
-0.680139 1.0535
-0.686139 1.053
-0.692139 1.0525
-0.698139 1.052
-0.704139 1.0515
-0.710139 1.051
-0.716139 1.0505
-0.722139 1.05
-0.728139 1.0495
-0.734139 1.049
-0.740139 1.0485
-0.746139 1.048
-0.752139 1.0475
-0.758139 1.047
-0.764139 1.0465
-0.770139 1.046
-0.776139 1.0455
-0.782139 1.045
-0.788139 1.0445
-0.794139 1.044
-0.800139 1.0435
-0.806139 1.043
-0.812139 1.0425
-0.818139 1.042
-0.824139 1.0415
-0.830139 1.041
-0.836139 1.0405
-0.842139 1.04
-0.848139 1.0395
-0.854139 1.039
-0.860139 1.0385
-0.866139 1.038
-0.872139 1.0375
-0.878139 1.037
-0.884139 1.0365
-0.890139 1.036
-0.896139 1.0355
-0.902139 1.035
-0.908139 1.0345
-0.914139 1.034
-0.920139 1.0335
-0.926139 1.033
-0.932139 1.0325
-0.938139 1.032
-0.944139 1.0315
-0.950139 1.031
-0.956139 1.0305
-0.962139 1.03
-0.968139 1.0295
-0.974139 1.029
-0.980139 1.0285
-0.986139 1.028
-0.992139 1.0275
-0.998139 1.027
-1.00414 1.0265
-1.01014 1.026
-1.01614 1.0255
-1.02214 1.025
-1.02814 1.0245
-1.03414 1.024
-1.04014 1.0235
-1.04614 1.023
-1.05214 1.0225
-1.05814 1.022
-1.06414 1.0215
-1.07014 1.021
-1.07614 1.0205
-1.08214 1.02
-1.08814 1.0195
-1.09414 1.019
-1.10014 1.0185
-1.10614 1.018
-1.11214 1.0175
-1.11814 1.017
-1.12414 1.0165
-1.13014 1.016
-1.13614 1.0155
-1.14214 1.015
-1.14814 1.0145
-1.15414 1.014
-1.16014 1.0135
-1.16614 1.013
-1.17214 1.0125
-1.17814 1.012
-1.18414 1.0115
-1.19014 1.011
-1.19614 1.0105
-1.20214 1.01
-1.20814 1.0095
-1.21414 1.009
-1.22014 1.0085
-1.22614 1.008
-1.23214 1.0075
-1.23814 1.007
-1.24414 1.0065
-1.25014 1.006
-1.25614 1.0055
-1.26214 1.005
-1.26814 1.0045
-1.27414 1.004
-1.28015 1.0035
-1.28617 1.003
-1.29227 1.0025
-1.29327 1.002
-1.29433 1.0015
-1.29333 1.001
-1.29433 1.0005
-1.29333 1
