Man
0 0
0 0.001
0 0.002
0 0.003
0 0.004
0 0.005
0 0.006
0 0.007
0 0.008
0 0.009
0 0.01
0 0.011
0 0.012
0 0.013
0 0.014
0 0.015
0 0.016
0 0.017
0 0.018
0 0.019
0 0.02
0 0.021
0 0.022
0 0.023
0 0.024
0 0.025
0 0.026
0 0.027
0 0.028
0 0.029
0 0.03
0 0.031
0 0.032
0 0.033
0 0.034
0 0.035
0 0.036
0 0.037
0 0.038
0 0.039
0 0.04
0 0.041
0 0.042
0 0.043
0 0.044
0 0.045
0 0.046
0 0.047
0 0.048
0 0.049
0 0.05
0 0.051
0 0.052
0 0.053
0 0.054
0 0.055
0 0.056
0 0.057
0 0.058
0 0.059
0 0.06
0 0.061
0 0.062
0 0.063
0 0.064
0 0.065
0 0.066
0 0.067
0 0.068
0 0.069
0 0.07
0 0.071
0 0.072
0 0.073
0 0.074
0 0.075
0 0.076
0 0.077
0 0.078
0 0.079
0 0.08
0 0.081
0 0.082
0 0.083
0 0.084
0 0.085
0 0.086
0 0.087
0 0.088
0 0.089
-0.00613592 0.09
-0.0184078 0.091
-0.0429515 0.092
-0.0920388 0.093
-0.190214 0.094
-0.386563 0.095
-0.484738 0.096
-0.533825 0.097
-0.558369 0.098
-0.570641 0.099
-0.576777 0.1
-0.576777 0.101
-0.576777 0.102
-0.576777 0.103
-0.576777 0.104
-0.576777 0.105
-0.577544 0.106
-0.579078 0.107
-0.582146 0.108
-0.588282 0.109
-0.600553 0.11
-0.625097 0.111
-0.637369 0.112
-0.643505 0.113
-0.646573 0.114
-0.648299 0.115
-0.649449 0.116
-0.650216 0.117
-0.65175 0.118
-0.654818 0.119
-0.660954 0.12
-0.664022 0.121
-0.665556 0.122
-0.666323 0.123
-0.666706 0.124
-0.666898 0.125
-0.666898 0.126
-0.666898 0.127
-0.666898 0.128
-0.666898 0.129
-0.666898 0.13
-0.666898 0.131
-0.666898 0.132
-0.668432 0.133
-0.6715 0.134
-0.677636 0.135
-0.689908 0.136
-0.714452 0.137
-0.763539 0.138
-0.788083 0.139
-0.800354 0.14
-0.80649 0.141
-0.809558 0.142
-0.811476 0.143
-0.812243 0.144
-0.813777 0.145
-0.816845 0.146
-0.822981 0.147
-0.835253 0.148
-0.841388 0.149
-0.844456 0.15
-0.84599 0.151
-0.846757 0.152
-0.847141 0.153
-0.847908 0.154
-0.849442 0.155
-0.85251 0.156
-0.858646 0.157
-0.870918 0.158
-0.895461 0.159
-0.907733 0.16
-0.913869 0.161
-0.916937 0.162
-0.918471 0.163
-0.919813 0.164
-0.920964 0.165
-0.923265 0.166
-0.927867 0.167
-0.937071 0.168
-0.955478 0.169
-0.964682 0.17
-0.969284 0.171
-0.971585 0.172
-0.973119 0.173
-0.974461 0.174
-0.975995 0.175
-0.979063 0.176
-0.985391 0.177
-0.998046 0.178
-1.00495 0.179
-1.00955 0.18
-1.01415 0.181
-1.02144 0.182
-1.02566 0.183
-1.02873 0.184
-1.03256 0.185
-1.03908 0.186
-1.05154 0.187
-1.05768 0.188
-1.06075 0.189
-1.06228 0.19
-1.06334 0.191
-1.0643 0.192
-1.06545 0.193
-1.06775 0.194
-1.07235 0.195
-1.08155 0.196
-1.08635 0.197
-1.08903 0.198
-1.09095 0.199
-1.09306 0.2
-1.0966 0.201
-1.10312 0.202
-1.10696 0.203
-1.11003 0.204
-1.11386 0.205
-1.12038 0.206
-1.12364 0.207
-1.12517 0.208
-1.12594 0.209
-1.12652 0.21
-1.12709 0.211
-1.12786 0.212
-1.12939 0.213
-1.13246 0.214
-1.1386 0.215
-1.14167 0.216
-1.1432 0.217
-1.14397 0.218
-1.14454 0.219
-1.14512 0.22
-1.14588 0.221
-1.14742 0.222
-1.15049 0.223
-1.15662 0.224
-1.15969 0.225
-1.16122 0.226
-1.16199 0.227
-1.16257 0.228
-1.16314 0.229
-1.16391 0.23
-1.16544 0.231
-1.16851 0.232
-1.17465 0.233
-1.17771 0.234
-1.17925 0.235
-1.18001 0.236
-1.18059 0.237
-1.18117 0.238
-1.18193 0.239
-1.18347 0.24
-1.18653 0.241
-1.19267 0.242
-1.19574 0.243
-1.19727 0.244
-1.19804 0.245
-1.19861 0.246
-1.19919 0.247
-1.19996 0.248
-1.20149 0.249
-1.20456 0.25
-1.21069 0.251
-1.21376 0.252
-1.2153 0.253
-1.21606 0.254
-1.21664 0.255
-1.21721 0.256
-1.21798 0.257
-1.21951 0.258
-1.22258 0.259
-1.22872 0.26
-1.23179 0.261
-1.23332 0.262
-1.23409 0.263
-1.23447 0.264
-1.23466 0.265
-1.23466 0.266
-1.23466 0.267
-1.23466 0.268
-1.23466 0.269
-1.23466 0.27
-1.23466 0.271
-1.23466 0.272
-1.23466 0.273
-1.23466 0.274
-1.23466 0.275
-1.23466 0.276
-1.23466 0.277
-1.23466 0.278
-1.23466 0.279
-1.23466 0.28
-1.23466 0.281
-1.23466 0.282
-1.23466 0.283
-1.23466 0.284
-1.23466 0.285
-1.23466 0.286
-1.23466 0.287
-1.23466 0.288
-1.23466 0.289
-1.23466 0.29
-1.23466 0.291
-1.23466 0.292
-1.23466 0.293
-1.23466 0.294
-1.23466 0.295
-1.23466 0.296
-1.23466 0.297
-1.23466 0.298
-1.23466 0.299
-1.23466 0.3
-1.23466 0.301
-1.23466 0.302
-1.23466 0.303
-1.23466 0.304
-1.23466 0.305
-1.23466 0.306
-1.23466 0.307
-1.23466 0.308
-1.23466 0.309
-1.23466 0.31
-1.23466 0.311
-1.23466 0.312
-1.23466 0.313
-1.23466 0.314
-1.23466 0.315
-1.23466 0.316
-1.23466 0.317
-1.23466 0.318
-1.23466 0.319
-1.23466 0.32
-1.23466 0.321
-1.23466 0.322
-1.23466 0.323
-1.23466 0.324
-1.23466 0.325
-1.23466 0.326
-1.23466 0.327
-1.23466 0.328
-1.23466 0.329
-1.23466 0.33
-1.23466 0.331
-1.23466 0.332
-1.23466 0.333
-1.23466 0.334
-1.23466 0.335
-1.23466 0.336
-1.23466 0.337
-1.23466 0.338
-1.23466 0.339
-1.23466 0.34
-1.23466 0.341
-1.23466 0.342
-1.23466 0.343
-1.23466 0.344
-1.23466 0.345
-1.23466 0.346
-1.23466 0.347
-1.23466 0.348
-1.23466 0.349
-1.23466 0.35
-1.23466 0.351
-1.23466 0.352
-1.23466 0.353
-1.23466 0.354
-1.23466 0.355
-1.23466 0.356
-1.23466 0.357
-1.23466 0.358
-1.23466 0.359
-1.23466 0.36
-1.23466 0.361
-1.23466 0.362
-1.23466 0.363
-1.23466 0.364
-1.23466 0.365
-1.23466 0.366
-1.23466 0.367
-1.23466 0.368
-1.23466 0.369
-1.23466 0.37
-1.23466 0.371
-1.23466 0.372
-1.23466 0.373
-1.23466 0.374
-1.23466 0.375
-1.23466 0.376
-1.23466 0.377
-1.23466 0.378
-1.23466 0.379
-1.23466 0.38
-1.23466 0.381
-1.23466 0.382
-1.23466 0.383
-1.23466 0.384
-1.23466 0.385
-1.23466 0.386
-1.23466 0.387
-1.23466 0.388
-1.23466 0.389
-1.23466 0.39
-1.23466 0.391
-1.23466 0.392
-1.23466 0.393
-1.23466 0.394
-1.23466 0.395
-1.23466 0.396
-1.23466 0.397
-1.23466 0.398
-1.23466 0.399
-1.23466 0.4
-1.23466 0.401
-1.23466 0.402
-1.23466 0.403
-1.23466 0.404
-1.23466 0.405
-1.23466 0.406
-1.23466 0.407
-1.23466 0.408
-1.23466 0.409
-1.23466 0.41
-1.23466 0.411
-1.23466 0.412
-1.23466 0.413
-1.23466 0.414
-1.23466 0.415
-1.23466 0.416
-1.23466 0.417
-1.23466 0.418
-1.23466 0.419
-1.23466 0.42
-1.23466 0.421
-1.23466 0.422
-1.23466 0.423
-1.23466 0.424
-1.23466 0.425
-1.23466 0.426
-1.23466 0.427
-1.23466 0.428
-1.23466 0.429
-1.23466 0.43
-1.23466 0.431
-1.23466 0.432
-1.23466 0.433
-1.23466 0.434
-1.23466 0.435
-1.23466 0.436
-1.23466 0.437
-1.23466 0.438
-1.23466 0.439
-1.23466 0.44
-1.23466 0.441
-1.23466 0.442
-1.23466 0.443
-1.23466 0.444
-1.23466 0.445
-1.23466 0.446
-1.23466 0.447
-1.23466 0.448
-1.23466 0.449
-1.23466 0.45
-1.23466 0.451
-1.23466 0.452
-1.23466 0.453
-1.23466 0.454
-1.23466 0.455
-1.23466 0.456
-1.23466 0.457
-1.23466 0.458
-1.23466 0.459
-1.23466 0.46
-1.23466 0.461
-1.23466 0.462
-1.23466 0.463
-1.23466 0.464
-1.23466 0.465
-1.23466 0.466
-1.23466 0.467
-1.23466 0.468
-1.23466 0.469
-1.23466 0.47
-1.23466 0.471
-1.23466 0.472
-1.23466 0.473
-1.23466 0.474
-1.23466 0.475
-1.23466 0.476
-1.23466 0.477
-1.23466 0.478
-1.23466 0.479
-1.23466 0.48
-1.23466 0.481
-1.23466 0.482
-1.23466 0.483
-1.23466 0.484
-1.23466 0.485
-1.23466 0.486
-1.23466 0.487
-1.23466 0.488
-1.23466 0.489
-1.23466 0.49
-1.23466 0.491
-1.23466 0.492
-1.23466 0.493
-1.23466 0.494
-1.23466 0.495
-1.23466 0.496
-1.23466 0.497
-1.23466 0.498
-1.23466 0.499
-1.23466 0.5
-1.23466 0.501
-1.23466 0.502
-1.23466 0.503
-1.23466 0.504
-1.23466 0.505
-1.23466 0.506
-1.23466 0.507
-1.23466 0.508
-1.23466 0.509
-1.23466 0.51
-1.23466 0.511
-1.23466 0.512
-1.23466 0.513
-1.23466 0.514
-1.23466 0.515
-1.23466 0.516
-1.23466 0.517
-1.23466 0.518
-1.23466 0.519
-1.23466 0.52
-1.23466 0.521
-1.23466 0.522
-1.23466 0.523
-1.23466 0.524
-1.23466 0.525
-1.23466 0.526
-1.23466 0.527
-1.23466 0.528
-1.23466 0.529
-1.23466 0.53
-1.23466 0.531
-1.23466 0.532
-1.23466 0.533
-1.23466 0.534
-1.23466 0.535
-1.23466 0.536
-1.23466 0.537
-1.23466 0.538
-1.23466 0.539
-1.23466 0.54
-1.23466 0.541
-1.23466 0.542
-1.23466 0.543
-1.23466 0.544
-1.23466 0.545
-1.23466 0.546
-1.23466 0.547
-1.23466 0.548
-1.23466 0.549
-1.23466 0.55
-1.23466 0.551
-1.23466 0.552
-1.23466 0.553
-1.23466 0.554
-1.23466 0.555
-1.23466 0.556
-1.23466 0.557
-1.23466 0.558
-1.23466 0.559
-1.23466 0.56
-1.23466 0.561
-1.23466 0.562
-1.23466 0.563
-1.23466 0.564
-1.23466 0.565
-1.23466 0.566
-1.23466 0.567
-1.23466 0.568
-1.23466 0.569
-1.23466 0.57
-1.23466 0.571
-1.23466 0.572
-1.23466 0.573
-1.23466 0.574
-1.23466 0.575
-1.23466 0.576
-1.23466 0.577
-1.23466 0.578
-1.23466 0.579
-1.23466 0.58
-1.23466 0.581
-1.23466 0.582
-1.23466 0.583
-1.23466 0.584
-1.23466 0.585
-1.23466 0.586
-1.23466 0.587
-1.23466 0.588
-1.23466 0.589
-1.23466 0.59
-1.23466 0.591
-1.23466 0.592
-1.23466 0.593
-1.23466 0.594
-1.23466 0.595
-1.23466 0.596
-1.23466 0.597
-1.23466 0.598
-1.23466 0.599
-1.23466 0.6
-1.23466 0.601
-1.23466 0.602
-1.23466 0.603
-1.23466 0.604
-1.23466 0.605
-1.23466 0.606
-1.23466 0.607
-1.23466 0.608
-1.23466 0.609
-1.23466 0.61
-1.23466 0.611
-1.23466 0.612
-1.23466 0.613
-1.23466 0.614
-1.23466 0.615
-1.23466 0.616
-1.23466 0.617
-1.23466 0.618
-1.23466 0.619
-1.23466 0.62
-1.23466 0.621
-1.23466 0.622
-1.23466 0.623
-1.23466 0.624
-1.23466 0.625
-1.23466 0.626
-1.23466 0.627
-1.23466 0.628
-1.23466 0.629
-1.23466 0.63
-1.23466 0.631
-1.23466 0.632
-1.23466 0.633
-1.23466 0.634
-1.23466 0.635
-1.23466 0.636
-1.23466 0.637
-1.23466 0.638
-1.23466 0.639
-1.23466 0.64
-1.23466 0.641
-1.23466 0.642
-1.23466 0.643
-1.23466 0.644
-1.23466 0.645
-1.23466 0.646
-1.23466 0.647
-1.23466 0.648
-1.23466 0.649
-1.23466 0.65
-1.23466 0.651
-1.23466 0.652
-1.23466 0.653
-1.23466 0.654
-1.23466 0.655
-1.23466 0.656
-1.23466 0.657
-1.23466 0.658
-1.23466 0.659
-1.23466 0.66
-1.23466 0.661
-1.23466 0.662
-1.23466 0.663
-1.23466 0.664
-1.23466 0.665
-1.23466 0.666
-1.23466 0.667
-1.23466 0.668
-1.23466 0.669
-1.23466 0.67
-1.23466 0.671
-1.23466 0.672
-1.23466 0.673
-1.23466 0.674
-1.23466 0.675
-1.23466 0.676
-1.23466 0.677
-1.23466 0.678
-1.23466 0.679
-1.23466 0.68
-1.23466 0.681
-1.23466 0.682
-1.23466 0.683
-1.23466 0.684
-1.23466 0.685
-1.23466 0.686
-1.23466 0.687
-1.23466 0.688
-1.23466 0.689
-1.23466 0.69
-1.23466 0.691
-1.23466 0.692
-1.23466 0.693
-1.23466 0.694
-1.23466 0.695
-1.23466 0.696
-1.23466 0.697
-1.23466 0.698
-1.23466 0.699
-1.23466 0.7
-1.23466 0.701
-1.23466 0.702
-1.23466 0.703
-1.23466 0.704
-1.23466 0.705
-1.23466 0.706
-1.23466 0.707
-1.23466 0.708
-1.23466 0.709
-1.23466 0.71
-1.23466 0.711
-1.23466 0.712
-1.23466 0.713
-1.23466 0.714
-1.23466 0.715
-1.23466 0.716
-1.23466 0.717
-1.23466 0.718
-1.23466 0.719
-1.23466 0.72
-1.23466 0.721
-1.23466 0.722
-1.23466 0.723
-1.23466 0.724
-1.23466 0.725
-1.23466 0.726
-1.23466 0.727
-1.23466 0.728
-1.23466 0.729
-1.23466 0.73
-1.23466 0.731
-1.23466 0.732
-1.23466 0.733
-1.23466 0.734
-1.23466 0.735
-1.23466 0.736
-1.23466 0.737
-1.23466 0.738
-1.23466 0.739
-1.23466 0.74
-1.23466 0.741
-1.23466 0.742
-1.23466 0.743
-1.23466 0.744
-1.23466 0.745
-1.23466 0.746
-1.23466 0.747
-1.23466 0.748
-1.23466 0.749
-1.23466 0.75
-1.23466 0.751
-1.23466 0.752
-1.23466 0.753
-1.23466 0.754
-1.23466 0.755
-1.23466 0.756
-1.23466 0.757
-1.23466 0.758
-1.23466 0.759
-1.23466 0.76
-1.23466 0.761
-1.23466 0.762
-1.23466 0.763
-1.23466 0.764
-1.23466 0.765
-1.23466 0.766
-1.23466 0.767
-1.23466 0.768
-1.23466 0.769
-1.23466 0.77
-1.23466 0.771
-1.23466 0.772
-1.23466 0.773
-1.23466 0.774
-1.23466 0.775
-1.23466 0.776
-1.23466 0.777
-1.23466 0.778
-1.23466 0.779
-1.23466 0.78
-1.23466 0.781
-1.23466 0.782
-1.23466 0.783
-1.23466 0.784
-1.23466 0.785
-1.23466 0.786
-1.23466 0.787
-1.23466 0.788
-1.23466 0.789
-1.23466 0.79
-1.23466 0.791
-1.23466 0.792
-1.23466 0.793
-1.23466 0.794
-1.23466 0.795
-1.23466 0.796
-1.23466 0.797
-1.23466 0.798
-1.23466 0.799
-1.23466 0.8
-1.23466 0.801
-1.23466 0.802
-1.23466 0.803
-1.23466 0.804
-1.23466 0.805
-1.23466 0.806
-1.23466 0.807
-1.23466 0.808
-1.23466 0.809
-1.23466 0.81
-1.23466 0.811
-1.23466 0.812
-1.23466 0.813
-1.23466 0.814
-1.23466 0.815
-1.23466 0.816
-1.23466 0.817
-1.23466 0.818
-1.23466 0.819
-1.23466 0.82
-1.23466 0.821
-1.23466 0.822
-1.23466 0.823
-1.23466 0.824
-1.23466 0.825
-1.23466 0.826
-1.23466 0.827
-1.23466 0.828
-1.23466 0.829
-1.23466 0.83
-1.23466 0.831
-1.23466 0.832
-1.23466 0.833
-1.23466 0.834
-1.23466 0.835
-1.23466 0.836
-1.23466 0.837
-1.23466 0.838
-1.23466 0.839
-1.23466 0.84
-1.23466 0.841
-1.23466 0.842
-1.23466 0.843
-1.23466 0.844
-1.23466 0.845
-1.23466 0.846
-1.23466 0.847
-1.23466 0.848
-1.23466 0.849
-1.23466 0.85
-1.23466 0.851
-1.23466 0.852
-1.23466 0.853
-1.23466 0.854
-1.23466 0.855
-1.23466 0.856
-1.23466 0.857
-1.23466 0.858
-1.23466 0.859
-1.23466 0.86
-1.23466 0.861
-1.23466 0.862
-1.23466 0.863
-1.23466 0.864
-1.23466 0.865
-1.23466 0.866
-1.23466 0.867
-1.23466 0.868
-1.23466 0.869
-1.23466 0.87
-1.23466 0.871
-1.23466 0.872
-1.23466 0.873
-1.23466 0.874
-1.23466 0.875
-1.23466 0.876
-1.23466 0.877
-1.23466 0.878
-1.23466 0.879
-1.23466 0.88
-1.23466 0.881
-1.23466 0.882
-1.23466 0.883
-1.23466 0.884
-1.23466 0.885
-1.23466 0.886
-1.23466 0.887
-1.23466 0.888
-1.23466 0.889
-1.23466 0.89
-1.23466 0.891
-1.23466 0.892
-1.23466 0.893
-1.23466 0.894
-1.23466 0.895
-1.23466 0.896
-1.23466 0.897
-1.23466 0.898
-1.23466 0.899
-1.23466 0.9
-1.23466 0.901
-1.23466 0.902
-1.23466 0.903
-1.23466 0.904
-1.23466 0.905
-1.23466 0.906
-1.23466 0.907
-1.23466 0.908
-1.23466 0.909
-1.23466 0.91
-1.23466 0.911
-1.23466 0.912
-1.23466 0.913
-1.23466 0.914
-1.23466 0.915
-1.23466 0.916
-1.23466 0.917
-1.23466 0.918
-1.23466 0.919
-1.23466 0.92
-1.23466 0.921
-1.23466 0.922
-1.23466 0.923
-1.23466 0.924
-1.23466 0.925
-1.23466 0.926
-1.23466 0.927
-1.23466 0.928
-1.23466 0.929
-1.23466 0.93
-1.23466 0.931
-1.23466 0.932
-1.23466 0.933
-1.23466 0.934
-1.23466 0.935
-1.23466 0.936
-1.23466 0.937
-1.23466 0.938
-1.23466 0.939
-1.23466 0.94
-1.23466 0.941
-1.23466 0.942
-1.23466 0.943
-1.23466 0.944
-1.23466 0.945
-1.23466 0.946
-1.23466 0.947
-1.23466 0.948
-1.23466 0.949
-1.23466 0.95
-1.23466 0.951
-1.23466 0.952
-1.23466 0.953
-1.23466 0.954
-1.23466 0.955
-1.23466 0.956
-1.23466 0.957
-1.23466 0.958
-1.23466 0.959
-1.23466 0.96
-1.23466 0.961
-1.23466 0.962
-1.23466 0.963
-1.23466 0.964
-1.23466 0.965
-1.23466 0.966
-1.23466 0.967
-1.23466 0.968
-1.23466 0.969
-1.23466 0.97
-1.23466 0.971
-1.23466 0.972
-1.23466 0.973
-1.23466 0.974
-1.23466 0.975
-1.23466 0.976
-1.23466 0.977
-1.23466 0.978
-1.23466 0.979
-1.23466 0.98
-1.23466 0.981
-1.23466 0.982
-1.23466 0.983
-1.23466 0.984
-1.23466 0.985
-1.23466 0.986
-1.23466 0.987
-1.23467 0.988
-1.23467 0.989
-1.23467 0.99
-1.23467 0.991
-1.23466 0.992
-1.23463 0.993
-1.23471 0.994
-1.23477 0.995
-1.23489 0.996
-1.23514 0.997
-1.2362 0.998
-1.23863 0.999
-1.23763 1


Shark
3.14159 1.5
3.13759 1.4995
3.13359 1.499
3.12959 1.4985
3.12559 1.498
3.12159 1.4975
3.11759 1.497
3.11359 1.4965
3.10959 1.496
3.10559 1.4955
3.10159 1.495
3.09759 1.4945
3.09359 1.494
3.08959 1.4935
3.08559 1.493
3.08159 1.4925
3.07759 1.492
3.07359 1.4915
3.06959 1.491
3.06559 1.4905
3.06159 1.49
3.05759 1.4895
3.05359 1.489
3.04959 1.4885
3.04559 1.488
3.04159 1.4875
3.03759 1.487
3.03359 1.4865
3.02959 1.486
3.02559 1.4855
3.02159 1.485
3.01759 1.4845
3.01359 1.484
3.00959 1.4835
3.00559 1.483
3.00159 1.4825
2.99759 1.482
2.99359 1.4815
2.98959 1.481
2.98559 1.4805
2.98159 1.48
2.97759 1.4795
2.97359 1.479
2.96959 1.4785
2.96559 1.478
2.96159 1.4775
2.95759 1.477
2.95359 1.4765
2.94959 1.476
2.94559 1.4755
2.94159 1.475
2.93759 1.4745
2.93359 1.474
2.92959 1.4735
2.92559 1.473
2.92159 1.4725
2.91759 1.472
2.91359 1.4715
2.90959 1.471
2.90559 1.4705
2.90159 1.47
2.89759 1.4695
2.89359 1.469
2.88959 1.4685
2.88559 1.468
2.88159 1.4675
2.87759 1.467
2.87359 1.4665
2.86959 1.466
2.86559 1.4655
2.86159 1.465
2.85759 1.4645
2.85359 1.464
2.84959 1.4635
2.84559 1.463
2.84159 1.4625
2.83759 1.462
2.83359 1.4615
2.82959 1.461
2.82559 1.4605
2.82159 1.46
2.81759 1.4595
2.81359 1.459
2.80959 1.4585
2.80559 1.458
2.80159 1.4575
2.79759 1.457
2.79359 1.4565
2.78959 1.456
2.78559 1.4555
2.78103 1.455
2.77505 1.4545
2.76522 1.454
2.74662 1.4535
2.7097 1.453
2.6355 1.4525
2.5978 1.452
2.57843 1.4515
2.56806 1.451
2.56178 1.4505
2.5571 1.45
2.5531 1.4495
2.5491 1.449
2.5451 1.4485
2.5411 1.448
2.5371 1.4475
2.53308 1.447
2.52903 1.4465
2.52482 1.446
2.52001 1.4455
2.51331 1.445
2.50175 1.4445
2.49497 1.444
2.49011 1.4435
2.48588 1.443
2.4818 1.4425
2.47776 1.442
2.47375 1.4415
2.46968 1.441
2.46543 1.4405
2.46047 1.44
2.4562 1.4395
2.45213 1.439
2.44812 1.4385
2.44411 1.438
2.44011 1.4375
2.43611 1.437
2.43211 1.4365
2.42811 1.436
2.42411 1.4355
2.42011 1.435
2.41611 1.4345
2.41211 1.434
2.40803 1.4335
2.40371 1.433
2.39852 1.4325
2.39076 1.432
2.37677 1.4315
2.34948 1.431
2.33531 1.4305
2.32738 1.43
2.3221 1.4295
2.31774 1.429
2.31359 1.4285
2.30957 1.428
2.30547 1.4275
2.30109 1.427
2.29571 1.4265
2.28744 1.426
2.28203 1.4255
2.27763 1.425
2.27352 1.4245
2.2695 1.424
2.26549 1.4235
2.26146 1.423
2.25735 1.4225
2.25292 1.422
2.24737 1.4215
2.23867 1.421
2.2226 1.4205
2.21381 1.42
2.2082 1.4195
2.20373 1.419
2.19961 1.4185
2.19552 1.418
2.19144 1.4175
2.18716 1.417
2.18212 1.4165
2.17477 1.416
2.16174 1.4155
2.15433 1.415
2.14924 1.4145
2.14494 1.414
2.1408 1.4135
2.1367 1.413
2.13256 1.4125
2.12801 1.412
2.12202 1.4115
2.11218 1.411
2.10583 1.4105
2.10065 1.41
2.09545 1.4095
2.08881 1.409
2.08377 1.4085
2.07918 1.408
2.07428 1.4075
2.068 1.407
2.05788 1.4065
2.05178 1.406
2.04716 1.4055
2.04299 1.405
2.03891 1.4045
2.03485 1.404
2.03075 1.4035
2.02637 1.403
2.021 1.4025
2.01277 1.402
2.00727 1.4015
2.00275 1.401
1.99847 1.4005
1.99413 1.4
1.98922 1.3995
1.98261 1.399
1.97755 1.3985
1.97283 1.398
1.96775 1.3975
1.96106 1.397
1.95624 1.3965
1.95204 1.396
1.94799 1.3955
1.94396 1.395
1.93994 1.3945
1.93588 1.394
1.93168 1.3935
1.92689 1.393
1.92028 1.3925
1.91549 1.392
1.91127 1.3915
1.90722 1.391
1.90319 1.3905
1.89915 1.39
1.8951 1.3895
1.89087 1.389
1.88603 1.3885
1.87924 1.388
1.87438 1.3875
1.87015 1.387
1.86609 1.3865
1.86206 1.386
1.85802 1.3855
1.85396 1.385
1.84972 1.3845
1.84481 1.384
1.83784 1.3835
1.83292 1.383
1.82867 1.3825
1.82461 1.382
1.82057 1.3815
1.81653 1.381
1.81247 1.3805
1.80821 1.38
1.80323 1.3795
1.79608 1.379
1.7911 1.3785
1.78683 1.378
1.78276 1.3775
1.77872 1.377
1.77468 1.3765
1.77061 1.376
1.76633 1.3755
1.76129 1.375
1.75395 1.3745
1.7489 1.374
1.74461 1.3735
1.74054 1.373
1.73649 1.3725
1.73245 1.372
1.72838 1.3715
1.72407 1.371
1.71897 1.3705
1.71145 1.37
1.70633 1.3695
1.70202 1.369
1.69794 1.3685
1.69392 1.368
1.68991 1.3675
1.68591 1.367
1.68191 1.3665
1.67791 1.366
1.67391 1.3655
1.66991 1.365
1.66591 1.3645
1.66191 1.364
1.65791 1.3635
1.65391 1.363
1.64991 1.3625
1.64591 1.362
1.64191 1.3615
1.63791 1.361
1.63391 1.3605
1.62991 1.36
1.62591 1.3595
1.62191 1.359
1.61791 1.3585
1.61391 1.358
1.60991 1.3575
1.60591 1.357
1.60191 1.3565
1.59791 1.356
1.59391 1.3555
1.58991 1.355
1.58591 1.3545
1.58191 1.354
1.57791 1.3535
1.57391 1.353
1.56991 1.3525
1.56591 1.352
1.56191 1.3515
1.55791 1.351
1.55391 1.3505
1.54991 1.35
1.54591 1.3495
1.54191 1.349
1.53791 1.3485
1.53391 1.348
1.52991 1.3475
1.52591 1.347
1.52191 1.3465
1.51791 1.346
1.51391 1.3455
1.50991 1.345
1.50591 1.3445
1.50191 1.344
1.49791 1.3435
1.49391 1.343
1.48991 1.3425
1.48591 1.342
1.48191 1.3415
1.47791 1.341
1.47391 1.3405
1.46991 1.34
1.46591 1.3395
1.46191 1.339
1.45791 1.3385
1.45391 1.338
1.44991 1.3375
1.44591 1.337
1.44191 1.3365
1.43791 1.336
1.43391 1.3355
1.42991 1.335
1.42591 1.3345
1.42191 1.334
1.41791 1.3335
1.41391 1.333
1.40991 1.3325
1.40591 1.332
1.40191 1.3315
1.39791 1.331
1.39391 1.3305
1.38991 1.33
1.38591 1.3295
1.38191 1.329
1.37791 1.3285
1.37391 1.328
1.36991 1.3275
1.36591 1.327
1.36191 1.3265
1.35791 1.326
1.35391 1.3255
1.34991 1.325
1.34591 1.3245
1.34191 1.324
1.33791 1.3235
1.33391 1.323
1.32991 1.3225
1.32591 1.322
1.32191 1.3215
1.31791 1.321
1.31391 1.3205
1.30991 1.32
1.30591 1.3195
1.30191 1.319
1.29791 1.3185
1.29391 1.318
1.28991 1.3175
1.28591 1.317
1.28191 1.3165
1.27791 1.316
1.27391 1.3155
1.26991 1.315
1.26591 1.3145
1.26191 1.314
1.25791 1.3135
1.25391 1.313
1.24991 1.3125
1.24591 1.312
1.24191 1.3115
1.23791 1.311
1.23391 1.3105
1.22991 1.31
1.22591 1.3095
1.22191 1.309
1.21791 1.3085
1.21391 1.308
1.20991 1.3075
1.20591 1.307
1.20191 1.3065
1.19791 1.306
1.19391 1.3055
1.18991 1.305
1.18591 1.3045
1.18191 1.304
1.17791 1.3035
1.17391 1.303
1.16991 1.3025
1.16591 1.302
1.16191 1.3015
1.15791 1.301
1.15391 1.3005
1.14991 1.3
1.14591 1.2995
1.14191 1.299
1.13791 1.2985
1.13391 1.298
1.12991 1.2975
1.12591 1.297
1.12191 1.2965
1.11791 1.296
1.11391 1.2955
1.10991 1.295
1.10591 1.2945
1.10191 1.294
1.09791 1.2935
1.09391 1.293
1.08991 1.2925
1.08591 1.292
1.08191 1.2915
1.07791 1.291
1.07391 1.2905
1.06991 1.29
1.06591 1.2895
1.06191 1.289
1.05791 1.2885
1.05391 1.288
1.04991 1.2875
1.04591 1.287
1.04191 1.2865
1.03791 1.286
1.03391 1.2855
1.02991 1.285
1.02591 1.2845
1.02191 1.284
1.01791 1.2835
1.01391 1.283
1.00991 1.2825
1.00591 1.282
1.00191 1.2815
0.997912 1.281
0.993912 1.2805
0.989912 1.28
0.985912 1.2795
0.981912 1.279
0.977912 1.2785
0.973912 1.278
0.969912 1.2775
0.965912 1.277
0.961912 1.2765
0.957912 1.276
0.953912 1.2755
0.949912 1.275
0.945912 1.2745
0.941912 1.274
0.937912 1.2735
0.933912 1.273
0.929912 1.2725
0.925912 1.272
0.921912 1.2715
0.917912 1.271
0.913912 1.2705
0.909912 1.27
0.905912 1.2695
0.901912 1.269
0.897912 1.2685
0.893912 1.268
0.889912 1.2675
0.885912 1.267
0.881912 1.2665
0.877912 1.266
0.873912 1.2655
0.869912 1.265
0.865912 1.2645
0.861912 1.264
0.857912 1.2635
0.853912 1.263
0.849912 1.2625
0.845912 1.262
0.841912 1.2615
0.837912 1.261
0.833912 1.2605
0.829912 1.26
0.825912 1.2595
0.821912 1.259
0.817912 1.2585
0.813912 1.258
0.809912 1.2575
0.805912 1.257
0.801912 1.2565
0.797912 1.256
0.793912 1.2555
0.789912 1.255
0.785912 1.2545
0.781912 1.254
0.777912 1.2535
0.773912 1.253
0.769912 1.2525
0.765912 1.252
0.761912 1.2515
0.757912 1.251
0.753912 1.2505
0.749912 1.25
0.745912 1.2495
0.741912 1.249
0.737912 1.2485
0.733912 1.248
0.729912 1.2475
0.725912 1.247
0.721912 1.2465
0.717912 1.246
0.713912 1.2455
0.709912 1.245
0.705912 1.2445
0.701912 1.244
0.697912 1.2435
0.693912 1.243
0.689912 1.2425
0.685912 1.242
0.681912 1.2415
0.677912 1.241
0.673912 1.2405
0.669912 1.24
0.665912 1.2395
0.661912 1.239
0.657912 1.2385
0.653912 1.238
0.649912 1.2375
0.645912 1.237
0.641912 1.2365
0.637912 1.236
0.633912 1.2355
0.629912 1.235
0.625912 1.2345
0.621912 1.234
0.617912 1.2335
0.613912 1.233
0.609912 1.2325
0.605912 1.232
0.601912 1.2315
0.597912 1.231
0.593912 1.2305
0.589912 1.23
0.585912 1.2295
0.581912 1.229
0.577912 1.2285
0.573912 1.228
0.569912 1.2275
0.565912 1.227
0.561912 1.2265
0.557912 1.226
0.553912 1.2255
0.549912 1.225
0.545912 1.2245
0.541912 1.224
0.537912 1.2235
0.533912 1.223
0.529912 1.2225
0.525912 1.222
0.521912 1.2215
0.517912 1.221
0.513912 1.2205
0.509912 1.22
0.505912 1.2195
0.501912 1.219
0.497912 1.2185
0.493912 1.218
0.489912 1.2175
0.485912 1.217
0.481912 1.2165
0.477912 1.216
0.473912 1.2155
0.469912 1.215
0.465912 1.2145
0.461912 1.214
0.457912 1.2135
0.453912 1.213
0.449912 1.2125
0.445912 1.212
0.441912 1.2115
0.437912 1.211
0.433912 1.2105
0.429912 1.21
0.425912 1.2095
0.421912 1.209
0.417912 1.2085
0.413912 1.208
0.409912 1.2075
0.405912 1.207
0.401912 1.2065
0.397912 1.206
0.393912 1.2055
0.389912 1.205
0.385912 1.2045
0.381912 1.204
0.377912 1.2035
0.373912 1.203
0.369912 1.2025
0.365912 1.202
0.361912 1.2015
0.357912 1.201
0.353912 1.2005
0.349912 1.2
0.345912 1.1995
0.341912 1.199
0.337912 1.1985
0.333912 1.198
0.329912 1.1975
0.325912 1.197
0.321912 1.1965
0.317912 1.196
0.313912 1.1955
0.309912 1.195
0.305912 1.1945
0.301912 1.194
0.297912 1.1935
0.293912 1.193
0.289912 1.1925
0.285912 1.192
0.281912 1.1915
0.277912 1.191
0.273912 1.1905
0.269912 1.19
0.265912 1.1895
0.261912 1.189
0.257912 1.1885
0.253912 1.188
0.249912 1.1875
0.245912 1.187
0.241912 1.1865
0.237912 1.186
0.233912 1.1855
0.229912 1.185
0.225912 1.1845
0.221912 1.184
0.217912 1.1835
0.213912 1.183
0.209912 1.1825
0.205912 1.182
0.201912 1.1815
0.197912 1.181
0.193912 1.1805
0.189912 1.18
0.185912 1.1795
0.181912 1.179
0.177912 1.1785
0.173912 1.178
0.169912 1.1775
0.165912 1.177
0.161912 1.1765
0.157912 1.176
0.153912 1.1755
0.149912 1.175
0.145912 1.1745
0.141912 1.174
0.137912 1.1735
0.133912 1.173
0.129912 1.1725
0.125912 1.172
0.121912 1.1715
0.117912 1.171
0.113912 1.1705
0.109912 1.17
0.105912 1.1695
0.101912 1.169
0.0979122 1.1685
0.0939122 1.168
0.0899122 1.1675
0.0859122 1.167
0.0819122 1.1665
0.0779122 1.166
0.0739122 1.1655
0.0699122 1.165
0.0659122 1.1645
0.0619122 1.164
0.0579122 1.1635
0.0539122 1.163
0.0499122 1.1625
0.0459122 1.162
0.0419122 1.1615
0.0379122 1.161
0.0339122 1.1605
0.0299122 1.16
0.0259122 1.1595
0.0219122 1.159
0.0179122 1.1585
0.0139122 1.158
0.00991224 1.1575
0.00591224 1.157
0.00191224 1.1565
-0.00208776 1.156
-0.00608776 1.1555
-0.0100878 1.155
-0.0140878 1.1545
-0.0180878 1.154
-0.0220878 1.1535
-0.0260878 1.153
-0.0300878 1.1525
-0.0340878 1.152
-0.0380878 1.1515
-0.0420878 1.151
-0.0460878 1.1505
-0.0500878 1.15
-0.0540878 1.1495
-0.0580878 1.149
-0.0620878 1.1485
-0.0660878 1.148
-0.0700878 1.1475
-0.0740878 1.147
-0.0780878 1.1465
-0.0820878 1.146
-0.0860878 1.1455
-0.0900878 1.145
-0.0940878 1.1445
-0.0980878 1.144
-0.102088 1.1435
-0.106088 1.143
-0.110088 1.1425
-0.114088 1.142
-0.118088 1.1415
-0.122088 1.141
-0.126088 1.1405
-0.130088 1.14
-0.134088 1.1395
-0.138088 1.139
-0.142088 1.1385
-0.146088 1.138
-0.150088 1.1375
-0.154088 1.137
-0.158088 1.1365
-0.162088 1.136
-0.166088 1.1355
-0.170088 1.135
-0.174088 1.1345
-0.178088 1.134
-0.182088 1.1335
-0.186088 1.133
-0.190088 1.1325
-0.194088 1.132
-0.198088 1.1315
-0.202088 1.131
-0.206088 1.1305
-0.210088 1.13
-0.214088 1.1295
-0.218088 1.129
-0.222088 1.1285
-0.226088 1.128
-0.230088 1.1275
-0.234088 1.127
-0.238088 1.1265
-0.242088 1.126
-0.246088 1.1255
-0.250088 1.125
-0.254088 1.1245
-0.258088 1.124
-0.262088 1.1235
-0.266088 1.123
-0.270088 1.1225
-0.274088 1.122
-0.278088 1.1215
-0.282088 1.121
-0.286088 1.1205
-0.290088 1.12
-0.294088 1.1195
-0.298088 1.119
-0.302088 1.1185
-0.306088 1.118
-0.310088 1.1175
-0.314088 1.117
-0.318088 1.1165
-0.322088 1.116
-0.326088 1.1155
-0.330088 1.115
-0.334088 1.1145
-0.338088 1.114
-0.342088 1.1135
-0.346088 1.113
-0.350088 1.1125
-0.354088 1.112
-0.358088 1.1115
-0.362088 1.111
-0.366088 1.1105
-0.370088 1.11
-0.374088 1.1095
-0.378088 1.109
-0.382088 1.1085
-0.386088 1.108
-0.390088 1.1075
-0.394088 1.107
-0.398088 1.1065
-0.402088 1.106
-0.406088 1.1055
-0.410088 1.105
-0.414088 1.1045
-0.418088 1.104
-0.422088 1.1035
-0.426088 1.103
-0.430088 1.1025
-0.434088 1.102
-0.438088 1.1015
-0.442088 1.101
-0.446088 1.1005
-0.450088 1.1
-0.454088 1.0995
-0.458088 1.099
-0.462088 1.0985
-0.466088 1.098
-0.470088 1.0975
-0.474088 1.097
-0.478088 1.0965
-0.482088 1.096
-0.486088 1.0955
-0.490088 1.095
-0.494088 1.0945
-0.498088 1.094
-0.502088 1.0935
-0.506088 1.093
-0.510088 1.0925
-0.514088 1.092
-0.518088 1.0915
-0.522088 1.091
-0.526088 1.0905
-0.530088 1.09
-0.534088 1.0895
-0.538088 1.089
-0.542088 1.0885
-0.546088 1.088
-0.550088 1.0875
-0.554088 1.087
-0.558088 1.0865
-0.562088 1.086
-0.566088 1.0855
-0.570088 1.085
-0.574088 1.0845
-0.578088 1.084
-0.582088 1.0835
-0.586088 1.083
-0.590088 1.0825
-0.594088 1.082
-0.598088 1.0815
-0.602088 1.081
-0.606088 1.0805
-0.610088 1.08
-0.614088 1.0795
-0.618088 1.079
-0.622088 1.0785
-0.626088 1.078
-0.630088 1.0775
-0.634088 1.077
-0.638088 1.0765
-0.642088 1.076
-0.646088 1.0755
-0.650088 1.075
-0.654088 1.0745
-0.658088 1.074
-0.662088 1.0735
-0.666088 1.073
-0.670088 1.0725
-0.674088 1.072
-0.678088 1.0715
-0.682088 1.071
-0.686088 1.0705
-0.690088 1.07
-0.694088 1.0695
-0.698088 1.069
-0.702088 1.0685
-0.706088 1.068
-0.710088 1.0675
-0.714088 1.067
-0.718088 1.0665
-0.722088 1.066
-0.726088 1.0655
-0.730088 1.065
-0.734088 1.0645
-0.738088 1.064
-0.742088 1.0635
-0.746088 1.063
-0.750088 1.0625
-0.754088 1.062
-0.758088 1.0615
-0.762088 1.061
-0.766088 1.0605
-0.770088 1.06
-0.774088 1.0595
-0.778088 1.059
-0.782088 1.0585
-0.786088 1.058
-0.790088 1.0575
-0.794088 1.057
-0.798088 1.0565
-0.802088 1.056
-0.806088 1.0555
-0.810088 1.055
-0.814088 1.0545
-0.818088 1.054
-0.822088 1.0535
-0.826088 1.053
-0.830088 1.0525
-0.834088 1.052
-0.838088 1.0515
-0.842088 1.051
-0.846088 1.0505
-0.850088 1.05
-0.854088 1.0495
-0.858088 1.049
-0.862088 1.0485
-0.866088 1.048
-0.870088 1.0475
-0.874088 1.047
-0.878088 1.0465
-0.882088 1.046
-0.886088 1.0455
-0.890088 1.045
-0.894088 1.0445
-0.898088 1.044
-0.902088 1.0435
-0.906088 1.043
-0.910088 1.0425
-0.914088 1.042
-0.918088 1.0415
-0.922088 1.041
-0.926088 1.0405
-0.930088 1.04
-0.934088 1.0395
-0.938088 1.039
-0.942088 1.0385
-0.946088 1.038
-0.950088 1.0375
-0.954088 1.037
-0.958088 1.0365
-0.962088 1.036
-0.966088 1.0355
-0.970088 1.035
-0.974088 1.0345
-0.978088 1.034
-0.982088 1.0335
-0.986088 1.033
-0.990088 1.0325
-0.994088 1.032
-0.998088 1.0315
-1.00209 1.031
-1.00609 1.0305
-1.01009 1.03
-1.01409 1.0295
-1.01809 1.029
-1.02209 1.0285
-1.02609 1.028
-1.03009 1.0275
-1.03409 1.027
-1.03809 1.0265
-1.04209 1.026
-1.04609 1.0255
-1.05009 1.025
-1.05409 1.0245
-1.05809 1.024
-1.06209 1.0235
-1.06609 1.023
-1.07009 1.0225
-1.07409 1.022
-1.07809 1.0215
-1.08209 1.021
-1.08609 1.0205
-1.09009 1.02
-1.09409 1.0195
-1.09809 1.019
-1.10209 1.0185
-1.10609 1.018
-1.11009 1.0175
-1.11409 1.017
-1.11809 1.0165
-1.12209 1.016
-1.12609 1.0155
-1.13009 1.015
-1.13409 1.0145
-1.13809 1.014
-1.14209 1.0135
-1.14609 1.013
-1.15009 1.0125
-1.15409 1.012
-1.15809 1.0115
-1.16209 1.011
-1.16609 1.0105
-1.17009 1.01
-1.17409 1.0095
-1.17809 1.009
-1.18209 1.0085
-1.18609 1.008
-1.19009 1.0075
-1.19409 1.007
-1.19809 1.0065
-1.20209 1.006
-1.20609 1.0055
-1.21009 1.005
-1.21409 1.0045
-1.21809 1.004
-1.22209 1.0035
-1.2261 1.003
-1.23011 1.0025
-1.23414 1.002
-1.23514 1.0015
-1.2362 1.001
-1.23863 1.0005
-1.23763 1
