Man
0 0
0 0.0005
0 0.001
0 0.0015
0 0.002
0 0.0025
0 0.003
0 0.0035
0 0.004
0 0.0045
0 0.005
0 0.0055
0 0.006
0 0.0065
0 0.007
0 0.0075
0 0.008
0 0.0085
0 0.009
0 0.0095
0 0.01
0 0.0105
0 0.011
0 0.0115
0 0.012
0 0.0125
0 0.013
0 0.0135
0 0.014
0 0.0145
0 0.015
0 0.0155
0 0.016
0 0.0165
0 0.017
0 0.0175
0 0.018
0 0.0185
0 0.019
0 0.0195
0 0.02
0 0.0205
0 0.021
0 0.0215
0 0.022
0 0.0225
0 0.023
0 0.0235
0 0.024
0 0.0245
0 0.025
0 0.0255
0 0.026
0 0.0265
0 0.027
0 0.0275
0 0.028
0 0.0285
0 0.029
0 0.0295
0 0.03
0 0.0305
0 0.031
0 0.0315
0 0.032
0 0.0325
0 0.033
0 0.0335
0 0.034
0 0.0345
0 0.035
0 0.0355
0 0.036
0 0.0365
0 0.037
0 0.0375
0 0.038
0 0.0385
0 0.039
0 0.0395
0 0.04
0 0.0405
0 0.041
0 0.0415
0 0.042
0 0.0425
0 0.043
0 0.0435
0 0.044
0 0.0445
0 0.045
0 0.0455
0 0.046
0 0.0465
0 0.047
0 0.0475
0 0.048
0 0.0485
0 0.049
0 0.0495
0 0.05
0 0.0505
0 0.051
0 0.0515
0 0.052
0 0.0525
0 0.053
0 0.0535
0 0.054
0 0.0545
0 0.055
0 0.0555
0 0.056
0 0.0565
0 0.057
0 0.0575
0 0.058
0 0.0585
0 0.059
0 0.0595
0 0.06
0 0.0605
0 0.061
0 0.0615
0 0.062
0 0.0625
0 0.063
0 0.0635
0 0.064
0 0.0645
0 0.065
0 0.0655
0 0.066
0 0.0665
0 0.067
0 0.0675
0 0.068
0 0.0685
0 0.069
0 0.0695
0 0.07
0 0.0705
0 0.071
0 0.0715
0 0.072
0 0.0725
0 0.073
0 0.0735
0 0.074
0 0.0745
0 0.075
0 0.0755
0 0.076
0 0.0765
0 0.077
0 0.0775
0 0.078
0 0.0785
0 0.079
0 0.0795
0 0.08
0 0.0805
0 0.081
0 0.0815
0 0.082
0 0.0825
0 0.083
0 0.0835
0 0.084
0 0.0845
0 0.085
0 0.0855
0 0.086
0 0.0865
0 0.087
0 0.0875
0 0.088
0 0.0885
-0.0245437 0.089
-0.0736311 0.0895
-0.171806 0.09
-0.368155 0.0905
-0.46633 0.091
-0.515418 0.0915
-0.539961 0.092
-0.539961 0.0925
-0.539961 0.093
-0.539961 0.0935
-0.539961 0.094
-0.539961 0.0945
-0.539961 0.095
-0.539961 0.0955
-0.539961 0.096
-0.539961 0.0965
-0.539961 0.097
-0.539961 0.0975
-0.539961 0.098
-0.539961 0.0985
-0.539961 0.099
-0.539961 0.0995
-0.543029 0.1
-0.549165 0.1005
-0.561437 0.101
-0.585981 0.1015
-0.598253 0.102
-0.604388 0.1025
-0.607456 0.103
-0.607456 0.1035
-0.607456 0.104
-0.607456 0.1045
-0.607456 0.105
-0.607456 0.1055
-0.607456 0.106
-0.607456 0.1065
-0.607456 0.107
-0.607456 0.1075
-0.607456 0.108
-0.607456 0.1085
-0.607456 0.109
-0.607456 0.1095
-0.607456 0.11
-0.607456 0.1105
-0.607456 0.111
-0.607456 0.1115
-0.607456 0.112
-0.607456 0.1125
-0.607456 0.113
-0.607456 0.1135
-0.607456 0.114
-0.607456 0.1145
-0.607456 0.115
-0.607456 0.1155
-0.607456 0.116
-0.607456 0.1165
-0.607456 0.117
-0.607456 0.1175
-0.607456 0.118
-0.607456 0.1185
-0.607456 0.119
-0.607456 0.1195
-0.607456 0.12
-0.607456 0.1205
-0.607456 0.121
-0.607456 0.1215
-0.607456 0.122
-0.607456 0.1225
-0.607456 0.123
-0.607456 0.1235
-0.607456 0.124
-0.607456 0.1245
-0.607456 0.125
-0.613592 0.1255
-0.625864 0.126
-0.650408 0.1265
-0.699495 0.127
-0.724039 0.1275
-0.736311 0.128
-0.742447 0.1285
-0.742447 0.129
-0.742447 0.1295
-0.742447 0.13
-0.745515 0.1305
-0.751651 0.131
-0.763922 0.1315
-0.788466 0.132
-0.800738 0.1325
-0.806874 0.133
-0.809942 0.1335
-0.809942 0.134
-0.809942 0.1345
-0.809942 0.135
-0.809942 0.1355
-0.809942 0.136
-0.809942 0.1365
-0.809942 0.137
-0.809942 0.1375
-0.809942 0.138
-0.809942 0.1385
-0.809942 0.139
-0.809942 0.1395
-0.809942 0.14
-0.809942 0.1405
-0.809942 0.141
-0.809942 0.1415
-0.809942 0.142
-0.809942 0.1425
-0.809942 0.143
-0.811476 0.1435
-0.814544 0.144
-0.82068 0.1445
-0.832952 0.145
-0.839087 0.1455
-0.842155 0.146
-0.843689 0.1465
-0.843689 0.147
-0.843689 0.1475
-0.843689 0.148
-0.843689 0.1485
-0.843689 0.149
-0.843689 0.1495
-0.843689 0.15
-0.845223 0.1505
-0.848291 0.151
-0.854427 0.1515
-0.866699 0.152
-0.872835 0.1525
-0.875903 0.153
-0.877437 0.1535
-0.878971 0.154
-0.882039 0.1545
-0.888175 0.155
-0.900447 0.1555
-0.906583 0.156
-0.909651 0.1565
-0.911185 0.157
-0.911185 0.1575
-0.911185 0.158
-0.911185 0.1585
-0.911185 0.159
-0.912719 0.1595
-0.915787 0.16
-0.921922 0.1605
-0.934194 0.161
-0.94033 0.1615
-0.943398 0.162
-0.944932 0.1625
-0.944932 0.163
-0.944932 0.1635
-0.946466 0.164
-0.949534 0.1645
-0.95567 0.165
-0.967942 0.1655
-0.974078 0.166
-0.977146 0.1665
-0.97868 0.167
-0.980214 0.1675
-0.983282 0.168
-0.989418 0.1685
-1.00169 0.169
-1.00783 0.1695
-1.01089 0.17
-1.01243 0.1705
-1.01243 0.171
-1.01243 0.1715
-1.01396 0.172
-1.01703 0.1725
-1.02317 0.173
-1.03544 0.1735
-1.04157 0.174
-1.04464 0.1745
-1.04617 0.175
-1.04771 0.1755
-1.05078 0.176
-1.05691 0.1765
-1.06918 0.177
-1.07532 0.1775
-1.07839 0.178
-1.07992 0.1785
-1.08136 0.179
-1.08424 0.1795
-1.08999 0.18
-1.10149 0.1805
-1.10725 0.181
-1.11012 0.1815
-1.11156 0.182
-1.11233 0.1825
-1.11386 0.183
-1.11693 0.1835
-1.12307 0.184
-1.12613 0.1845
-1.12767 0.185
-1.12843 0.1855
-1.1292 0.186
-1.13074 0.1865
-1.1338 0.187
-1.13994 0.1875
-1.14301 0.188
-1.14454 0.1885
-1.14531 0.189
-1.14531 0.1895
-1.14531 0.19
-1.14608 0.1905
-1.14761 0.191
-1.15068 0.1915
-1.15681 0.192
-1.15988 0.1925
-1.16142 0.193
-1.16218 0.1935
-1.16295 0.194
-1.16448 0.1945
-1.16755 0.195
-1.17369 0.1955
-1.17676 0.196
-1.17829 0.1965
-1.17906 0.197
-1.17906 0.1975
-1.17906 0.198
-1.17906 0.1985
-1.17906 0.199
-1.17906 0.1995
-1.17906 0.2
-1.17906 0.2005
-1.17906 0.201
-1.17906 0.2015
-1.17906 0.202
-1.17906 0.2025
-1.17906 0.203
-1.17906 0.2035
-1.17906 0.204
-1.17906 0.2045
-1.17906 0.205
-1.17906 0.2055
-1.17906 0.206
-1.17906 0.2065
-1.17906 0.207
-1.17906 0.2075
-1.17906 0.208
-1.17906 0.2085
-1.17906 0.209
-1.17906 0.2095
-1.17906 0.21
-1.17906 0.2105
-1.17906 0.211
-1.17906 0.2115
-1.17906 0.212
-1.17906 0.2125
-1.17906 0.213
-1.17906 0.2135
-1.17906 0.214
-1.17906 0.2145
-1.17906 0.215
-1.17906 0.2155
-1.17906 0.216
-1.17906 0.2165
-1.17906 0.217
-1.17906 0.2175
-1.17906 0.218
-1.17906 0.2185
-1.17906 0.219
-1.17906 0.2195
-1.17906 0.22
-1.17906 0.2205
-1.17906 0.221
-1.17906 0.2215
-1.17906 0.222
-1.17906 0.2225
-1.17906 0.223
-1.17906 0.2235
-1.17906 0.224
-1.17906 0.2245
-1.17906 0.225
-1.17906 0.2255
-1.17906 0.226
-1.17906 0.2265
-1.17906 0.227
-1.17906 0.2275
-1.17906 0.228
-1.17906 0.2285
-1.17906 0.229
-1.17906 0.2295
-1.17906 0.23
-1.17906 0.2305
-1.17906 0.231
-1.17906 0.2315
-1.17906 0.232
-1.17906 0.2325
-1.17906 0.233
-1.17906 0.2335
-1.17906 0.234
-1.17906 0.2345
-1.17906 0.235
-1.17906 0.2355
-1.17906 0.236
-1.17906 0.2365
-1.17906 0.237
-1.17906 0.2375
-1.17906 0.238
-1.17906 0.2385
-1.17906 0.239
-1.17906 0.2395
-1.17906 0.24
-1.17906 0.2405
-1.17906 0.241
-1.17906 0.2415
-1.17906 0.242
-1.17906 0.2425
-1.17906 0.243
-1.17906 0.2435
-1.17906 0.244
-1.17906 0.2445
-1.17906 0.245
-1.17906 0.2455
-1.17906 0.246
-1.17906 0.2465
-1.17906 0.247
-1.17906 0.2475
-1.17906 0.248
-1.17906 0.2485
-1.17906 0.249
-1.17906 0.2495
-1.17906 0.25
-1.17982 0.2515
-1.18136 0.253
-1.18442 0.2545
-1.19056 0.256
-1.19363 0.2575
-1.19516 0.259
-1.19593 0.2605
-1.1967 0.262
-1.19823 0.2635
-1.2013 0.265
-1.20743 0.2665
-1.2105 0.268
-1.21204 0.2695
-1.2128 0.271
-1.21357 0.2725
-1.2151 0.274
-1.21817 0.2755
-1.22431 0.277
-1.22738 0.2785
-1.22891 0.28
-1.22968 0.2815
-1.23044 0.283
-1.23198 0.2845
-1.23505 0.286
-1.24118 0.2875
-1.24425 0.289
-1.24578 0.2905
-1.24655 0.292
-1.24732 0.2935
-1.24885 0.295
-1.25191 0.2965
-1.25803 0.298
-1.26108 0.2995
-1.26261 0.301
-1.26338 0.3025
-1.26338 0.304
-1.26338 0.3055
-1.26338 0.307
-1.26338 0.3085
-1.26338 0.31
-1.26338 0.3115
-1.26338 0.313
-1.26338 0.3145
-1.26338 0.316
-1.26338 0.3175
-1.26338 0.319
-1.26338 0.3205
-1.26338 0.322
-1.26338 0.3235
-1.26338 0.325
-1.26338 0.3265
-1.26338 0.328
-1.26338 0.3295
-1.26338 0.331
-1.26338 0.3325
-1.26338 0.334
-1.26338 0.3355
-1.26338 0.337
-1.26338 0.3385
-1.26338 0.34
-1.26338 0.3415
-1.26338 0.343
-1.26338 0.3445
-1.26338 0.346
-1.26338 0.3475
-1.26338 0.349
-1.26338 0.3505
-1.26338 0.352
-1.26338 0.3535
-1.26338 0.355
-1.26338 0.3565
-1.26338 0.358
-1.26338 0.3595
-1.26338 0.361
-1.26338 0.3625
-1.26338 0.364
-1.26338 0.3655
-1.26338 0.367
-1.26338 0.3685
-1.26338 0.37
-1.26338 0.3715
-1.26338 0.373
-1.26338 0.3745
-1.26338 0.376
-1.26338 0.3775
-1.26338 0.379
-1.26338 0.3805
-1.26338 0.382
-1.26338 0.3835
-1.26338 0.385
-1.26338 0.3865
-1.26338 0.388
-1.26338 0.3895
-1.26338 0.391
-1.26338 0.3925
-1.26338 0.394
-1.26338 0.3955
-1.26338 0.397
-1.26338 0.3985
-1.26338 0.4
-1.26338 0.4015
-1.26338 0.403
-1.26338 0.4045
-1.26338 0.406
-1.26338 0.4075
-1.26338 0.409
-1.26338 0.4105
-1.26338 0.412
-1.26338 0.4135
-1.26338 0.415
-1.26338 0.4165
-1.26338 0.418
-1.26338 0.4195
-1.26338 0.421
-1.26338 0.4225
-1.26338 0.424
-1.26338 0.4255
-1.26338 0.427
-1.26338 0.4285
-1.26338 0.43
-1.26338 0.4315
-1.26338 0.433
-1.26338 0.4345
-1.26338 0.436
-1.26338 0.4375
-1.26338 0.439
-1.26338 0.4405
-1.26338 0.442
-1.26338 0.4435
-1.26338 0.445
-1.26338 0.4465
-1.26338 0.448
-1.26338 0.4495
-1.26338 0.451
-1.26338 0.4525
-1.26338 0.454
-1.26338 0.4555
-1.26338 0.457
-1.26338 0.4585
-1.26338 0.46
-1.26338 0.4615
-1.26338 0.463
-1.26338 0.4645
-1.26338 0.466
-1.26338 0.4675
-1.26338 0.469
-1.26338 0.4705
-1.26338 0.472
-1.26338 0.4735
-1.26338 0.475
-1.26338 0.4765
-1.26338 0.478
-1.26338 0.4795
-1.26338 0.481
-1.26338 0.4825
-1.26338 0.484
-1.26338 0.4855
-1.26338 0.487
-1.26338 0.4885
-1.26338 0.49
-1.26338 0.4915
-1.26338 0.493
-1.26338 0.4945
-1.26338 0.496
-1.26338 0.4975
-1.26338 0.499
-1.26338 0.5005
-1.26338 0.502
-1.26338 0.5035
-1.26338 0.505
-1.26338 0.5065
-1.26338 0.508
-1.26338 0.5095
-1.26338 0.511
-1.26338 0.5125
-1.26338 0.514
-1.26338 0.5155
-1.26338 0.517
-1.26338 0.5185
-1.26338 0.52
-1.26338 0.5215
-1.26338 0.523
-1.26338 0.5245
-1.26338 0.526
-1.26338 0.5275
-1.26338 0.529
-1.26338 0.5305
-1.26338 0.532
-1.26338 0.5335
-1.26338 0.535
-1.26338 0.5365
-1.26338 0.538
-1.26338 0.5395
-1.26338 0.541
-1.26338 0.5425
-1.26338 0.544
-1.26338 0.5455
-1.26338 0.547
-1.26338 0.5485
-1.26338 0.55
-1.26338 0.5515
-1.26338 0.553
-1.26338 0.5545
-1.26338 0.556
-1.26338 0.5575
-1.26338 0.559
-1.26338 0.5605
-1.26338 0.562
-1.26338 0.5635
-1.26338 0.565
-1.26338 0.5665
-1.26338 0.568
-1.26338 0.5695
-1.26338 0.571
-1.26338 0.5725
-1.26338 0.574
-1.26338 0.5755
-1.26338 0.577
-1.26338 0.5785
-1.26338 0.58
-1.26338 0.5815
-1.26338 0.583
-1.26338 0.5845
-1.26338 0.586
-1.26338 0.5875
-1.26338 0.589
-1.26338 0.5905
-1.26338 0.592
-1.26338 0.5935
-1.26338 0.595
-1.26338 0.5965
-1.26338 0.598
-1.26338 0.5995
-1.26338 0.601
-1.26338 0.6025
-1.26338 0.604
-1.26338 0.6055
-1.26338 0.607
-1.26338 0.6085
-1.26338 0.61
-1.26338 0.6115
-1.26338 0.613
-1.26338 0.6145
-1.26338 0.616
-1.26338 0.6175
-1.26338 0.619
-1.26338 0.6205
-1.26338 0.622
-1.26338 0.6235
-1.26338 0.625
-1.26338 0.6265
-1.26338 0.628
-1.26338 0.6295
-1.26338 0.631
-1.26338 0.6325
-1.26338 0.634
-1.26338 0.6355
-1.26338 0.637
-1.26338 0.6385
-1.26338 0.64
-1.26338 0.6415
-1.26338 0.643
-1.26338 0.6445
-1.26338 0.646
-1.26338 0.6475
-1.26338 0.649
-1.26338 0.6505
-1.26338 0.652
-1.26338 0.6535
-1.26338 0.655
-1.26338 0.6565
-1.26338 0.658
-1.26338 0.6595
-1.26338 0.661
-1.26338 0.6625
-1.26338 0.664
-1.26338 0.6655
-1.26338 0.667
-1.26338 0.6685
-1.26338 0.67
-1.26338 0.6715
-1.26338 0.673
-1.26338 0.6745
-1.26338 0.676
-1.26338 0.6775
-1.26338 0.679
-1.26338 0.6805
-1.26338 0.682
-1.26338 0.6835
-1.26338 0.685
-1.26338 0.6865
-1.26338 0.688
-1.26338 0.6895
-1.26338 0.691
-1.26338 0.6925
-1.26338 0.694
-1.26338 0.6955
-1.26338 0.697
-1.26338 0.6985
-1.26338 0.7
-1.26338 0.7015
-1.26338 0.703
-1.26338 0.7045
-1.26338 0.706
-1.26338 0.7075
-1.26338 0.709
-1.26338 0.7105
-1.26338 0.712
-1.26338 0.7135
-1.26338 0.715
-1.26338 0.7165
-1.26338 0.718
-1.26338 0.7195
-1.26338 0.721
-1.26338 0.7225
-1.26338 0.724
-1.26338 0.7255
-1.26338 0.727
-1.26338 0.7285
-1.26338 0.73
-1.26338 0.7315
-1.26338 0.733
-1.26338 0.7345
-1.26338 0.736
-1.26338 0.7375
-1.26338 0.739
-1.26338 0.7405
-1.26338 0.742
-1.26338 0.7435
-1.26338 0.745
-1.26338 0.7465
-1.26338 0.748
-1.26338 0.7495
-1.26338 0.751
-1.26338 0.7525
-1.26338 0.754
-1.26338 0.7555
-1.26338 0.757
-1.26338 0.7585
-1.26338 0.76
-1.26338 0.7615
-1.26338 0.763
-1.26338 0.7645
-1.26338 0.766
-1.26338 0.7675
-1.26338 0.769
-1.26338 0.7705
-1.26338 0.772
-1.26338 0.7735
-1.26338 0.775
-1.26338 0.7765
-1.26338 0.778
-1.26338 0.7795
-1.26338 0.781
-1.26338 0.7825
-1.26338 0.784
-1.26338 0.7855
-1.26338 0.787
-1.26338 0.7885
-1.26338 0.79
-1.26338 0.7915
-1.26338 0.793
-1.26338 0.7945
-1.26338 0.796
-1.26338 0.7975
-1.26338 0.799
-1.26338 0.8005
-1.26338 0.802
-1.26338 0.8035
-1.26338 0.805
-1.26338 0.8065
-1.26338 0.808
-1.26338 0.8095
-1.26338 0.811
-1.26338 0.8125
-1.26338 0.814
-1.26338 0.8155
-1.26338 0.817
-1.26338 0.8185
-1.26338 0.82
-1.26338 0.8215
-1.26338 0.823
-1.26338 0.8245
-1.26338 0.826
-1.26338 0.8275
-1.26338 0.829
-1.26338 0.8305
-1.26338 0.832
-1.26338 0.8335
-1.26338 0.835
-1.26338 0.8365
-1.26338 0.838
-1.26338 0.8395
-1.26338 0.841
-1.26338 0.8425
-1.26338 0.844
-1.26338 0.8455
-1.26338 0.847
-1.26338 0.8485
-1.26338 0.85
-1.26338 0.8515
-1.26338 0.853
-1.26338 0.8545
-1.26338 0.856
-1.26338 0.8575
-1.26338 0.859
-1.26338 0.8605
-1.26338 0.862
-1.26338 0.8635
-1.26338 0.865
-1.26338 0.8665
-1.26338 0.868
-1.26338 0.8695
-1.26338 0.871
-1.26338 0.8725
-1.26338 0.874
-1.26338 0.8755
-1.26338 0.877
-1.26338 0.8785
-1.26338 0.88
-1.26338 0.8815
-1.26338 0.883
-1.26338 0.8845
-1.26338 0.886
-1.26338 0.8875
-1.26338 0.889
-1.26338 0.8905
-1.26338 0.892
-1.26338 0.8935
-1.26338 0.895
-1.26338 0.8965
-1.26338 0.898
-1.26338 0.8995
-1.26338 0.901
-1.26338 0.9025
-1.26338 0.904
-1.26338 0.9055
-1.26338 0.907
-1.26338 0.9085
-1.26338 0.91
-1.26338 0.9115
-1.26338 0.913
-1.26338 0.9145
-1.26338 0.916
-1.26338 0.9175
-1.26338 0.919
-1.26338 0.9205
-1.26338 0.922
-1.26338 0.9235
-1.26338 0.925
-1.26338 0.9265
-1.26338 0.928
-1.26338 0.9295
-1.26338 0.931
-1.26338 0.9325
-1.26338 0.934
-1.26338 0.9355
-1.26338 0.937
-1.26338 0.9385
-1.26338 0.94
-1.26338 0.9415
-1.26338 0.943
-1.26338 0.9445
-1.26338 0.946
-1.26338 0.9475
-1.26338 0.949
-1.26338 0.9505
-1.26338 0.952
-1.26338 0.9535
-1.26338 0.955
-1.26338 0.9565
-1.26338 0.958
-1.26338 0.9595
-1.26338 0.961
-1.26338 0.9625
-1.26338 0.964
-1.26338 0.9655
-1.26338 0.967
-1.26338 0.9685
-1.26338 0.97
-1.26338 0.9715
-1.26338 0.973
-1.26338 0.9745
-1.26338 0.976
-1.26338 0.9775
-1.26338 0.979
-1.26339 0.9805
-1.2634 0.982
-1.26341 0.9835
-1.26339 0.985
-1.26334 0.9865
-1.26361 0.988
-1.26395 0.9895
-1.26495 0.991
-1.26655 0.9925
-1.26619 0.994
-1.26519 0.9955
-1.26322 0.997
-1.26587 0.9985
-1.26487 1


Shark
3.14159 1.5
3.13959 1.4995
3.13759 1.499
3.13559 1.4985
3.13359 1.498
3.13159 1.4975
3.12959 1.497
3.12759 1.4965
3.12559 1.496
3.12359 1.4955
3.12159 1.495
3.11959 1.4945
3.11759 1.494
3.11559 1.4935
3.11359 1.493
3.11159 1.4925
3.10959 1.492
3.10759 1.4915
3.10559 1.491
3.10359 1.4905
3.10159 1.49
3.09959 1.4895
3.09759 1.489
3.09559 1.4885
3.09359 1.488
3.09159 1.4875
3.08959 1.487
3.08759 1.4865
3.08559 1.486
3.08359 1.4855
3.08159 1.485
3.07959 1.4845
3.07759 1.484
3.07559 1.4835
3.07359 1.483
3.07159 1.4825
3.06959 1.482
3.06759 1.4815
3.06559 1.481
3.06359 1.4805
3.06159 1.48
3.05959 1.4795
3.05759 1.479
3.05559 1.4785
3.05359 1.478
3.05159 1.4775
3.04959 1.477
3.04759 1.4765
3.04559 1.476
3.04359 1.4755
3.04159 1.475
3.03959 1.4745
3.03759 1.474
3.03559 1.4735
3.03359 1.473
3.03159 1.4725
3.02959 1.472
3.02759 1.4715
3.02559 1.471
3.02359 1.4705
3.02159 1.47
3.01959 1.4695
3.01759 1.469
3.01559 1.4685
3.01359 1.468
3.01159 1.4675
3.00959 1.467
3.00759 1.4665
3.00559 1.466
3.00359 1.4655
3.00159 1.465
2.99959 1.4645
2.99759 1.464
2.99559 1.4635
2.99359 1.463
2.99159 1.4625
2.98959 1.462
2.98759 1.4615
2.98559 1.461
2.98359 1.4605
2.98159 1.46
2.97959 1.4595
2.97759 1.459
2.97559 1.4585
2.97359 1.458
2.97159 1.4575
2.96959 1.457
2.96759 1.4565
2.96559 1.456
2.96359 1.4555
2.96159 1.455
2.95959 1.4545
2.95759 1.454
2.95559 1.4535
2.95359 1.453
2.95159 1.4525
2.94959 1.452
2.94759 1.4515
2.94559 1.451
2.94359 1.4505
2.94159 1.45
2.93959 1.4495
2.93759 1.449
2.93559 1.4485
2.93359 1.448
2.93159 1.4475
2.92959 1.447
2.92759 1.4465
2.92559 1.446
2.92359 1.4455
2.92159 1.445
2.91959 1.4445
2.91759 1.444
2.91559 1.4435
2.91359 1.443
2.91159 1.4425
2.90959 1.442
2.90759 1.4415
2.90559 1.441
2.90359 1.4405
2.90159 1.44
2.89959 1.4395
2.89759 1.439
2.89559 1.4385
2.89359 1.438
2.89159 1.4375
2.88959 1.437
2.88759 1.4365
2.88559 1.436
2.88359 1.4355
2.88159 1.435
2.87959 1.4345
2.87759 1.434
2.87559 1.4335
2.87359 1.433
2.87159 1.4325
2.86959 1.432
2.86759 1.4315
2.86559 1.431
2.86359 1.4305
2.86159 1.43
2.85959 1.4295
2.85759 1.429
2.85559 1.4285
2.85359 1.428
2.85159 1.4275
2.84959 1.427
2.84759 1.4265
2.84559 1.426
2.84359 1.4255
2.84159 1.425
2.83959 1.4245
2.83759 1.424
2.83559 1.4235
2.83359 1.423
2.83159 1.4225
2.82959 1.422
2.82759 1.4215
2.82559 1.421
2.82359 1.4205
2.82159 1.42
2.81959 1.4195
2.81759 1.419
2.81559 1.4185
2.81359 1.418
2.81159 1.4175
2.80959 1.417
2.80759 1.4165
2.80559 1.416
2.80359 1.4155
2.80159 1.415
2.79959 1.4145
2.79759 1.414
2.79559 1.4135
2.79359 1.413
2.79159 1.4125
2.78959 1.412
2.78759 1.4115
2.77865 1.411
2.76102 1.4105
2.72573 1.41
2.65493 1.4095
2.61925 1.409
2.60123 1.4085
2.592 1.408
2.59 1.4075
2.588 1.407
2.586 1.4065
2.584 1.406
2.582 1.4055
2.58 1.405
2.578 1.4045
2.576 1.404
2.574 1.4035
2.572 1.403
2.57 1.4025
2.568 1.402
2.566 1.4015
2.564 1.401
2.562 1.4005
2.55966 1.4
2.55649 1.3995
2.55115 1.399
2.54101 1.3985
2.53563 1.398
2.53242 1.3975
2.53006 1.397
2.52806 1.3965
2.52606 1.396
2.52406 1.3955
2.52206 1.395
2.52006 1.3945
2.51806 1.394
2.51606 1.3935
2.51406 1.393
2.51206 1.3925
2.51006 1.392
2.50806 1.3915
2.50606 1.391
2.50406 1.3905
2.50206 1.39
2.50006 1.3895
2.49806 1.389
2.49606 1.3885
2.49406 1.388
2.49206 1.3875
2.49006 1.387
2.48806 1.3865
2.48606 1.386
2.48406 1.3855
2.48206 1.385
2.48006 1.3845
2.47806 1.384
2.47606 1.3835
2.47406 1.383
2.47206 1.3825
2.47006 1.382
2.46806 1.3815
2.46606 1.381
2.46406 1.3805
2.46206 1.38
2.46006 1.3795
2.45806 1.379
2.45606 1.3785
2.45406 1.378
2.45206 1.3775
2.45006 1.377
2.44806 1.3765
2.44606 1.376
2.44406 1.3755
2.44206 1.375
2.43839 1.3745
2.4319 1.374
2.41935 1.3735
2.39438 1.373
2.38173 1.3725
2.37515 1.372
2.37142 1.3715
2.36942 1.371
2.36742 1.3705
2.36542 1.37
2.36286 1.3695
2.35908 1.369
2.35233 1.3685
2.33924 1.368
2.33245 1.3675
2.32863 1.367
2.32605 1.3665
2.32405 1.366
2.32205 1.3655
2.32005 1.365
2.31805 1.3645
2.31605 1.364
2.31405 1.3635
2.31205 1.363
2.31005 1.3625
2.30805 1.362
2.30605 1.3615
2.30405 1.361
2.30205 1.3605
2.30005 1.36
2.29805 1.3595
2.29605 1.359
2.29405 1.3585
2.29205 1.358
2.29005 1.3575
2.28805 1.357
2.28586 1.3565
2.28319 1.356
2.27913 1.3555
2.27175 1.355
2.26766 1.3545
2.26498 1.354
2.26278 1.3535
2.26078 1.353
2.25878 1.3525
2.25678 1.352
2.25478 1.3515
2.25278 1.351
2.25078 1.3505
2.24878 1.35
2.24658 1.3495
2.24386 1.349
2.23964 1.3485
2.23193 1.348
2.22769 1.3475
2.22495 1.347
2.22274 1.3465
2.22053 1.346
2.21777 1.3455
2.21348 1.345
2.2056 1.3445
2.20129 1.344
2.19852 1.3435
2.1963 1.343
2.1943 1.3425
2.1923 1.342
2.1903 1.3415
2.1883 1.341
2.18607 1.3405
2.18327 1.34
2.17886 1.3395
2.17072 1.339
2.16628 1.3385
2.16347 1.338
2.16123 1.3375
2.15923 1.337
2.15723 1.3365
2.15499 1.336
2.15215 1.3355
2.14764 1.335
2.13929 1.3345
2.13476 1.334
2.1319 1.3335
2.12965 1.333
2.1274 1.3325
2.12453 1.332
2.11995 1.3315
2.11142 1.331
2.10681 1.3305
2.10393 1.33
2.10167 1.3295
2.09967 1.329
2.09767 1.3285
2.09541 1.328
2.0925 1.3275
2.08781 1.327
2.07907 1.3265
2.07436 1.326
2.07144 1.3255
2.06917 1.325
2.0669 1.3245
2.06395 1.324
2.05919 1.3235
2.05029 1.323
2.0455 1.3225
2.04254 1.322
2.04026 1.3215
2.03801 1.321
2.03514 1.3205
2.03054 1.32
2.02201 1.3195
2.01739 1.319
2.01451 1.3185
2.01225 1.318
2.01017 1.3175
2.00788 1.317
2.00487 1.3165
1.99994 1.316
1.99692 1.3155
1.99462 1.315
1.99254 1.3145
1.99046 1.314
1.98816 1.3135
1.98511 1.313
1.9801 1.3125
1.97705 1.312
1.97474 1.3115
1.97266 1.311
1.97066 1.3105
1.96866 1.31
1.96658 1.3095
1.96426 1.309
1.96118 1.3085
1.95606 1.308
1.95297 1.3075
1.95065 1.307
1.94856 1.3065
1.94647 1.306
1.94414 1.3055
1.94103 1.305
1.93584 1.3045
1.93271 1.304
1.93038 1.3035
1.92829 1.303
1.92629 1.3025
1.92429 1.302
1.92229 1.3015
1.92029 1.301
1.91829 1.3005
1.91629 1.3
1.91429 1.2995
1.91229 1.299
1.91029 1.2985
1.90829 1.298
1.90629 1.2975
1.90429 1.297
1.90229 1.2965
1.90029 1.296
1.89829 1.2955
1.89629 1.295
1.89429 1.2945
1.89229 1.294
1.89029 1.2935
1.88829 1.293
1.88629 1.2925
1.88429 1.292
1.88229 1.2915
1.88029 1.291
1.87829 1.2905
1.87629 1.29
1.87429 1.2895
1.87229 1.289
1.87029 1.2885
1.86829 1.288
1.86629 1.2875
1.86429 1.287
1.86229 1.2865
1.86029 1.286
1.85829 1.2855
1.85629 1.285
1.85429 1.2845
1.85229 1.284
1.85029 1.2835
1.84829 1.283
1.84629 1.2825
1.84429 1.282
1.84229 1.2815
1.84029 1.281
1.83829 1.2805
1.83629 1.28
1.83429 1.2795
1.83229 1.279
1.83029 1.2785
1.82829 1.278
1.82629 1.2775
1.82429 1.277
1.82229 1.2765
1.82029 1.276
1.81829 1.2755
1.81629 1.275
1.81429 1.2745
1.81229 1.274
1.81029 1.2735
1.80829 1.273
1.80629 1.2725
1.80429 1.272
1.80229 1.2715
1.80029 1.271
1.79829 1.2705
1.79629 1.27
1.79429 1.2695
1.79229 1.269
1.79029 1.2685
1.78829 1.268
1.78629 1.2675
1.78429 1.267
1.78229 1.2665
1.78029 1.266
1.77829 1.2655
1.77629 1.265
1.77429 1.2645
1.77229 1.264
1.77029 1.2635
1.76829 1.263
1.76629 1.2625
1.76429 1.262
1.76229 1.2615
1.76029 1.261
1.75829 1.2605
1.75629 1.26
1.75429 1.2595
1.75229 1.259
1.75029 1.2585
1.74829 1.258
1.74629 1.2575
1.74429 1.257
1.74229 1.2565
1.74029 1.256
1.73829 1.2555
1.73629 1.255
1.73429 1.2545
1.73229 1.254
1.73029 1.2535
1.72829 1.253
1.72629 1.2525
1.72429 1.252
1.72229 1.2515
1.72029 1.251
1.71829 1.2505
1.71629 1.25
1.71024 1.2495
1.70404 1.249
1.69728 1.2485
1.68861 1.248
1.68183 1.2475
1.67562 1.247
1.66957 1.2465
1.66352 1.246
1.6573 1.2455
1.65048 1.245
1.64162 1.2445
1.63478 1.244
1.62856 1.2435
1.6225 1.243
1.61645 1.2425
1.61022 1.242
1.60333 1.2415
1.59428 1.241
1.58738 1.2405
1.58114 1.24
1.57508 1.2395
1.56902 1.239
1.56277 1.2385
1.55582 1.238
1.54657 1.2375
1.53961 1.237
1.53335 1.2365
1.52729 1.236
1.52122 1.2355
1.51495 1.235
1.50795 1.2345
1.49852 1.234
1.49149 1.2335
1.48522 1.233
1.47914 1.2325
1.47314 1.232
1.46714 1.2315
1.46114 1.231
1.45514 1.2305
1.44914 1.23
1.44314 1.2295
1.43714 1.229
1.43114 1.2285
1.42514 1.228
1.41914 1.2275
1.41314 1.227
1.40714 1.2265
1.40114 1.226
1.39514 1.2255
1.38914 1.225
1.38314 1.2245
1.37714 1.224
1.37114 1.2235
1.36514 1.223
1.35914 1.2225
1.35314 1.222
1.34714 1.2215
1.34114 1.221
1.33514 1.2205
1.32914 1.22
1.32314 1.2195
1.31714 1.219
1.31114 1.2185
1.30514 1.218
1.29914 1.2175
1.29314 1.217
1.28714 1.2165
1.28114 1.216
1.27514 1.2155
1.26914 1.215
1.26314 1.2145
1.25714 1.214
1.25114 1.2135
1.24514 1.213
1.23914 1.2125
1.23314 1.212
1.22714 1.2115
1.22114 1.211
1.21514 1.2105
1.20914 1.21
1.20314 1.2095
1.19714 1.209
1.19114 1.2085
1.18514 1.208
1.17914 1.2075
1.17314 1.207
1.16714 1.2065
1.16114 1.206
1.15514 1.2055
1.14914 1.205
1.14314 1.2045
1.13714 1.204
1.13114 1.2035
1.12514 1.203
1.11914 1.2025
1.11314 1.202
1.10714 1.2015
1.10114 1.201
1.09514 1.2005
1.08914 1.2
1.08314 1.1995
1.07714 1.199
1.07114 1.1985
1.06514 1.198
1.05914 1.1975
1.05314 1.197
1.04714 1.1965
1.04114 1.196
1.03514 1.1955
1.02914 1.195
1.02314 1.1945
1.01714 1.194
1.01114 1.1935
1.00514 1.193
0.999145 1.1925
0.993145 1.192
0.987145 1.1915
0.981145 1.191
0.975145 1.1905
0.969145 1.19
0.963145 1.1895
0.957145 1.189
0.951145 1.1885
0.945145 1.188
0.939145 1.1875
0.933145 1.187
0.927145 1.1865
0.921145 1.186
0.915145 1.1855
0.909145 1.185
0.903145 1.1845
0.897145 1.184
0.891145 1.1835
0.885145 1.183
0.879145 1.1825
0.873145 1.182
0.867145 1.1815
0.861145 1.181
0.855145 1.1805
0.849145 1.18
0.843145 1.1795
0.837145 1.179
0.831145 1.1785
0.825145 1.178
0.819145 1.1775
0.813145 1.177
0.807145 1.1765
0.801145 1.176
0.795145 1.1755
0.789145 1.175
0.783145 1.1745
0.777145 1.174
0.771145 1.1735
0.765145 1.173
0.759145 1.1725
0.753145 1.172
0.747145 1.1715
0.741145 1.171
0.735145 1.1705
0.729145 1.17
0.723145 1.1695
0.717145 1.169
0.711145 1.1685
0.705145 1.168
0.699145 1.1675
0.693145 1.167
0.687145 1.1665
0.681145 1.166
0.675145 1.1655
0.669145 1.165
0.663145 1.1645
0.657145 1.164
0.651145 1.1635
0.645145 1.163
0.639145 1.1625
0.633145 1.162
0.627145 1.1615
0.621145 1.161
0.615145 1.1605
0.609145 1.16
0.603145 1.1595
0.597145 1.159
0.591145 1.1585
0.585145 1.158
0.579145 1.1575
0.573145 1.157
0.567145 1.1565
0.561145 1.156
0.555145 1.1555
0.549145 1.155
0.543145 1.1545
0.537145 1.154
0.531145 1.1535
0.525145 1.153
0.519145 1.1525
0.513145 1.152
0.507145 1.1515
0.501145 1.151
0.495145 1.1505
0.489145 1.15
0.483145 1.1495
0.477145 1.149
0.471145 1.1485
0.465145 1.148
0.459145 1.1475
0.453145 1.147
0.447145 1.1465
0.441145 1.146
0.435145 1.1455
0.429145 1.145
0.423145 1.1445
0.417145 1.144
0.411145 1.1435
0.405145 1.143
0.399145 1.1425
0.393145 1.142
0.387145 1.1415
0.381145 1.141
0.375145 1.1405
0.369145 1.14
0.363145 1.1395
0.357145 1.139
0.351145 1.1385
0.345145 1.138
0.339145 1.1375
0.333145 1.137
0.327145 1.1365
0.321145 1.136
0.315145 1.1355
0.309145 1.135
0.303145 1.1345
0.297145 1.134
0.291145 1.1335
0.285145 1.133
0.279145 1.1325
0.273145 1.132
0.267145 1.1315
0.261145 1.131
0.255145 1.1305
0.249145 1.13
0.243145 1.1295
0.237145 1.129
0.231145 1.1285
0.225145 1.128
0.219145 1.1275
0.213145 1.127
0.207145 1.1265
0.201145 1.126
0.195145 1.1255
0.189145 1.125
0.183145 1.1245
0.177145 1.124
0.171145 1.1235
0.165145 1.123
0.159145 1.1225
0.153145 1.122
0.147145 1.1215
0.141145 1.121
0.135145 1.1205
0.129145 1.12
0.123145 1.1195
0.117145 1.119
0.111145 1.1185
0.105145 1.118
0.0991445 1.1175
0.0931445 1.117
0.0871445 1.1165
0.0811445 1.116
0.0751445 1.1155
0.0691445 1.115
0.0631445 1.1145
0.0571445 1.114
0.0511445 1.1135
0.0451445 1.113
0.0391445 1.1125
0.0331445 1.112
0.0271445 1.1115
0.0211445 1.111
0.0151445 1.1105
0.00914451 1.11
0.00314451 1.1095
-0.00285549 1.109
-0.00885549 1.1085
-0.0148555 1.108
-0.0208555 1.1075
-0.0268555 1.107
-0.0328555 1.1065
-0.0388555 1.106
-0.0448555 1.1055
-0.0508555 1.105
-0.0568555 1.1045
-0.0628555 1.104
-0.0688555 1.1035
-0.0748555 1.103
-0.0808555 1.1025
-0.0868555 1.102
-0.0928555 1.1015
-0.0988555 1.101
-0.104855 1.1005
-0.110855 1.1
-0.116855 1.0995
-0.122855 1.099
-0.128855 1.0985
-0.134855 1.098
-0.140855 1.0975
-0.146855 1.097
-0.152855 1.0965
-0.158855 1.096
-0.164855 1.0955
-0.170855 1.095
-0.176855 1.0945
-0.182855 1.094
-0.188855 1.0935
-0.194855 1.093
-0.200855 1.0925
-0.206855 1.092
-0.212855 1.0915
-0.218855 1.091
-0.224855 1.0905
-0.230855 1.09
-0.236855 1.0895
-0.242855 1.089
-0.248855 1.0885
-0.254855 1.088
-0.260855 1.0875
-0.266855 1.087
-0.272855 1.0865
-0.278855 1.086
-0.284855 1.0855
-0.290855 1.085
-0.296855 1.0845
-0.302855 1.084
-0.308855 1.0835
-0.314855 1.083
-0.320855 1.0825
-0.326855 1.082
-0.332855 1.0815
-0.338855 1.081
-0.344855 1.0805
-0.350855 1.08
-0.356855 1.0795
-0.362855 1.079
-0.368855 1.0785
-0.374855 1.078
-0.380855 1.0775
-0.386855 1.077
-0.392855 1.0765
-0.398855 1.076
-0.404855 1.0755
-0.410855 1.075
-0.416855 1.0745
-0.422855 1.074
-0.428855 1.0735
-0.434855 1.073
-0.440855 1.0725
-0.446855 1.072
-0.452855 1.0715
-0.458855 1.071
-0.464855 1.0705
-0.470855 1.07
-0.476855 1.0695
-0.482855 1.069
-0.488855 1.0685
-0.494855 1.068
-0.500855 1.0675
-0.506855 1.067
-0.512855 1.0665
-0.518855 1.066
-0.524855 1.0655
-0.530855 1.065
-0.536855 1.0645
-0.542855 1.064
-0.548855 1.0635
-0.554855 1.063
-0.560855 1.0625
-0.566855 1.062
-0.572855 1.0615
-0.578855 1.061
-0.584855 1.0605
-0.590855 1.06
-0.596855 1.0595
-0.602855 1.059
-0.608855 1.0585
-0.614855 1.058
-0.620855 1.0575
-0.626855 1.057
-0.632855 1.0565
-0.638855 1.056
-0.644855 1.0555
-0.650855 1.055
-0.656855 1.0545
-0.662855 1.054
-0.668855 1.0535
-0.674855 1.053
-0.680855 1.0525
-0.686855 1.052
-0.692855 1.0515
-0.698855 1.051
-0.704855 1.0505
-0.710855 1.05
-0.716855 1.0495
-0.722855 1.049
-0.728855 1.0485
-0.734855 1.048
-0.740855 1.0475
-0.746855 1.047
-0.752855 1.0465
-0.758855 1.046
-0.764855 1.0455
-0.770855 1.045
-0.776855 1.0445
-0.782855 1.044
-0.788855 1.0435
-0.794855 1.043
-0.800855 1.0425
-0.806855 1.042
-0.812855 1.0415
-0.818855 1.041
-0.824855 1.0405
-0.830855 1.04
-0.836855 1.0395
-0.842855 1.039
-0.848855 1.0385
-0.854855 1.038
-0.860855 1.0375
-0.866855 1.037
-0.872855 1.0365
-0.878855 1.036
-0.884855 1.0355
-0.890855 1.035
-0.896855 1.0345
-0.902855 1.034
-0.908855 1.0335
-0.914855 1.033
-0.920855 1.0325
-0.926855 1.032
-0.932855 1.0315
-0.938855 1.031
-0.944855 1.0305
-0.950855 1.03
-0.956855 1.0295
-0.962855 1.029
-0.968855 1.0285
-0.974855 1.028
-0.980855 1.0275
-0.986855 1.027
-0.992855 1.0265
-0.998855 1.026
-1.00486 1.0255
-1.01086 1.025
-1.01686 1.0245
-1.02286 1.024
-1.02886 1.0235
-1.03486 1.023
-1.04086 1.0225
-1.04686 1.022
-1.05286 1.0215
-1.05886 1.021
-1.06486 1.0205
-1.07086 1.02
-1.07686 1.0195
-1.08286 1.019
-1.08886 1.0185
-1.09486 1.018
-1.10086 1.0175
-1.10686 1.017
-1.11286 1.0165
-1.11886 1.016
-1.12486 1.0155
-1.13086 1.015
-1.13686 1.0145
-1.14286 1.014
-1.14886 1.0135
-1.15486 1.013
-1.16086 1.0125
-1.16686 1.012
-1.17286 1.0115
-1.17886 1.011
-1.18486 1.0105
-1.19086 1.01
-1.19686 1.0095
-1.20286 1.009
-1.20886 1.0085
-1.21486 1.008
-1.22086 1.0075
-1.22686 1.007
-1.23286 1.0065
-1.23886 1.006
-1.24486 1.0055
-1.25086 1.005
-1.25686 1.0045
-1.26295 1.004
-1.26395 1.0035
-1.26495 1.003
-1.26655 1.0025
-1.26619 1.002
-1.26519 1.0015
-1.26322 1.001
-1.26587 1.0005
-1.26487 1
