Man
0 0
0 0.001
0 0.002
0 0.003
0 0.004
0 0.005
0 0.006
0 0.007
0 0.008
0 0.009
0 0.01
0 0.011
0 0.012
0 0.013
0 0.014
0 0.015
0 0.016
0 0.017
0 0.018
0 0.019
0 0.02
0 0.021
0 0.022
0 0.023
0 0.024
0 0.025
0 0.026
0 0.027
0 0.028
0 0.029
0 0.03
0 0.031
0 0.032
0 0.033
0 0.034
0 0.035
0 0.036
0 0.037
0 0.038
0 0.039
0 0.04
0 0.041
0 0.042
0 0.043
0 0.044
0 0.045
0 0.046
0 0.047
0 0.048
0 0.049
0 0.05
0 0.051
0 0.052
0 0.053
0 0.054
0 0.055
0 0.056
0 0.057
0 0.058
0 0.059
0 0.06
0 0.061
0 0.062
0 0.063
0 0.064
0 0.065
0 0.066
0 0.067
0 0.068
0 0.069
0 0.07
0 0.071
0 0.072
0 0.073
0 0.074
0 0.075
0 0.076
0 0.077
0 0.078
0 0.079
0 0.08
0 0.081
0 0.082
0 0.083
0 0.084
0 0.085
0 0.086
0 0.087
0 0.088
-0.0245437 0.089
-0.0736311 0.09
-0.171806 0.091
-0.368155 0.092
-0.46633 0.093
-0.515418 0.094
-0.539961 0.095
-0.540728 0.096
-0.542262 0.097
-0.54533 0.098
-0.551466 0.099
-0.554534 0.1
-0.556068 0.101
-0.556835 0.102
-0.556835 0.103
-0.556835 0.104
-0.556835 0.105
-0.556835 0.106
-0.556835 0.107
-0.556835 0.108
-0.556835 0.109
-0.556835 0.11
-0.556835 0.111
-0.556835 0.112
-0.556835 0.113
-0.556835 0.114
-0.556835 0.115
-0.556835 0.116
-0.556835 0.117
-0.556835 0.118
-0.556835 0.119
-0.556835 0.12
-0.556835 0.121
-0.556835 0.122
-0.556835 0.123
-0.556835 0.124
-0.556835 0.125
-0.556835 0.126
-0.556835 0.127
-0.562971 0.128
-0.575243 0.129
-0.599786 0.13
-0.648874 0.131
-0.673418 0.132
-0.685689 0.133
-0.691825 0.134
-0.694893 0.135
-0.701029 0.136
-0.714835 0.137
-0.742447 0.138
-0.760854 0.139
-0.779262 0.14
-0.788466 0.141
-0.791534 0.142
-0.793068 0.143
-0.793068 0.144
-0.793068 0.145
-0.793068 0.146
-0.796136 0.147
-0.802272 0.148
-0.814544 0.149
-0.839087 0.15
-0.851359 0.151
-0.859029 0.152
-0.865165 0.153
-0.871301 0.154
-0.883573 0.155
-0.889709 0.156
-0.894311 0.157
-0.898913 0.158
-0.905049 0.159
-0.917321 0.16
-0.923456 0.161
-0.928058 0.162
-0.93266 0.163
-0.938796 0.164
-0.951068 0.165
-0.957204 0.166
-0.961806 0.167
-0.966408 0.168
-0.972544 0.169
-0.984816 0.17
-0.990952 0.171
-0.995554 0.172
-1.00016 0.173
-1.00629 0.174
-1.01856 0.175
-1.0247 0.176
-1.0293 0.177
-1.0339 0.178
-1.04004 0.179
-1.05231 0.18
-1.05845 0.181
-1.06151 0.182
-1.06305 0.183
-1.06458 0.184
-1.06765 0.185
-1.07379 0.186
-1.08606 0.187
-1.09219 0.188
-1.09526 0.189
-1.0968 0.19
-1.09833 0.191
-1.1014 0.192
-1.10753 0.193
-1.11981 0.194
-1.12594 0.195
-1.12901 0.196
-1.13054 0.197
-1.13169 0.198
-1.134 0.199
-1.1386 0.2
-1.1478 0.201
-1.1524 0.202
-1.1547 0.203
-1.15585 0.204
-1.15701 0.205
-1.15931 0.206
-1.16391 0.207
-1.17311 0.208
-1.17771 0.209
-1.18001 0.21
-1.18117 0.211
-1.18232 0.212
-1.18462 0.213
-1.18922 0.214
-1.19842 0.215
-1.20302 0.216
-1.20533 0.217
-1.20648 0.218
-1.20724 0.219
-1.20878 0.22
-1.21184 0.221
-1.21798 0.222
-1.22105 0.223
-1.22258 0.224
-1.22335 0.225
-1.22412 0.226
-1.22565 0.227
-1.22872 0.228
-1.23485 0.229
-1.23792 0.23
-1.23946 0.231
-1.24022 0.232
-1.24061 0.233
-1.24137 0.234
-1.24291 0.235
-1.24598 0.236
-1.24751 0.237
-1.24828 0.238
-1.24866 0.239
-1.24904 0.24
-1.24981 0.241
-1.25134 0.242
-1.25441 0.243
-1.25595 0.244
-1.25671 0.245
-1.2571 0.246
-1.2571 0.247
-1.2571 0.248
-1.2571 0.249
-1.2571 0.25
-1.2571 0.251
-1.2571 0.252
-1.2571 0.253
-1.2571 0.254
-1.2571 0.255
-1.2571 0.256
-1.2571 0.257
-1.2571 0.258
-1.2571 0.259
-1.2571 0.26
-1.2571 0.261
-1.2571 0.262
-1.2571 0.263
-1.2571 0.264
-1.2571 0.265
-1.2571 0.266
-1.2571 0.267
-1.2571 0.268
-1.2571 0.269
-1.2571 0.27
-1.2571 0.271
-1.2571 0.272
-1.2571 0.273
-1.2571 0.274
-1.2571 0.275
-1.2571 0.276
-1.2571 0.277
-1.2571 0.278
-1.2571 0.279
-1.2571 0.28
-1.2571 0.281
-1.2571 0.282
-1.2571 0.283
-1.2571 0.284
-1.2571 0.285
-1.2571 0.286
-1.2571 0.287
-1.2571 0.288
-1.2571 0.289
-1.2571 0.29
-1.2571 0.291
-1.2571 0.292
-1.2571 0.293
-1.2571 0.294
-1.2571 0.295
-1.2571 0.296
-1.2571 0.297
-1.2571 0.298
-1.2571 0.299
-1.2571 0.3
-1.2571 0.301
-1.2571 0.302
-1.2571 0.303
-1.2571 0.304
-1.2571 0.305
-1.2571 0.306
-1.2571 0.307
-1.2571 0.308
-1.2571 0.309
-1.2571 0.31
-1.2571 0.311
-1.2571 0.312
-1.2571 0.313
-1.2571 0.314
-1.2571 0.315
-1.2571 0.316
-1.2571 0.317
-1.2571 0.318
-1.2571 0.319
-1.2571 0.32
-1.2571 0.321
-1.2571 0.322
-1.2571 0.323
-1.2571 0.324
-1.2571 0.325
-1.2571 0.326
-1.2571 0.327
-1.2571 0.328
-1.2571 0.329
-1.2571 0.33
-1.2571 0.331
-1.2571 0.332
-1.2571 0.333
-1.2571 0.334
-1.2571 0.335
-1.2571 0.336
-1.2571 0.337
-1.2571 0.338
-1.2571 0.339
-1.2571 0.34
-1.2571 0.341
-1.2571 0.342
-1.2571 0.343
-1.2571 0.344
-1.2571 0.345
-1.2571 0.346
-1.2571 0.347
-1.2571 0.348
-1.2571 0.349
-1.2571 0.35
-1.2571 0.351
-1.2571 0.352
-1.2571 0.353
-1.2571 0.354
-1.2571 0.355
-1.2571 0.356
-1.2571 0.357
-1.2571 0.358
-1.2571 0.359
-1.2571 0.36
-1.2571 0.361
-1.2571 0.362
-1.2571 0.363
-1.2571 0.364
-1.2571 0.365
-1.2571 0.366
-1.2571 0.367
-1.2571 0.368
-1.2571 0.369
-1.2571 0.37
-1.2571 0.371
-1.2571 0.372
-1.2571 0.373
-1.2571 0.374
-1.2571 0.375
-1.2571 0.376
-1.2571 0.377
-1.2571 0.378
-1.2571 0.379
-1.2571 0.38
-1.2571 0.381
-1.2571 0.382
-1.2571 0.383
-1.2571 0.384
-1.2571 0.385
-1.2571 0.386
-1.2571 0.387
-1.2571 0.388
-1.2571 0.389
-1.2571 0.39
-1.2571 0.391
-1.2571 0.392
-1.2571 0.393
-1.2571 0.394
-1.2571 0.395
-1.2571 0.396
-1.2571 0.397
-1.2571 0.398
-1.2571 0.399
-1.2571 0.4
-1.2571 0.401
-1.2571 0.402
-1.2571 0.403
-1.2571 0.404
-1.2571 0.405
-1.2571 0.406
-1.2571 0.407
-1.2571 0.408
-1.2571 0.409
-1.2571 0.41
-1.2571 0.411
-1.2571 0.412
-1.2571 0.413
-1.2571 0.414
-1.2571 0.415
-1.2571 0.416
-1.2571 0.417
-1.2571 0.418
-1.2571 0.419
-1.2571 0.42
-1.2571 0.421
-1.2571 0.422
-1.2571 0.423
-1.2571 0.424
-1.2571 0.425
-1.2571 0.426
-1.2571 0.427
-1.2571 0.428
-1.2571 0.429
-1.2571 0.43
-1.2571 0.431
-1.2571 0.432
-1.2571 0.433
-1.2571 0.434
-1.2571 0.435
-1.2571 0.436
-1.2571 0.437
-1.2571 0.438
-1.2571 0.439
-1.2571 0.44
-1.2571 0.441
-1.2571 0.442
-1.2571 0.443
-1.2571 0.444
-1.2571 0.445
-1.2571 0.446
-1.2571 0.447
-1.2571 0.448
-1.2571 0.449
-1.2571 0.45
-1.2571 0.451
-1.2571 0.452
-1.2571 0.453
-1.2571 0.454
-1.2571 0.455
-1.2571 0.456
-1.2571 0.457
-1.2571 0.458
-1.2571 0.459
-1.2571 0.46
-1.2571 0.461
-1.2571 0.462
-1.2571 0.463
-1.2571 0.464
-1.2571 0.465
-1.2571 0.466
-1.2571 0.467
-1.2571 0.468
-1.2571 0.469
-1.2571 0.47
-1.2571 0.471
-1.2571 0.472
-1.2571 0.473
-1.2571 0.474
-1.2571 0.475
-1.2571 0.476
-1.2571 0.477
-1.2571 0.478
-1.2571 0.479
-1.2571 0.48
-1.2571 0.481
-1.2571 0.482
-1.2571 0.483
-1.2571 0.484
-1.2571 0.485
-1.2571 0.486
-1.2571 0.487
-1.2571 0.488
-1.2571 0.489
-1.2571 0.49
-1.2571 0.491
-1.2571 0.492
-1.2571 0.493
-1.2571 0.494
-1.2571 0.495
-1.2571 0.496
-1.2571 0.497
-1.2571 0.498
-1.2571 0.499
-1.2571 0.5
-1.2571 0.501
-1.2571 0.502
-1.2571 0.503
-1.2571 0.504
-1.2571 0.505
-1.2571 0.506
-1.2571 0.507
-1.2571 0.508
-1.2571 0.509
-1.2571 0.51
-1.2571 0.511
-1.2571 0.512
-1.2571 0.513
-1.2571 0.514
-1.2571 0.515
-1.2571 0.516
-1.2571 0.517
-1.2571 0.518
-1.2571 0.519
-1.2571 0.52
-1.2571 0.521
-1.2571 0.522
-1.2571 0.523
-1.2571 0.524
-1.2571 0.525
-1.2571 0.526
-1.2571 0.527
-1.2571 0.528
-1.2571 0.529
-1.2571 0.53
-1.2571 0.531
-1.2571 0.532
-1.2571 0.533
-1.2571 0.534
-1.2571 0.535
-1.2571 0.536
-1.2571 0.537
-1.2571 0.538
-1.2571 0.539
-1.2571 0.54
-1.2571 0.541
-1.2571 0.542
-1.2571 0.543
-1.2571 0.544
-1.2571 0.545
-1.2571 0.546
-1.2571 0.547
-1.2571 0.548
-1.2571 0.549
-1.2571 0.55
-1.2571 0.551
-1.2571 0.552
-1.2571 0.553
-1.2571 0.554
-1.2571 0.555
-1.2571 0.556
-1.2571 0.557
-1.2571 0.558
-1.2571 0.559
-1.2571 0.56
-1.2571 0.561
-1.2571 0.562
-1.2571 0.563
-1.2571 0.564
-1.2571 0.565
-1.2571 0.566
-1.2571 0.567
-1.2571 0.568
-1.2571 0.569
-1.2571 0.57
-1.2571 0.571
-1.2571 0.572
-1.2571 0.573
-1.2571 0.574
-1.2571 0.575
-1.2571 0.576
-1.2571 0.577
-1.2571 0.578
-1.2571 0.579
-1.2571 0.58
-1.2571 0.581
-1.2571 0.582
-1.2571 0.583
-1.2571 0.584
-1.2571 0.585
-1.2571 0.586
-1.2571 0.587
-1.2571 0.588
-1.2571 0.589
-1.2571 0.59
-1.2571 0.591
-1.2571 0.592
-1.2571 0.593
-1.2571 0.594
-1.2571 0.595
-1.2571 0.596
-1.2571 0.597
-1.2571 0.598
-1.2571 0.599
-1.2571 0.6
-1.2571 0.601
-1.2571 0.602
-1.2571 0.603
-1.2571 0.604
-1.2571 0.605
-1.2571 0.606
-1.2571 0.607
-1.2571 0.608
-1.2571 0.609
-1.2571 0.61
-1.2571 0.611
-1.2571 0.612
-1.2571 0.613
-1.2571 0.614
-1.2571 0.615
-1.2571 0.616
-1.2571 0.617
-1.2571 0.618
-1.2571 0.619
-1.2571 0.62
-1.2571 0.621
-1.2571 0.622
-1.2571 0.623
-1.2571 0.624
-1.2571 0.625
-1.2571 0.626
-1.2571 0.627
-1.2571 0.628
-1.2571 0.629
-1.2571 0.63
-1.2571 0.631
-1.2571 0.632
-1.2571 0.633
-1.2571 0.634
-1.2571 0.635
-1.2571 0.636
-1.2571 0.637
-1.2571 0.638
-1.2571 0.639
-1.2571 0.64
-1.2571 0.641
-1.2571 0.642
-1.2571 0.643
-1.2571 0.644
-1.2571 0.645
-1.2571 0.646
-1.2571 0.647
-1.2571 0.648
-1.2571 0.649
-1.2571 0.65
-1.2571 0.651
-1.2571 0.652
-1.2571 0.653
-1.2571 0.654
-1.2571 0.655
-1.2571 0.656
-1.2571 0.657
-1.2571 0.658
-1.2571 0.659
-1.2571 0.66
-1.2571 0.661
-1.2571 0.662
-1.2571 0.663
-1.2571 0.664
-1.2571 0.665
-1.2571 0.666
-1.2571 0.667
-1.2571 0.668
-1.2571 0.669
-1.2571 0.67
-1.2571 0.671
-1.2571 0.672
-1.2571 0.673
-1.2571 0.674
-1.2571 0.675
-1.2571 0.676
-1.2571 0.677
-1.2571 0.678
-1.2571 0.679
-1.2571 0.68
-1.2571 0.681
-1.2571 0.682
-1.2571 0.683
-1.2571 0.684
-1.2571 0.685
-1.2571 0.686
-1.2571 0.687
-1.2571 0.688
-1.2571 0.689
-1.2571 0.69
-1.2571 0.691
-1.2571 0.692
-1.2571 0.693
-1.2571 0.694
-1.2571 0.695
-1.2571 0.696
-1.2571 0.697
-1.2571 0.698
-1.2571 0.699
-1.2571 0.7
-1.2571 0.701
-1.2571 0.702
-1.2571 0.703
-1.2571 0.704
-1.2571 0.705
-1.2571 0.706
-1.2571 0.707
-1.2571 0.708
-1.2571 0.709
-1.2571 0.71
-1.2571 0.711
-1.2571 0.712
-1.2571 0.713
-1.2571 0.714
-1.2571 0.715
-1.2571 0.716
-1.2571 0.717
-1.2571 0.718
-1.2571 0.719
-1.2571 0.72
-1.2571 0.721
-1.2571 0.722
-1.2571 0.723
-1.2571 0.724
-1.2571 0.725
-1.2571 0.726
-1.2571 0.727
-1.2571 0.728
-1.2571 0.729
-1.2571 0.73
-1.2571 0.731
-1.2571 0.732
-1.2571 0.733
-1.2571 0.734
-1.2571 0.735
-1.2571 0.736
-1.2571 0.737
-1.2571 0.738
-1.2571 0.739
-1.2571 0.74
-1.2571 0.741
-1.2571 0.742
-1.2571 0.743
-1.2571 0.744
-1.2571 0.745
-1.2571 0.746
-1.2571 0.747
-1.2571 0.748
-1.2571 0.749
-1.2571 0.75
-1.2571 0.751
-1.2571 0.752
-1.2571 0.753
-1.2571 0.754
-1.2571 0.755
-1.2571 0.756
-1.2571 0.757
-1.2571 0.758
-1.2571 0.759
-1.2571 0.76
-1.2571 0.761
-1.2571 0.762
-1.2571 0.763
-1.2571 0.764
-1.2571 0.765
-1.2571 0.766
-1.2571 0.767
-1.2571 0.768
-1.2571 0.769
-1.2571 0.77
-1.2571 0.771
-1.2571 0.772
-1.2571 0.773
-1.2571 0.774
-1.2571 0.775
-1.2571 0.776
-1.2571 0.777
-1.2571 0.778
-1.2571 0.779
-1.2571 0.78
-1.2571 0.781
-1.2571 0.782
-1.2571 0.783
-1.2571 0.784
-1.2571 0.785
-1.2571 0.786
-1.2571 0.787
-1.2571 0.788
-1.2571 0.789
-1.2571 0.79
-1.2571 0.791
-1.2571 0.792
-1.2571 0.793
-1.2571 0.794
-1.2571 0.795
-1.2571 0.796
-1.2571 0.797
-1.2571 0.798
-1.2571 0.799
-1.2571 0.8
-1.2571 0.801
-1.2571 0.802
-1.2571 0.803
-1.2571 0.804
-1.2571 0.805
-1.2571 0.806
-1.2571 0.807
-1.2571 0.808
-1.2571 0.809
-1.2571 0.81
-1.2571 0.811
-1.2571 0.812
-1.2571 0.813
-1.2571 0.814
-1.2571 0.815
-1.2571 0.816
-1.2571 0.817
-1.2571 0.818
-1.2571 0.819
-1.2571 0.82
-1.2571 0.821
-1.2571 0.822
-1.2571 0.823
-1.2571 0.824
-1.2571 0.825
-1.2571 0.826
-1.2571 0.827
-1.2571 0.828
-1.2571 0.829
-1.2571 0.83
-1.2571 0.831
-1.2571 0.832
-1.2571 0.833
-1.2571 0.834
-1.2571 0.835
-1.2571 0.836
-1.2571 0.837
-1.2571 0.838
-1.2571 0.839
-1.2571 0.84
-1.2571 0.841
-1.2571 0.842
-1.2571 0.843
-1.2571 0.844
-1.2571 0.845
-1.2571 0.846
-1.2571 0.847
-1.2571 0.848
-1.2571 0.849
-1.2571 0.85
-1.2571 0.851
-1.2571 0.852
-1.2571 0.853
-1.2571 0.854
-1.2571 0.855
-1.2571 0.856
-1.2571 0.857
-1.2571 0.858
-1.2571 0.859
-1.2571 0.86
-1.2571 0.861
-1.2571 0.862
-1.2571 0.863
-1.2571 0.864
-1.2571 0.865
-1.2571 0.866
-1.2571 0.867
-1.2571 0.868
-1.2571 0.869
-1.2571 0.87
-1.2571 0.871
-1.2571 0.872
-1.2571 0.873
-1.2571 0.874
-1.2571 0.875
-1.2571 0.876
-1.2571 0.877
-1.2571 0.878
-1.2571 0.879
-1.2571 0.88
-1.2571 0.881
-1.2571 0.882
-1.2571 0.883
-1.2571 0.884
-1.2571 0.885
-1.2571 0.886
-1.2571 0.887
-1.2571 0.888
-1.2571 0.889
-1.2571 0.89
-1.2571 0.891
-1.2571 0.892
-1.2571 0.893
-1.2571 0.894
-1.2571 0.895
-1.2571 0.896
-1.2571 0.897
-1.2571 0.898
-1.2571 0.899
-1.2571 0.9
-1.2571 0.901
-1.2571 0.902
-1.2571 0.903
-1.2571 0.904
-1.2571 0.905
-1.2571 0.906
-1.2571 0.907
-1.2571 0.908
-1.2571 0.909
-1.2571 0.91
-1.2571 0.911
-1.2571 0.912
-1.2571 0.913
-1.2571 0.914
-1.2571 0.915
-1.2571 0.916
-1.2571 0.917
-1.2571 0.918
-1.2571 0.919
-1.2571 0.92
-1.2571 0.921
-1.2571 0.922
-1.2571 0.923
-1.2571 0.924
-1.2571 0.925
-1.2571 0.926
-1.2571 0.927
-1.2571 0.928
-1.2571 0.929
-1.2571 0.93
-1.2571 0.931
-1.2571 0.932
-1.2571 0.933
-1.2571 0.934
-1.2571 0.935
-1.2571 0.936
-1.2571 0.937
-1.2571 0.938
-1.2571 0.939
-1.2571 0.94
-1.2571 0.941
-1.2571 0.942
-1.2571 0.943
-1.2571 0.944
-1.2571 0.945
-1.2571 0.946
-1.2571 0.947
-1.2571 0.948
-1.2571 0.949
-1.2571 0.95
-1.2571 0.951
-1.2571 0.952
-1.2571 0.953
-1.2571 0.954
-1.2571 0.955
-1.2571 0.956
-1.2571 0.957
-1.2571 0.958
-1.2571 0.959
-1.2571 0.96
-1.2571 0.961
-1.2571 0.962
-1.2571 0.963
-1.2571 0.964
-1.2571 0.965
-1.2571 0.966
-1.2571 0.967
-1.2571 0.968
-1.2571 0.969
-1.2571 0.97
-1.2571 0.971
-1.2571 0.972
-1.2571 0.973
-1.2571 0.974
-1.2571 0.975
-1.2571 0.976
-1.2571 0.977
-1.2571 0.978
-1.2571 0.979
-1.2571 0.98
-1.2571 0.981
-1.2571 0.982
-1.2571 0.983
-1.2571 0.984
-1.2571 0.985
-1.2571 0.986
-1.2571 0.987
-1.2571 0.988
-1.2571 0.989
-1.2571 0.99
-1.2571 0.991
-1.2571 0.992
-1.2571 0.993
-1.2571 0.994
-1.25709 0.995
-1.25738 0.996
-1.25767 0.997
-1.25828 0.998
-1.25951 0.999
-1.25851 1


Shark
3.14159 1.5
3.13759 1.4995
3.13359 1.499
3.12959 1.4985
3.12559 1.498
3.12159 1.4975
3.11759 1.497
3.11359 1.4965
3.10959 1.496
3.10559 1.4955
3.10159 1.495
3.09759 1.4945
3.09359 1.494
3.08959 1.4935
3.08559 1.493
3.08159 1.4925
3.07759 1.492
3.07359 1.4915
3.06959 1.491
3.06559 1.4905
3.06159 1.49
3.05759 1.4895
3.05359 1.489
3.04959 1.4885
3.04559 1.488
3.04159 1.4875
3.03759 1.487
3.03359 1.4865
3.02959 1.486
3.02559 1.4855
3.02159 1.485
3.01759 1.4845
3.01359 1.484
3.00959 1.4835
3.00559 1.483
3.00159 1.4825
2.99759 1.482
2.99359 1.4815
2.98959 1.481
2.98559 1.4805
2.98159 1.48
2.97759 1.4795
2.97359 1.479
2.96959 1.4785
2.96559 1.478
2.96159 1.4775
2.95759 1.477
2.95359 1.4765
2.94959 1.476
2.94559 1.4755
2.94159 1.475
2.93759 1.4745
2.93359 1.474
2.92959 1.4735
2.92559 1.473
2.92159 1.4725
2.91759 1.472
2.91359 1.4715
2.90959 1.471
2.90559 1.4705
2.90159 1.47
2.89759 1.4695
2.89359 1.469
2.88959 1.4685
2.88559 1.468
2.88159 1.4675
2.87759 1.467
2.87359 1.4665
2.86959 1.466
2.86559 1.4655
2.86159 1.465
2.85759 1.4645
2.85359 1.464
2.84959 1.4635
2.84559 1.463
2.84159 1.4625
2.83759 1.462
2.83359 1.4615
2.82959 1.461
2.82559 1.4605
2.82159 1.46
2.81759 1.4595
2.81359 1.459
2.80959 1.4585
2.80559 1.458
2.80159 1.4575
2.79759 1.457
2.79359 1.4565
2.78959 1.456
2.78003 1.4555
2.76201 1.455
2.72626 1.4545
2.6544 1.454
2.61787 1.4535
2.59908 1.453
2.58898 1.4525
2.58497 1.452
2.58093 1.4515
2.57675 1.451
2.57208 1.4505
2.56789 1.45
2.56385 1.4495
2.55984 1.449
2.55584 1.4485
2.55184 1.448
2.54784 1.4475
2.54384 1.447
2.53984 1.4465
2.53584 1.446
2.53184 1.4455
2.52784 1.445
2.52384 1.4445
2.51984 1.444
2.51584 1.4435
2.51184 1.443
2.50784 1.4425
2.50384 1.442
2.49984 1.4415
2.49584 1.441
2.49184 1.4405
2.48784 1.44
2.48384 1.4395
2.47984 1.439
2.47584 1.4385
2.47184 1.438
2.46784 1.4375
2.46384 1.437
2.45984 1.4365
2.45476 1.436
2.44729 1.4355
2.43396 1.435
2.40803 1.4345
2.39451 1.434
2.38688 1.4335
2.38171 1.433
2.37738 1.4325
2.37218 1.432
2.36364 1.4315
2.34794 1.431
2.33699 1.4305
2.32596 1.43
2.31943 1.4295
2.31506 1.429
2.31097 1.4285
2.30697 1.428
2.30297 1.4275
2.29897 1.427
2.29459 1.4265
2.28919 1.426
2.28088 1.4255
2.26566 1.425
2.25726 1.4245
2.25113 1.424
2.24565 1.4235
2.24016 1.423
2.23158 1.4225
2.22605 1.422
2.22113 1.4215
2.21618 1.421
2.21061 1.4205
2.20181 1.42
2.1962 1.4195
2.19122 1.419
2.18622 1.4185
2.18055 1.418
2.17154 1.4175
2.16584 1.417
2.1608 1.4165
2.15575 1.416
2.15 1.4155
2.14077 1.415
2.13498 1.4145
2.12988 1.414
2.12478 1.4135
2.11893 1.413
2.10948 1.4125
2.1036 1.412
2.09845 1.4115
2.09328 1.411
2.08735 1.4105
2.07767 1.41
2.07171 1.4095
2.06713 1.409
2.06297 1.4085
2.05882 1.408
2.05422 1.4075
2.04816 1.407
2.03817 1.4065
2.03207 1.406
2.02745 1.4055
2.02329 1.405
2.01912 1.4045
2.01448 1.404
2.00829 1.4035
1.99798 1.403
1.99176 1.4025
1.98709 1.402
1.98291 1.4015
1.97881 1.401
1.97441 1.4005
1.96898 1.4
1.96059 1.3995
1.95513 1.399
1.95072 1.3985
1.94661 1.398
1.9425 1.3975
1.93808 1.397
1.93256 1.3965
1.92394 1.396
1.91839 1.3955
1.91395 1.395
1.90984 1.3945
1.90572 1.394
1.90127 1.3935
1.89566 1.393
1.88681 1.3925
1.88118 1.392
1.87671 1.3915
1.87258 1.391
1.86853 1.3905
1.86431 1.39
1.85948 1.3895
1.85273 1.389
1.84789 1.3885
1.84366 1.388
1.8396 1.3875
1.83554 1.387
1.8313 1.3865
1.82643 1.386
1.81954 1.3855
1.81465 1.385
1.8104 1.3845
1.80634 1.384
1.80232 1.3835
1.79826 1.383
1.79401 1.3825
1.78908 1.382
1.78482 1.3815
1.78075 1.381
1.77674 1.3805
1.77272 1.38
1.76865 1.3795
1.76439 1.379
1.7594 1.3785
1.75513 1.378
1.75106 1.3775
1.74704 1.377
1.74304 1.3765
1.73904 1.376
1.73504 1.3755
1.73104 1.375
1.72704 1.3745
1.72304 1.374
1.71904 1.3735
1.71504 1.373
1.71104 1.3725
1.70704 1.372
1.70304 1.3715
1.69904 1.371
1.69504 1.3705
1.69104 1.37
1.68704 1.3695
1.68304 1.369
1.67904 1.3685
1.67504 1.368
1.67104 1.3675
1.66704 1.367
1.66304 1.3665
1.65904 1.366
1.65504 1.3655
1.65104 1.365
1.64704 1.3645
1.64304 1.364
1.63904 1.3635
1.63504 1.363
1.63104 1.3625
1.62704 1.362
1.62304 1.3615
1.61904 1.361
1.61504 1.3605
1.61104 1.36
1.60704 1.3595
1.60304 1.359
1.59904 1.3585
1.59504 1.358
1.59104 1.3575
1.58704 1.357
1.58304 1.3565
1.57904 1.356
1.57504 1.3555
1.57104 1.355
1.56704 1.3545
1.56304 1.354
1.55904 1.3535
1.55504 1.353
1.55104 1.3525
1.54704 1.352
1.54304 1.3515
1.53904 1.351
1.53504 1.3505
1.53104 1.35
1.52704 1.3495
1.52304 1.349
1.51904 1.3485
1.51504 1.348
1.51104 1.3475
1.50704 1.347
1.50304 1.3465
1.49904 1.346
1.49504 1.3455
1.49104 1.345
1.48704 1.3445
1.48304 1.344
1.47904 1.3435
1.47504 1.343
1.47104 1.3425
1.46704 1.342
1.46304 1.3415
1.45904 1.341
1.45504 1.3405
1.45104 1.34
1.44704 1.3395
1.44304 1.339
1.43904 1.3385
1.43504 1.338
1.43104 1.3375
1.42704 1.337
1.42304 1.3365
1.41904 1.336
1.41504 1.3355
1.41104 1.335
1.40704 1.3345
1.40304 1.334
1.39904 1.3335
1.39504 1.333
1.39104 1.3325
1.38704 1.332
1.38304 1.3315
1.37904 1.331
1.37504 1.3305
1.37104 1.33
1.36704 1.3295
1.36304 1.329
1.35904 1.3285
1.35504 1.328
1.35104 1.3275
1.34704 1.327
1.34304 1.3265
1.33904 1.326
1.33504 1.3255
1.33104 1.325
1.32704 1.3245
1.32304 1.324
1.31904 1.3235
1.31504 1.323
1.31104 1.3225
1.30704 1.322
1.30304 1.3215
1.29904 1.321
1.29504 1.3205
1.29104 1.32
1.28704 1.3195
1.28304 1.319
1.27904 1.3185
1.27504 1.318
1.27104 1.3175
1.26704 1.317
1.26304 1.3165
1.25904 1.316
1.25504 1.3155
1.25104 1.315
1.24704 1.3145
1.24304 1.314
1.23904 1.3135
1.23504 1.313
1.23104 1.3125
1.22704 1.312
1.22304 1.3115
1.21904 1.311
1.21504 1.3105
1.21104 1.31
1.20704 1.3095
1.20304 1.309
1.19904 1.3085
1.19504 1.308
1.19104 1.3075
1.18704 1.307
1.18304 1.3065
1.17904 1.306
1.17504 1.3055
1.17104 1.305
1.16704 1.3045
1.16304 1.304
1.15904 1.3035
1.15504 1.303
1.15104 1.3025
1.14704 1.302
1.14304 1.3015
1.13904 1.301
1.13504 1.3005
1.13104 1.3
1.12704 1.2995
1.12304 1.299
1.11904 1.2985
1.11504 1.298
1.11104 1.2975
1.10704 1.297
1.10304 1.2965
1.09904 1.296
1.09504 1.2955
1.09104 1.295
1.08704 1.2945
1.08304 1.294
1.07904 1.2935
1.07504 1.293
1.07104 1.2925
1.06704 1.292
1.06304 1.2915
1.05904 1.291
1.05504 1.2905
1.05104 1.29
1.04704 1.2895
1.04304 1.289
1.03904 1.2885
1.03504 1.288
1.03104 1.2875
1.02704 1.287
1.02304 1.2865
1.01904 1.286
1.01504 1.2855
1.01104 1.285
1.00704 1.2845
1.00304 1.284
0.999045 1.2835
0.995045 1.283
0.991045 1.2825
0.987045 1.282
0.983045 1.2815
0.979045 1.281
0.975045 1.2805
0.971045 1.28
0.967045 1.2795
0.963045 1.279
0.959045 1.2785
0.955045 1.278
0.951045 1.2775
0.947045 1.277
0.943045 1.2765
0.939045 1.276
0.935045 1.2755
0.931045 1.275
0.927045 1.2745
0.923045 1.274
0.919045 1.2735
0.915045 1.273
0.911045 1.2725
0.907045 1.272
0.903045 1.2715
0.899045 1.271
0.895045 1.2705
0.891045 1.27
0.887045 1.2695
0.883045 1.269
0.879045 1.2685
0.875045 1.268
0.871045 1.2675
0.867045 1.267
0.863045 1.2665
0.859045 1.266
0.855045 1.2655
0.851045 1.265
0.847045 1.2645
0.843045 1.264
0.839045 1.2635
0.835045 1.263
0.831045 1.2625
0.827045 1.262
0.823045 1.2615
0.819045 1.261
0.815045 1.2605
0.811045 1.26
0.807045 1.2595
0.803045 1.259
0.799045 1.2585
0.795045 1.258
0.791045 1.2575
0.787045 1.257
0.783045 1.2565
0.779045 1.256
0.775045 1.2555
0.771045 1.255
0.767045 1.2545
0.763045 1.254
0.759045 1.2535
0.755045 1.253
0.751045 1.2525
0.747045 1.252
0.743045 1.2515
0.739045 1.251
0.735045 1.2505
0.731045 1.25
0.727045 1.2495
0.723045 1.249
0.719045 1.2485
0.715045 1.248
0.711045 1.2475
0.707045 1.247
0.703045 1.2465
0.699045 1.246
0.695045 1.2455
0.691045 1.245
0.687045 1.2445
0.683045 1.244
0.679045 1.2435
0.675045 1.243
0.671045 1.2425
0.667045 1.242
0.663045 1.2415
0.659045 1.241
0.655045 1.2405
0.651045 1.24
0.647045 1.2395
0.643045 1.239
0.639045 1.2385
0.635045 1.238
0.631045 1.2375
0.627045 1.237
0.623045 1.2365
0.619045 1.236
0.615045 1.2355
0.611045 1.235
0.607045 1.2345
0.603045 1.234
0.599045 1.2335
0.595045 1.233
0.591045 1.2325
0.587045 1.232
0.583045 1.2315
0.579045 1.231
0.575045 1.2305
0.571045 1.23
0.567045 1.2295
0.563045 1.229
0.559045 1.2285
0.555045 1.228
0.551045 1.2275
0.547045 1.227
0.543045 1.2265
0.539045 1.226
0.535045 1.2255
0.531045 1.225
0.527045 1.2245
0.523045 1.224
0.519045 1.2235
0.515045 1.223
0.511045 1.2225
0.507045 1.222
0.503045 1.2215
0.499045 1.221
0.495045 1.2205
0.491045 1.22
0.487045 1.2195
0.483045 1.219
0.479045 1.2185
0.475045 1.218
0.471045 1.2175
0.467045 1.217
0.463045 1.2165
0.459045 1.216
0.455045 1.2155
0.451045 1.215
0.447045 1.2145
0.443045 1.214
0.439045 1.2135
0.435045 1.213
0.431045 1.2125
0.427045 1.212
0.423045 1.2115
0.419045 1.211
0.415045 1.2105
0.411045 1.21
0.407045 1.2095
0.403045 1.209
0.399045 1.2085
0.395045 1.208
0.391045 1.2075
0.387045 1.207
0.383045 1.2065
0.379045 1.206
0.375045 1.2055
0.371045 1.205
0.367045 1.2045
0.363045 1.204
0.359045 1.2035
0.355045 1.203
0.351045 1.2025
0.347045 1.202
0.343045 1.2015
0.339045 1.201
0.335045 1.2005
0.331045 1.2
0.327045 1.1995
0.323045 1.199
0.319045 1.1985
0.315045 1.198
0.311045 1.1975
0.307045 1.197
0.303045 1.1965
0.299045 1.196
0.295045 1.1955
0.291045 1.195
0.287045 1.1945
0.283045 1.194
0.279045 1.1935
0.275045 1.193
0.271045 1.1925
0.267045 1.192
0.263045 1.1915
0.259045 1.191
0.255045 1.1905
0.251045 1.19
0.247045 1.1895
0.243045 1.189
0.239045 1.1885
0.235045 1.188
0.231045 1.1875
0.227045 1.187
0.223045 1.1865
0.219045 1.186
0.215045 1.1855
0.211045 1.185
0.207045 1.1845
0.203045 1.184
0.199045 1.1835
0.195045 1.183
0.191045 1.1825
0.187045 1.182
0.183045 1.1815
0.179045 1.181
0.175045 1.1805
0.171045 1.18
0.167045 1.1795
0.163045 1.179
0.159045 1.1785
0.155045 1.178
0.151045 1.1775
0.147045 1.177
0.143045 1.1765
0.139045 1.176
0.135045 1.1755
0.131045 1.175
0.127045 1.1745
0.123045 1.174
0.119045 1.1735
0.115045 1.173
0.111045 1.1725
0.107045 1.172
0.103045 1.1715
0.0990447 1.171
0.0950447 1.1705
0.0910447 1.17
0.0870447 1.1695
0.0830447 1.169
0.0790447 1.1685
0.0750447 1.168
0.0710447 1.1675
0.0670447 1.167
0.0630447 1.1665
0.0590447 1.166
0.0550447 1.1655
0.0510447 1.165
0.0470447 1.1645
0.0430447 1.164
0.0390447 1.1635
0.0350447 1.163
0.0310447 1.1625
0.0270447 1.162
0.0230447 1.1615
0.0190447 1.161
0.0150447 1.1605
0.0110447 1.16
0.00704469 1.1595
0.00304469 1.159
-0.000955311 1.1585
-0.00495531 1.158
-0.00895531 1.1575
-0.0129553 1.157
-0.0169553 1.1565
-0.0209553 1.156
-0.0249553 1.1555
-0.0289553 1.155
-0.0329553 1.1545
-0.0369553 1.154
-0.0409553 1.1535
-0.0449553 1.153
-0.0489553 1.1525
-0.0529553 1.152
-0.0569553 1.1515
-0.0609553 1.151
-0.0649553 1.1505
-0.0689553 1.15
-0.0729553 1.1495
-0.0769553 1.149
-0.0809553 1.1485
-0.0849553 1.148
-0.0889553 1.1475
-0.0929553 1.147
-0.0969553 1.1465
-0.100955 1.146
-0.104955 1.1455
-0.108955 1.145
-0.112955 1.1445
-0.116955 1.144
-0.120955 1.1435
-0.124955 1.143
-0.128955 1.1425
-0.132955 1.142
-0.136955 1.1415
-0.140955 1.141
-0.144955 1.1405
-0.148955 1.14
-0.152955 1.1395
-0.156955 1.139
-0.160955 1.1385
-0.164955 1.138
-0.168955 1.1375
-0.172955 1.137
-0.176955 1.1365
-0.180955 1.136
-0.184955 1.1355
-0.188955 1.135
-0.192955 1.1345
-0.196955 1.134
-0.200955 1.1335
-0.204955 1.133
-0.208955 1.1325
-0.212955 1.132
-0.216955 1.1315
-0.220955 1.131
-0.224955 1.1305
-0.228955 1.13
-0.232955 1.1295
-0.236955 1.129
-0.240955 1.1285
-0.244955 1.128
-0.248955 1.1275
-0.252955 1.127
-0.256955 1.1265
-0.260955 1.126
-0.264955 1.1255
-0.268955 1.125
-0.272955 1.1245
-0.276955 1.124
-0.280955 1.1235
-0.284955 1.123
-0.288955 1.1225
-0.292955 1.122
-0.296955 1.1215
-0.300955 1.121
-0.304955 1.1205
-0.308955 1.12
-0.312955 1.1195
-0.316955 1.119
-0.320955 1.1185
-0.324955 1.118
-0.328955 1.1175
-0.332955 1.117
-0.336955 1.1165
-0.340955 1.116
-0.344955 1.1155
-0.348955 1.115
-0.352955 1.1145
-0.356955 1.114
-0.360955 1.1135
-0.364955 1.113
-0.368955 1.1125
-0.372955 1.112
-0.376955 1.1115
-0.380955 1.111
-0.384955 1.1105
-0.388955 1.11
-0.392955 1.1095
-0.396955 1.109
-0.400955 1.1085
-0.404955 1.108
-0.408955 1.1075
-0.412955 1.107
-0.416955 1.1065
-0.420955 1.106
-0.424955 1.1055
-0.428955 1.105
-0.432955 1.1045
-0.436955 1.104
-0.440955 1.1035
-0.444955 1.103
-0.448955 1.1025
-0.452955 1.102
-0.456955 1.1015
-0.460955 1.101
-0.464955 1.1005
-0.468955 1.1
-0.472955 1.0995
-0.476955 1.099
-0.480955 1.0985
-0.484955 1.098
-0.488955 1.0975
-0.492955 1.097
-0.496955 1.0965
-0.500955 1.096
-0.504955 1.0955
-0.508955 1.095
-0.512955 1.0945
-0.516955 1.094
-0.520955 1.0935
-0.524955 1.093
-0.528955 1.0925
-0.532955 1.092
-0.536955 1.0915
-0.540955 1.091
-0.544955 1.0905
-0.548955 1.09
-0.552955 1.0895
-0.556955 1.089
-0.560955 1.0885
-0.564955 1.088
-0.568955 1.0875
-0.572955 1.087
-0.576955 1.0865
-0.580955 1.086
-0.584955 1.0855
-0.588955 1.085
-0.592955 1.0845
-0.596955 1.084
-0.600955 1.0835
-0.604955 1.083
-0.608955 1.0825
-0.612955 1.082
-0.616955 1.0815
-0.620955 1.081
-0.624955 1.0805
-0.628955 1.08
-0.632955 1.0795
-0.636955 1.079
-0.640955 1.0785
-0.644955 1.078
-0.648955 1.0775
-0.652955 1.077
-0.656955 1.0765
-0.660955 1.076
-0.664955 1.0755
-0.668955 1.075
-0.672955 1.0745
-0.676955 1.074
-0.680955 1.0735
-0.684955 1.073
-0.688955 1.0725
-0.692955 1.072
-0.696955 1.0715
-0.700955 1.071
-0.704955 1.0705
-0.708955 1.07
-0.712955 1.0695
-0.716955 1.069
-0.720955 1.0685
-0.724955 1.068
-0.728955 1.0675
-0.732955 1.067
-0.736955 1.0665
-0.740955 1.066
-0.744955 1.0655
-0.748955 1.065
-0.752955 1.0645
-0.756955 1.064
-0.760955 1.0635
-0.764955 1.063
-0.768955 1.0625
-0.772955 1.062
-0.776955 1.0615
-0.780955 1.061
-0.784955 1.0605
-0.788955 1.06
-0.792955 1.0595
-0.796955 1.059
-0.800955 1.0585
-0.804955 1.058
-0.808955 1.0575
-0.812955 1.057
-0.816955 1.0565
-0.820955 1.056
-0.824955 1.0555
-0.828955 1.055
-0.832955 1.0545
-0.836955 1.054
-0.840955 1.0535
-0.844955 1.053
-0.848955 1.0525
-0.852955 1.052
-0.856955 1.0515
-0.860955 1.051
-0.864955 1.0505
-0.868955 1.05
-0.872955 1.0495
-0.876955 1.049
-0.880955 1.0485
-0.884955 1.048
-0.888955 1.0475
-0.892955 1.047
-0.896955 1.0465
-0.900955 1.046
-0.904955 1.0455
-0.908955 1.045
-0.912955 1.0445
-0.916955 1.044
-0.920955 1.0435
-0.924955 1.043
-0.928955 1.0425
-0.932955 1.042
-0.936955 1.0415
-0.940955 1.041
-0.944955 1.0405
-0.948955 1.04
-0.952955 1.0395
-0.956955 1.039
-0.960955 1.0385
-0.964955 1.038
-0.968955 1.0375
-0.972955 1.037
-0.976955 1.0365
-0.980955 1.036
-0.984955 1.0355
-0.988955 1.035
-0.992955 1.0345
-0.996955 1.034
-1.00096 1.0335
-1.00496 1.033
-1.00896 1.0325
-1.01296 1.032
-1.01696 1.0315
-1.02096 1.031
-1.02496 1.0305
-1.02896 1.03
-1.03296 1.0295
-1.03696 1.029
-1.04096 1.0285
-1.04496 1.028
-1.04896 1.0275
-1.05296 1.027
-1.05696 1.0265
-1.06096 1.026
-1.06496 1.0255
-1.06896 1.025
-1.07296 1.0245
-1.07696 1.024
-1.08096 1.0235
-1.08496 1.023
-1.08896 1.0225
-1.09296 1.022
-1.09696 1.0215
-1.10096 1.021
-1.10496 1.0205
-1.10896 1.02
-1.11296 1.0195
-1.11696 1.019
-1.12096 1.0185
-1.12496 1.018
-1.12896 1.0175
-1.13296 1.017
-1.13696 1.0165
-1.14096 1.016
-1.14496 1.0155
-1.14896 1.015
-1.15296 1.0145
-1.15696 1.014
-1.16096 1.0135
-1.16496 1.013
-1.16896 1.0125
-1.17296 1.012
-1.17696 1.0115
-1.18096 1.011
-1.18496 1.0105
-1.18896 1.01
-1.19296 1.0095
-1.19696 1.009
-1.20096 1.0085
-1.20496 1.008
-1.20896 1.0075
-1.21296 1.007
-1.21696 1.0065
-1.22096 1.006
-1.22496 1.0055
-1.22896 1.005
-1.23296 1.0045
-1.23696 1.004
-1.24096 1.0035
-1.24496 1.003
-1.24896 1.0025
-1.25311 1.002
-1.25728 1.0015
-1.25828 1.001
-1.25951 1.0005
-1.25851 1
