Man
0 0
0.0226122 0.001
0.0598069 0.002
0.0488048 0.003
0.041807 0.004
0.0188545 0.005
0.0267821 0.006
0.0120077 0.007
-0.00179043 0.008
0.0187849 0.009
0.0274374 0.01
0.00751325 0.011
0.0479224 0.012
0.0777264 0.013
0.0653132 0.014
0.0494241 0.015
0.0300005 0.016
0.0237307 0.017
0.0220089 0.018
0.0141516 0.019
-0.0201548 0.02
0.0455859 0.021
0.0691237 0.022
0.0849887 0.023
0.067838 0.024
0.0768416 0.025
0.0843309 0.026
0.0452507 0.027
0.0192598 0.028
-0.01396 0.029
-0.0113693 0.03
-0.0320052 0.031
-0.0807617 0.032
-0.0607906 0.033
-0.0859732 0.034
-0.111757 0.035
-0.0979836 0.036
-0.0990822 0.037
-0.0688218 0.038
-0.0632291 0.039
-0.0471863 0.04
-0.0568411 0.041
-0.0961694 0.042
-0.134719 0.043
-0.165151 0.044
-0.219992 0.045
-0.202165 0.046
-0.163058 0.047
-0.134514 0.048
-0.189549 0.049
-0.184027 0.05
-0.186604 0.051
-0.171413 0.052
-0.189188 0.053
-0.206073 0.054
-0.242924 0.055
-0.213808 0.056
-0.219197 0.057
-0.236501 0.058
-0.259017 0.059
-0.276167 0.06
-0.280791 0.061
-0.308504 0.062
-0.301653 0.063
-0.30707 0.064
-0.309575 0.065
-0.290635 0.066
-0.281165 0.067
-0.314973 0.068
-0.304664 0.069
-0.317266 0.07
-0.336737 0.071
-0.376925 0.072
-0.393533 0.073
-0.408632 0.074
-0.426506 0.075
-0.435696 0.076
-0.432095 0.077
-0.448461 0.078
-0.445319 0.079
-0.473535 0.08
-0.472101 0.081
-0.460178 0.082
-0.469111 0.083
-0.458486 0.084
-0.455529 0.085
-0.456715 0.086
-0.470679 0.087
-0.47613 0.088
-0.492829 0.089
-0.489177 0.09
-0.50218 0.091
-0.494833 0.092
-0.524221 0.093
-0.530736 0.094
-0.539848 0.095
-0.541489 0.096
-0.55416 0.097
-0.575345 0.098
-0.584594 0.099
-0.590422 0.1
-0.580295 0.101
-0.587434 0.102
-0.588533 0.103
-0.593112 0.104
-0.601834 0.105
-0.599041 0.106
-0.600801 0.107
-0.610447 0.108
-0.623254 0.109
-0.623769 0.11
-0.633316 0.111
-0.642194 0.112
-0.639761 0.113
-0.649562 0.114
-0.650341 0.115
-0.671105 0.116
-0.67717 0.117
-0.685767 0.118
-0.693897 0.119
-0.701985 0.12
-0.708972 0.121
-0.734236 0.122
-0.736798 0.123
-0.747763 0.124
-0.750451 0.125
-0.757764 0.126
-0.762288 0.127
-0.766199 0.128
-0.773764 0.129
-0.772835 0.13
-0.783061 0.131
-0.793059 0.132
-0.799488 0.133
-0.804059 0.134
-0.80926 0.135
-0.820823 0.136
-0.826264 0.137
-0.834406 0.138
-0.837151 0.139
-0.839789 0.14
-0.851074 0.141
-0.859436 0.142
-0.864128 0.143
-0.872305 0.144
-0.878676 0.145
-0.882454 0.146
-0.891531 0.147
-0.896751 0.148
-0.901955 0.149
-0.909971 0.15
-0.910778 0.151
-0.917025 0.152
-0.924014 0.153
-0.934817 0.154
-0.938911 0.155
-0.948659 0.156
-0.948486 0.157
-0.958967 0.158
-0.962018 0.159
-0.968159 0.16
-0.977281 0.161
-0.9843 0.162
-0.988878 0.163
-0.998815 0.164
-1.00926 0.165
-1.01837 0.166
-1.02425 0.167
-1.03046 0.168
-1.0377 0.169
-1.04439 0.17
-1.05228 0.171
-1.05798 0.172
-1.06636 0.173
-1.07225 0.174
-1.08001 0.175
-1.08655 0.176
-1.09362 0.177
-1.1007 0.178
-1.10933 0.179
-1.11649 0.18
-1.12447 0.181
-1.13232 0.182
-1.13895 0.183
-1.14655 0.184
-1.15406 0.185
-1.1605 0.186
-1.16825 0.187
-1.17681 0.188
-1.18415 0.189
-1.1897 0.19
-1.19676 0.191
-1.20223 0.192
-1.20864 0.193
-1.21467 0.194
-1.22126 0.195
-1.22744 0.196
-1.23276 0.197
-1.23835 0.198
-1.24401 0.199
-1.24999 0.2
-1.25619 0.201
-1.26163 0.202
-1.26643 0.203
-1.27161 0.204
-1.2771 0.205
-1.28183 0.206
-1.28616 0.207
-1.29095 0.208
-1.29606 0.209
-1.30131 0.21
-1.30617 0.211
-1.31043 0.212
-1.31499 0.213
-1.31928 0.214
-1.32311 0.215
-1.32792 0.216
-1.33224 0.217
-1.33636 0.218
-1.34071 0.219
-1.34503 0.22
-1.34874 0.221
-1.35256 0.222
-1.35622 0.223
-1.35976 0.224
-1.36274 0.225
-1.36641 0.226
-1.37022 0.227
-1.37426 0.228
-1.37829 0.229
-1.382 0.23
-1.38576 0.231
-1.38973 0.232
-1.39344 0.233
-1.39701 0.234
-1.40096 0.235
-1.40474 0.236
-1.40769 0.237
-1.41115 0.238
-1.41422 0.239
-1.41737 0.24
-1.42065 0.241
-1.42365 0.242
-1.42656 0.243
-1.4297 0.244
-1.43252 0.245
-1.43533 0.246
-1.43836 0.247
-1.44122 0.248
-1.44398 0.249
-1.44714 0.25
-1.45027 0.251
-1.45302 0.252
-1.45597 0.253
-1.45889 0.254
-1.46168 0.255
-1.46445 0.256
-1.46703 0.257
-1.4696 0.258
-1.4725 0.259
-1.47505 0.26
-1.47789 0.261
-1.48072 0.262
-1.48327 0.263
-1.48614 0.264
-1.4886 0.265
-1.49107 0.266
-1.49319 0.267
-1.49566 0.268
-1.49808 0.269
-1.50023 0.27
-1.50267 0.271
-1.50478 0.272
-1.5074 0.273
-1.50967 0.274
-1.51185 0.275
-1.51429 0.276
-1.51675 0.277
-1.51882 0.278
-1.52103 0.279
-1.52307 0.28
-1.52549 0.281
-1.52761 0.282
-1.52956 0.283
-1.53199 0.284
-1.53412 0.285
-1.53632 0.286
-1.53815 0.287
-1.5401 0.288
-1.5421 0.289
-1.5439 0.29
-1.54559 0.291
-1.54742 0.292
-1.54958 0.293
-1.55136 0.294
-1.55336 0.295
-1.55506 0.296
-1.55713 0.297
-1.55916 0.298
-1.56107 0.299
-1.56296 0.3
-1.56495 0.301
-1.56696 0.302
-1.56856 0.303
-1.57039 0.304
-1.57192 0.305
-1.57376 0.306
-1.5756 0.307
-1.57735 0.308
-1.57939 0.309
-1.58114 0.31
-1.58285 0.311
-1.58449 0.312
-1.58614 0.313
-1.58791 0.314
-1.58961 0.315
-1.59133 0.316
-1.59284 0.317
-1.59466 0.318
-1.59605 0.319
-1.59774 0.32
-1.59958 0.321
-1.60132 0.322
-1.60289 0.323
-1.60451 0.324
-1.6062 0.325
-1.60768 0.326
-1.60932 0.327
-1.61068 0.328
-1.61209 0.329
-1.61358 0.33
-1.61507 0.331
-1.61668 0.332
-1.61803 0.333
-1.61946 0.334
-1.62094 0.335
-1.62239 0.336
-1.62377 0.337
-1.62524 0.338
-1.62665 0.339
-1.62801 0.34
-1.62933 0.341
-1.63084 0.342
-1.63217 0.343
-1.63344 0.344
-1.63469 0.345
-1.636 0.346
-1.63735 0.347
-1.63869 0.348
-1.63994 0.349
-1.64135 0.35
-1.64266 0.351
-1.64392 0.352
-1.64528 0.353
-1.64656 0.354
-1.64765 0.355
-1.64908 0.356
-1.65034 0.357
-1.65162 0.358
-1.65297 0.359
-1.65417 0.36
-1.65545 0.361
-1.65666 0.362
-1.65787 0.363
-1.65904 0.364
-1.66021 0.365
-1.66142 0.366
-1.66258 0.367
-1.66373 0.368
-1.66473 0.369
-1.66575 0.37
-1.66682 0.371
-1.66798 0.372
-1.66897 0.373
-1.67005 0.374
-1.67127 0.375
-1.67232 0.376
-1.67346 0.377
-1.67464 0.378
-1.6757 0.379
-1.67664 0.38
-1.67776 0.381
-1.67881 0.382
-1.68005 0.383
-1.68121 0.384
-1.68245 0.385
-1.68351 0.386
-1.68442 0.387
-1.68551 0.388
-1.68652 0.389
-1.68774 0.39
-1.68869 0.391
-1.68966 0.392
-1.69067 0.393
-1.69155 0.394
-1.69248 0.395
-1.69354 0.396
-1.69451 0.397
-1.69548 0.398
-1.69652 0.399
-1.69754 0.4
-1.69864 0.401
-1.69957 0.402
-1.70042 0.403
-1.70139 0.404
-1.70219 0.405
-1.70317 0.406
-1.70412 0.407
-1.70516 0.408
-1.70613 0.409
-1.707 0.41
-1.708 0.411
-1.70898 0.412
-1.70983 0.413
-1.71069 0.414
-1.71147 0.415
-1.71242 0.416
-1.71336 0.417
-1.71437 0.418
-1.71546 0.419
-1.71625 0.42
-1.71718 0.421
-1.71808 0.422
-1.71894 0.423
-1.71979 0.424
-1.7206 0.425
-1.72159 0.426
-1.72238 0.427
-1.72318 0.428
-1.72394 0.429
-1.72484 0.43
-1.72569 0.431
-1.72646 0.432
-1.72716 0.433
-1.72804 0.434
-1.7288 0.435
-1.72961 0.436
-1.73046 0.437
-1.73131 0.438
-1.7322 0.439
-1.73302 0.44
-1.73383 0.441
-1.73465 0.442
-1.73548 0.443
-1.73631 0.444
-1.73718 0.445
-1.73795 0.446
-1.73881 0.447
-1.73953 0.448
-1.74029 0.449
-1.74098 0.45
-1.74185 0.451
-1.74272 0.452
-1.74343 0.453
-1.7441 0.454
-1.74479 0.455
-1.74558 0.456
-1.7463 0.457
-1.74704 0.458
-1.74771 0.459
-1.74834 0.46
-1.74906 0.461
-1.74981 0.462
-1.75047 0.463
-1.75116 0.464
-1.75188 0.465
-1.75256 0.466
-1.75335 0.467
-1.754 0.468
-1.75464 0.469
-1.75531 0.47
-1.75595 0.471
-1.75657 0.472
-1.75733 0.473
-1.75808 0.474
-1.75884 0.475
-1.75948 0.476
-1.76013 0.477
-1.7607 0.478
-1.76133 0.479
-1.76203 0.48
-1.76273 0.481
-1.76332 0.482
-1.764 0.483
-1.76476 0.484
-1.7654 0.485
-1.7661 0.486
-1.76678 0.487
-1.7674 0.488
-1.76801 0.489
-1.76861 0.49
-1.76919 0.491
-1.76985 0.492
-1.77048 0.493
-1.7712 0.494
-1.77186 0.495
-1.77249 0.496
-1.77311 0.497
-1.77366 0.498
-1.77428 0.499
-1.77481 0.5
-1.77537 0.501
-1.7761 0.502
-1.77668 0.503
-1.7773 0.504
-1.77797 0.505
-1.77859 0.506
-1.77912 0.507
-1.77969 0.508
-1.78034 0.509
-1.78097 0.51
-1.78163 0.511
-1.78217 0.512
-1.78271 0.513
-1.78325 0.514
-1.78391 0.515
-1.78443 0.516
-1.78498 0.517
-1.78565 0.518
-1.78625 0.519
-1.78683 0.52
-1.78744 0.521
-1.78801 0.522
-1.78861 0.523
-1.78904 0.524
-1.78949 0.525
-1.79 0.526
-1.79048 0.527
-1.79109 0.528
-1.79148 0.529
-1.79203 0.53
-1.79254 0.531
-1.7931 0.532
-1.79372 0.533
-1.79426 0.534
-1.79471 0.535
-1.79516 0.536
-1.79566 0.537
-1.79622 0.538
-1.79671 0.539
-1.79718 0.54
-1.79773 0.541
-1.79829 0.542
-1.79891 0.543
-1.79938 0.544
-1.79985 0.545
-1.80032 0.546
-1.8008 0.547
-1.80135 0.548
-1.80181 0.549
-1.80233 0.55
-1.80284 0.551
-1.80338 0.552
-1.80394 0.553
-1.80453 0.554
-1.80506 0.555
-1.80554 0.556
-1.80604 0.557
-1.80658 0.558
-1.8071 0.559
-1.80756 0.56
-1.80803 0.561
-1.80844 0.562
-1.80895 0.563
-1.80944 0.564
-1.8099 0.565
-1.81045 0.566
-1.81102 0.567
-1.81147 0.568
-1.81189 0.569
-1.81224 0.57
-1.81264 0.571
-1.81307 0.572
-1.81349 0.573
-1.81399 0.574
-1.81446 0.575
-1.81496 0.576
-1.81547 0.577
-1.81598 0.578
-1.81649 0.579
-1.81693 0.58
-1.8174 0.581
-1.8178 0.582
-1.81823 0.583
-1.81873 0.584
-1.81917 0.585
-1.81962 0.586
-1.82006 0.587
-1.82052 0.588
-1.82096 0.589
-1.82136 0.59
-1.82183 0.591
-1.82225 0.592
-1.8227 0.593
-1.82316 0.594
-1.8236 0.595
-1.82402 0.596
-1.82452 0.597
-1.82496 0.598
-1.82538 0.599
-1.82578 0.6
-1.82621 0.601
-1.82662 0.602
-1.8271 0.603
-1.82748 0.604
-1.82794 0.605
-1.82829 0.606
-1.82876 0.607
-1.82924 0.608
-1.82965 0.609
-1.83011 0.61
-1.83054 0.611
-1.83084 0.612
-1.83122 0.613
-1.83168 0.614
-1.83207 0.615
-1.83253 0.616
-1.833 0.617
-1.83339 0.618
-1.8337 0.619
-1.83414 0.62
-1.8346 0.621
-1.83497 0.622
-1.83543 0.623
-1.83583 0.624
-1.83623 0.625
-1.83663 0.626
-1.83708 0.627
-1.83742 0.628
-1.83787 0.629
-1.83823 0.63
-1.83861 0.631
-1.839 0.632
-1.8394 0.633
-1.83973 0.634
-1.8401 0.635
-1.84049 0.636
-1.84085 0.637
-1.8412 0.638
-1.84162 0.639
-1.84197 0.64
-1.8424 0.641
-1.84275 0.642
-1.84308 0.643
-1.84339 0.644
-1.84371 0.645
-1.84419 0.646
-1.84454 0.647
-1.84484 0.648
-1.84516 0.649
-1.84541 0.65
-1.84576 0.651
-1.84609 0.652
-1.84645 0.653
-1.84676 0.654
-1.84707 0.655
-1.84736 0.656
-1.84767 0.657
-1.84797 0.658
-1.84833 0.659
-1.84874 0.66
-1.84907 0.661
-1.84931 0.662
-1.8496 0.663
-1.84998 0.664
-1.85025 0.665
-1.8505 0.666
-1.85085 0.667
-1.85116 0.668
-1.85151 0.669
-1.85176 0.67
-1.85207 0.671
-1.85246 0.672
-1.85278 0.673
-1.85305 0.674
-1.85343 0.675
-1.85375 0.676
-1.85409 0.677
-1.85438 0.678
-1.85462 0.679
-1.85497 0.68
-1.85528 0.681
-1.85552 0.682
-1.85583 0.683
-1.85612 0.684
-1.85644 0.685
-1.85676 0.686
-1.85708 0.687
-1.85734 0.688
-1.85767 0.689
-1.85801 0.69
-1.8583 0.691
-1.85866 0.692
-1.85897 0.693
-1.85926 0.694
-1.85953 0.695
-1.85987 0.696
-1.86017 0.697
-1.86048 0.698
-1.86086 0.699
-1.86116 0.7
-1.8615 0.701
-1.86189 0.702
-1.86219 0.703
-1.86251 0.704
-1.86282 0.705
-1.86308 0.706
-1.8634 0.707
-1.86369 0.708
-1.864 0.709
-1.8643 0.71
-1.86454 0.711
-1.86484 0.712
-1.8651 0.713
-1.86539 0.714
-1.86563 0.715
-1.86589 0.716
-1.86619 0.717
-1.86645 0.718
-1.86678 0.719
-1.86713 0.72
-1.86746 0.721
-1.86783 0.722
-1.86806 0.723
-1.8684 0.724
-1.86868 0.725
-1.86899 0.726
-1.86927 0.727
-1.86955 0.728
-1.86988 0.729
-1.87009 0.73
-1.87038 0.731
-1.87067 0.732
-1.87094 0.733
-1.87121 0.734
-1.87143 0.735
-1.87166 0.736
-1.87195 0.737
-1.87221 0.738
-1.87249 0.739
-1.87279 0.74
-1.87301 0.741
-1.87325 0.742
-1.87358 0.743
-1.87378 0.744
-1.8741 0.745
-1.87436 0.746
-1.87466 0.747
-1.87499 0.748
-1.87527 0.749
-1.87553 0.75
-1.87578 0.751
-1.87603 0.752
-1.8763 0.753
-1.87655 0.754
-1.87679 0.755
-1.87709 0.756
-1.87741 0.757
-1.87766 0.758
-1.87787 0.759
-1.87813 0.76
-1.87834 0.761
-1.87854 0.762
-1.87879 0.763
-1.87906 0.764
-1.87933 0.765
-1.87957 0.766
-1.87985 0.767
-1.8801 0.768
-1.88037 0.769
-1.8806 0.77
-1.88089 0.771
-1.88114 0.772
-1.88132 0.773
-1.88152 0.774
-1.88175 0.775
-1.88202 0.776
-1.88224 0.777
-1.88246 0.778
-1.88268 0.779
-1.88296 0.78
-1.88322 0.781
-1.88342 0.782
-1.88361 0.783
-1.88384 0.784
-1.88408 0.785
-1.88435 0.786
-1.88454 0.787
-1.88477 0.788
-1.88502 0.789
-1.88528 0.79
-1.8855 0.791
-1.88569 0.792
-1.88596 0.793
-1.8862 0.794
-1.88652 0.795
-1.88675 0.796
-1.887 0.797
-1.88728 0.798
-1.88752 0.799
-1.8877 0.8
-1.88796 0.801
-1.8882 0.802
-1.88842 0.803
-1.88864 0.804
-1.88888 0.805
-1.88908 0.806
-1.88934 0.807
-1.88952 0.808
-1.88977 0.809
-1.89004 0.81
-1.89016 0.811
-1.89036 0.812
-1.89059 0.813
-1.8908 0.814
-1.89105 0.815
-1.89125 0.816
-1.89148 0.817
-1.89173 0.818
-1.89188 0.819
-1.89212 0.82
-1.89237 0.821
-1.89254 0.822
-1.89276 0.823
-1.89303 0.824
-1.89326 0.825
-1.89348 0.826
-1.89373 0.827
-1.89392 0.828
-1.89408 0.829
-1.89429 0.83
-1.89453 0.831
-1.89476 0.832
-1.89497 0.833
-1.8952 0.834
-1.8954 0.835
-1.89552 0.836
-1.89566 0.837
-1.89593 0.838
-1.8961 0.839
-1.89626 0.84
-1.89647 0.841
-1.89669 0.842
-1.89689 0.843
-1.89706 0.844
-1.89729 0.845
-1.89749 0.846
-1.89769 0.847
-1.89786 0.848
-1.89807 0.849
-1.89829 0.85
-1.89848 0.851
-1.89869 0.852
-1.89888 0.853
-1.89908 0.854
-1.89924 0.855
-1.89945 0.856
-1.89968 0.857
-1.89991 0.858
-1.90014 0.859
-1.90033 0.86
-1.90056 0.861
-1.90077 0.862
-1.90097 0.863
-1.90109 0.864
-1.90129 0.865
-1.90148 0.866
-1.90168 0.867
-1.90188 0.868
-1.90209 0.869
-1.90225 0.87
-1.90241 0.871
-1.90262 0.872
-1.90283 0.873
-1.90304 0.874
-1.90321 0.875
-1.90341 0.876
-1.90362 0.877
-1.90383 0.878
-1.90399 0.879
-1.90419 0.88
-1.90434 0.881
-1.90451 0.882
-1.90471 0.883
-1.90495 0.884
-1.90513 0.885
-1.90532 0.886
-1.90553 0.887
-1.9057 0.888
-1.90584 0.889
-1.90608 0.89
-1.90623 0.891
-1.90639 0.892
-1.90653 0.893
-1.90664 0.894
-1.90681 0.895
-1.90705 0.896
-1.90719 0.897
-1.90736 0.898
-1.90752 0.899
-1.90768 0.9
-1.90783 0.901
-1.90798 0.902
-1.90822 0.903
-1.90845 0.904
-1.90864 0.905
-1.90884 0.906
-1.909 0.907
-1.90917 0.908
-1.9094 0.909
-1.90961 0.91
-1.9098 0.911
-1.91 0.912
-1.91016 0.913
-1.91041 0.914
-1.91059 0.915
-1.91075 0.916
-1.91093 0.917
-1.91114 0.918
-1.91132 0.919
-1.91152 0.92
-1.91169 0.921
-1.91189 0.922
-1.91206 0.923
-1.91223 0.924
-1.91245 0.925
-1.91261 0.926
-1.9128 0.927
-1.91295 0.928
-1.91308 0.929
-1.91322 0.93
-1.91338 0.931
-1.91356 0.932
-1.91371 0.933
-1.91382 0.934
-1.91396 0.935
-1.91411 0.936
-1.91427 0.937
-1.91444 0.938
-1.9146 0.939
-1.91473 0.94
-1.91494 0.941
-1.91509 0.942
-1.91525 0.943
-1.91542 0.944
-1.91559 0.945
-1.91572 0.946
-1.91589 0.947
-1.91601 0.948
-1.91614 0.949
-1.91627 0.95
-1.91643 0.951
-1.91662 0.952
-1.91678 0.953
-1.9169 0.954
-1.91703 0.955
-1.91719 0.956
-1.91736 0.957
-1.91751 0.958
-1.91765 0.959
-1.91783 0.96
-1.91798 0.961
-1.91811 0.962
-1.91827 0.963
-1.91844 0.964
-1.91867 0.965
-1.9188 0.966
-1.91891 0.967
-1.91903 0.968
-1.91917 0.969
-1.91935 0.97
-1.91949 0.971
-1.91962 0.972
-1.91976 0.973
-1.91994 0.974
-1.92008 0.975
-1.9202 0.976
-1.92033 0.977
-1.92049 0.978
-1.92063 0.979
-1.92077 0.98
-1.92098 0.981
-1.92116 0.982
-1.9213 0.983
-1.9214 0.984
-1.92153 0.985
-1.92169 0.986
-1.92186 0.987
-1.92201 0.988
-1.92216 0.989
-1.92237 0.99
-1.92251 0.991
-1.92266 0.992
-1.92278 0.993
-1.92298 0.994
-1.92312 0.995
-1.92328 0.996
-1.92345 0.997
-1.92358 0.998
-1.92371 0.999
-1.92386 1


Shark
3.14159 1.5
3.13714 1.4995
3.13269 1.499
3.12823 1.4985
3.12378 1.498
3.11931 1.4975
3.11486 1.497
3.11039 1.4965
3.10591 1.496
3.10139 1.4955
3.09693 1.495
3.09238 1.4945
3.08748 1.494
3.08273 1.4935
3.07822 1.493
3.07365 1.4925
3.069 1.492
3.06453 1.4915
3.06008 1.491
3.05558 1.4905
3.05023 1.49
3.04276 1.4895
3.03778 1.489
3.03305 1.4885
3.02825 1.488
3.0237 1.4875
3.01917 1.487
3.01276 1.4865
3.00729 1.486
3.00116 1.4855
2.9967 1.485
2.99144 1.4845
2.98329 1.484
2.97798 1.4835
2.97216 1.483
2.96621 1.4825
2.96125 1.482
2.9568 1.4815
2.95007 1.481
2.94552 1.4805
2.94025 1.48
2.93547 1.4795
2.92695 1.479
2.91841 1.4785
2.91103 1.478
2.8993 1.4775
2.89357 1.477
2.88433 1.4765
2.87684 1.476
2.86415 1.4755
2.85954 1.475
2.85505 1.4745
2.8494 1.474
2.84332 1.4735
2.83732 1.473
2.82734 1.4725
2.81888 1.472
2.81423 1.4715
2.80795 1.471
2.80059 1.4705
2.79423 1.47
2.78961 1.4695
2.78082 1.469
2.77598 1.4685
2.77127 1.468
2.76677 1.4675
2.75968 1.467
2.75442 1.4665
2.74333 1.466
2.73788 1.4655
2.73197 1.465
2.72441 1.4645
2.71087 1.464
2.70391 1.4635
2.69726 1.463
2.68985 1.4625
2.68443 1.462
2.67982 1.4615
2.67263 1.461
2.66805 1.4605
2.65712 1.46
2.65264 1.4595
2.64643 1.459
2.64091 1.4585
2.63496 1.458
2.63037 1.4575
2.6259 1.457
2.61892 1.4565
2.61399 1.456
2.60605 1.4555
2.60137 1.455
2.5945 1.4545
2.58913 1.454
2.57624 1.4535
2.57103 1.453
2.56516 1.4525
2.56066 1.452
2.55363 1.4515
2.54342 1.451
2.5374 1.4505
2.53225 1.45
2.5259 1.4495
2.52041 1.449
2.51593 1.4485
2.511 1.448
2.50498 1.4475
2.50034 1.447
2.49582 1.4465
2.48941 1.446
2.48179 1.4455
2.47733 1.445
2.47086 1.4445
2.4646 1.444
2.45999 1.4435
2.45333 1.443
2.44886 1.4425
2.4373 1.442
2.43185 1.4415
2.42553 1.441
2.41935 1.4405
2.41316 1.44
2.40734 1.4395
2.39298 1.439
2.38831 1.4385
2.38082 1.438
2.37613 1.4375
2.37009 1.437
2.36496 1.4365
2.35999 1.436
2.35378 1.4355
2.3493 1.435
2.34188 1.4345
2.33453 1.434
2.32868 1.4335
2.32347 1.433
2.31804 1.4325
2.30977 1.432
2.30423 1.4315
2.29755 1.431
2.29278 1.4305
2.28804 1.43
2.2797 1.4295
2.27281 1.429
2.26745 1.4285
2.26059 1.428
2.25455 1.4275
2.24947 1.427
2.24206 1.4265
2.23645 1.426
2.23082 1.4255
2.22388 1.425
2.21939 1.4245
2.21327 1.424
2.20676 1.4235
2.19815 1.423
2.19288 1.4225
2.1848 1.422
2.18035 1.4215
2.17176 1.421
2.16682 1.4205
2.16059 1.42
2.1527 1.4195
2.14597 1.419
2.14043 1.4185
2.13194 1.418
2.12309 1.4175
2.11504 1.417
2.10881 1.4165
2.10239 1.416
2.09537 1.4155
2.08864 1.415
2.08118 1.4145
2.07496 1.414
2.06714 1.4135
2.06078 1.413
2.05328 1.4125
2.04651 1.412
2.03939 1.4115
2.03225 1.411
2.02407 1.4105
2.01683 1.41
2.00902 1.4095
2.00128 1.409
1.99429 1.4085
1.98666 1.408
1.97906 1.4075
1.97212 1.407
1.9643 1.4065
1.95589 1.406
1.94829 1.4055
1.94183 1.405
1.93437 1.4045
1.92793 1.404
1.92086 1.4035
1.91402 1.403
1.90678 1.4025
1.89981 1.402
1.89337 1.4015
1.88674 1.401
1.88005 1.4005
1.87312 1.4
1.86602 1.3995
1.85942 1.399
1.85321 1.3985
1.84675 1.398
1.84006 1.3975
1.83385 1.397
1.82788 1.3965
1.82161 1.396
1.81511 1.3955
1.80849 1.395
1.80213 1.3945
1.79613 1.394
1.78994 1.3935
1.7839 1.393
1.77815 1.3925
1.77173 1.392
1.76564 1.3915
1.75967 1.391
1.75353 1.3905
1.74739 1.39
1.74165 1.3895
1.73582 1.389
1.73007 1.3885
1.72441 1.388
1.71905 1.3875
1.71327 1.387
1.7074 1.3865
1.70135 1.386
1.6953 1.3855
1.68945 1.385
1.68357 1.3845
1.67752 1.384
1.67165 1.3835
1.66586 1.383
1.65979 1.3825
1.65383 1.382
1.64841 1.3815
1.64265 1.381
1.63713 1.3805
1.63156 1.38
1.62589 1.3795
1.62039 1.379
1.61495 1.3785
1.60935 1.378
1.60394 1.3775
1.59853 1.377
1.59298 1.3765
1.58753 1.376
1.58213 1.3755
1.57647 1.375
1.57081 1.3745
1.5654 1.374
1.55985 1.3735
1.55432 1.373
1.54886 1.3725
1.5434 1.372
1.53807 1.3715
1.53273 1.371
1.52717 1.3705
1.52184 1.37
1.51629 1.3695
1.51076 1.369
1.50541 1.3685
1.49982 1.368
1.49452 1.3675
1.48919 1.367
1.48409 1.3665
1.47875 1.366
1.47344 1.3655
1.4683 1.365
1.46297 1.3645
1.45784 1.364
1.45237 1.3635
1.44713 1.363
1.44195 1.3625
1.43659 1.362
1.4312 1.3615
1.42608 1.361
1.42085 1.3605
1.41573 1.36
1.41035 1.3595
1.40517 1.359
1.40008 1.3585
1.39468 1.358
1.38948 1.3575
1.38422 1.357
1.3792 1.3565
1.37409 1.356
1.36896 1.3555
1.36394 1.355
1.35898 1.3545
1.35394 1.354
1.34868 1.3535
1.34366 1.353
1.33849 1.3525
1.33351 1.352
1.32829 1.3515
1.32309 1.351
1.31797 1.3505
1.31285 1.35
1.30767 1.3495
1.30246 1.349
1.29752 1.3485
1.29243 1.348
1.28752 1.3475
1.28242 1.347
1.27731 1.3465
1.27226 1.346
1.267 1.3455
1.26194 1.345
1.2569 1.3445
1.2519 1.344
1.24689 1.3435
1.2418 1.343
1.23676 1.3425
1.2317 1.342
1.22677 1.3415
1.22163 1.341
1.21676 1.3405
1.2117 1.34
1.20653 1.3395
1.20143 1.339
1.19645 1.3385
1.19142 1.338
1.18635 1.3375
1.18141 1.337
1.17636 1.3365
1.17149 1.336
1.16659 1.3355
1.16163 1.335
1.15667 1.3345
1.15163 1.334
1.14675 1.3335
1.14182 1.333
1.13685 1.3325
1.1319 1.332
1.12699 1.3315
1.12203 1.331
1.1171 1.3305
1.1122 1.33
1.10732 1.3295
1.10231 1.329
1.09742 1.3285
1.09257 1.328
1.08772 1.3275
1.08284 1.327
1.07792 1.3265
1.07301 1.326
1.06816 1.3255
1.0632 1.325
1.0583 1.3245
1.05344 1.324
1.0485 1.3235
1.04362 1.323
1.03885 1.3225
1.03386 1.322
1.02897 1.3215
1.02408 1.321
1.01914 1.3205
1.01429 1.32
1.00939 1.3195
1.00453 1.319
0.999676 1.3185
0.994836 1.318
0.990004 1.3175
0.985136 1.317
0.980303 1.3165
0.975471 1.316
0.970725 1.3155
0.965969 1.315
0.961182 1.3145
0.956337 1.314
0.951597 1.3135
0.946798 1.313
0.941902 1.3125
0.937121 1.312
0.932275 1.3115
0.927406 1.311
0.922615 1.3105
0.917889 1.31
0.913051 1.3095
0.908255 1.309
0.903332 1.3085
0.89846 1.308
0.893532 1.3075
0.888722 1.307
0.884008 1.3065
0.879174 1.306
0.874397 1.3055
0.86947 1.305
0.864719 1.3045
0.859959 1.304
0.855175 1.3035
0.850465 1.303
0.845726 1.3025
0.840901 1.302
0.836133 1.3015
0.83136 1.301
0.826547 1.3005
0.821744 1.3
0.816879 1.2995
0.812132 1.299
0.807424 1.2985
0.802646 1.298
0.797968 1.2975
0.793179 1.297
0.788412 1.2965
0.78358 1.296
0.77879 1.2955
0.774068 1.295
0.76926 1.2945
0.764455 1.294
0.759745 1.2935
0.755021 1.293
0.750344 1.2925
0.745561 1.292
0.740778 1.2915
0.735951 1.291
0.731061 1.2905
0.726371 1.29
0.721596 1.2895
0.716832 1.289
0.712102 1.2885
0.707372 1.288
0.702666 1.2875
0.697833 1.287
0.693141 1.2865
0.688438 1.286
0.683754 1.2855
0.678988 1.285
0.674247 1.2845
0.669555 1.284
0.66491 1.2835
0.660146 1.283
0.655461 1.2825
0.65074 1.282
0.645992 1.2815
0.641247 1.281
0.636468 1.2805
0.631738 1.28
0.627015 1.2795
0.622279 1.279
0.617543 1.2785
0.612798 1.278
0.608027 1.2775
0.603323 1.277
0.598557 1.2765
0.593882 1.276
0.589177 1.2755
0.584521 1.275
0.579739 1.2745
0.574958 1.274
0.570285 1.2735
0.565634 1.273
0.560973 1.2725
0.556238 1.272
0.551555 1.2715
0.546855 1.271
0.542205 1.2705
0.537571 1.27
0.532881 1.2695
0.528176 1.269
0.523519 1.2685
0.518849 1.268
0.514156 1.2675
0.509486 1.267
0.504749 1.2665
0.500096 1.266
0.495453 1.2655
0.490785 1.265
0.486136 1.2645
0.481501 1.264
0.476775 1.2635
0.472051 1.263
0.46732 1.2625
0.462671 1.262
0.458013 1.2615
0.453398 1.261
0.448748 1.2605
0.444056 1.26
0.439364 1.2595
0.434737 1.259
0.430052 1.2585
0.425311 1.258
0.420655 1.2575
0.415951 1.257
0.411263 1.2565
0.406618 1.256
0.401973 1.2555
0.397337 1.255
0.392711 1.2545
0.388027 1.254
0.383371 1.2535
0.37865 1.253
0.373964 1.2525
0.369308 1.252
0.364646 1.2515
0.360037 1.251
0.355379 1.2505
0.350773 1.25
0.346151 1.2495
0.341412 1.249
0.33678 1.2485
0.332119 1.248
0.327418 1.2475
0.322758 1.247
0.318149 1.2465
0.313517 1.246
0.30883 1.2455
0.304155 1.245
0.29946 1.2445
0.294843 1.244
0.290224 1.2435
0.285606 1.243
0.280906 1.2425
0.2763 1.242
0.271674 1.2415
0.266969 1.241
0.262305 1.2405
0.257661 1.24
0.252992 1.2395
0.248347 1.239
0.243683 1.2385
0.239122 1.238
0.23455 1.2375
0.229942 1.237
0.225352 1.2365
0.220679 1.236
0.216136 1.2355
0.2115 1.235
0.206889 1.2345
0.202249 1.234
0.197564 1.2335
0.192932 1.233
0.188352 1.2325
0.183778 1.232
0.179166 1.2315
0.174524 1.231
0.169919 1.2305
0.16533 1.23
0.160686 1.2295
0.156034 1.229
0.151342 1.2285
0.146749 1.228
0.142153 1.2275
0.137562 1.227
0.13296 1.2265
0.128313 1.226
0.123722 1.2255
0.119094 1.225
0.114475 1.2245
0.10983 1.224
0.105172 1.2235
0.100492 1.223
0.0958512 1.2225
0.0912454 1.222
0.0866282 1.2215
0.0819812 1.221
0.0773452 1.2205
0.0727521 1.22
0.0681497 1.2195
0.0635836 1.219
0.0589507 1.2185
0.0543381 1.218
0.049738 1.2175
0.0450816 1.217
0.0404 1.2165
0.0358078 1.216
0.0312322 1.2155
0.0266981 1.215
0.0221323 1.2145
0.0175522 1.214
0.0129703 1.2135
0.00834357 1.213
0.00373243 1.2125
-0.000894536 1.212
-0.00553138 1.2115
-0.0101721 1.211
-0.0148105 1.2105
-0.0194064 1.21
-0.0240198 1.2095
-0.028588 1.209
-0.0331735 1.2085
-0.037811 1.208
-0.0424016 1.2075
-0.0470035 1.207
-0.0516001 1.2065
-0.056209 1.206
-0.0608089 1.2055
-0.0653816 1.205
-0.0699981 1.2045
-0.0745868 1.204
-0.0791863 1.2035
-0.0838044 1.203
-0.0884028 1.2025
-0.0929883 1.202
-0.0976334 1.2015
-0.102232 1.201
-0.10682 1.2005
-0.111399 1.2
-0.115993 1.1995
-0.120577 1.199
-0.125207 1.1985
-0.129774 1.198
-0.134396 1.1975
-0.138944 1.197
-0.143571 1.1965
-0.148206 1.196
-0.152795 1.1955
-0.157416 1.195
-0.162013 1.1945
-0.166538 1.194
-0.171107 1.1935
-0.175734 1.193
-0.180309 1.1925
-0.184934 1.192
-0.189569 1.1915
-0.194143 1.191
-0.198677 1.1905
-0.203289 1.19
-0.207914 1.1895
-0.212478 1.189
-0.217107 1.1885
-0.221695 1.188
-0.226285 1.1875
-0.230872 1.187
-0.235489 1.1865
-0.240043 1.186
-0.244665 1.1855
-0.249227 1.185
-0.253806 1.1845
-0.258389 1.184
-0.262976 1.1835
-0.267521 1.183
-0.272093 1.1825
-0.276682 1.182
-0.281247 1.1815
-0.285804 1.181
-0.290415 1.1805
-0.29497 1.18
-0.299587 1.1795
-0.304147 1.179
-0.308699 1.1785
-0.313234 1.178
-0.317783 1.1775
-0.322439 1.177
-0.327001 1.1765
-0.331534 1.176
-0.33608 1.1755
-0.340588 1.175
-0.345153 1.1745
-0.349701 1.174
-0.354275 1.1735
-0.358812 1.173
-0.363355 1.1725
-0.367886 1.172
-0.372423 1.1715
-0.376964 1.171
-0.381534 1.1705
-0.386141 1.17
-0.390696 1.1695
-0.395202 1.169
-0.399735 1.1685
-0.404328 1.168
-0.408848 1.1675
-0.413358 1.167
-0.417926 1.1665
-0.422473 1.166
-0.427042 1.1655
-0.431551 1.165
-0.436101 1.1645
-0.4407 1.164
-0.445252 1.1635
-0.449774 1.163
-0.45437 1.1625
-0.458923 1.162
-0.463487 1.1615
-0.468023 1.161
-0.472529 1.1605
-0.477106 1.16
-0.481654 1.1595
-0.486165 1.159
-0.490708 1.1585
-0.495245 1.158
-0.499802 1.1575
-0.504358 1.157
-0.508917 1.1565
-0.513435 1.156
-0.518001 1.1555
-0.522572 1.155
-0.52711 1.1545
-0.531691 1.154
-0.536243 1.1535
-0.540784 1.153
-0.545311 1.1525
-0.549884 1.152
-0.554432 1.1515
-0.558982 1.151
-0.56359 1.1505
-0.568133 1.15
-0.572711 1.1495
-0.577321 1.149
-0.581871 1.1485
-0.586434 1.148
-0.590985 1.1475
-0.595513 1.147
-0.600073 1.1465
-0.604613 1.146
-0.609173 1.1455
-0.613719 1.145
-0.618237 1.1445
-0.622788 1.144
-0.627312 1.1435
-0.631857 1.143
-0.636371 1.1425
-0.640897 1.142
-0.645445 1.1415
-0.649975 1.141
-0.654548 1.1405
-0.659138 1.14
-0.663713 1.1395
-0.668318 1.139
-0.672829 1.1385
-0.677408 1.138
-0.681953 1.1375
-0.686514 1.137
-0.69105 1.1365
-0.695594 1.136
-0.700168 1.1355
-0.704672 1.135
-0.709221 1.1345
-0.713772 1.134
-0.718305 1.1335
-0.72284 1.133
-0.72735 1.1325
-0.731862 1.132
-0.736412 1.1315
-0.740948 1.131
-0.745493 1.1305
-0.750045 1.13
-0.754556 1.1295
-0.759078 1.129
-0.763654 1.1285
-0.768155 1.128
-0.77273 1.1275
-0.777263 1.127
-0.781823 1.1265
-0.786405 1.126
-0.790953 1.1255
-0.795484 1.125
-0.800012 1.1245
-0.80454 1.124
-0.809083 1.1235
-0.813611 1.123
-0.818133 1.1225
-0.822693 1.122
-0.827273 1.1215
-0.8318 1.121
-0.836308 1.1205
-0.840847 1.12
-0.845352 1.1195
-0.849856 1.119
-0.854385 1.1185
-0.858923 1.118
-0.863472 1.1175
-0.867992 1.117
-0.872549 1.1165
-0.877081 1.116
-0.881625 1.1155
-0.886142 1.115
-0.8907 1.1145
-0.895235 1.114
-0.899728 1.1135
-0.904229 1.113
-0.908751 1.1125
-0.913298 1.112
-0.917812 1.1115
-0.922324 1.111
-0.92684 1.1105
-0.931397 1.11
-0.935937 1.1095
-0.940442 1.109
-0.94494 1.1085
-0.94946 1.108
-0.953991 1.1075
-0.958541 1.107
-0.963036 1.1065
-0.967561 1.106
-0.9721 1.1055
-0.976637 1.105
-0.981155 1.1045
-0.985658 1.104
-0.990204 1.1035
-0.994734 1.103
-0.999327 1.1025
-1.00385 1.102
-1.00839 1.1015
-1.01295 1.101
-1.01748 1.1005
-1.02198 1.1
-1.02652 1.0995
-1.03105 1.099
-1.03557 1.0985
-1.04009 1.098
-1.04463 1.0975
-1.04913 1.097
-1.05368 1.0965
-1.05817 1.096
-1.06272 1.0955
-1.06727 1.095
-1.07174 1.0945
-1.07625 1.094
-1.08078 1.0935
-1.08529 1.093
-1.08984 1.0925
-1.09434 1.092
-1.09887 1.0915
-1.10341 1.091
-1.1079 1.0905
-1.11243 1.09
-1.11697 1.0895
-1.12147 1.089
-1.12599 1.0885
-1.13054 1.088
-1.13507 1.0875
-1.13959 1.087
-1.14414 1.0865
-1.14865 1.086
-1.15313 1.0855
-1.15765 1.085
-1.16219 1.0845
-1.16672 1.084
-1.17124 1.0835
-1.17577 1.083
-1.18028 1.0825
-1.18475 1.082
-1.18923 1.0815
-1.19379 1.081
-1.19829 1.0805
-1.20278 1.08
-1.2073 1.0795
-1.21183 1.079
-1.21634 1.0785
-1.22083 1.078
-1.22536 1.0775
-1.22988 1.077
-1.23439 1.0765
-1.23889 1.076
-1.24341 1.0755
-1.24794 1.075
-1.25244 1.0745
-1.25697 1.074
-1.26147 1.0735
-1.26598 1.073
-1.27048 1.0725
-1.275 1.072
-1.27954 1.0715
-1.28407 1.071
-1.2886 1.0705
-1.29311 1.07
-1.29765 1.0695
-1.30218 1.069
-1.30669 1.0685
-1.31116 1.068
-1.31568 1.0675
-1.32019 1.067
-1.3247 1.0665
-1.32922 1.066
-1.33374 1.0655
-1.33824 1.065
-1.34273 1.0645
-1.34726 1.064
-1.35178 1.0635
-1.3563 1.063
-1.3608 1.0625
-1.36532 1.062
-1.36984 1.0615
-1.37437 1.061
-1.37886 1.0605
-1.38338 1.06
-1.38787 1.0595
-1.39237 1.059
-1.39689 1.0585
-1.40144 1.058
-1.40594 1.0575
-1.41046 1.057
-1.41498 1.0565
-1.41948 1.056
-1.42397 1.0555
-1.42852 1.055
-1.43301 1.0545
-1.4375 1.054
-1.44199 1.0535
-1.44646 1.053
-1.45096 1.0525
-1.45551 1.052
-1.45999 1.0515
-1.4645 1.051
-1.46899 1.0505
-1.47349 1.05
-1.47798 1.0495
-1.48247 1.049
-1.48702 1.0485
-1.49157 1.048
-1.49608 1.0475
-1.5006 1.047
-1.5051 1.0465
-1.5096 1.046
-1.51415 1.0455
-1.51868 1.045
-1.5232 1.0445
-1.52772 1.044
-1.53222 1.0435
-1.53678 1.043
-1.54129 1.0425
-1.54579 1.042
-1.55029 1.0415
-1.55483 1.041
-1.55934 1.0405
-1.56386 1.04
-1.56837 1.0395
-1.57289 1.039
-1.5774 1.0385
-1.5819 1.038
-1.58644 1.0375
-1.59094 1.037
-1.59546 1.0365
-1.59995 1.036
-1.60443 1.0355
-1.60892 1.035
-1.61342 1.0345
-1.61793 1.034
-1.62243 1.0335
-1.6269 1.033
-1.63139 1.0325
-1.63588 1.032
-1.64038 1.0315
-1.64489 1.031
-1.64939 1.0305
-1.65387 1.03
-1.65841 1.0295
-1.6629 1.029
-1.6674 1.0285
-1.67191 1.028
-1.67641 1.0275
-1.6809 1.027
-1.6854 1.0265
-1.68988 1.026
-1.69436 1.0255
-1.69885 1.025
-1.70335 1.0245
-1.70787 1.024
-1.71237 1.0235
-1.71685 1.023
-1.72134 1.0225
-1.72584 1.022
-1.73035 1.0215
-1.73484 1.021
-1.73934 1.0205
-1.74385 1.02
-1.74834 1.0195
-1.75283 1.019
-1.75733 1.0185
-1.76184 1.018
-1.7664 1.0175
-1.77088 1.017
-1.77536 1.0165
-1.77984 1.016
-1.78433 1.0155
-1.78884 1.015
-1.79334 1.0145
-1.79782 1.014
-1.80231 1.0135
-1.80683 1.013
-1.81132 1.0125
-1.8158 1.012
-1.82029 1.0115
-1.82479 1.011
-1.82928 1.0105
-1.83377 1.01
-1.83832 1.0095
-1.84284 1.009
-1.84733 1.0085
-1.8518 1.008
-1.85629 1.0075
-1.8608 1.007
-1.86531 1.0065
-1.8698 1.006
-1.87431 1.0055
-1.87885 1.005
-1.88334 1.0045
-1.88784 1.004
-1.89232 1.0035
-1.89686 1.003
-1.90135 1.0025
-1.90586 1.002
-1.91037 1.0015
-1.91486 1.001
-1.91935 1.0005
-1.92384 1
