Man
0 0
0.00243881 0.001
0.0013453 0.002
-0.000317567 0.003
0.000562653 0.004
-0.00395992 0.005
-0.00701594 0.006
-0.00742831 0.007
-0.0127262 0.008
-0.017731 0.009
-0.0218657 0.01
-0.0240336 0.011
-0.0267964 0.012
-0.0264775 0.013
-0.0293901 0.014
-0.0412981 0.015
-0.0446745 0.016
-0.048334 0.017
-0.0528483 0.018
-0.0618141 0.019
-0.0624289 0.02
-0.0639677 0.021
-0.0702898 0.022
-0.0745554 0.023
-0.0833662 0.024
-0.0886626 0.025
-0.102066 0.026
-0.100147 0.027
-0.108244 0.028
-0.106168 0.029
-0.113279 0.03
-0.12266 0.031
-0.125066 0.032
-0.127249 0.033
-0.135624 0.034
-0.140493 0.035
-0.143163 0.036
-0.143331 0.037
-0.14621 0.038
-0.142973 0.039
-0.150717 0.04
-0.154312 0.041
-0.156916 0.042
-0.1646 0.043
-0.172777 0.044
-0.175872 0.045
-0.181747 0.046
-0.18223 0.047
-0.186664 0.048
-0.193167 0.049
-0.192196 0.05
-0.197638 0.051
-0.202027 0.052
-0.210112 0.053
-0.212083 0.054
-0.21927 0.055
-0.222674 0.056
-0.223361 0.057
-0.229182 0.058
-0.231287 0.059
-0.236957 0.06
-0.244919 0.061
-0.246944 0.062
-0.254177 0.063
-0.255456 0.064
-0.254899 0.065
-0.259084 0.066
-0.265794 0.067
-0.263222 0.068
-0.266546 0.069
-0.268412 0.07
-0.278648 0.071
-0.286149 0.072
-0.290043 0.073
-0.297096 0.074
-0.301773 0.075
-0.305462 0.076
-0.311643 0.077
-0.318591 0.078
-0.31906 0.079
-0.322144 0.08
-0.327208 0.081
-0.330576 0.082
-0.331415 0.083
-0.338345 0.084
-0.345522 0.085
-0.349718 0.086
-0.352296 0.087
-0.355982 0.088
-0.370975 0.089
-0.379172 0.09
-0.382426 0.091
-0.388447 0.092
-0.39308 0.093
-0.395609 0.094
-0.397033 0.095
-0.401283 0.096
-0.404845 0.097
-0.409744 0.098
-0.413222 0.099
-0.413386 0.1
-0.419277 0.101
-0.422382 0.102
-0.428806 0.103
-0.438225 0.104
-0.437422 0.105
-0.440146 0.106
-0.445818 0.107
-0.454405 0.108
-0.45692 0.109
-0.462741 0.11
-0.466887 0.111
-0.469021 0.112
-0.475729 0.113
-0.480456 0.114
-0.48073 0.115
-0.491961 0.116
-0.494684 0.117
-0.499929 0.118
-0.507594 0.119
-0.511857 0.12
-0.519377 0.121
-0.525066 0.122
-0.530036 0.123
-0.535066 0.124
-0.539862 0.125
-0.543203 0.126
-0.547568 0.127
-0.557433 0.128
-0.562324 0.129
-0.566675 0.13
-0.569542 0.131
-0.576036 0.132
-0.583858 0.133
-0.589819 0.134
-0.594092 0.135
-0.594756 0.136
-0.602701 0.137
-0.604594 0.138
-0.613871 0.139
-0.618371 0.14
-0.621867 0.141
-0.626196 0.142
-0.630572 0.143
-0.637707 0.144
-0.643548 0.145
-0.648626 0.146
-0.651253 0.147
-0.654369 0.148
-0.659012 0.149
-0.662108 0.15
-0.665833 0.151
-0.669009 0.152
-0.674195 0.153
-0.680764 0.154
-0.685623 0.155
-0.691724 0.156
-0.694981 0.157
-0.696208 0.158
-0.700157 0.159
-0.703832 0.16
-0.707019 0.161
-0.712327 0.162
-0.715432 0.163
-0.719332 0.164
-0.723029 0.165
-0.726796 0.166
-0.730232 0.167
-0.735245 0.168
-0.738005 0.169
-0.740901 0.17
-0.745 0.171
-0.747879 0.172
-0.751922 0.173
-0.755624 0.174
-0.759545 0.175
-0.76125 0.176
-0.764381 0.177
-0.765664 0.178
-0.76926 0.179
-0.771533 0.18
-0.772876 0.181
-0.773556 0.182
-0.777193 0.183
-0.780525 0.184
-0.783588 0.185
-0.785621 0.186
-0.788969 0.187
-0.79073 0.188
-0.793595 0.189
-0.796243 0.19
-0.80001 0.191
-0.802334 0.192
-0.804751 0.193
-0.807675 0.194
-0.809978 0.195
-0.812986 0.196
-0.815331 0.197
-0.817397 0.198
-0.819325 0.199
-0.821318 0.2
-0.823688 0.201
-0.825491 0.202
-0.828075 0.203
-0.830581 0.204
-0.832641 0.205
-0.835188 0.206
-0.837243 0.207
-0.839433 0.208
-0.841465 0.209
-0.843373 0.21
-0.844839 0.211
-0.846386 0.212
-0.84779 0.213
-0.84988 0.214
-0.852058 0.215
-0.853841 0.216
-0.854884 0.217
-0.856541 0.218
-0.858596 0.219
-0.860758 0.22
-0.862481 0.221
-0.864369 0.222
-0.865802 0.223
-0.866996 0.224
-0.868751 0.225
-0.869873 0.226
-0.871183 0.227
-0.872926 0.228
-0.874329 0.229
-0.875545 0.23
-0.877101 0.231
-0.878679 0.232
-0.880444 0.233
-0.881956 0.234
-0.883033 0.235
-0.88445 0.236
-0.88563 0.237
-0.887166 0.238
-0.888892 0.239
-0.890604 0.24
-0.892186 0.241
-0.893303 0.242
-0.894366 0.243
-0.895792 0.244
-0.897044 0.245
-0.898082 0.246
-0.899153 0.247
-0.900409 0.248
-0.901617 0.249
-0.90283 0.25
-0.904163 0.251
-0.905053 0.252
-0.905991 0.253
-0.906842 0.254
-0.907537 0.255
-0.908516 0.256
-0.909517 0.257
-0.910391 0.258
-0.910629 0.259
-0.911891 0.26
-0.912684 0.261
-0.913852 0.262
-0.914948 0.263
-0.915681 0.264
-0.916425 0.265
-0.917601 0.266
-0.918729 0.267
-0.919593 0.268
-0.920717 0.269
-0.921698 0.27
-0.922826 0.271
-0.923685 0.272
-0.92454 0.273
-0.925644 0.274
-0.926464 0.275
-0.927437 0.276
-0.928575 0.277
-0.929733 0.278
-0.930929 0.279
-0.931762 0.28
-0.932607 0.281
-0.933417 0.282
-0.934138 0.283
-0.934992 0.284
-0.935982 0.285
-0.937025 0.286
-0.937805 0.287
-0.938565 0.288
-0.939491 0.289
-0.940385 0.29
-0.941183 0.291
-0.941681 0.292
-0.942692 0.293
-0.943395 0.294
-0.944127 0.295
-0.944742 0.296
-0.945547 0.297
-0.946516 0.298
-0.947059 0.299
-0.947918 0.3
-0.948813 0.301
-0.949557 0.302
-0.950268 0.303
-0.951239 0.304
-0.951833 0.305
-0.952867 0.306
-0.953418 0.307
-0.954232 0.308
-0.954937 0.309
-0.955543 0.31
-0.956184 0.311
-0.95695 0.312
-0.957851 0.313
-0.958768 0.314
-0.95943 0.315
-0.960047 0.316
-0.960754 0.317
-0.961554 0.318
-0.962461 0.319
-0.963124 0.32
-0.963911 0.321
-0.964518 0.322
-0.965318 0.323
-0.965896 0.324
-0.966467 0.325
-0.967172 0.326
-0.967739 0.327
-0.968383 0.328
-0.968857 0.329
-0.969579 0.33
-0.970224 0.331
-0.970836 0.332
-0.971653 0.333
-0.972275 0.334
-0.972832 0.335
-0.97327 0.336
-0.973767 0.337
-0.974353 0.338
-0.974987 0.339
-0.975685 0.34
-0.97622 0.341
-0.976755 0.342
-0.977705 0.343
-0.978345 0.344
-0.978751 0.345
-0.979446 0.346
-0.979931 0.347
-0.980625 0.348
-0.980929 0.349
-0.981464 0.35
-0.98199 0.351
-0.982652 0.352
-0.983065 0.353
-0.983601 0.354
-0.98424 0.355
-0.984672 0.356
-0.985193 0.357
-0.9858 0.358
-0.986171 0.359
-0.986698 0.36
-0.987263 0.361
-0.987807 0.362
-0.988513 0.363
-0.989115 0.364
-0.989595 0.365
-0.990181 0.366
-0.99078 0.367
-0.991383 0.368
-0.99171 0.369
-0.992315 0.37
-0.99286 0.371
-0.99347 0.372
-0.993851 0.373
-0.99427 0.374
-0.994829 0.375
-0.995633 0.376
-0.996229 0.377
-0.996821 0.378
-0.997356 0.379
-0.997904 0.38
-0.998515 0.381
-0.998774 0.382
-0.99921 0.383
-0.999804 0.384
-1.00026 0.385
-1.0008 0.386
-1.00112 0.387
-1.00159 0.388
-1.00183 0.389
-1.00233 0.39
-1.00271 0.391
-1.00325 0.392
-1.00363 0.393
-1.00411 0.394
-1.00466 0.395
-1.0052 0.396
-1.0056 0.397
-1.00609 0.398
-1.00648 0.399
-1.00694 0.4
-1.00736 0.401
-1.00768 0.402
-1.00812 0.403
-1.00855 0.404
-1.00892 0.405
-1.00921 0.406
-1.00966 0.407
-1.01018 0.408
-1.01069 0.409
-1.0111 0.41
-1.01152 0.411
-1.01201 0.412
-1.01249 0.413
-1.01287 0.414
-1.01321 0.415
-1.01369 0.416
-1.01407 0.417
-1.01457 0.418
-1.01505 0.419
-1.01563 0.42
-1.01601 0.421
-1.01637 0.422
-1.01689 0.423
-1.01737 0.424
-1.01786 0.425
-1.01837 0.426
-1.01894 0.427
-1.01928 0.428
-1.01955 0.429
-1.02001 0.43
-1.02035 0.431
-1.02078 0.432
-1.02102 0.433
-1.02151 0.434
-1.02204 0.435
-1.02245 0.436
-1.02286 0.437
-1.02327 0.438
-1.02358 0.439
-1.02401 0.44
-1.02434 0.441
-1.02465 0.442
-1.02495 0.443
-1.02535 0.444
-1.02558 0.445
-1.02596 0.446
-1.02632 0.447
-1.02656 0.448
-1.02676 0.449
-1.02707 0.45
-1.02726 0.451
-1.02755 0.452
-1.0278 0.453
-1.02806 0.454
-1.0282 0.455
-1.02854 0.456
-1.0289 0.457
-1.02915 0.458
-1.0295 0.459
-1.02982 0.46
-1.03018 0.461
-1.03043 0.462
-1.03082 0.463
-1.03115 0.464
-1.03138 0.465
-1.03182 0.466
-1.03217 0.467
-1.0323 0.468
-1.03258 0.469
-1.03289 0.47
-1.03328 0.471
-1.03367 0.472
-1.03394 0.473
-1.03435 0.474
-1.03461 0.475
-1.03491 0.476
-1.03511 0.477
-1.03545 0.478
-1.03583 0.479
-1.03616 0.48
-1.03648 0.481
-1.03682 0.482
-1.03707 0.483
-1.03727 0.484
-1.0375 0.485
-1.03781 0.486
-1.03796 0.487
-1.03826 0.488
-1.03871 0.489
-1.03908 0.49
-1.0394 0.491
-1.03984 0.492
-1.04012 0.493
-1.04046 0.494
-1.04065 0.495
-1.041 0.496
-1.0413 0.497
-1.04164 0.498
-1.04199 0.499
-1.04238 0.5
-1.04265 0.501
-1.0428 0.502
-1.04313 0.503
-1.04177 0.504
-1.04215 0.505
-1.04241 0.506
-1.04258 0.507
-1.043 0.508
-1.0433 0.509
-1.04355 0.51
-1.04378 0.511
-1.04399 0.512
-1.04405 0.513
-1.04431 0.514
-1.0446 0.515
-1.04489 0.516
-1.04505 0.517
-1.04524 0.518
-1.04548 0.519
-1.04577 0.52
-1.04621 0.521
-1.04651 0.522
-1.04676 0.523
-1.04696 0.524
-1.04718 0.525
-1.04739 0.526
-1.04776 0.527
-1.04801 0.528
-1.04824 0.529
-1.04858 0.53
-1.04649 0.531
-1.04672 0.532
-1.04693 0.533
-1.04721 0.534
-1.04751 0.535
-1.04775 0.536
-1.0481 0.537
-1.04828 0.538
-1.0485 0.539
-1.04868 0.54
-1.04898 0.541
-1.04922 0.542
-1.04948 0.543
-1.04964 0.544
-1.0499 0.545
-1.05013 0.546
-1.05052 0.547
-1.05075 0.548
-1.05085 0.549
-1.0511 0.55
-1.05129 0.551
-1.05156 0.552
-1.05176 0.553
-1.05201 0.554
-1.05231 0.555
-1.05256 0.556
-1.05279 0.557
-1.0531 0.558
-1.05492 0.559
-1.05517 0.56
-1.05546 0.561
-1.05576 0.562
-1.05608 0.563
-1.05615 0.564
-1.05649 0.565
-1.05664 0.566
-1.05671 0.567
-1.05687 0.568
-1.05702 0.569
-1.05728 0.57
-1.0575 0.571
-1.0577 0.572
-1.05793 0.573
-1.05804 0.574
-1.05835 0.575
-1.05851 0.576
-1.05861 0.577
-1.05892 0.578
-1.05911 0.579
-1.05922 0.58
-1.05942 0.581
-1.05966 0.582
-1.05985 0.583
-1.0601 0.584
-1.06039 0.585
-1.06067 0.586
-1.06077 0.587
-1.06087 0.588
-1.0611 0.589
-1.06136 0.59
-1.0616 0.591
-1.06175 0.592
-1.06189 0.593
-1.06215 0.594
-1.06234 0.595
-1.06255 0.596
-1.06279 0.597
-1.06293 0.598
-1.06316 0.599
-1.06333 0.6
-1.06335 0.601
-1.06345 0.602
-1.06352 0.603
-1.06362 0.604
-1.06381 0.605
-1.06414 0.606
-1.06438 0.607
-1.06453 0.608
-1.06469 0.609
-1.06482 0.61
-1.06495 0.611
-1.06503 0.612
-1.06526 0.613
-1.06537 0.614
-1.06553 0.615
-1.0657 0.616
-1.06588 0.617
-1.06505 0.618
-1.06522 0.619
-1.06529 0.62
-1.06546 0.621
-1.06566 0.622
-1.06582 0.623
-1.06604 0.624
-1.06623 0.625
-1.06653 0.626
-1.06677 0.627
-1.06706 0.628
-1.06727 0.629
-1.06743 0.63
-1.06764 0.631
-1.06778 0.632
-1.06802 0.633
-1.06816 0.634
-1.06844 0.635
-1.06858 0.636
-1.06892 0.637
-1.06906 0.638
-1.06919 0.639
-1.06931 0.64
-1.06938 0.641
-1.06955 0.642
-1.06974 0.643
-1.06992 0.644
-1.07021 0.645
-1.07042 0.646
-1.07063 0.647
-1.07078 0.648
-1.07096 0.649
-1.07112 0.65
-1.0713 0.651
-1.0715 0.652
-1.07172 0.653
-1.07186 0.654
-1.07196 0.655
-1.07207 0.656
-1.07218 0.657
-1.07228 0.658
-1.07248 0.659
-1.07268 0.66
-1.07281 0.661
-1.07304 0.662
-1.0732 0.663
-1.07337 0.664
-1.07359 0.665
-1.07375 0.666
-1.07393 0.667
-1.07404 0.668
-1.07418 0.669
-1.0743 0.67
-1.07444 0.671
-1.07466 0.672
-1.07488 0.673
-1.07499 0.674
-1.07512 0.675
-1.07513 0.676
-1.07531 0.677
-1.07546 0.678
-1.07571 0.679
-1.07589 0.68
-1.07608 0.681
-1.07621 0.682
-1.07638 0.683
-1.07653 0.684
-1.07661 0.685
-1.07668 0.686
-1.07682 0.687
-1.07694 0.688
-1.07699 0.689
-1.07717 0.69
-1.07733 0.691
-1.07749 0.692
-1.07759 0.693
-1.07773 0.694
-1.0779 0.695
-1.07802 0.696
-1.07813 0.697
-1.0782 0.698
-1.0784 0.699
-1.07859 0.7
-1.0788 0.701
-1.07893 0.702
-1.07902 0.703
-1.07921 0.704
-1.07942 0.705
-1.07957 0.706
-1.07978 0.707
-1.07991 0.708
-1.07997 0.709
-1.08019 0.71
-1.08029 0.711
-1.08039 0.712
-1.0806 0.713
-1.08075 0.714
-1.08087 0.715
-1.08096 0.716
-1.08101 0.717
-1.08116 0.718
-1.08134 0.719
-1.08153 0.72
-1.08175 0.721
-1.08188 0.722
-1.08198 0.723
-1.08212 0.724
-1.08225 0.725
-1.08237 0.726
-1.08253 0.727
-1.08277 0.728
-1.08284 0.729
-1.08296 0.73
-1.08312 0.731
-1.08327 0.732
-1.0834 0.733
-1.0836 0.734
-1.08366 0.735
-1.08393 0.736
-1.08404 0.737
-1.08424 0.738
-1.08432 0.739
-1.08448 0.74
-1.08456 0.741
-1.08463 0.742
-1.08466 0.743
-1.08483 0.744
-1.08499 0.745
-1.08506 0.746
-1.08517 0.747
-1.08528 0.748
-1.08551 0.749
-1.08561 0.75
-1.08575 0.751
-1.08584 0.752
-1.08594 0.753
-1.08607 0.754
-1.08612 0.755
-1.08628 0.756
-1.08635 0.757
-1.08649 0.758
-1.08664 0.759
-1.08669 0.76
-1.08688 0.761
-1.08701 0.762
-1.08715 0.763
-1.08729 0.764
-1.08741 0.765
-1.08761 0.766
-1.0877 0.767
-1.08777 0.768
-1.08786 0.769
-1.08796 0.77
-1.08812 0.771
-1.08819 0.772
-1.08827 0.773
-1.0884 0.774
-1.0885 0.775
-1.08857 0.776
-1.08868 0.777
-1.08872 0.778
-1.08873 0.779
-1.08893 0.78
-1.08906 0.781
-1.08914 0.782
-1.08929 0.783
-1.08939 0.784
-1.08952 0.785
-1.08959 0.786
-1.08979 0.787
-1.08989 0.788
-1.08989 0.789
-1.09002 0.79
-1.09006 0.791
-1.09016 0.792
-1.09024 0.793
-1.09036 0.794
-1.09038 0.795
-1.0905 0.796
-1.0906 0.797
-1.09071 0.798
-1.09088 0.799
-1.09101 0.8
-1.09122 0.801
-1.09133 0.802
-1.09146 0.803
-1.09161 0.804
-1.09179 0.805
-1.09187 0.806
-1.09198 0.807
-1.09209 0.808
-1.09214 0.809
-1.09226 0.81
-1.09241 0.811
-1.09247 0.812
-1.09259 0.813
-1.0927 0.814
-1.09274 0.815
-1.09293 0.816
-1.09303 0.817
-1.0932 0.818
-1.09332 0.819
-1.0934 0.82
-1.09348 0.821
-1.09361 0.822
-1.09369 0.823
-1.09378 0.824
-1.09384 0.825
-1.0939 0.826
-1.09404 0.827
-1.09416 0.828
-1.09429 0.829
-1.09434 0.83
-1.09447 0.831
-1.09457 0.832
-1.09472 0.833
-1.09477 0.834
-1.09491 0.835
-1.09496 0.836
-1.09507 0.837
-1.09514 0.838
-1.09526 0.839
-1.09546 0.84
-1.09556 0.841
-1.09564 0.842
-1.09571 0.843
-1.09579 0.844
-1.09579 0.845
-1.09598 0.846
-1.09609 0.847
-1.09616 0.848
-1.0962 0.849
-1.09628 0.85
-1.0964 0.851
-1.09653 0.852
-1.0966 0.853
-1.0966 0.854
-1.09668 0.855
-1.09674 0.856
-1.0968 0.857
-1.09683 0.858
-1.09693 0.859
-1.09634 0.86
-1.09638 0.861
-1.09644 0.862
-1.0966 0.863
-1.09678 0.864
-1.09679 0.865
-1.09688 0.866
-1.09694 0.867
-1.09704 0.868
-1.09719 0.869
-1.09728 0.87
-1.09739 0.871
-1.09746 0.872
-1.09751 0.873
-1.09757 0.874
-1.09763 0.875
-1.09764 0.876
-1.09714 0.877
-1.09733 0.878
-1.09735 0.879
-1.09747 0.88
-1.09762 0.881
-1.09775 0.882
-1.09785 0.883
-1.09796 0.884
-1.09805 0.885
-1.09812 0.886
-1.09824 0.887
-1.09832 0.888
-1.09837 0.889
-1.09848 0.89
-1.09848 0.891
-1.09856 0.892
-1.09865 0.893
-1.09878 0.894
-1.09881 0.895
-1.09889 0.896
-1.09899 0.897
-1.09909 0.898
-1.09921 0.899
-1.09931 0.9
-1.0994 0.901
-1.09895 0.902
-1.09907 0.903
-1.09914 0.904
-1.09919 0.905
-1.09928 0.906
-1.09934 0.907
-1.09942 0.908
-1.09947 0.909
-1.09899 0.91
-1.09907 0.911
-1.09917 0.912
-1.09923 0.913
-1.09928 0.914
-1.09935 0.915
-1.09941 0.916
-1.09946 0.917
-1.09947 0.918
-1.09963 0.919
-1.09966 0.92
-1.09978 0.921
-1.09984 0.922
-1.0999 0.923
-1.09913 0.924
-1.09926 0.925
-1.09924 0.926
-1.09935 0.927
-1.09936 0.928
-1.09941 0.929
-1.0995 0.93
-1.09959 0.931
-1.09963 0.932
-1.09968 0.933
-1.09971 0.934
-1.09982 0.935
-1.09993 0.936
-1.10006 0.937
-1.10018 0.938
-1.10025 0.939
-1.1003 0.94
-1.10039 0.941
-1.10049 0.942
-1.10061 0.943
-1.10067 0.944
-1.10079 0.945
-1.1008 0.946
-1.10082 0.947
-1.10095 0.948
-1.10095 0.949
-1.10105 0.95
-1.10113 0.951
-1.10121 0.952
-1.10078 0.953
-1.10092 0.954
-1.10095 0.955
-1.10103 0.956
-1.10108 0.957
-1.10113 0.958
-1.10122 0.959
-1.1013 0.96
-1.10132 0.961
-1.10142 0.962
-1.10144 0.963
-1.10152 0.964
-1.10165 0.965
-1.10169 0.966
-1.10171 0.967
-1.10177 0.968
-1.10186 0.969
-1.10195 0.97
-1.10203 0.971
-1.10213 0.972
-1.10219 0.973
-1.10178 0.974
-1.10189 0.975
-1.10194 0.976
-1.1032 0.977
-1.10329 0.978
-1.10335 0.979
-1.10345 0.98
-1.1035 0.981
-1.10354 0.982
-1.10364 0.983
-1.10367 0.984
-1.10371 0.985
-1.10375 0.986
-1.10382 0.987
-1.10393 0.988
-1.10405 0.989
-1.1041 0.99
-1.10421 0.991
-1.10427 0.992
-1.10432 0.993
-1.10443 0.994
-1.10451 0.995
-1.10448 0.996
-1.10458 0.997
-1.1046 0.998
-1.10467 0.999
-1.10477 1


Shark
3.14159 1.5
3.13749 1.4995
3.13339 1.499
3.12929 1.4985
3.12519 1.498
3.12109 1.4975
3.11699 1.497
3.11289 1.4965
3.10879 1.496
3.10468 1.4955
3.10058 1.495
3.09648 1.4945
3.09238 1.494
3.08828 1.4935
3.08417 1.493
3.08001 1.4925
3.07591 1.492
3.0718 1.4915
3.06769 1.491
3.06353 1.4905
3.05943 1.49
3.05533 1.4895
3.05119 1.489
3.04707 1.4885
3.04289 1.488
3.03875 1.4875
3.03442 1.487
3.03031 1.4865
3.02611 1.486
3.02201 1.4855
3.01782 1.485
3.01355 1.4845
3.00944 1.484
3.00533 1.4835
3.00107 1.483
2.99692 1.4825
2.9928 1.482
2.9887 1.4815
2.98457 1.481
2.98044 1.4805
2.97615 1.48
2.97201 1.4795
2.96789 1.479
2.96357 1.4785
2.95922 1.478
2.95508 1.4775
2.95084 1.477
2.94674 1.4765
2.94255 1.476
2.93825 1.4755
2.93414 1.475
2.92989 1.4745
2.92569 1.474
2.92124 1.4735
2.91711 1.473
2.91271 1.4725
2.90854 1.472
2.90443 1.4715
2.90011 1.471
2.89598 1.4705
2.89165 1.47
2.8871 1.4695
2.88297 1.469
2.87847 1.4685
2.87436 1.468
2.87025 1.4675
2.866 1.467
2.86151 1.4665
2.85735 1.466
2.85315 1.4655
2.84901 1.465
2.84396 1.4645
2.8393 1.464
2.83504 1.4635
2.83043 1.463
2.82608 1.4625
2.82183 1.462
2.81729 1.4615
2.81264 1.461
2.80853 1.4605
2.80431 1.46
2.79988 1.4595
2.79563 1.459
2.79152 1.4585
2.78679 1.458
2.78199 1.4575
2.77763 1.457
2.77343 1.4565
2.76913 1.456
2.76231 1.4555
2.75723 1.455
2.75296 1.4545
2.74827 1.454
2.74381 1.4535
2.7396 1.453
2.73546 1.4525
2.73104 1.452
2.7267 1.4515
2.72216 1.451
2.71783 1.4505
2.71373 1.45
2.70896 1.4495
2.70466 1.449
2.69975 1.4485
2.69403 1.448
2.68991 1.4475
2.68565 1.447
2.68086 1.4465
2.67528 1.446
2.67103 1.4455
2.66616 1.445
2.66166 1.4445
2.65744 1.444
2.6523 1.4435
2.64765 1.443
2.64355 1.4425
2.63683 1.442
2.63253 1.4415
2.62772 1.441
2.62218 1.4405
2.61758 1.44
2.61204 1.4395
2.60706 1.439
2.60226 1.4385
2.59743 1.438
2.59266 1.4375
2.58821 1.437
2.58353 1.4365
2.57694 1.436
2.5721 1.4355
2.56739 1.435
2.56301 1.4345
2.55762 1.434
2.55172 1.4335
2.54648 1.433
2.54175 1.4325
2.53763 1.432
2.53158 1.4315
2.52735 1.431
2.52067 1.4305
2.51583 1.43
2.51126 1.4295
2.50646 1.429
2.50162 1.4285
2.49576 1.428
2.49039 1.4275
2.48529 1.427
2.4809 1.4265
2.47639 1.426
2.47141 1.4255
2.46689 1.425
2.46219 1.4245
2.45764 1.424
2.45241 1.4235
2.44659 1.423
2.44146 1.4225
2.43581 1.422
2.43121 1.4215
2.42703 1.421
2.4222 1.4205
2.41744 1.42
2.41284 1.4195
2.40744 1.419
2.40285 1.4185
2.39798 1.418
2.39318 1.4175
2.38835 1.417
2.38363 1.4165
2.37828 1.416
2.37375 1.4155
2.36919 1.415
2.36418 1.4145
2.35961 1.414
2.35461 1.4135
2.34974 1.413
2.34477 1.4125
2.34049 1.412
2.33581 1.4115
2.3316 1.411
2.32673 1.4105
2.3223 1.41
2.31809 1.4095
2.31395 1.409
2.30903 1.4085
2.30423 1.408
2.29952 1.4075
2.29514 1.407
2.2903 1.4065
2.28598 1.406
2.28133 1.4055
2.27674 1.405
2.27169 1.4045
2.2672 1.404
2.26268 1.4035
2.25797 1.403
2.25348 1.4025
2.24872 1.402
2.24421 1.4015
2.23978 1.401
2.23539 1.4005
2.23098 1.4
2.22644 1.3995
2.22208 1.399
2.21745 1.3985
2.21285 1.398
2.2084 1.3975
2.20377 1.397
2.19932 1.3965
2.19481 1.396
2.19036 1.3955
2.18594 1.395
2.18165 1.3945
2.17734 1.394
2.17306 1.3935
2.16857 1.393
2.16405 1.3925
2.15965 1.392
2.15545 1.3915
2.15109 1.391
2.1466 1.3905
2.14206 1.39
2.13767 1.3895
2.13323 1.389
2.12893 1.3885
2.12468 1.388
2.12028 1.3875
2.11605 1.387
2.11177 1.3865
2.10736 1.386
2.10305 1.3855
2.0988 1.385
2.09444 1.3845
2.09008 1.384
2.08564 1.3835
2.0813 1.383
2.07707 1.3825
2.07275 1.382
2.06849 1.3815
2.06412 1.381
2.05969 1.3805
2.05526 1.38
2.05087 1.3795
2.04663 1.379
2.04239 1.3785
2.03805 1.378
2.03376 1.3775
2.02953 1.377
2.02529 1.3765
2.021 1.376
2.01672 1.3755
2.01244 1.375
2.00811 1.3745
2.00391 1.374
1.9997 1.3735
1.9955 1.373
1.99134 1.3725
1.98711 1.372
1.98288 1.3715
1.97868 1.371
1.97457 1.3705
1.97026 1.37
1.96607 1.3695
1.96178 1.369
1.95752 1.3685
1.95334 1.368
1.94916 1.3675
1.94487 1.367
1.94059 1.3665
1.93638 1.366
1.93209 1.3655
1.92785 1.365
1.92357 1.3645
1.91936 1.364
1.91515 1.3635
1.91086 1.363
1.90666 1.3625
1.90242 1.362
1.89812 1.3615
1.89381 1.361
1.88949 1.3605
1.88528 1.36
1.88107 1.3595
1.87686 1.359
1.87268 1.3585
1.86846 1.358
1.8642 1.3575
1.85992 1.357
1.85572 1.3565
1.85152 1.356
1.84728 1.3555
1.84305 1.355
1.83884 1.3545
1.83469 1.354
1.83042 1.3535
1.82623 1.353
1.82204 1.3525
1.81787 1.352
1.81366 1.3515
1.80939 1.351
1.80523 1.3505
1.801 1.35
1.79676 1.3495
1.79255 1.349
1.78836 1.3485
1.78409 1.348
1.77992 1.3475
1.77562 1.347
1.77146 1.3465
1.76724 1.346
1.76304 1.3455
1.75887 1.345
1.75469 1.3445
1.75047 1.344
1.74621 1.3435
1.74195 1.343
1.73776 1.3425
1.73358 1.342
1.72938 1.3415
1.72515 1.341
1.72088 1.3405
1.71669 1.34
1.71246 1.3395
1.70829 1.339
1.70405 1.3385
1.69988 1.338
1.69571 1.3375
1.6915 1.337
1.68733 1.3365
1.68314 1.336
1.67899 1.3355
1.67478 1.335
1.67059 1.3345
1.6664 1.334
1.66216 1.3335
1.65797 1.333
1.6538 1.3325
1.64965 1.332
1.6455 1.3315
1.64132 1.331
1.63712 1.3305
1.63291 1.33
1.62874 1.3295
1.62458 1.329
1.62026 1.3285
1.61607 1.328
1.61193 1.3275
1.60771 1.327
1.60355 1.3265
1.59933 1.326
1.59521 1.3255
1.59104 1.325
1.58687 1.3245
1.58266 1.324
1.57852 1.3235
1.57435 1.323
1.57014 1.3225
1.56599 1.322
1.56182 1.3215
1.55763 1.321
1.55349 1.3205
1.54932 1.32
1.54514 1.3195
1.54096 1.319
1.53672 1.3185
1.53253 1.318
1.52837 1.3175
1.52417 1.317
1.51997 1.3165
1.51578 1.316
1.51165 1.3155
1.50744 1.315
1.50326 1.3145
1.49906 1.314
1.49492 1.3135
1.49077 1.313
1.48658 1.3125
1.4823 1.312
1.47809 1.3115
1.47389 1.311
1.46971 1.3105
1.46552 1.31
1.46131 1.3095
1.45719 1.309
1.45304 1.3085
1.44883 1.308
1.44467 1.3075
1.44048 1.307
1.43635 1.3065
1.43218 1.306
1.42806 1.3055
1.42388 1.305
1.41974 1.3045
1.41555 1.304
1.4114 1.3035
1.40723 1.303
1.40304 1.3025
1.39885 1.302
1.39469 1.3015
1.39052 1.301
1.38637 1.3005
1.3822 1.3
1.37804 1.2995
1.37391 1.299
1.36974 1.2985
1.36558 1.298
1.36144 1.2975
1.35731 1.297
1.35314 1.2965
1.34895 1.296
1.34476 1.2955
1.34061 1.295
1.33645 1.2945
1.33226 1.294
1.32808 1.2935
1.32393 1.293
1.31979 1.2925
1.31561 1.292
1.31146 1.2915
1.30727 1.291
1.30309 1.2905
1.29887 1.29
1.29472 1.2895
1.29057 1.289
1.28637 1.2885
1.28219 1.288
1.278 1.2875
1.2738 1.287
1.26959 1.2865
1.26544 1.286
1.26132 1.2855
1.25714 1.285
1.25299 1.2845
1.24882 1.284
1.2447 1.2835
1.24051 1.283
1.2363 1.2825
1.23214 1.282
1.22797 1.2815
1.22381 1.281
1.21967 1.2805
1.2155 1.28
1.21135 1.2795
1.20722 1.279
1.20308 1.2785
1.19891 1.278
1.19479 1.2775
1.19064 1.277
1.18648 1.2765
1.18236 1.276
1.17824 1.2755
1.1741 1.275
1.16999 1.2745
1.16585 1.274
1.16173 1.2735
1.1576 1.273
1.15349 1.2725
1.14934 1.272
1.14519 1.2715
1.14106 1.271
1.13691 1.2705
1.13276 1.27
1.12861 1.2695
1.12448 1.269
1.12031 1.2685
1.11617 1.268
1.11204 1.2675
1.10786 1.267
1.1037 1.2665
1.09959 1.266
1.09546 1.2655
1.09132 1.265
1.08715 1.2645
1.08298 1.264
1.07884 1.2635
1.07467 1.263
1.07054 1.2625
1.0664 1.262
1.06228 1.2615
1.05812 1.261
1.05396 1.2605
1.04981 1.26
1.04566 1.2595
1.0415 1.259
1.03737 1.2585
1.03326 1.258
1.02913 1.2575
1.02498 1.257
1.02087 1.2565
1.01673 1.256
1.01253 1.2555
1.00836 1.255
1.00421 1.2545
1.00002 1.254
0.995879 1.2535
0.991724 1.253
0.987605 1.2525
0.983444 1.252
0.9793 1.2515
0.975139 1.251
0.970977 1.2505
0.966802 1.25
0.962665 1.2495
0.958552 1.249
0.954399 1.2485
0.949435 1.248
0.945263 1.2475
0.941126 1.247
0.937012 1.2465
0.932819 1.246
0.928669 1.2455
0.924537 1.245
0.92041 1.2445
0.916286 1.244
0.912184 1.2435
0.908048 1.243
0.903905 1.2425
0.899758 1.242
0.895644 1.2415
0.891524 1.241
0.887393 1.2405
0.883245 1.24
0.879041 1.2395
0.87489 1.239
0.870758 1.2385
0.866634 1.238
0.862506 1.2375
0.858382 1.237
0.854205 1.2365
0.85007 1.236
0.845938 1.2355
0.841773 1.235
0.835651 1.2345
0.831522 1.234
0.827397 1.2335
0.82325 1.233
0.819097 1.2325
0.814964 1.232
0.81079 1.2315
0.806672 1.231
0.802544 1.2305
0.798424 1.23
0.794269 1.2295
0.790135 1.229
0.785995 1.2285
0.78188 1.228
0.777737 1.2275
0.773606 1.227
0.769413 1.2265
0.765282 1.226
0.761176 1.2255
0.757036 1.225
0.752915 1.2245
0.748769 1.224
0.744643 1.2235
0.740506 1.223
0.736346 1.2225
0.73221 1.222
0.728074 1.2215
0.723915 1.221
0.718061 1.2205
0.713923 1.22
0.709769 1.2195
0.705609 1.219
0.701446 1.2185
0.697342 1.218
0.693169 1.2175
0.689054 1.217
0.684951 1.2165
0.680835 1.216
0.676719 1.2155
0.672576 1.215
0.668443 1.2145
0.664315 1.214
0.660181 1.2135
0.656072 1.213
0.651909 1.2125
0.64779 1.212
0.643684 1.2115
0.63952 1.211
0.635393 1.2105
0.631285 1.21
0.627159 1.2095
0.623019 1.209
0.618892 1.2085
0.614749 1.208
0.61059 1.2075
0.606438 1.207
0.60233 1.2065
0.598223 1.206
0.594087 1.2055
0.589939 1.205
0.585796 1.2045
0.581679 1.204
0.577566 1.2035
0.573418 1.203
0.569291 1.2025
0.565159 1.202
0.561017 1.2015
0.556904 1.201
0.552764 1.2005
0.548644 1.2
0.544544 1.1995
0.540435 1.199
0.536332 1.1985
0.532224 1.198
0.528098 1.1975
0.523918 1.197
0.519773 1.1965
0.515655 1.196
0.511537 1.1955
0.507424 1.195
0.50331 1.1945
0.499206 1.194
0.495064 1.1935
0.490956 1.193
0.486834 1.1925
0.482712 1.192
0.478588 1.1915
0.473984 1.191
0.469862 1.1905
0.465757 1.19
0.461636 1.1895
0.457503 1.189
0.453385 1.1885
0.449244 1.188
0.445115 1.1875
0.440945 1.187
0.436798 1.1865
0.43263 1.186
0.428495 1.1855
0.424374 1.185
0.420237 1.1845
0.416122 1.184
0.411974 1.1835
0.40786 1.183
0.403694 1.1825
0.399576 1.182
0.395383 1.1815
0.391266 1.181
0.387153 1.1805
0.383041 1.18
0.378937 1.1795
0.374813 1.179
0.370683 1.1785
0.366554 1.178
0.362383 1.1775
0.358248 1.177
0.354109 1.1765
0.34999 1.176
0.34586 1.1755
0.34174 1.175
0.33761 1.1745
0.333476 1.174
0.329336 1.1735
0.325217 1.173
0.321109 1.1725
0.316997 1.172
0.312887 1.1715
0.308778 1.171
0.304642 1.1705
0.300508 1.17
0.296393 1.1695
0.292244 1.169
0.288123 1.1685
0.283994 1.168
0.279851 1.1675
0.275728 1.167
0.2716 1.1665
0.267488 1.166
0.26337 1.1655
0.259257 1.165
0.255138 1.1645
0.250994 1.164
0.246852 1.1635
0.242739 1.163
0.238624 1.1625
0.234524 1.162
0.230393 1.1615
0.226274 1.161
0.222115 1.1605
0.217983 1.16
0.213849 1.1595
0.209733 1.159
0.205607 1.1585
0.201484 1.158
0.197378 1.1575
0.193274 1.157
0.189155 1.1565
0.18504 1.156
0.180938 1.1555
0.176808 1.155
0.172681 1.1545
0.168558 1.154
0.164447 1.1535
0.160329 1.153
0.156201 1.1525
0.152085 1.152
0.147975 1.1515
0.14387 1.151
0.139728 1.1505
0.135591 1.15
0.13145 1.1495
0.127331 1.149
0.123224 1.1485
0.119087 1.148
0.114942 1.1475
0.110821 1.147
0.106675 1.1465
0.102557 1.146
0.0984531 1.1455
0.0943039 1.145
0.0901935 1.1445
0.0860829 1.144
0.08194 1.1435
0.0778161 1.143
0.0737014 1.1425
0.0695929 1.142
0.0654896 1.1415
0.0613663 1.141
0.0572314 1.1405
0.053096 1.14
0.0489419 1.1395
0.0448242 1.139
0.0407143 1.1385
0.0365924 1.138
0.0324752 1.1375
0.0283576 1.137
0.0242322 1.1365
0.0200702 1.136
0.0159646 1.1355
0.0118485 1.135
0.00771933 1.1345
0.00359522 1.134
-0.000521923 1.1335
-0.00466748 1.133
-0.00877071 1.1325
-0.012953 1.132
-0.0170669 1.1315
-0.0212119 1.131
-0.0253188 1.1305
-0.0294455 1.13
-0.0335533 1.1295
-0.0376584 1.129
-0.0417594 1.1285
-0.0458929 1.128
-0.0500212 1.1275
-0.054127 1.127
-0.0582411 1.1265
-0.0623563 1.126
-0.0665151 1.1255
-0.0706258 1.125
-0.0747499 1.1245
-0.0788589 1.124
-0.0829714 1.1235
-0.0870882 1.123
-0.0911917 1.1225
-0.0953205 1.122
-0.0994262 1.1215
-0.103552 1.121
-0.107676 1.1205
-0.111779 1.12
-0.115919 1.1195
-0.120039 1.119
-0.124164 1.1185
-0.128286 1.118
-0.132403 1.1175
-0.136553 1.117
-0.140662 1.1165
-0.144767 1.116
-0.148879 1.1155
-0.152991 1.115
-0.157121 1.1145
-0.161227 1.114
-0.165334 1.1135
-0.169457 1.113
-0.173569 1.1125
-0.177674 1.112
-0.181789 1.1115
-0.185891 1.111
-0.189991 1.1105
-0.19414 1.11
-0.198261 1.1095
-0.202371 1.109
-0.206497 1.1085
-0.21061 1.108
-0.214731 1.1075
-0.218838 1.107
-0.222987 1.1065
-0.227099 1.106
-0.231199 1.1055
-0.235319 1.105
-0.239421 1.1045
-0.243536 1.104
-0.247643 1.1035
-0.251763 1.103
-0.255863 1.1025
-0.259982 1.102
-0.264093 1.1015
-0.268211 1.101
-0.272346 1.1005
-0.276468 1.1
-0.280627 1.0995
-0.284742 1.099
-0.288865 1.0985
-0.292996 1.098
-0.297139 1.0975
-0.301248 1.097
-0.305364 1.0965
-0.309478 1.096
-0.313582 1.0955
-0.317699 1.095
-0.321831 1.0945
-0.325936 1.094
-0.330054 1.0935
-0.33417 1.093
-0.338273 1.0925
-0.342421 1.092
-0.346537 1.0915
-0.350675 1.091
-0.354793 1.0905
-0.358903 1.09
-0.363011 1.0895
-0.367137 1.089
-0.371245 1.0885
-0.375356 1.088
-0.379462 1.0875
-0.383567 1.087
-0.387692 1.0865
-0.391814 1.086
-0.395935 1.0855
-0.400039 1.085
-0.404162 1.0845
-0.408276 1.084
-0.41241 1.0835
-0.416514 1.083
-0.420638 1.0825
-0.424742 1.082
-0.428862 1.0815
-0.432968 1.081
-0.437088 1.0805
-0.441247 1.08
-0.44536 1.0795
-0.449471 1.079
-0.453577 1.0785
-0.457687 1.078
-0.461787 1.0775
-0.465937 1.077
-0.470053 1.0765
-0.47416 1.076
-0.478263 1.0755
-0.482372 1.075
-0.486496 1.0745
-0.490619 1.074
-0.494727 1.0735
-0.498827 1.073
-0.502938 1.0725
-0.507043 1.072
-0.511149 1.0715
-0.51525 1.071
-0.519365 1.0705
-0.523968 1.07
-0.528071 1.0695
-0.532176 1.069
-0.536318 1.0685
-0.540462 1.068
-0.544562 1.0675
-0.548674 1.067
-0.552781 1.0665
-0.556894 1.066
-0.561033 1.0655
-0.565144 1.065
-0.569265 1.0645
-0.573371 1.064
-0.577475 1.0635
-0.581581 1.063
-0.585686 1.0625
-0.589786 1.062
-0.594268 1.0615
-0.598426 1.061
-0.602527 1.0605
-0.606647 1.06
-0.610783 1.0595
-0.614911 1.059
-0.619028 1.0585
-0.623147 1.058
-0.62726 1.0575
-0.631367 1.057
-0.635492 1.0565
-0.639601 1.056
-0.643706 1.0555
-0.647825 1.055
-0.651925 1.0545
-0.656034 1.054
-0.660149 1.0535
-0.664276 1.053
-0.668377 1.0525
-0.672487 1.052
-0.676603 1.0515
-0.680721 1.051
-0.684845 1.0505
-0.688963 1.05
-0.693075 1.0495
-0.697498 1.049
-0.701622 1.0485
-0.70573 1.048
-0.709834 1.0475
-0.713947 1.047
-0.718054 1.0465
-0.722164 1.046
-0.726268 1.0455
-0.730738 1.045
-0.734848 1.0445
-0.738967 1.044
-0.743073 1.0435
-0.747178 1.043
-0.751285 1.0425
-0.755392 1.042
-0.759495 1.0415
-0.763595 1.041
-0.76774 1.0405
-0.771842 1.04
-0.775965 1.0395
-0.780072 1.039
-0.784179 1.0385
-0.78922 1.038
-0.79335 1.0375
-0.797451 1.037
-0.801572 1.0365
-0.805672 1.036
-0.809776 1.0355
-0.813893 1.035
-0.818005 1.0345
-0.822109 1.034
-0.826212 1.0335
-0.830314 1.033
-0.834438 1.0325
-0.83856 1.032
-0.84269 1.0315
-0.846815 1.031
-0.850923 1.0305
-0.855027 1.03
-0.859143 1.0295
-0.863262 1.029
-0.867388 1.0285
-0.871494 1.028
-0.875623 1.0275
-0.879723 1.027
-0.883823 1.0265
-0.887957 1.026
-0.892057 1.0255
-0.896176 1.025
-0.900288 1.0245
-0.904398 1.024
-0.908817 1.0235
-0.912952 1.023
-0.917054 1.0225
-0.921165 1.022
-0.92527 1.0215
-0.929376 1.021
-0.933489 1.0205
-0.937603 1.02
-0.941704 1.0195
-0.945823 1.019
-0.949924 1.0185
-0.954036 1.018
-0.958168 1.0175
-0.962271 1.017
-0.966372 1.0165
-0.970478 1.016
-0.974595 1.0155
-0.978709 1.015
-0.982823 1.0145
-0.986939 1.014
-0.991048 1.0135
-0.995464 1.013
-0.999584 1.0125
-1.00369 1.012
-1.01017 1.0115
-1.01429 1.011
-1.0184 1.0105
-1.02252 1.01
-1.02662 1.0095
-1.03072 1.009
-1.03485 1.0085
-1.03895 1.008
-1.04305 1.0075
-1.04715 1.007
-1.05126 1.0065
-1.05539 1.006
-1.05951 1.0055
-1.06362 1.005
-1.06775 1.0045
-1.07185 1.004
-1.07596 1.0035
-1.08008 1.003
-1.0842 1.0025
-1.0883 1.002
-1.09242 1.0015
-1.09652 1.001
-1.10063 1.0005
-1.10475 1
