Man
0 0
0.00533047 0.000999001
0.00172358 0.001998
-0.00370419 0.002997
-0.00527307 0.003996
-0.0102775 0.004995
-0.00829768 0.00599401
-0.00742947 0.00699301
-0.0112994 0.00799201
-0.0151106 0.00899101
-0.0180881 0.00999001
-0.0251914 0.010989
-0.0323794 0.011988
-0.0331927 0.012987
-0.0391773 0.013986
-0.0431583 0.014985
-0.0467296 0.015984
-0.0576648 0.016983
-0.0572392 0.017982
-0.0624723 0.018981
-0.0682375 0.01998
-0.0711322 0.020979
-0.0756809 0.021978
-0.08375 0.022977
-0.0846271 0.023976
-0.0918403 0.024975
-0.0932312 0.025974
-0.0942375 0.026973
-0.0983211 0.027972
-0.109846 0.028971
-0.114741 0.02997
-0.118788 0.030969
-0.123311 0.031968
-0.122816 0.032967
-0.129593 0.033966
-0.136202 0.034965
-0.138378 0.035964
-0.141085 0.036963
-0.141072 0.037962
-0.146741 0.038961
-0.156262 0.03996
-0.157973 0.040959
-0.161794 0.041958
-0.168985 0.042957
-0.173268 0.043956
-0.171025 0.044955
-0.170146 0.045954
-0.172324 0.046953
-0.179787 0.047952
-0.181831 0.048951
-0.186947 0.04995
-0.195167 0.0509491
-0.195432 0.0519481
-0.200815 0.0529471
-0.20154 0.0539461
-0.21458 0.0549451
-0.217567 0.0559441
-0.220288 0.0569431
-0.223442 0.0579421
-0.226928 0.0589411
-0.234198 0.0599401
-0.242398 0.0609391
-0.243695 0.0619381
-0.249147 0.0629371
-0.254635 0.0639361
-0.260576 0.0649351
-0.264533 0.0659341
-0.2652 0.0669331
-0.263172 0.0679321
-0.270225 0.0689311
-0.271334 0.0699301
-0.277564 0.0709291
-0.281658 0.0719281
-0.283852 0.0729271
-0.290645 0.0739261
-0.294905 0.0749251
-0.300294 0.0759241
-0.309278 0.0769231
-0.31203 0.0779221
-0.312456 0.0789211
-0.317734 0.0799201
-0.324986 0.0809191
-0.330082 0.0819181
-0.330589 0.0829171
-0.332592 0.0839161
-0.337167 0.0849151
-0.3475 0.0859141
-0.349968 0.0869131
-0.355861 0.0879121
-0.363583 0.0889111
-0.363722 0.0899101
-0.368774 0.0909091
-0.373723 0.0919081
-0.377092 0.0929071
-0.37982 0.0939061
-0.380996 0.0949051
-0.393107 0.0959041
-0.397513 0.0969031
-0.399363 0.0979021
-0.397352 0.0989011
-0.402583 0.0999001
-0.405901 0.100899
-0.410459 0.101898
-0.415107 0.102897
-0.419227 0.103896
-0.422136 0.104895
-0.425804 0.105894
-0.4287 0.106893
-0.434842 0.107892
-0.438089 0.108891
-0.442425 0.10989
-0.447498 0.110889
-0.453749 0.111888
-0.457707 0.112887
-0.466476 0.113886
-0.471944 0.114885
-0.481697 0.115884
-0.486687 0.116883
-0.490795 0.117882
-0.499273 0.118881
-0.502912 0.11988
-0.505498 0.120879
-0.509617 0.121878
-0.513248 0.122877
-0.519936 0.123876
-0.525652 0.124875
-0.529212 0.125874
-0.533292 0.126873
-0.53878 0.127872
-0.54366 0.128871
-0.545315 0.12987
-0.549628 0.130869
-0.556527 0.131868
-0.558562 0.132867
-0.561898 0.133866
-0.565332 0.134865
-0.568082 0.135864
-0.5726 0.136863
-0.574148 0.137862
-0.582546 0.138861
-0.587036 0.13986
-0.588523 0.140859
-0.592712 0.141858
-0.601298 0.142857
-0.605999 0.143856
-0.612189 0.144855
-0.6157 0.145854
-0.620149 0.146853
-0.624643 0.147852
-0.628394 0.148851
-0.629611 0.14985
-0.633259 0.150849
-0.636773 0.151848
-0.641625 0.152847
-0.644327 0.153846
-0.642794 0.154845
-0.647247 0.155844
-0.650521 0.156843
-0.653149 0.157842
-0.657552 0.158841
-0.660776 0.15984
-0.66383 0.160839
-0.666512 0.161838
-0.670881 0.162837
-0.673668 0.163836
-0.677094 0.164835
-0.679776 0.165834
-0.681256 0.166833
-0.684703 0.167832
-0.685832 0.168831
-0.688953 0.16983
-0.693156 0.170829
-0.696169 0.171828
-0.696437 0.172827
-0.699107 0.173826
-0.702518 0.174825
-0.704322 0.175824
-0.706375 0.176823
-0.70863 0.177822
-0.711794 0.178821
-0.715535 0.17982
-0.71814 0.180819
-0.720533 0.181818
-0.723662 0.182817
-0.726359 0.183816
-0.729592 0.184815
-0.727474 0.185814
-0.730029 0.186813
-0.731935 0.187812
-0.733994 0.188811
-0.736353 0.18981
-0.738373 0.190809
-0.74012 0.191808
-0.741576 0.192807
-0.743709 0.193806
-0.746123 0.194805
-0.749036 0.195804
-0.750578 0.196803
-0.751968 0.197802
-0.753033 0.198801
-0.755027 0.1998
-0.756356 0.200799
-0.75786 0.201798
-0.760055 0.202797
-0.761595 0.203796
-0.763529 0.204795
-0.764721 0.205794
-0.766304 0.206793
-0.767374 0.207792
-0.768681 0.208791
-0.770162 0.20979
-0.77194 0.210789
-0.773316 0.211788
-0.774709 0.212787
-0.776044 0.213786
-0.777608 0.214785
-0.77933 0.215784
-0.780418 0.216783
-0.782123 0.217782
-0.783583 0.218781
-0.785118 0.21978
-0.78646 0.220779
-0.787835 0.221778
-0.788742 0.222777
-0.790165 0.223776
-0.791232 0.224775
-0.791701 0.225774
-0.793225 0.226773
-0.794855 0.227772
-0.795981 0.228771
-0.797263 0.22977
-0.798415 0.230769
-0.799754 0.231768
-0.800387 0.232767
-0.801584 0.233766
-0.802212 0.234765
-0.803447 0.235764
-0.804691 0.236763
-0.805977 0.237762
-0.807087 0.238761
-0.808021 0.23976
-0.809002 0.240759
-0.809968 0.241758
-0.810936 0.242757
-0.811954 0.243756
-0.812896 0.244755
-0.814315 0.245754
-0.814977 0.246753
-0.815979 0.247752
-0.816895 0.248751
-0.818094 0.24975
-0.819223 0.250749
-0.819885 0.251748
-0.820813 0.252747
-0.821562 0.253746
-0.822513 0.254745
-0.823266 0.255744
-0.824095 0.256743
-0.824917 0.257742
-0.826154 0.258741
-0.827182 0.25974
-0.827893 0.260739
-0.828796 0.261738
-0.82951 0.262737
-0.830357 0.263736
-0.831088 0.264735
-0.83204 0.265734
-0.832847 0.266733
-0.833365 0.267732
-0.834314 0.268731
-0.835249 0.26973
-0.83588 0.270729
-0.836686 0.271728
-0.837326 0.272727
-0.83843 0.273726
-0.839269 0.274725
-0.840034 0.275724
-0.840768 0.276723
-0.841554 0.277722
-0.842323 0.278721
-0.842916 0.27972
-0.843549 0.280719
-0.844224 0.281718
-0.844685 0.282717
-0.845343 0.283716
-0.846015 0.284715
-0.846534 0.285714
-0.846993 0.286713
-0.847607 0.287712
-0.848093 0.288711
-0.848957 0.28971
-0.849616 0.290709
-0.849936 0.291708
-0.850376 0.292707
-0.850814 0.293706
-0.851292 0.294705
-0.851784 0.295704
-0.852494 0.296703
-0.853195 0.297702
-0.853959 0.298701
-0.854289 0.2997
-0.855071 0.300699
-0.855748 0.301698
-0.856513 0.302697
-0.857215 0.303696
-0.857593 0.304695
-0.858275 0.305694
-0.85889 0.306693
-0.859659 0.307692
-0.860346 0.308691
-0.860831 0.30969
-0.86129 0.310689
-0.861934 0.311688
-0.862647 0.312687
-0.863446 0.313686
-0.863897 0.314685
-0.864473 0.315684
-0.864935 0.316683
-0.865577 0.317682
-0.866354 0.318681
-0.866904 0.31968
-0.867618 0.320679
-0.868373 0.321678
-0.868893 0.322677
-0.869362 0.323676
-0.869757 0.324675
-0.870064 0.325674
-0.870655 0.326673
-0.871104 0.327672
-0.871467 0.328671
-0.871912 0.32967
-0.87229 0.330669
-0.872776 0.331668
-0.873172 0.332667
-0.873441 0.333666
-0.873751 0.334665
-0.874259 0.335664
-0.874776 0.336663
-0.875384 0.337662
-0.875768 0.338661
-0.876567 0.33966
-0.877079 0.340659
-0.877458 0.341658
-0.877812 0.342657
-0.878222 0.343656
-0.878651 0.344655
-0.879051 0.345654
-0.879489 0.346653
-0.879951 0.347652
-0.880539 0.348651
-0.880953 0.34965
-0.881321 0.350649
-0.881761 0.351648
-0.882202 0.352647
-0.882594 0.353646
-0.882941 0.354645
-0.883536 0.355644
-0.88396 0.356643
-0.884477 0.357642
-0.884846 0.358641
-0.884319 0.35964
-0.884758 0.360639
-0.88496 0.361638
-0.885297 0.362637
-0.885804 0.363636
-0.886119 0.364635
-0.886706 0.365634
-0.886995 0.366633
-0.887306 0.367632
-0.887838 0.368631
-0.888213 0.36963
-0.887371 0.370629
-0.887898 0.371628
-0.888191 0.372627
-0.888612 0.373626
-0.888928 0.374625
-0.889242 0.375624
-0.889815 0.376623
-0.890299 0.377622
-0.890899 0.378621
-0.891082 0.37962
-0.891384 0.380619
-0.891804 0.381618
-0.892074 0.382617
-0.89252 0.383616
-0.892857 0.384615
-0.893384 0.385614
-0.893763 0.386613
-0.89406 0.387612
-0.894434 0.388611
-0.894691 0.38961
-0.894992 0.390609
-0.895139 0.391608
-0.895537 0.392607
-0.895869 0.393606
-0.896291 0.394605
-0.896596 0.395604
-0.896948 0.396603
-0.897332 0.397602
-0.897657 0.398601
-0.897829 0.3996
-0.898124 0.400599
-0.898292 0.401598
-0.898537 0.402597
-0.898849 0.403596
-0.89917 0.404595
-0.899469 0.405594
-0.899698 0.406593
-0.899985 0.407592
-0.900404 0.408591
-0.900671 0.40959
-0.901052 0.410589
-0.901441 0.411588
-0.9016 0.412587
-0.901954 0.413586
-0.902211 0.414585
-0.902373 0.415584
-0.902636 0.416583
-0.903024 0.417582
-0.90331 0.418581
-0.903444 0.41958
-0.903633 0.420579
-0.9039 0.421578
-0.904201 0.422577
-0.904429 0.423576
-0.904729 0.424575
-0.904953 0.425574
-0.905432 0.426573
-0.905593 0.427572
-0.905841 0.428571
-0.906058 0.42957
-0.906521 0.430569
-0.90665 0.431568
-0.906986 0.432567
-0.90731 0.433566
-0.907499 0.434565
-0.907828 0.435564
-0.908087 0.436563
-0.908462 0.437562
-0.908706 0.438561
-0.90881 0.43956
-0.909047 0.440559
-0.909162 0.441558
-0.909277 0.442557
-0.909693 0.443556
-0.910031 0.444555
-0.910327 0.445554
-0.910579 0.446553
-0.910775 0.447552
-0.91128 0.448551
-0.91145 0.44955
-0.911654 0.450549
-0.911947 0.451548
-0.912137 0.452547
-0.912368 0.453546
-0.912555 0.454545
-0.912935 0.455544
-0.91323 0.456543
-0.913496 0.457542
-0.913634 0.458541
-0.913992 0.45954
-0.914176 0.460539
-0.914699 0.461538
-0.914902 0.462537
-0.915124 0.463536
-0.91541 0.464535
-0.914827 0.465534
-0.915101 0.466533
-0.915373 0.467532
-0.915748 0.468531
-0.915849 0.46953
-0.916226 0.470529
-0.916463 0.471528
-0.916562 0.472527
-0.916908 0.473526
-0.917186 0.474525
-0.917541 0.475524
-0.917762 0.476523
-0.918026 0.477522
-0.918278 0.478521
-0.918469 0.47952
-0.91877 0.480519
-0.919133 0.481518
-0.919401 0.482517
-0.919667 0.483516
-0.919878 0.484515
-0.920078 0.485514
-0.920313 0.486513
-0.920561 0.487512
-0.920868 0.488511
-0.921102 0.48951
-0.921148 0.490509
-0.921429 0.491508
-0.921577 0.492507
-0.921865 0.493506
-0.922212 0.494505
-0.922347 0.495504
-0.922478 0.496503
-0.922824 0.497502
-0.92295 0.498501
-0.923076 0.4995
-0.923244 0.5005
-0.923358 0.501499
-0.923558 0.502498
-0.923863 0.503497
-0.92411 0.504496
-0.924279 0.505495
-0.924416 0.506494
-0.924693 0.507493
-0.924821 0.508492
-0.925096 0.509491
-0.925258 0.51049
-0.925463 0.511489
-0.925516 0.512488
-0.925664 0.513487
-0.925843 0.514486
-0.926138 0.515485
-0.926277 0.516484
-0.926362 0.517483
-0.926564 0.518482
-0.926783 0.519481
-0.927169 0.52048
-0.927361 0.521479
-0.927505 0.522478
-0.927776 0.523477
-0.928057 0.524476
-0.928174 0.525475
-0.928314 0.526474
-0.928563 0.527473
-0.928685 0.528472
-0.928953 0.529471
-0.928258 0.53047
-0.928482 0.531469
-0.928658 0.532468
-0.928879 0.533467
-0.929067 0.534466
-0.929235 0.535465
-0.929343 0.536464
-0.92948 0.537463
-0.929768 0.538462
-0.929874 0.539461
-0.929968 0.54046
-0.930173 0.541459
-0.930295 0.542458
-0.93052 0.543457
-0.930786 0.544456
-0.930846 0.545455
-0.930921 0.546454
-0.931052 0.547453
-0.930945 0.548452
-0.931189 0.549451
-0.93148 0.55045
-0.931737 0.551449
-0.93184 0.552448
-0.931978 0.553447
-0.93204 0.554446
-0.932274 0.555445
-0.932542 0.556444
-0.932783 0.557443
-0.932918 0.558442
-0.933074 0.559441
-0.933226 0.56044
-0.933315 0.561439
-0.933453 0.562438
-0.933718 0.563437
-0.933856 0.564436
-0.93393 0.565435
-0.934123 0.566434
-0.934337 0.567433
-0.934484 0.568432
-0.93457 0.569431
-0.934767 0.57043
-0.934981 0.571429
-0.935126 0.572428
-0.935277 0.573427
-0.935515 0.574426
-0.935801 0.575425
-0.935982 0.576424
-0.936171 0.577423
-0.936319 0.578422
-0.936503 0.579421
-0.936657 0.58042
-0.93686 0.581419
-0.936922 0.582418
-0.937072 0.583417
-0.93726 0.584416
-0.937546 0.585415
-0.937744 0.586414
-0.937967 0.587413
-0.938163 0.588412
-0.938423 0.589411
-0.938656 0.59041
-0.93883 0.591409
-0.938936 0.592408
-0.939082 0.593407
-0.939125 0.594406
-0.939293 0.595405
-0.939328 0.596404
-0.939555 0.597403
-0.939554 0.598402
-0.939765 0.599401
-0.939977 0.6004
-0.940153 0.601399
-0.940249 0.602398
-0.944365 0.603397
-0.944604 0.604396
-0.944646 0.605395
-0.94473 0.606394
-0.944937 0.607393
-0.945061 0.608392
-0.945232 0.609391
-0.945364 0.61039
-0.945554 0.611389
-0.945748 0.612388
-0.945902 0.613387
-0.946064 0.614386
-0.94626 0.615385
-0.946489 0.616384
-0.946712 0.617383
-0.946907 0.618382
-0.947071 0.619381
-0.947124 0.62038
-0.947143 0.621379
-0.94723 0.622378
-0.947334 0.623377
-0.947434 0.624376
-0.947602 0.625375
-0.947784 0.626374
-0.948016 0.627373
-0.948216 0.628372
-0.947782 0.629371
-0.947892 0.63037
-0.948035 0.631369
-0.94818 0.632368
-0.948381 0.633367
-0.948559 0.634366
-0.948714 0.635365
-0.948792 0.636364
-0.948931 0.637363
-0.949099 0.638362
-0.949187 0.639361
-0.94929 0.64036
-0.949449 0.641359
-0.949536 0.642358
-0.949726 0.643357
-0.949865 0.644356
-0.95 0.645355
-0.950083 0.646354
-0.950229 0.647353
-0.950396 0.648352
-0.950533 0.649351
-0.950712 0.65035
-0.950865 0.651349
-0.95104 0.652348
-0.951079 0.653347
-0.951185 0.654346
-0.951148 0.655345
-0.951239 0.656344
-0.951311 0.657343
-0.951391 0.658342
-0.951526 0.659341
-0.951693 0.66034
-0.951905 0.661339
-0.951925 0.662338
-0.952045 0.663337
-0.952094 0.664336
-0.952267 0.665335
-0.952322 0.666334
-0.952392 0.667333
-0.952457 0.668332
-0.952512 0.669331
-0.95258 0.67033
-0.952709 0.671329
-0.952903 0.672328
-0.953099 0.673327
-0.95335 0.674326
-0.953398 0.675325
-0.95351 0.676324
-0.953624 0.677323
-0.953627 0.678322
-0.953749 0.679321
-0.953885 0.68032
-0.953941 0.681319
-0.954 0.682318
-0.954127 0.683317
-0.954266 0.684316
-0.954366 0.685315
-0.954381 0.686314
-0.954511 0.687313
-0.954041 0.688312
-0.954134 0.689311
-0.954257 0.69031
-0.954408 0.691309
-0.954506 0.692308
-0.954611 0.693307
-0.954773 0.694306
-0.954885 0.695305
-0.955038 0.696304
-0.955197 0.697303
-0.955237 0.698302
-0.955437 0.699301
-0.955553 0.7003
-0.955793 0.701299
-0.955877 0.702298
-0.955985 0.703297
-0.956089 0.704296
-0.956195 0.705295
-0.956288 0.706294
-0.956377 0.707293
-0.956469 0.708292
-0.956468 0.709291
-0.956682 0.71029
-0.956749 0.711289
-0.956868 0.712288
-0.956968 0.713287
-0.957025 0.714286
-0.957122 0.715285
-0.957112 0.716284
-0.957182 0.717283
-0.957341 0.718282
-0.957485 0.719281
-0.957537 0.72028
-0.957619 0.721279
-0.957719 0.722278
-0.957867 0.723277
-0.957923 0.724276
-0.957989 0.725275
-0.958002 0.726274
-0.958156 0.727273
-0.958204 0.728272
-0.958308 0.729271
-0.958417 0.73027
-0.958575 0.731269
-0.958565 0.732268
-0.958664 0.733267
-0.958804 0.734266
-0.958853 0.735265
-0.958983 0.736264
-0.959061 0.737263
-0.959194 0.738262
-0.959114 0.739261
-0.959241 0.74026
-0.959333 0.741259
-0.959463 0.742258
-0.959394 0.743257
-0.959424 0.744256
-0.959577 0.745255
-0.959555 0.746254
-0.959728 0.747253
-0.95969 0.748252
-0.959799 0.749251
-0.959965 0.75025
-0.960098 0.751249
-0.960202 0.752248
-0.960319 0.753247
-0.960422 0.754246
-0.960389 0.755245
-0.960464 0.756244
-0.960572 0.757243
-0.960682 0.758242
-0.960732 0.759241
-0.960761 0.76024
-0.959875 0.761239
-0.959908 0.762238
-0.959981 0.763237
-0.960079 0.764236
-0.960208 0.765235
-0.960378 0.766234
-0.960491 0.767233
-0.960678 0.768232
-0.960761 0.769231
-0.960804 0.77023
-0.960821 0.771229
-0.960871 0.772228
-0.96099 0.773227
-0.960997 0.774226
-0.961101 0.775225
-0.961049 0.776224
-0.961183 0.777223
-0.961368 0.778222
-0.961505 0.779221
-0.961573 0.78022
-0.961683 0.781219
-0.961728 0.782218
-0.961746 0.783217
-0.961792 0.784216
-0.961746 0.785215
-0.961818 0.786214
-0.961926 0.787213
-0.962075 0.788212
-0.962105 0.789211
-0.962161 0.79021
-0.96226 0.791209
-0.962325 0.792208
-0.962506 0.793207
-0.962558 0.794206
-0.962621 0.795205
-0.962647 0.796204
-0.962691 0.797203
-0.962879 0.798202
-0.962904 0.799201
-0.962946 0.8002
-0.96297 0.801199
-0.963032 0.802198
-0.963165 0.803197
-0.963259 0.804196
-0.963267 0.805195
-0.963316 0.806194
-0.963346 0.807193
-0.963388 0.808192
-0.963518 0.809191
-0.96355 0.81019
-0.963711 0.811189
-0.963844 0.812188
-0.963892 0.813187
-0.963935 0.814186
-0.964049 0.815185
-0.964092 0.816184
-0.964215 0.817183
-0.964307 0.818182
-0.963817 0.819181
-0.964004 0.82018
-0.964128 0.821179
-0.964274 0.822178
-0.964154 0.823177
-0.964224 0.824176
-0.964287 0.825175
-0.964366 0.826174
-0.964449 0.827173
-0.964603 0.828172
-0.964723 0.829171
-0.964783 0.83017
-0.964919 0.831169
-0.965045 0.832168
-0.965119 0.833167
-0.965194 0.834166
-0.965285 0.835165
-0.965238 0.836164
-0.965247 0.837163
-0.96531 0.838162
-0.965368 0.839161
-0.96556 0.84016
-0.96563 0.841159
-0.965733 0.842158
-0.965718 0.843157
-0.965876 0.844156
-0.965901 0.845155
-0.965988 0.846154
-0.965523 0.847153
-0.965561 0.848152
-0.965652 0.849151
-0.965662 0.85015
-0.965681 0.851149
-0.965789 0.852148
-0.965779 0.853147
-0.96581 0.854146
-0.965945 0.855145
-0.96598 0.856144
-0.966043 0.857143
-0.966129 0.858142
-0.966151 0.859141
-0.966264 0.86014
-0.966293 0.861139
-0.966388 0.862138
-0.966505 0.863137
-0.966628 0.864136
-0.966684 0.865135
-0.966673 0.866134
-0.966713 0.867133
-0.966795 0.868132
-0.966868 0.869131
-0.966941 0.87013
-0.967012 0.871129
-0.967068 0.872128
-0.967133 0.873127
-0.967144 0.874126
-0.967209 0.875125
-0.967314 0.876124
-0.967391 0.877123
-0.967431 0.878122
-0.967499 0.879121
-0.966908 0.88012
-0.966975 0.881119
-0.967153 0.882118
-0.967253 0.883117
-0.967319 0.884116
-0.967447 0.885115
-0.967509 0.886114
-0.967568 0.887113
-0.967555 0.888112
-0.967441 0.889111
-0.967526 0.89011
-0.967602 0.891109
-0.967757 0.892108
-0.967805 0.893107
-0.967888 0.894106
-0.967944 0.895105
-0.968029 0.896104
-0.96799 0.897103
-0.968123 0.898102
-0.968155 0.899101
-0.968204 0.9001
-0.968282 0.901099
-0.968409 0.902098
-0.968448 0.903097
-0.968573 0.904096
-0.968594 0.905095
-0.968646 0.906094
-0.968697 0.907093
-0.968703 0.908092
-0.968723 0.909091
-0.968844 0.91009
-0.968892 0.911089
-0.969016 0.912088
-0.969057 0.913087
-0.969122 0.914086
-0.969109 0.915085
-0.969186 0.916084
-0.968273 0.917083
-0.968297 0.918082
-0.968339 0.919081
-0.968395 0.92008
-0.968458 0.921079
-0.96853 0.922078
-0.968607 0.923077
-0.968657 0.924076
-0.968707 0.925075
-0.968834 0.926074
-0.970245 0.927073
-0.970304 0.928072
-0.970413 0.929071
-0.970486 0.93007
-0.970573 0.931069
-0.97062 0.932068
-0.970698 0.933067
-0.970776 0.934066
-0.970928 0.935065
-0.970953 0.936064
-0.971017 0.937063
-0.971045 0.938062
-0.971078 0.939061
-0.971132 0.94006
-0.971163 0.941059
-0.971243 0.942058
-0.97134 0.943057
-0.971423 0.944056
-0.971486 0.945055
-0.971611 0.946054
-0.971663 0.947053
-0.97168 0.948052
-0.97168 0.949051
-0.971809 0.95005
-0.971885 0.951049
-0.971886 0.952048
-0.971954 0.953047
-0.971992 0.954046
-0.972055 0.955045
-0.972107 0.956044
-0.972153 0.957043
-0.972149 0.958042
-0.972225 0.959041
-0.972293 0.96004
-0.972373 0.961039
-0.972418 0.962038
-0.972511 0.963037
-0.972538 0.964036
-0.972557 0.965035
-0.972682 0.966034
-0.972697 0.967033
-0.972756 0.968032
-0.972852 0.969031
-0.972893 0.97003
-0.972911 0.971029
-0.973002 0.972028
-0.973011 0.973027
-0.973088 0.974026
-0.972743 0.975025
-0.972761 0.976024
-0.972811 0.977023
-0.972879 0.978022
-0.971959 0.979021
-0.972009 0.98002
-0.972054 0.981019
-0.972057 0.982018
-0.97213 0.983017
-0.971915 0.984016
-0.971952 0.985015
-0.972027 0.986014
-0.972121 0.987013
-0.972201 0.988012
-0.972217 0.989011
-0.97222 0.99001
-0.97232 0.991009
-0.972328 0.992008
-0.972362 0.993007
-0.972479 0.994006
-0.972568 0.995005
-0.972535 0.996004
-0.972633 0.997003
-0.972633 0.998002
-0.972732 0.999001
-0.972788 1


Shark
3.14159 1.5
3.1376 1.4995
3.1336 1.499
3.1296 1.4985
3.12561 1.498
3.12161 1.4975
3.11761 1.497
3.11362 1.4965
3.10962 1.496
3.10562 1.4955
3.10163 1.495
3.09762 1.49451
3.09361 1.49401
3.08961 1.49351
3.0856 1.49301
3.0816 1.49251
3.0776 1.49201
3.07354 1.49151
3.06954 1.49101
3.06553 1.49051
3.06151 1.49001
3.0575 1.48951
3.05349 1.48901
3.04943 1.48851
3.04543 1.48801
3.04137 1.48751
3.03737 1.48701
3.03338 1.48651
3.02936 1.48601
3.02515 1.48551
3.02111 1.48501
3.01709 1.48452
3.01305 1.48402
3.00905 1.48352
3.00495 1.48302
3.00086 1.48252
2.99685 1.48202
2.99283 1.48152
2.98884 1.48102
2.98475 1.48052
2.98048 1.48002
2.97647 1.47952
2.97243 1.47902
2.96825 1.47852
2.96418 1.47802
2.96017 1.47752
2.95617 1.47702
2.95215 1.47652
2.94791 1.47602
2.9439 1.47552
2.93977 1.47502
2.93545 1.47453
2.93145 1.47403
2.9273 1.47353
2.9233 1.47303
2.9184 1.47253
2.91435 1.47203
2.9103 1.47153
2.90624 1.47103
2.90216 1.47053
2.89781 1.47003
2.89335 1.46953
2.88934 1.46903
2.88512 1.46853
2.88089 1.46803
2.87661 1.46753
2.87248 1.46703
2.86848 1.46653
2.86445 1.46603
2.86001 1.46553
2.856 1.46503
2.85164 1.46454
2.84747 1.46404
2.84343 1.46354
2.83896 1.46304
2.83477 1.46254
2.83045 1.46204
2.82561 1.46154
2.82152 1.46104
2.81752 1.46054
2.81319 1.46004
2.80856 1.45954
2.80423 1.45904
2.80023 1.45854
2.79618 1.45804
2.7919 1.45754
2.78657 1.45704
2.78248 1.45654
2.77798 1.45604
2.77314 1.45554
2.76915 1.45504
2.76475 1.45455
2.76037 1.45405
2.75618 1.45355
2.75206 1.45305
2.74804 1.45255
2.74193 1.45205
2.73759 1.45155
2.73353 1.45105
2.72945 1.45055
2.72495 1.45005
2.72073 1.44955
2.71633 1.44905
2.71191 1.44855
2.70756 1.44805
2.70338 1.44755
2.6991 1.44705
2.69492 1.44655
2.69013 1.44605
2.68589 1.44555
2.68147 1.44505
2.67689 1.44456
2.67202 1.44406
2.66764 1.44356
2.66201 1.44306
2.65729 1.44256
2.65127 1.44206
2.64665 1.44156
2.64221 1.44106
2.63655 1.44056
2.63219 1.44006
2.62801 1.43956
2.62354 1.43906
2.61916 1.43856
2.61398 1.43806
2.60908 1.43756
2.6047 1.43706
2.6002 1.43656
2.59533 1.43606
2.59061 1.43556
2.58652 1.43506
2.58194 1.43457
2.57654 1.43407
2.5724 1.43357
2.56803 1.43307
2.56363 1.43257
2.55936 1.43207
2.55467 1.43157
2.55058 1.43107
2.54445 1.43057
2.53974 1.43007
2.53565 1.42957
2.53101 1.42907
2.5247 1.42857
2.51987 1.42807
2.51451 1.42757
2.51003 1.42707
2.50526 1.42657
2.50046 1.42607
2.49589 1.42557
2.49183 1.42507
2.48727 1.42458
2.48274 1.42408
2.47777 1.42358
2.47344 1.42308
2.46934 1.42258
2.46448 1.42208
2.45999 1.42158
2.45566 1.42108
2.45079 1.42058
2.4463 1.42008
2.44185 1.41958
2.43749 1.41908
2.43259 1.41858
2.4282 1.41808
2.42361 1.41758
2.41924 1.41708
2.41513 1.41658
2.41051 1.41608
2.40644 1.41558
2.40192 1.41508
2.39701 1.41459
2.39251 1.41409
2.38851 1.41359
2.3841 1.41309
2.37945 1.41259
2.37526 1.41209
2.37101 1.41159
2.36671 1.41109
2.36212 1.41059
2.35731 1.41009
2.35289 1.40959
2.34853 1.40909
2.34393 1.40859
2.33947 1.40809
2.33482 1.40759
2.33053 1.40709
2.3261 1.40659
2.32186 1.40609
2.31757 1.40559
2.31319 1.40509
2.30891 1.4046
2.3047 1.4041
2.30055 1.4036
2.29622 1.4031
2.29181 1.4026
2.28721 1.4021
2.28304 1.4016
2.27889 1.4011
2.27481 1.4006
2.27051 1.4001
2.26637 1.3996
2.2622 1.3991
2.25782 1.3986
2.25364 1.3981
2.24934 1.3976
2.24522 1.3971
2.24102 1.3966
2.23693 1.3961
2.23279 1.3956
2.2286 1.3951
2.22433 1.39461
2.22017 1.39411
2.21601 1.39361
2.21185 1.39311
2.20764 1.39261
2.20337 1.39211
2.19927 1.39161
2.19501 1.39111
2.19081 1.39061
2.18659 1.39011
2.18243 1.38961
2.17825 1.38911
2.17417 1.38861
2.16998 1.38811
2.16587 1.38761
2.16185 1.38711
2.15763 1.38661
2.15336 1.38611
2.14924 1.38561
2.14507 1.38511
2.14094 1.38462
2.13675 1.38412
2.13272 1.38362
2.12857 1.38312
2.12453 1.38262
2.12037 1.38212
2.1162 1.38162
2.11202 1.38112
2.10789 1.38062
2.10379 1.38012
2.09969 1.37962
2.09558 1.37912
2.09148 1.37862
2.08736 1.37812
2.08326 1.37762
2.07903 1.37712
2.07498 1.37662
2.07086 1.37612
2.06677 1.37562
2.0626 1.37512
2.05844 1.37463
2.05439 1.37413
2.05029 1.37363
2.04622 1.37313
2.04211 1.37263
2.03804 1.37213
2.03395 1.37163
2.02987 1.37113
2.02567 1.37063
2.02154 1.37013
2.01747 1.36963
2.01337 1.36913
2.0093 1.36863
2.00521 1.36813
2.00114 1.36763
1.99702 1.36713
1.99293 1.36663
1.9889 1.36613
1.98477 1.36563
1.98065 1.36513
1.9766 1.36464
1.97251 1.36414
1.96845 1.36364
1.96428 1.36314
1.96018 1.36264
1.95609 1.36214
1.95201 1.36164
1.94792 1.36114
1.94384 1.36064
1.93979 1.36014
1.93573 1.35964
1.93166 1.35914
1.92763 1.35864
1.92357 1.35814
1.9195 1.35764
1.91546 1.35714
1.91143 1.35664
1.90737 1.35614
1.90334 1.35564
1.89922 1.35514
1.89515 1.35465
1.89113 1.35415
1.88711 1.35365
1.88308 1.35315
1.87904 1.35265
1.875 1.35215
1.87092 1.35165
1.86684 1.35115
1.86274 1.35065
1.85872 1.35015
1.85462 1.34965
1.85054 1.34915
1.84644 1.34865
1.84235 1.34815
1.83833 1.34765
1.83425 1.34715
1.83018 1.34665
1.82608 1.34615
1.82199 1.34565
1.81795 1.34515
1.81391 1.34466
1.80984 1.34416
1.80574 1.34366
1.80163 1.34316
1.79759 1.34266
1.79353 1.34216
1.78949 1.34166
1.78541 1.34116
1.78129 1.34066
1.77724 1.34016
1.77314 1.33966
1.76903 1.33916
1.76497 1.33866
1.76093 1.33816
1.7569 1.33766
1.75289 1.33716
1.74882 1.33666
1.74478 1.33616
1.74075 1.33566
1.73672 1.33516
1.73269 1.33467
1.72864 1.33417
1.72461 1.33367
1.7206 1.33317
1.71658 1.33267
1.71253 1.33217
1.70847 1.33167
1.70439 1.33117
1.70036 1.33067
1.69622 1.33017
1.69217 1.32967
1.68814 1.32917
1.68411 1.32867
1.68008 1.32817
1.67604 1.32767
1.672 1.32717
1.66796 1.32667
1.66391 1.32617
1.65983 1.32567
1.6558 1.32517
1.65177 1.32468
1.64772 1.32418
1.64368 1.32368
1.63965 1.32318
1.63562 1.32268
1.63154 1.32218
1.62749 1.32168
1.62343 1.32118
1.6194 1.32068
1.61533 1.32018
1.61129 1.31968
1.60728 1.31918
1.60325 1.31868
1.59919 1.31818
1.59517 1.31768
1.59108 1.31718
1.58706 1.31668
1.58304 1.31618
1.57897 1.31568
1.57494 1.31518
1.57075 1.31469
1.56668 1.31419
1.56266 1.31369
1.55861 1.31319
1.55459 1.31269
1.55057 1.31219
1.54648 1.31169
1.54242 1.31119
1.53832 1.31069
1.53431 1.31019
1.53029 1.30969
1.52624 1.30919
1.52223 1.30869
1.51817 1.30819
1.51414 1.30769
1.51006 1.30719
1.50603 1.30669
1.502 1.30619
1.49797 1.30569
1.49395 1.30519
1.48993 1.3047
1.48592 1.3042
1.48188 1.3037
1.47785 1.3032
1.4738 1.3027
1.46977 1.3022
1.46574 1.3017
1.4617 1.3012
1.45767 1.3007
1.45366 1.3002
1.44964 1.2997
1.44563 1.2992
1.44162 1.2987
1.43759 1.2982
1.43356 1.2977
1.42953 1.2972
1.42552 1.2967
1.4215 1.2962
1.41744 1.2957
1.41342 1.2952
1.40938 1.29471
1.40533 1.29421
1.40133 1.29371
1.39729 1.29321
1.39327 1.29271
1.38927 1.29221
1.38525 1.29171
1.3812 1.29121
1.37717 1.29071
1.37317 1.29021
1.36916 1.28971
1.36514 1.28921
1.36111 1.28871
1.3571 1.28821
1.35307 1.28771
1.34906 1.28721
1.34498 1.28671
1.34097 1.28621
1.33695 1.28571
1.33294 1.28521
1.32887 1.28472
1.32486 1.28422
1.32083 1.28372
1.31679 1.28322
1.31278 1.28272
1.30874 1.28222
1.30472 1.28172
1.30067 1.28122
1.29665 1.28072
1.29265 1.28022
1.28864 1.27972
1.28464 1.27922
1.28063 1.27872
1.27657 1.27822
1.27253 1.27772
1.2685 1.27722
1.26448 1.27672
1.26047 1.27622
1.25637 1.27572
1.25236 1.27522
1.24835 1.27473
1.24432 1.27423
1.24031 1.27373
1.23629 1.27323
1.23228 1.27273
1.22822 1.27223
1.22419 1.27173
1.22017 1.27123
1.21616 1.27073
1.21211 1.27023
1.2081 1.26973
1.20399 1.26923
1.19998 1.26873
1.19596 1.26823
1.19193 1.26773
1.18779 1.26723
1.18376 1.26673
1.17973 1.26623
1.17568 1.26573
1.17167 1.26523
1.16762 1.26474
1.1636 1.26424
1.1596 1.26374
1.15555 1.26324
1.15152 1.26274
1.14746 1.26224
1.14344 1.26174
1.13942 1.26124
1.13539 1.26074
1.13138 1.26024
1.12734 1.25974
1.12329 1.25924
1.11926 1.25874
1.11523 1.25824
1.11121 1.25774
1.1072 1.25724
1.10317 1.25674
1.09915 1.25624
1.09511 1.25574
1.09109 1.25524
1.08709 1.25475
1.08305 1.25425
1.07905 1.25375
1.07501 1.25325
1.07096 1.25275
1.06695 1.25225
1.06295 1.25175
1.05889 1.25125
1.05489 1.25075
1.05089 1.25025
1.04688 1.24975
1.04287 1.24925
1.03886 1.24875
1.03481 1.24825
1.03079 1.24775
1.02678 1.24725
1.02277 1.24675
1.01874 1.24625
1.01473 1.24575
1.0107 1.24525
1.00669 1.24476
1.00267 1.24426
0.998671 1.24376
0.994663 1.24326
0.99065 1.24276
0.986608 1.24226
0.982602 1.24176
0.978602 1.24126
0.974584 1.24076
0.970562 1.24026
0.966487 1.23976
0.962471 1.23926
0.958463 1.23876
0.954427 1.23826
0.950388 1.23776
0.946385 1.23726
0.942378 1.23676
0.938347 1.23626
0.934343 1.23576
0.930307 1.23526
0.926048 1.23477
0.922023 1.23427
0.91801 1.23377
0.913986 1.23327
0.90997 1.23277
0.905958 1.23227
0.901955 1.23177
0.897948 1.23127
0.893905 1.23077
0.889902 1.23027
0.885901 1.22977
0.88188 1.22927
0.877876 1.22877
0.87385 1.22827
0.869812 1.22777
0.865814 1.22727
0.861815 1.22677
0.857808 1.22627
0.853806 1.22577
0.849774 1.22527
0.845727 1.22478
0.841691 1.22428
0.837688 1.22378
0.833681 1.22328
0.829682 1.22278
0.825653 1.22228
0.821612 1.22178
0.817581 1.22128
0.813573 1.22078
0.809562 1.22028
0.805552 1.21978
0.801551 1.21928
0.797543 1.21878
0.793502 1.21828
0.789494 1.21778
0.785495 1.21728
0.781475 1.21678
0.777449 1.21628
0.77344 1.21578
0.769439 1.21528
0.765418 1.21479
0.761392 1.21429
0.757382 1.21379
0.753371 1.21329
0.749338 1.21279
0.745288 1.21229
0.74127 1.21179
0.737251 1.21129
0.73324 1.21079
0.729221 1.21029
0.725209 1.20979
0.721186 1.20929
0.717187 1.20879
0.713176 1.20829
0.709156 1.20779
0.705104 1.20729
0.701081 1.20679
0.697051 1.20629
0.693028 1.20579
0.688986 1.20529
0.684952 1.2048
0.680935 1.2043
0.676931 1.2038
0.67292 1.2033
0.668923 1.2028
0.664907 1.2023
0.66091 1.2018
0.656877 1.2013
0.652881 1.2008
0.648854 1.2003
0.644825 1.1998
0.640807 1.1993
0.636804 1.1988
0.626103 1.1983
0.622066 1.1978
0.618069 1.1973
0.614067 1.1968
0.61004 1.1963
0.606033 1.1958
0.602015 1.1953
0.598006 1.19481
0.593983 1.19431
0.589959 1.19381
0.585945 1.19331
0.581929 1.19281
0.577904 1.19231
0.573869 1.19181
0.569835 1.19131
0.56581 1.19081
0.561793 1.19031
0.557795 1.18981
0.553799 1.18931
0.549797 1.18881
0.545793 1.18831
0.541789 1.18781
0.537771 1.18731
0.533749 1.18681
0.529711 1.18631
0.525683 1.18581
0.521541 1.18531
0.517535 1.18482
0.513523 1.18432
0.50951 1.18382
0.505482 1.18332
0.50146 1.18282
0.497445 1.18232
0.493444 1.18182
0.489432 1.18132
0.485413 1.18082
0.481411 1.18032
0.477406 1.17982
0.47339 1.17932
0.469387 1.17882
0.465362 1.17832
0.46135 1.17782
0.457339 1.17732
0.453337 1.17682
0.449323 1.17632
0.445303 1.17582
0.441292 1.17532
0.437269 1.17483
0.433253 1.17433
0.429231 1.17383
0.425234 1.17333
0.421228 1.17283
0.417231 1.17233
0.413228 1.17183
0.409227 1.17133
0.405226 1.17083
0.401214 1.17033
0.397193 1.16983
0.393158 1.16933
0.389162 1.16883
0.385153 1.16833
0.381155 1.16783
0.377133 1.16733
0.373134 1.16683
0.369134 1.16633
0.365134 1.16583
0.361135 1.16533
0.357135 1.16484
0.353124 1.16434
0.349094 1.16384
0.345064 1.16334
0.341011 1.16284
0.337013 1.16234
0.333005 1.16184
0.328998 1.16134
0.325002 1.16084
0.320992 1.16034
0.316979 1.15984
0.31298 1.15934
0.308981 1.15884
0.30497 1.15834
0.300956 1.15784
0.29695 1.15734
0.292954 1.15684
0.288942 1.15634
0.284741 1.15584
0.280737 1.15534
0.276727 1.15485
0.272709 1.15435
0.268704 1.15385
0.264697 1.15335
0.260676 1.15285
0.256668 1.15235
0.252649 1.15185
0.248629 1.15135
0.244631 1.15085
0.240596 1.15035
0.236587 1.14985
0.232535 1.14935
0.228532 1.14885
0.224525 1.14835
0.220518 1.14785
0.216511 1.14735
0.212506 1.14685
0.208502 1.14635
0.204498 1.14585
0.200502 1.14535
0.19646 1.14486
0.192459 1.14436
0.188449 1.14386
0.184443 1.14336
0.180444 1.14286
0.176438 1.14236
0.172442 1.14186
0.168441 1.14136
0.164419 1.14086
0.160401 1.14036
0.156403 1.13986
0.1524 1.13936
0.148393 1.13886
0.144374 1.13836
0.140375 1.13786
0.136375 1.13736
0.132378 1.13686
0.128357 1.13636
0.124359 1.13586
0.120351 1.13536
0.116343 1.13487
0.11232 1.13437
0.108324 1.13387
0.104318 1.13337
0.1003 1.13287
0.0963019 1.13237
0.0922874 1.13187
0.0882849 1.13137
0.0842696 1.13087
0.0802667 1.13037
0.0762532 1.12987
0.0722479 1.12937
0.0682332 1.12887
0.064232 1.12837
0.0602349 1.12787
0.056213 1.12737
0.0522165 1.12687
0.0481871 1.12637
0.0441895 1.12587
0.0401804 1.12537
0.0361532 1.12488
0.0321374 1.12438
0.0281292 1.12388
0.0241178 1.12338
0.0201095 1.12288
0.0161123 1.12238
0.0121098 1.12188
0.00810047 1.12138
0.00409059 1.12088
9.1693e-05 1.12038
-0.00390529 1.11988
-0.00872629 1.11938
-0.0127235 1.11888
-0.0167258 1.11838
-0.020733 1.11788
-0.0247485 1.11738
-0.0287784 1.11688
-0.0327893 1.11638
-0.0368262 1.11588
-0.0408304 1.11538
-0.0448286 1.11489
-0.048825 1.11439
-0.0528239 1.11389
-0.0568368 1.11339
-0.0608328 1.11289
-0.0648419 1.11239
-0.0688412 1.11189
-0.0728588 1.11139
-0.076896 1.11089
-0.0809149 1.11039
-0.0849165 1.10989
-0.0889272 1.10939
-0.0929257 1.10889
-0.0969221 1.10839
-0.100921 1.10789
-0.104919 1.10739
-0.108922 1.10689
-0.112932 1.10639
-0.116956 1.10589
-0.120953 1.10539
-0.124953 1.1049
-0.128961 1.1044
-0.132962 1.1039
-0.136999 1.1034
-0.140999 1.1029
-0.145 1.1024
-0.148997 1.1019
-0.152995 1.1014
-0.157036 1.1009
-0.161032 1.1004
-0.165031 1.0999
-0.169027 1.0994
-0.173028 1.0989
-0.177047 1.0984
-0.181054 1.0979
-0.185051 1.0974
-0.18905 1.0969
-0.193047 1.0964
-0.197045 1.0959
-0.201063 1.0954
-0.205061 1.09491
-0.20909 1.09441
-0.21311 1.09391
-0.217109 1.09341
-0.221107 1.09291
-0.225121 1.09241
-0.229119 1.09191
-0.233135 1.09141
-0.237142 1.09091
-0.241449 1.09041
-0.245491 1.08991
-0.249508 1.08941
-0.253533 1.08891
-0.257548 1.08841
-0.261551 1.08791
-0.265552 1.08741
-0.269557 1.08691
-0.273562 1.08641
-0.277591 1.08591
-0.281606 1.08541
-0.285607 1.08492
-0.289629 1.08442
-0.293647 1.08392
-0.29765 1.08342
-0.301654 1.08292
-0.305661 1.08242
-0.309661 1.08192
-0.313657 1.08142
-0.317658 1.08092
-0.321659 1.08042
-0.325707 1.07992
-0.32971 1.07942
-0.333721 1.07892
-0.337717 1.07842
-0.341749 1.07792
-0.345746 1.07742
-0.349753 1.07692
-0.354048 1.07642
-0.358046 1.07592
-0.362054 1.07542
-0.36605 1.07493
-0.370047 1.07443
-0.37406 1.07393
-0.378056 1.07343
-0.382053 1.07293
-0.386076 1.07243
-0.390074 1.07193
-0.394076 1.07143
-0.398082 1.07093
-0.402079 1.07043
-0.406094 1.06993
-0.410091 1.06943
-0.414101 1.06893
-0.418117 1.06843
-0.422136 1.06793
-0.426136 1.06743
-0.430132 1.06693
-0.434131 1.06643
-0.438137 1.06593
-0.442141 1.06543
-0.446145 1.06494
-0.450149 1.06444
-0.45415 1.06394
-0.458152 1.06344
-0.462148 1.06294
-0.466151 1.06244
-0.470164 1.06194
-0.474169 1.06144
-0.478167 1.06094
-0.48217 1.06044
-0.486674 1.05994
-0.490677 1.05944
-0.494722 1.05894
-0.498734 1.05844
-0.502736 1.05794
-0.506758 1.05744
-0.51076 1.05694
-0.514762 1.05644
-0.518758 1.05594
-0.522775 1.05544
-0.526782 1.05495
-0.530787 1.05445
-0.534821 1.05395
-0.538821 1.05345
-0.542828 1.05295
-0.546829 1.05245
-0.550837 1.05195
-0.554835 1.05145
-0.55886 1.05095
-0.562857 1.05045
-0.566857 1.04995
-0.570863 1.04945
-0.574885 1.04895
-0.578884 1.04845
-0.582905 1.04795
-0.586902 1.04745
-0.590902 1.04695
-0.594903 1.04645
-0.598899 1.04595
-0.602895 1.04545
-0.606916 1.04496
-0.610915 1.04446
-0.614937 1.04396
-0.618936 1.04346
-0.622939 1.04296
-0.626935 1.04246
-0.630941 1.04196
-0.636154 1.04146
-0.640151 1.04096
-0.64415 1.04046
-0.648151 1.03996
-0.652154 1.03946
-0.656159 1.03896
-0.660165 1.03846
-0.664165 1.03796
-0.668165 1.03746
-0.672189 1.03696
-0.678771 1.03646
-0.682773 1.03596
-0.686789 1.03546
-0.690794 1.03497
-0.694803 1.03447
-0.698803 1.03397
-0.70281 1.03347
-0.706816 1.03297
-0.710853 1.03247
-0.71485 1.03197
-0.718853 1.03147
-0.72285 1.03097
-0.726848 1.03047
-0.730849 1.02997
-0.734847 1.02947
-0.738854 1.02897
-0.742867 1.02847
-0.746875 1.02797
-0.750878 1.02747
-0.754902 1.02697
-0.758903 1.02647
-0.7629 1.02597
-0.766896 1.02547
-0.770921 1.02498
-0.774928 1.02448
-0.778924 1.02398
-0.782928 1.02348
-0.786927 1.02298
-0.79093 1.02248
-0.794931 1.02198
-0.798931 1.02148
-0.802927 1.02098
-0.806934 1.02048
-0.810938 1.01998
-0.814946 1.01948
-0.818946 1.01898
-0.822958 1.01848
-0.826955 1.01798
-0.830952 1.01748
-0.834977 1.01698
-0.838973 1.01648
-0.842976 1.01598
-0.846989 1.01548
-0.850988 1.01499
-0.854985 1.01449
-0.858996 1.01399
-0.862993 1.01349
-0.867 1.01299
-0.871216 1.01249
-0.875212 1.01199
-0.879213 1.01149
-0.883218 1.01099
-0.888598 1.01049
-0.892599 1.00999
-0.896599 1.00949
-0.900595 1.00899
-0.904602 1.00849
-0.908687 1.00799
-0.912685 1.00749
-0.916692 1.00699
-0.920705 1.00649
-0.924714 1.00599
-0.92871 1.00549
-0.932706 1.005
-0.936722 1.0045
-0.940718 1.004
-0.944716 1.0035
-0.948739 1.003
-0.952751 1.0025
-0.956749 1.002
-0.960764 1.0015
-0.96476 1.001
-0.968776 1.0005
-0.972778 1
