Man
0 0
0.00463149 0.001
-0.00125668 0.002
-0.00511098 0.003
-0.00649085 0.004
-0.0122112 0.005
-0.0145491 0.006
-0.0175108 0.007
-0.0251671 0.008
-0.0262028 0.009
-0.0356787 0.01
-0.037908 0.011
-0.0346725 0.012
-0.0388241 0.013
-0.0419331 0.014
-0.0547244 0.015
-0.0541739 0.016
-0.0562249 0.017
-0.0593043 0.018
-0.0693325 0.019
-0.0677691 0.02
-0.0663617 0.021
-0.0672504 0.022
-0.0640636 0.023
-0.0727553 0.024
-0.0840594 0.025
-0.0834515 0.026
-0.0880488 0.027
-0.0963234 0.028
-0.106459 0.029
-0.106363 0.03
-0.118565 0.031
-0.117317 0.032
-0.117776 0.033
-0.124818 0.034
-0.131504 0.035
-0.140971 0.036
-0.141291 0.037
-0.142433 0.038
-0.149228 0.039
-0.163009 0.04
-0.162092 0.041
-0.166129 0.042
-0.171589 0.043
-0.177747 0.044
-0.183239 0.045
-0.185073 0.046
-0.184212 0.047
-0.193409 0.048
-0.195895 0.049
-0.202627 0.05
-0.21324 0.051
-0.215469 0.052
-0.221277 0.053
-0.219045 0.054
-0.222639 0.055
-0.226182 0.056
-0.225654 0.057
-0.220405 0.058
-0.227757 0.059
-0.234259 0.06
-0.240141 0.061
-0.244685 0.062
-0.253192 0.063
-0.259155 0.064
-0.260211 0.065
-0.262931 0.066
-0.262719 0.067
-0.259768 0.068
-0.266288 0.069
-0.270483 0.07
-0.281159 0.071
-0.288299 0.072
-0.292042 0.073
-0.298798 0.074
-0.302351 0.075
-0.30663 0.076
-0.314945 0.077
-0.322869 0.078
-0.325917 0.079
-0.325959 0.08
-0.333266 0.081
-0.343129 0.082
-0.344987 0.083
-0.347346 0.084
-0.349405 0.085
-0.354863 0.086
-0.360478 0.087
-0.360483 0.088
-0.369502 0.089
-0.38094 0.09
-0.392507 0.091
-0.401324 0.092
-0.40516 0.093
-0.411132 0.094
-0.411145 0.095
-0.416914 0.096
-0.421271 0.097
-0.421898 0.098
-0.427452 0.099
-0.433896 0.1
-0.437007 0.101
-0.438055 0.102
-0.444287 0.103
-0.447289 0.104
-0.450404 0.105
-0.45799 0.106
-0.463639 0.107
-0.475084 0.108
-0.474009 0.109
-0.481982 0.11
-0.484869 0.111
-0.492298 0.112
-0.49417 0.113
-0.500499 0.114
-0.501254 0.115
-0.506475 0.116
-0.519857 0.117
-0.526711 0.118
-0.534187 0.119
-0.539729 0.12
-0.544748 0.121
-0.549931 0.122
-0.55266 0.123
-0.554053 0.124
-0.560528 0.125
-0.565718 0.126
-0.568685 0.127
-0.57609 0.128
-0.581215 0.129
-0.58514 0.13
-0.590518 0.131
-0.595261 0.132
-0.596707 0.133
-0.599881 0.134
-0.602218 0.135
-0.605979 0.136
-0.621152 0.137
-0.627732 0.138
-0.630923 0.139
-0.632221 0.14
-0.640041 0.141
-0.646868 0.142
-0.654106 0.143
-0.659371 0.144
-0.667168 0.145
-0.675829 0.146
-0.678286 0.147
-0.681939 0.148
-0.682606 0.149
-0.689918 0.15
-0.69163 0.151
-0.70069 0.152
-0.709972 0.153
-0.720872 0.154
-0.726735 0.155
-0.732398 0.156
-0.736079 0.157
-0.741156 0.158
-0.74504 0.159
-0.750459 0.16
-0.7554 0.161
-0.758927 0.162
-0.763494 0.163
-0.768021 0.164
-0.773172 0.165
-0.777936 0.166
-0.781485 0.167
-0.785044 0.168
-0.78806 0.169
-0.791352 0.17
-0.79868 0.171
-0.803276 0.172
-0.805882 0.173
-0.812712 0.174
-0.816544 0.175
-0.819157 0.176
-0.823682 0.177
-0.827523 0.178
-0.832067 0.179
-0.835822 0.18
-0.839147 0.181
-0.842538 0.182
-0.846289 0.183
-0.849809 0.184
-0.853379 0.185
-0.855921 0.186
-0.859744 0.187
-0.863067 0.188
-0.866474 0.189
-0.869922 0.19
-0.873102 0.191
-0.875765 0.192
-0.878469 0.193
-0.881822 0.194
-0.884532 0.195
-0.887944 0.196
-0.890907 0.197
-0.893741 0.198
-0.896436 0.199
-0.89919 0.2
-0.902621 0.201
-0.904732 0.202
-0.907785 0.203
-0.910428 0.204
-0.91241 0.205
-0.914855 0.206
-0.917064 0.207
-0.91936 0.208
-0.921354 0.209
-0.923844 0.21
-0.926143 0.211
-0.928482 0.212
-0.930917 0.213
-0.933177 0.214
-0.935308 0.215
-0.937444 0.216
-0.939512 0.217
-0.941425 0.218
-0.943558 0.219
-0.945391 0.22
-0.947437 0.221
-0.949264 0.222
-0.950958 0.223
-0.952708 0.224
-0.954588 0.225
-0.95604 0.226
-0.958179 0.227
-0.95999 0.228
-0.960737 0.229
-0.962464 0.23
-0.964513 0.231
-0.966557 0.232
-0.968179 0.233
-0.969855 0.234
-0.971774 0.235
-0.973787 0.236
-0.975486 0.237
-0.977117 0.238
-0.979138 0.239
-0.981118 0.24
-0.983017 0.241
-0.984642 0.242
-0.986149 0.243
-0.987766 0.244
-0.989596 0.245
-0.991227 0.246
-0.992468 0.247
-0.994068 0.248
-0.995671 0.249
-0.997138 0.25
-0.998318 0.251
-0.999743 0.252
-1.00147 0.253
-1.0031 0.254
-1.00459 0.255
-1.00579 0.256
-1.00729 0.257
-1.00874 0.258
-1.01008 0.259
-1.01114 0.26
-1.01254 0.261
-1.01403 0.262
-1.01545 0.263
-1.01645 0.264
-1.01798 0.265
-1.01917 0.266
-1.02079 0.267
-1.02231 0.268
-1.02375 0.269
-1.02498 0.27
-1.0264 0.271
-1.02765 0.272
-1.02901 0.273
-1.03036 0.274
-1.03127 0.275
-1.0324 0.276
-1.03371 0.277
-1.03495 0.278
-1.03617 0.279
-1.03711 0.28
-1.03819 0.281
-1.03906 0.282
-1.04001 0.283
-1.04153 0.284
-1.04243 0.285
-1.04343 0.286
-1.04439 0.287
-1.04549 0.288
-1.04632 0.289
-1.04728 0.29
-1.04839 0.291
-1.04933 0.292
-1.05053 0.293
-1.05138 0.294
-1.05264 0.295
-1.05342 0.296
-1.05429 0.297
-1.05562 0.298
-1.05657 0.299
-1.05735 0.3
-1.0584 0.301
-1.05915 0.302
-1.06022 0.303
-1.06113 0.304
-1.06197 0.305
-1.06296 0.306
-1.06385 0.307
-1.06465 0.308
-1.06579 0.309
-1.06677 0.31
-1.06787 0.311
-1.06887 0.312
-1.06979 0.313
-1.07069 0.314
-1.07164 0.315
-1.07252 0.316
-1.07349 0.317
-1.07436 0.318
-1.07533 0.319
-1.07632 0.32
-1.07712 0.321
-1.07802 0.322
-1.079 0.323
-1.07969 0.324
-1.08029 0.325
-1.08098 0.326
-1.08169 0.327
-1.08229 0.328
-1.08314 0.329
-1.08385 0.33
-1.08438 0.331
-1.08522 0.332
-1.08598 0.333
-1.08684 0.334
-1.08754 0.335
-1.08822 0.336
-1.08901 0.337
-1.08986 0.338
-1.09065 0.339
-1.09147 0.34
-1.09232 0.341
-1.09306 0.342
-1.0939 0.343
-1.09491 0.344
-1.09559 0.345
-1.09633 0.346
-1.09702 0.347
-1.09762 0.348
-1.0981 0.349
-1.09885 0.35
-1.09951 0.351
-1.10008 0.352
-1.10062 0.353
-1.10125 0.354
-1.10199 0.355
-1.1027 0.356
-1.10335 0.357
-1.10391 0.358
-1.10448 0.359
-1.10524 0.36
-1.10595 0.361
-1.10665 0.362
-1.10733 0.363
-1.10787 0.364
-1.10842 0.365
-1.1091 0.366
-1.10985 0.367
-1.11041 0.368
-1.11084 0.369
-1.11158 0.37
-1.11222 0.371
-1.11281 0.372
-1.11363 0.373
-1.11414 0.374
-1.11482 0.375
-1.11563 0.376
-1.11644 0.377
-1.11711 0.378
-1.1179 0.379
-1.1186 0.38
-1.11906 0.381
-1.1195 0.382
-1.12008 0.383
-1.12074 0.384
-1.12146 0.385
-1.12208 0.386
-1.12266 0.387
-1.12316 0.388
-1.12355 0.389
-1.12411 0.39
-1.12467 0.391
-1.12535 0.392
-1.12602 0.393
-1.12665 0.394
-1.12716 0.395
-1.12765 0.396
-1.12828 0.397
-1.12901 0.398
-1.12963 0.399
-1.13021 0.4
-1.13089 0.401
-1.13133 0.402
-1.1318 0.403
-1.13238 0.404
-1.1328 0.405
-1.13321 0.406
-1.13379 0.407
-1.13445 0.408
-1.13503 0.409
-1.1356 0.41
-1.13607 0.411
-1.13666 0.412
-1.13711 0.413
-1.13771 0.414
-1.13819 0.415
-1.13856 0.416
-1.13909 0.417
-1.13959 0.418
-1.14 0.419
-1.1405 0.42
-1.14089 0.421
-1.14122 0.422
-1.14162 0.423
-1.14223 0.424
-1.14267 0.425
-1.14311 0.426
-1.14363 0.427
-1.14404 0.428
-1.14458 0.429
-1.14507 0.43
-1.14549 0.431
-1.14592 0.432
-1.14639 0.433
-1.14693 0.434
-1.1475 0.435
-1.14807 0.436
-1.14861 0.437
-1.14915 0.438
-1.14962 0.439
-1.15008 0.44
-1.15047 0.441
-1.15077 0.442
-1.15106 0.443
-1.15152 0.444
-1.15201 0.445
-1.15233 0.446
-1.15272 0.447
-1.15324 0.448
-1.15366 0.449
-1.15399 0.45
-1.1544 0.451
-1.15479 0.452
-1.15533 0.453
-1.15581 0.454
-1.15625 0.455
-1.15673 0.456
-1.15707 0.457
-1.15746 0.458
-1.15781 0.459
-1.15817 0.46
-1.15869 0.461
-1.15908 0.462
-1.15946 0.463
-1.15982 0.464
-1.16019 0.465
-1.16072 0.466
-1.16117 0.467
-1.16155 0.468
-1.16187 0.469
-1.16235 0.47
-1.16294 0.471
-1.16339 0.472
-1.16363 0.473
-1.16405 0.474
-1.16441 0.475
-1.16484 0.476
-1.16519 0.477
-1.16561 0.478
-1.16598 0.479
-1.16641 0.48
-1.16677 0.481
-1.16729 0.482
-1.16774 0.483
-1.16822 0.484
-1.16846 0.485
-1.16879 0.486
-1.16913 0.487
-1.1694 0.488
-1.16979 0.489
-1.17022 0.49
-1.17049 0.491
-1.17103 0.492
-1.1713 0.493
-1.17189 0.494
-1.17224 0.495
-1.17271 0.496
-1.17303 0.497
-1.17331 0.498
-1.17355 0.499
-1.17389 0.5
-1.17428 0.501
-1.17469 0.502
-1.17494 0.503
-1.17532 0.504
-1.17571 0.505
-1.17601 0.506
-1.17624 0.507
-1.17668 0.508
-1.17699 0.509
-1.17727 0.51
-1.17767 0.511
-1.17796 0.512
-1.17828 0.513
-1.17856 0.514
-1.17902 0.515
-1.17946 0.516
-1.17985 0.517
-1.18016 0.518
-1.18047 0.519
-1.18083 0.52
-1.18122 0.521
-1.18148 0.522
-1.18188 0.523
-1.18219 0.524
-1.18258 0.525
-1.18286 0.526
-1.18317 0.527
-1.18353 0.528
-1.18383 0.529
-1.18408 0.53
-1.18442 0.531
-1.18487 0.532
-1.18515 0.533
-1.18549 0.534
-1.18568 0.535
-1.18604 0.536
-1.18644 0.537
-1.18687 0.538
-1.18726 0.539
-1.18754 0.54
-1.18775 0.541
-1.18795 0.542
-1.18814 0.543
-1.18842 0.544
-1.18876 0.545
-1.18898 0.546
-1.18934 0.547
-1.18964 0.548
-1.18998 0.549
-1.19028 0.55
-1.19053 0.551
-1.19087 0.552
-1.19115 0.553
-1.19155 0.554
-1.1918 0.555
-1.19206 0.556
-1.19246 0.557
-1.19271 0.558
-1.19306 0.559
-1.19331 0.56
-1.1936 0.561
-1.19401 0.562
-1.19444 0.563
-1.19473 0.564
-1.19511 0.565
-1.19525 0.566
-1.19548 0.567
-1.19564 0.568
-1.1959 0.569
-1.19615 0.57
-1.19637 0.571
-1.19674 0.572
-1.19712 0.573
-1.19744 0.574
-1.19783 0.575
-1.19807 0.576
-1.19845 0.577
-1.19866 0.578
-1.19885 0.579
-1.19921 0.58
-1.19956 0.581
-1.19989 0.582
-1.20234 0.583
-1.20264 0.584
-1.20288 0.585
-1.20311 0.586
-1.20336 0.587
-1.20352 0.588
-1.20374 0.589
-1.20405 0.59
-1.20431 0.591
-1.20446 0.592
-1.2046 0.593
-1.20494 0.594
-1.20515 0.595
-1.20526 0.596
-1.20546 0.597
-1.20569 0.598
-1.20607 0.599
-1.20628 0.6
-1.20644 0.601
-1.20666 0.602
-1.20684 0.603
-1.20701 0.604
-1.20725 0.605
-1.20739 0.606
-1.20763 0.607
-1.2114 0.608
-1.21164 0.609
-1.2117 0.61
-1.212 0.611
-1.21239 0.612
-1.21265 0.613
-1.21291 0.614
-1.21304 0.615
-1.21323 0.616
-1.21343 0.617
-1.21355 0.618
-1.21376 0.619
-1.214 0.62
-1.21429 0.621
-1.21454 0.622
-1.21477 0.623
-1.21488 0.624
-1.2151 0.625
-1.21534 0.626
-1.21564 0.627
-1.21587 0.628
-1.21598 0.629
-1.21616 0.63
-1.21639 0.631
-1.21647 0.632
-1.21672 0.633
-1.21686 0.634
-1.21711 0.635
-1.2174 0.636
-1.2176 0.637
-1.21779 0.638
-1.21796 0.639
-1.21815 0.64
-1.2184 0.641
-1.21869 0.642
-1.21889 0.643
-1.2191 0.644
-1.21935 0.645
-1.21956 0.646
-1.21976 0.647
-1.21992 0.648
-1.22007 0.649
-1.22024 0.65
-1.22039 0.651
-1.22065 0.652
-1.22089 0.653
-1.22106 0.654
-1.22125 0.655
-1.22135 0.656
-1.22159 0.657
-1.22173 0.658
-1.22192 0.659
-1.22214 0.66
-1.22235 0.661
-1.22254 0.662
-1.22281 0.663
-1.22306 0.664
-1.22323 0.665
-1.22338 0.666
-1.2236 0.667
-1.22377 0.668
-1.22396 0.669
-1.22408 0.67
-1.22432 0.671
-1.22455 0.672
-1.22472 0.673
-1.22496 0.674
-1.22519 0.675
-1.22535 0.676
-1.22556 0.677
-1.22584 0.678
-1.22604 0.679
-1.22625 0.68
-1.22644 0.681
-1.22654 0.682
-1.22668 0.683
-1.2269 0.684
-1.22704 0.685
-1.22722 0.686
-1.22745 0.687
-1.22764 0.688
-1.22777 0.689
-1.22796 0.69
-1.22814 0.691
-1.22839 0.692
-1.22858 0.693
-1.22872 0.694
-1.2289 0.695
-1.22913 0.696
-1.2293 0.697
-1.2294 0.698
-1.22959 0.699
-1.22979 0.7
-1.22999 0.701
-1.23011 0.702
-1.2303 0.703
-1.23062 0.704
-1.23085 0.705
-1.23101 0.706
-1.23115 0.707
-1.23129 0.708
-1.23148 0.709
-1.23164 0.71
-1.23176 0.711
-1.23182 0.712
-1.23206 0.713
-1.23228 0.714
-1.23253 0.715
-1.23272 0.716
-1.23284 0.717
-1.23293 0.718
-1.23317 0.719
-1.23337 0.72
-1.2336 0.721
-1.23367 0.722
-1.2338 0.723
-1.23403 0.724
-1.23411 0.725
-1.23433 0.726
-1.23452 0.727
-1.23477 0.728
-1.23485 0.729
-1.23499 0.73
-1.2351 0.731
-1.23527 0.732
-1.23532 0.733
-1.23561 0.734
-1.23586 0.735
-1.23613 0.736
-1.23632 0.737
-1.23639 0.738
-1.23647 0.739
-1.2366 0.74
-1.23673 0.741
-1.23685 0.742
-1.23689 0.743
-1.23702 0.744
-1.23716 0.745
-1.23725 0.746
-1.23742 0.747
-1.23749 0.748
-1.23765 0.749
-1.23789 0.75
-1.23798 0.751
-1.23825 0.752
-1.23843 0.753
-1.2386 0.754
-1.2387 0.755
-1.23882 0.756
-1.2389 0.757
-1.23907 0.758
-1.23925 0.759
-1.23936 0.76
-1.23952 0.761
-1.23967 0.762
-1.23981 0.763
-1.23995 0.764
-1.24014 0.765
-1.24028 0.766
-1.2404 0.767
-1.24053 0.768
-1.24062 0.769
-1.24073 0.77
-1.24087 0.771
-1.24101 0.772
-1.2411 0.773
-1.24116 0.774
-1.24131 0.775
-1.24135 0.776
-1.24143 0.777
-1.2416 0.778
-1.24171 0.779
-1.24184 0.78
-1.242 0.781
-1.24218 0.782
-1.24231 0.783
-1.24255 0.784
-1.24267 0.785
-1.24283 0.786
-1.24301 0.787
-1.2431 0.788
-1.2432 0.789
-1.24344 0.79
-1.24359 0.791
-1.24373 0.792
-1.24391 0.793
-1.24399 0.794
-1.24408 0.795
-1.24419 0.796
-1.2444 0.797
-1.24453 0.798
-1.24739 0.799
-1.24751 0.8
-1.2477 0.801
-1.24781 0.802
-1.24795 0.803
-1.24808 0.804
-1.2482 0.805
-1.24834 0.806
-1.24854 0.807
-1.24871 0.808
-1.24883 0.809
-1.24895 0.81
-1.24911 0.811
-1.24923 0.812
-1.24931 0.813
-1.2494 0.814
-1.24953 0.815
-1.24962 0.816
-1.24976 0.817
-1.24985 0.818
-1.25 0.819
-1.25016 0.82
-1.25031 0.821
-1.25047 0.822
-1.25059 0.823
-1.25077 0.824
-1.25086 0.825
-1.25093 0.826
-1.25108 0.827
-1.25116 0.828
-1.25138 0.829
-1.25144 0.83
-1.25154 0.831
-1.25167 0.832
-1.25178 0.833
-1.25182 0.834
-1.25195 0.835
-1.25206 0.836
-1.25223 0.837
-1.2524 0.838
-1.25244 0.839
-1.25249 0.84
-1.25269 0.841
-1.25275 0.842
-1.25281 0.843
-1.25297 0.844
-1.25314 0.845
-1.25332 0.846
-1.25349 0.847
-1.25359 0.848
-1.25367 0.849
-1.25374 0.85
-1.2539 0.851
-1.25402 0.852
-1.25415 0.853
-1.25425 0.854
-1.25433 0.855
-1.25443 0.856
-1.25451 0.857
-1.25456 0.858
-1.25467 0.859
-1.25472 0.86
-1.25479 0.861
-1.25495 0.862
-1.25508 0.863
-1.25521 0.864
-1.25532 0.865
-1.2554 0.866
-1.25558 0.867
-1.2557 0.868
-1.25581 0.869
-1.25591 0.87
-1.25609 0.871
-1.25625 0.872
-1.25636 0.873
-1.25652 0.874
-1.25663 0.875
-1.25679 0.876
-1.25693 0.877
-1.2571 0.878
-1.25725 0.879
-1.2574 0.88
-1.2576 0.881
-1.25776 0.882
-1.2579 0.883
-1.25797 0.884
-1.25805 0.885
-1.25817 0.886
-1.25823 0.887
-1.25828 0.888
-1.25834 0.889
-1.25842 0.89
-1.25852 0.891
-1.25857 0.892
-1.25867 0.893
-1.25878 0.894
-1.25889 0.895
-1.25899 0.896
-1.25918 0.897
-1.25929 0.898
-1.25942 0.899
-1.25953 0.9
-1.25966 0.901
-1.25974 0.902
-1.25983 0.903
-1.25997 0.904
-1.26004 0.905
-1.26015 0.906
-1.2602 0.907
-1.26034 0.908
-1.26043 0.909
-1.26051 0.91
-1.26056 0.911
-1.2607 0.912
-1.26082 0.913
-1.26101 0.914
-1.26117 0.915
-1.26133 0.916
-1.26137 0.917
-1.26144 0.918
-1.26154 0.919
-1.26163 0.92
-1.2617 0.921
-1.26182 0.922
-1.26191 0.923
-1.262 0.924
-1.2621 0.925
-1.26214 0.926
-1.26219 0.927
-1.26229 0.928
-1.26239 0.929
-1.26248 0.93
-1.26253 0.931
-1.26266 0.932
-1.26275 0.933
-1.26288 0.934
-1.26302 0.935
-1.26314 0.936
-1.26323 0.937
-1.26336 0.938
-1.26344 0.939
-1.26359 0.94
-1.2637 0.941
-1.2638 0.942
-1.26394 0.943
-1.26404 0.944
-1.26417 0.945
-1.26427 0.946
-1.26441 0.947
-1.26453 0.948
-1.26457 0.949
-1.26469 0.95
-1.26472 0.951
-1.26481 0.952
-1.26486 0.953
-1.26502 0.954
-1.26512 0.955
-1.26514 0.956
-1.26524 0.957
-1.26532 0.958
-1.26542 0.959
-1.26556 0.96
-1.26559 0.961
-1.26568 0.962
-1.26573 0.963
-1.2659 0.964
-1.26599 0.965
-1.26605 0.966
-1.26608 0.967
-1.26612 0.968
-1.26618 0.969
-1.26621 0.97
-1.26633 0.971
-1.2664 0.972
-1.26649 0.973
-1.2666 0.974
-1.26664 0.975
-1.26667 0.976
-1.26676 0.977
-1.26685 0.978
-1.26693 0.979
-1.26702 0.98
-1.2671 0.981
-1.26721 0.982
-1.26734 0.983
-1.26749 0.984
-1.26756 0.985
-1.26767 0.986
-1.26782 0.987
-1.26794 0.988
-1.26735 0.989
-1.26741 0.99
-1.26752 0.991
-1.26763 0.992
-1.26768 0.993
-1.26779 0.994
-1.26792 0.995
-1.268 0.996
-1.26807 0.997
-1.26815 0.998
-1.26825 0.999
-1.26837 1


Shark
3.14159 1.5
3.13739 1.4995
3.13319 1.499
3.12899 1.4985
3.12479 1.498
3.12059 1.4975
3.11639 1.497
3.11219 1.4965
3.10798 1.496
3.10378 1.4955
3.09957 1.495
3.09536 1.4945
3.09116 1.494
3.08696 1.4935
3.08275 1.493
3.07848 1.4925
3.07428 1.492
3.07008 1.4915
3.06587 1.491
3.0616 1.4905
3.0574 1.49
3.0532 1.4895
3.049 1.489
3.04479 1.4885
3.0405 1.488
3.03614 1.4875
3.03194 1.487
3.02771 1.4865
3.0234 1.486
3.01903 1.4855
3.01483 1.485
3.01035 1.4845
3.00615 1.484
3.00195 1.4835
2.99763 1.483
2.99332 1.4825
2.98889 1.482
2.98469 1.4815
2.98048 1.481
2.97614 1.4805
2.97136 1.48
2.96716 1.4795
2.9629 1.479
2.95859 1.4785
2.95424 1.478
2.94992 1.4775
2.9457 1.477
2.9415 1.4765
2.93692 1.476
2.93269 1.4755
2.92826 1.475
2.92349 1.4745
2.91927 1.474
2.91487 1.4735
2.91064 1.473
2.90636 1.4725
2.90208 1.472
2.89788 1.4715
2.8935 1.471
2.88892 1.4705
2.88442 1.47
2.87996 1.4695
2.8756 1.469
2.87084 1.4685
2.86635 1.468
2.86214 1.4675
2.85788 1.467
2.85368 1.4665
2.84939 1.466
2.84479 1.4655
2.84042 1.465
2.83516 1.4645
2.83045 1.464
2.8261 1.4635
2.82141 1.463
2.81706 1.4625
2.81265 1.462
2.80767 1.4615
2.80274 1.461
2.79842 1.4605
2.79422 1.46
2.78935 1.4595
2.78396 1.459
2.77971 1.4585
2.77543 1.458
2.77117 1.4575
2.76653 1.457
2.76187 1.4565
2.75767 1.456
2.75229 1.4555
2.74628 1.455
2.7402 1.4545
2.7348 1.454
2.73035 1.4535
2.72554 1.453
2.72134 1.4525
2.71654 1.452
2.71199 1.4515
2.70778 1.451
2.70299 1.4505
2.698 1.45
2.6936 1.4495
2.68938 1.449
2.68439 1.4485
2.68 1.448
2.67558 1.4475
2.6702 1.447
2.6653 1.4465
2.65864 1.446
2.65441 1.4455
2.64884 1.445
2.64443 1.4445
2.63897 1.444
2.63468 1.4435
2.62951 1.443
2.62529 1.4425
2.62039 1.442
2.61261 1.4415
2.60722 1.441
2.60161 1.4405
2.59657 1.44
2.59166 1.4395
2.5867 1.439
2.58227 1.4385
2.57801 1.438
2.57261 1.4375
2.5676 1.437
2.56311 1.4365
2.55734 1.436
2.55231 1.4355
2.5476 1.435
2.54247 1.4345
2.53752 1.434
2.53324 1.4335
2.52868 1.433
2.52428 1.4325
2.51956 1.432
2.5099 1.4315
2.50424 1.431
2.49965 1.4305
2.49538 1.43
2.48914 1.4295
2.4833 1.429
2.47727 1.4285
2.472 1.428
2.46567 1.4275
2.45892 1.427
2.45445 1.4265
2.44968 1.426
2.44546 1.4255
2.43924 1.425
2.4349 1.4245
2.42777 1.424
2.42049 1.4235
2.4123 1.423
2.40664 1.4225
2.40104 1.422
2.39619 1.4215
2.39082 1.421
2.38588 1.4205
2.38033 1.42
2.37497 1.4195
2.37014 1.419
2.36491 1.4185
2.35968 1.418
2.35418 1.4175
2.34883 1.417
2.34395 1.4165
2.33906 1.416
2.33435 1.4155
2.32954 1.415
2.32282 1.4145
2.31747 1.414
2.31287 1.4135
2.30636 1.413
2.3013 1.4125
2.29668 1.412
2.29131 1.4115
2.28622 1.411
2.28082 1.4105
2.27575 1.41
2.27085 1.4095
2.26592 1.409
2.26083 1.4085
2.25583 1.408
2.2508 1.4075
2.24616 1.407
2.241 1.4065
2.23605 1.406
2.23106 1.4055
2.22604 1.405
2.22113 1.4045
2.21642 1.404
2.21168 1.4035
2.20668 1.403
2.20193 1.4025
2.19688 1.402
2.19202 1.4015
2.18721 1.401
2.18244 1.4005
2.17765 1.4
2.17255 1.3995
2.16799 1.399
2.16305 1.3985
2.15828 1.398
2.15375 1.3975
2.14905 1.397
2.14443 1.3965
2.13978 1.396
2.13523 1.3955
2.1305 1.395
2.12583 1.3945
2.12114 1.394
2.11642 1.3935
2.11175 1.393
2.10713 1.3925
2.10251 1.392
2.09791 1.3915
2.09336 1.391
2.08873 1.3905
2.0842 1.39
2.07959 1.3895
2.07506 1.389
2.07057 1.3885
2.06606 1.388
2.0615 1.3875
2.05708 1.387
2.05242 1.3865
2.04787 1.386
2.04361 1.3855
2.0391 1.385
2.03445 1.3845
2.0298 1.384
2.02532 1.3835
2.02081 1.383
2.0162 1.3825
2.01155 1.382
2.00703 1.3815
2.00252 1.381
1.99786 1.3805
1.99321 1.38
1.98859 1.3795
1.98408 1.379
1.97961 1.3785
1.9751 1.378
1.97049 1.3775
1.96597 1.377
1.96158 1.3765
1.95706 1.376
1.95254 1.3755
1.94807 1.375
1.94369 1.3745
1.93923 1.374
1.93464 1.3735
1.9301 1.373
1.92561 1.3725
1.92122 1.372
1.91672 1.3715
1.91223 1.371
1.90779 1.3705
1.90343 1.37
1.89896 1.3695
1.89445 1.369
1.88997 1.3685
1.88563 1.368
1.88109 1.3675
1.87669 1.367
1.87212 1.3665
1.86759 1.366
1.86308 1.3655
1.85865 1.365
1.85415 1.3645
1.84972 1.364
1.84524 1.3635
1.84076 1.363
1.83644 1.3625
1.83204 1.362
1.82757 1.3615
1.82313 1.361
1.81869 1.3605
1.81435 1.36
1.80996 1.3595
1.80564 1.359
1.80129 1.3585
1.79672 1.358
1.79238 1.3575
1.78801 1.357
1.78366 1.3565
1.77925 1.356
1.77493 1.3555
1.77058 1.355
1.76616 1.3545
1.7618 1.354
1.75735 1.3535
1.75302 1.353
1.74855 1.3525
1.74424 1.352
1.7399 1.3515
1.73538 1.351
1.73102 1.3505
1.7267 1.35
1.7223 1.3495
1.71799 1.349
1.71358 1.3485
1.70922 1.348
1.70489 1.3475
1.7005 1.347
1.69615 1.3465
1.69182 1.346
1.68737 1.3455
1.68298 1.345
1.67854 1.3445
1.67414 1.344
1.66977 1.3435
1.66541 1.343
1.66102 1.3425
1.65667 1.342
1.65227 1.3415
1.64792 1.341
1.64352 1.3405
1.63911 1.34
1.63478 1.3395
1.6304 1.339
1.626 1.3385
1.6217 1.338
1.61742 1.3375
1.61311 1.337
1.6088 1.3365
1.60452 1.336
1.60016 1.3355
1.59585 1.335
1.59158 1.3345
1.58722 1.334
1.58289 1.3335
1.57852 1.333
1.57421 1.3325
1.5699 1.332
1.56556 1.3315
1.56119 1.331
1.55684 1.3305
1.55248 1.33
1.54811 1.3295
1.54377 1.329
1.5394 1.3285
1.53496 1.328
1.53065 1.3275
1.52631 1.327
1.52199 1.3265
1.5177 1.326
1.51344 1.3255
1.5091 1.325
1.50479 1.3245
1.50051 1.324
1.49623 1.3235
1.49193 1.323
1.48759 1.3225
1.48325 1.322
1.47894 1.3215
1.47466 1.321
1.47037 1.3205
1.46602 1.32
1.46168 1.3195
1.45735 1.319
1.45303 1.3185
1.44874 1.318
1.44446 1.3175
1.44013 1.317
1.43578 1.3165
1.43149 1.316
1.42724 1.3155
1.42288 1.315
1.41857 1.3145
1.41427 1.314
1.40988 1.3135
1.4056 1.313
1.40127 1.3125
1.39688 1.312
1.39249 1.3115
1.38815 1.311
1.38377 1.3105
1.37942 1.31
1.37516 1.3095
1.3709 1.309
1.3666 1.3085
1.36226 1.308
1.35791 1.3075
1.35359 1.307
1.34929 1.3065
1.34501 1.306
1.34076 1.3055
1.33646 1.305
1.33216 1.3045
1.32782 1.304
1.32347 1.3035
1.31914 1.303
1.31486 1.3025
1.31058 1.302
1.30625 1.3015
1.30188 1.301
1.29756 1.3005
1.29324 1.3
1.28889 1.2995
1.28463 1.299
1.28035 1.2985
1.27604 1.298
1.27178 1.2975
1.26752 1.297
1.2632 1.2965
1.25885 1.296
1.25454 1.2955
1.25023 1.295
1.24595 1.2945
1.24163 1.294
1.23735 1.2935
1.23303 1.293
1.22875 1.2925
1.2245 1.292
1.22019 1.2915
1.2159 1.291
1.21164 1.2905
1.20735 1.29
1.20309 1.2895
1.19885 1.289
1.19459 1.2885
1.19026 1.288
1.18598 1.2875
1.18171 1.287
1.17741 1.2865
1.17315 1.286
1.16883 1.2855
1.16454 1.285
1.16027 1.2845
1.156 1.284
1.15172 1.2835
1.1474 1.283
1.14307 1.2825
1.13875 1.282
1.13443 1.2815
1.13012 1.281
1.12583 1.2805
1.12154 1.28
1.11728 1.2795
1.11305 1.279
1.10881 1.2785
1.10452 1.278
1.10023 1.2775
1.09598 1.277
1.09172 1.2765
1.08741 1.276
1.08313 1.2755
1.07889 1.275
1.07462 1.2745
1.07035 1.274
1.06603 1.2735
1.06173 1.273
1.05745 1.2725
1.05315 1.272
1.0489 1.2715
1.04463 1.271
1.04038 1.2705
1.03612 1.27
1.0318 1.2695
1.02753 1.269
1.02327 1.2685
1.01901 1.268
1.01475 1.2675
1.01043 1.267
1.00613 1.2665
1.00187 1.266
0.997622 1.2655
0.993316 1.265
0.988958 1.2645
0.984665 1.264
0.980436 1.2635
0.976157 1.263
0.971895 1.2625
0.967609 1.262
0.96335 1.2615
0.959067 1.261
0.954802 1.2605
0.950514 1.26
0.946251 1.2595
0.941922 1.259
0.937622 1.2585
0.933314 1.258
0.929084 1.2575
0.924831 1.257
0.920574 1.2565
0.916337 1.256
0.912064 1.2555
0.907772 1.255
0.903534 1.2545
0.89919 1.254
0.894953 1.2535
0.890579 1.253
0.886315 1.2525
0.882001 1.252
0.87775 1.2515
0.87351 1.251
0.869279 1.2505
0.865018 1.25
0.86074 1.2495
0.856453 1.249
0.852219 1.2485
0.847944 1.248
0.843661 1.2475
0.839415 1.247
0.835186 1.2465
0.830884 1.246
0.826631 1.2455
0.822388 1.245
0.818102 1.2445
0.813855 1.244
0.809599 1.2435
0.805356 1.243
0.801042 1.2425
0.796735 1.242
0.792451 1.2415
0.788197 1.241
0.783942 1.2405
0.779671 1.24
0.775385 1.2395
0.771145 1.239
0.766855 1.2385
0.762602 1.238
0.758316 1.2375
0.75407 1.237
0.749814 1.2365
0.745536 1.236
0.741284 1.2355
0.737049 1.235
0.732779 1.2345
0.728462 1.234
0.724216 1.2335
0.719948 1.233
0.715725 1.2325
0.711448 1.232
0.707152 1.2315
0.702844 1.231
0.698549 1.2305
0.694304 1.23
0.690076 1.2295
0.685851 1.229
0.68163 1.2285
0.677383 1.228
0.673111 1.2275
0.668879 1.227
0.664598 1.2265
0.660343 1.226
0.656072 1.2255
0.651814 1.225
0.647574 1.2245
0.643303 1.224
0.639051 1.2235
0.63475 1.223
0.630509 1.2225
0.626266 1.222
0.621964 1.2215
0.617724 1.221
0.613446 1.2205
0.609203 1.22
0.604949 1.2195
0.60064 1.219
0.596319 1.2185
0.592061 1.218
0.587769 1.2175
0.583555 1.217
0.57932 1.2165
0.575102 1.216
0.570856 1.2155
0.566614 1.215
0.562383 1.2145
0.55809 1.214
0.553788 1.2135
0.549521 1.213
0.545215 1.2125
0.540975 1.212
0.536676 1.2115
0.532445 1.211
0.528219 1.2105
0.52393 1.21
0.519646 1.2095
0.51537 1.209
0.508051 1.2085
0.503786 1.208
0.499543 1.2075
0.495307 1.207
0.491062 1.2065
0.486842 1.206
0.482609 1.2055
0.478337 1.205
0.474088 1.2045
0.469871 1.204
0.465657 1.2035
0.461374 1.203
0.457141 1.2025
0.452932 1.202
0.448703 1.2015
0.444462 1.201
0.440154 1.2005
0.435922 1.2
0.431702 1.1995
0.427466 1.199
0.423241 1.1985
0.419021 1.198
0.414775 1.1975
0.410561 1.197
0.406317 1.1965
0.39581 1.196
0.391565 1.1955
0.387362 1.195
0.383092 1.1945
0.378778 1.194
0.374523 1.1935
0.370271 1.193
0.366056 1.1925
0.361829 1.192
0.357598 1.1915
0.353386 1.191
0.349149 1.1905
0.344904 1.19
0.340634 1.1895
0.336384 1.189
0.332143 1.1885
0.327932 1.188
0.323694 1.1875
0.319446 1.187
0.315174 1.1865
0.310929 1.186
0.30672 1.1855
0.302492 1.185
0.298248 1.1845
0.294043 1.184
0.289792 1.1835
0.285575 1.183
0.28132 1.1825
0.277053 1.182
0.272817 1.1815
0.268586 1.181
0.264363 1.1805
0.260132 1.18
0.255879 1.1795
0.251606 1.179
0.24737 1.1785
0.243133 1.178
0.23888 1.1775
0.234641 1.177
0.230405 1.1765
0.226184 1.176
0.221963 1.1755
0.217738 1.175
0.213518 1.1745
0.209258 1.174
0.205006 1.1735
0.200781 1.173
0.196546 1.1725
0.192337 1.172
0.188088 1.1715
0.18387 1.171
0.179638 1.1705
0.175391 1.17
0.171154 1.1695
0.166921 1.169
0.162652 1.1685
0.158393 1.168
0.154167 1.1675
0.149947 1.167
0.1457 1.1665
0.141474 1.166
0.137241 1.1655
0.133027 1.165
0.128773 1.1645
0.124522 1.164
0.120294 1.1635
0.11604 1.163
0.111792 1.1625
0.107565 1.162
0.103324 1.1615
0.0990495 1.161
0.0948102 1.1605
0.0905685 1.16
0.0863353 1.1595
0.0821246 1.159
0.0779058 1.1585
0.0736577 1.158
0.0694381 1.1575
0.0652074 1.157
0.0609571 1.1565
0.0567188 1.156
0.0525027 1.1555
0.0482674 1.155
0.0440336 1.1545
0.0397734 1.154
0.0355354 1.1535
0.0313155 1.153
0.0270856 1.1525
0.0228323 1.152
0.0186033 1.1515
0.0143911 1.151
0.0101554 1.1505
0.00591659 1.15
0.00167579 1.1495
-0.00254025 1.149
-0.00677682 1.1485
-0.0110842 1.148
-0.0153398 1.1475
-0.0195646 1.147
-0.0237867 1.1465
-0.0280056 1.146
-0.0322436 1.1455
-0.0364718 1.145
-0.0406873 1.1445
-0.0448909 1.144
-0.0491516 1.1435
-0.0534043 1.143
-0.0576667 1.1425
-0.0619064 1.142
-0.0661214 1.1415
-0.0703311 1.141
-0.074595 1.1405
-0.0788361 1.14
-0.0830959 1.1395
-0.0873013 1.139
-0.0915183 1.1385
-0.0957743 1.138
-0.0999828 1.1375
-0.104232 1.137
-0.108474 1.1365
-0.11274 1.136
-0.116949 1.1355
-0.121169 1.135
-0.125382 1.1345
-0.129616 1.134
-0.133819 1.1335
-0.138111 1.133
-0.14238 1.1325
-0.146661 1.132
-0.150903 1.1315
-0.155109 1.131
-0.159316 1.1305
-0.163535 1.13
-0.167754 1.1295
-0.17197 1.129
-0.176172 1.1285
-0.180392 1.128
-0.184613 1.1275
-0.188822 1.127
-0.193057 1.1265
-0.197263 1.126
-0.201496 1.1255
-0.205759 1.125
-0.20997 1.1245
-0.214254 1.124
-0.218492 1.1235
-0.222725 1.123
-0.226939 1.1225
-0.231154 1.122
-0.235361 1.1215
-0.239599 1.121
-0.243839 1.1205
-0.248053 1.12
-0.252282 1.1195
-0.256509 1.119
-0.260733 1.1185
-0.264958 1.118
-0.269203 1.1175
-0.273427 1.117
-0.277646 1.1165
-0.281865 1.116
-0.286076 1.1155
-0.290291 1.115
-0.294515 1.1145
-0.298739 1.114
-0.302949 1.1135
-0.307153 1.113
-0.311381 1.1125
-0.315583 1.112
-0.319792 1.1115
-0.32403 1.111
-0.328243 1.1105
-0.332465 1.11
-0.336697 1.1095
-0.340939 1.109
-0.345163 1.1085
-0.349435 1.108
-0.353654 1.1075
-0.357888 1.107
-0.362126 1.1065
-0.366336 1.106
-0.370551 1.1055
-0.374827 1.105
-0.379056 1.1045
-0.383281 1.104
-0.387523 1.1035
-0.391733 1.103
-0.395942 1.1025
-0.400158 1.102
-0.404417 1.1015
-0.40864 1.101
-0.419104 1.1005
-0.423322 1.1
-0.427571 1.0995
-0.431789 1.099
-0.436013 1.0985
-0.440237 1.098
-0.444456 1.0975
-0.448683 1.097
-0.452937 1.0965
-0.457176 1.096
-0.461396 1.0955
-0.465617 1.095
-0.469849 1.0945
-0.474071 1.094
-0.47828 1.0935
-0.48249 1.093
-0.486713 1.0925
-0.490926 1.092
-0.495151 1.0915
-0.499362 1.091
-0.503595 1.0905
-0.50783 1.09
-0.512063 1.0895
-0.516299 1.089
-0.520521 1.0885
-0.524764 1.088
-0.528977 1.0875
-0.533183 1.087
-0.537418 1.0865
-0.541625 1.086
-0.545894 1.0855
-0.5501 1.085
-0.554315 1.0845
-0.55854 1.084
-0.562758 1.0835
-0.56696 1.083
-0.571181 1.0825
-0.575402 1.082
-0.579642 1.0815
-0.583885 1.081
-0.588087 1.0805
-0.592291 1.08
-0.596547 1.0795
-0.600753 1.079
-0.604959 1.0785
-0.609197 1.078
-0.613442 1.0775
-0.61769 1.077
-0.62193 1.0765
-0.626146 1.076
-0.630357 1.0755
-0.634563 1.075
-0.638802 1.0745
-0.643025 1.074
-0.647251 1.0735
-0.651466 1.073
-0.655677 1.0725
-0.659891 1.072
-0.6641 1.0715
-0.668304 1.071
-0.672523 1.0705
-0.676727 1.07
-0.680934 1.0695
-0.685174 1.069
-0.689403 1.0685
-0.69363 1.068
-0.697847 1.0675
-0.702059 1.067
-0.706309 1.0665
-0.710531 1.066
-0.714751 1.0655
-0.718964 1.065
-0.72322 1.0645
-0.727458 1.064
-0.731676 1.0635
-0.735922 1.063
-0.740139 1.0625
-0.744381 1.062
-0.748614 1.0615
-0.752859 1.061
-0.757095 1.0605
-0.761329 1.06
-0.765599 1.0595
-0.769838 1.059
-0.774069 1.0585
-0.778278 1.058
-0.782487 1.0575
-0.78671 1.057
-0.790918 1.0565
-0.795121 1.056
-0.799328 1.0555
-0.803538 1.055
-0.807754 1.0545
-0.811959 1.054
-0.816174 1.0535
-0.820395 1.053
-0.824618 1.0525
-0.828834 1.052
-0.83309 1.0515
-0.837313 1.051
-0.841542 1.0505
-0.845762 1.05
-0.849989 1.0495
-0.854201 1.049
-0.858415 1.0485
-0.862649 1.048
-0.866857 1.0475
-0.871076 1.047
-0.875281 1.0465
-0.879512 1.046
-0.883729 1.0455
-0.887938 1.045
-0.892142 1.0445
-0.896376 1.044
-0.900602 1.0435
-0.904869 1.043
-0.909114 1.0425
-0.913354 1.042
-0.917557 1.0415
-0.921765 1.041
-0.925984 1.0405
-0.9302 1.04
-0.934407 1.0395
-0.938636 1.039
-0.942849 1.0385
-0.947065 1.038
-0.951283 1.0375
-0.955486 1.037
-0.95969 1.0365
-0.963908 1.036
-0.968126 1.0355
-0.97234 1.035
-0.976545 1.0345
-0.980773 1.034
-0.984988 1.0335
-0.98922 1.033
-0.993455 1.0325
-0.997683 1.032
-1.0019 1.0315
-1.00613 1.031
-1.01034 1.0305
-1.01458 1.03
-1.0188 1.0295
-1.02302 1.029
-1.02726 1.0285
-1.03148 1.028
-1.03571 1.0275
-1.03993 1.027
-1.04416 1.0265
-1.04839 1.026
-1.0526 1.0255
-1.05683 1.025
-1.06103 1.0245
-1.06524 1.024
-1.06945 1.0235
-1.0737 1.023
-1.07792 1.0225
-1.08212 1.022
-1.08634 1.0215
-1.09055 1.021
-1.09477 1.0205
-1.09901 1.02
-1.10321 1.0195
-1.10742 1.019
-1.11163 1.0185
-1.11589 1.018
-1.1201 1.0175
-1.12431 1.017
-1.12851 1.0165
-1.13271 1.016
-1.13692 1.0155
-1.14112 1.015
-1.14535 1.0145
-1.14956 1.014
-1.15378 1.0135
-1.158 1.013
-1.1622 1.0125
-1.1664 1.012
-1.17062 1.0115
-1.17484 1.011
-1.17905 1.0105
-1.18326 1.01
-1.18748 1.0095
-1.1917 1.009
-1.19594 1.0085
-1.20018 1.008
-1.20439 1.0075
-1.20862 1.007
-1.21287 1.0065
-1.21709 1.006
-1.22195 1.0055
-1.22616 1.005
-1.23038 1.0045
-1.23461 1.004
-1.23881 1.0035
-1.24304 1.003
-1.24727 1.0025
-1.25149 1.002
-1.2557 1.0015
-1.25991 1.001
-1.26413 1.0005
-1.26836 1
