Man
0 0
0.00641308 0.001
-0.00148258 0.002
-0.0031991 0.003
-0.00604001 0.004
-0.0082305 0.005
-0.0157523 0.006
-0.015552 0.007
-0.0186554 0.008
-0.0190544 0.009
-0.0305318 0.01
-0.0380235 0.011
-0.0396906 0.012
-0.0406244 0.013
-0.0387418 0.014
-0.0539206 0.015
-0.059678 0.016
-0.0621168 0.017
-0.0622929 0.018
-0.0626436 0.019
-0.065084 0.02
-0.0684393 0.021
-0.0814453 0.022
-0.085336 0.023
-0.0921586 0.024
-0.0925995 0.025
-0.0977042 0.026
-0.0987965 0.027
-0.104218 0.028
-0.100258 0.029
-0.107749 0.03
-0.105239 0.031
-0.108161 0.032
-0.113117 0.033
-0.124363 0.034
-0.129948 0.035
-0.135434 0.036
-0.13571 0.037
-0.136719 0.038
-0.137643 0.039
-0.149716 0.04
-0.152396 0.041
-0.155972 0.042
-0.16421 0.043
-0.168441 0.044
-0.172586 0.045
-0.176264 0.046
-0.177345 0.047
-0.183935 0.048
-0.182862 0.049
-0.186769 0.05
-0.190741 0.051
-0.191949 0.052
-0.200683 0.053
-0.202153 0.054
-0.211147 0.055
-0.209472 0.056
-0.216721 0.057
-0.217759 0.058
-0.222042 0.059
-0.229214 0.06
-0.232845 0.061
-0.232434 0.062
-0.242863 0.063
-0.250316 0.064
-0.255877 0.065
-0.259669 0.066
-0.263825 0.067
-0.264307 0.068
-0.273155 0.069
-0.276511 0.07
-0.286596 0.071
-0.28864 0.072
-0.289219 0.073
-0.298639 0.074
-0.302119 0.075
-0.307858 0.076
-0.3112 0.077
-0.315468 0.078
-0.319636 0.079
-0.315712 0.08
-0.317813 0.081
-0.320449 0.082
-0.324966 0.083
-0.326593 0.084
-0.335269 0.085
-0.347269 0.086
-0.347291 0.087
-0.352805 0.088
-0.361102 0.089
-0.3644 0.09
-0.370855 0.091
-0.378704 0.092
-0.381566 0.093
-0.383605 0.094
-0.38577 0.095
-0.396262 0.096
-0.397937 0.097
-0.399363 0.098
-0.40229 0.099
-0.407043 0.1
-0.410477 0.101
-0.420038 0.102
-0.428439 0.103
-0.431171 0.104
-0.428441 0.105
-0.431741 0.106
-0.437196 0.107
-0.446002 0.108
-0.44766 0.109
-0.454784 0.11
-0.458836 0.111
-0.461702 0.112
-0.465537 0.113
-0.473334 0.114
-0.473722 0.115
-0.480307 0.116
-0.487343 0.117
-0.494288 0.118
-0.499174 0.119
-0.504948 0.12
-0.50793 0.121
-0.516711 0.122
-0.520918 0.123
-0.522567 0.124
-0.526269 0.125
-0.530829 0.126
-0.534548 0.127
-0.543188 0.128
-0.548143 0.129
-0.553181 0.13
-0.553822 0.131
-0.555453 0.132
-0.559486 0.133
-0.564919 0.134
-0.570208 0.135
-0.574243 0.136
-0.582759 0.137
-0.584204 0.138
-0.589028 0.139
-0.592628 0.14
-0.597744 0.141
-0.601984 0.142
-0.606602 0.143
-0.611201 0.144
-0.614466 0.145
-0.619662 0.146
-0.62496 0.147
-0.625154 0.148
-0.630083 0.149
-0.632131 0.15
-0.634532 0.151
-0.637719 0.152
-0.641672 0.153
-0.644584 0.154
-0.648492 0.155
-0.657073 0.156
-0.655709 0.157
-0.658127 0.158
-0.65907 0.159
-0.662843 0.16
-0.664633 0.161
-0.668426 0.162
-0.670947 0.163
-0.673972 0.164
-0.677162 0.165
-0.680252 0.166
-0.682651 0.167
-0.684613 0.168
-0.685769 0.169
-0.687852 0.17
-0.692089 0.171
-0.694591 0.172
-0.696936 0.173
-0.699392 0.174
-0.701618 0.175
-0.703308 0.176
-0.707152 0.177
-0.708562 0.178
-0.71141 0.179
-0.713787 0.18
-0.715783 0.181
-0.717983 0.182
-0.720658 0.183
-0.723459 0.184
-0.726053 0.185
-0.728036 0.186
-0.731618 0.187
-0.733419 0.188
-0.734893 0.189
-0.737075 0.19
-0.739563 0.191
-0.742032 0.192
-0.743144 0.193
-0.745741 0.194
-0.747903 0.195
-0.750254 0.196
-0.752061 0.197
-0.753915 0.198
-0.755395 0.199
-0.75722 0.2
-0.759578 0.201
-0.760929 0.202
-0.763066 0.203
-0.764757 0.204
-0.765697 0.205
-0.767379 0.206
-0.769571 0.207
-0.771133 0.208
-0.772284 0.209
-0.773866 0.21
-0.77517 0.211
-0.776204 0.212
-0.777582 0.213
-0.77924 0.214
-0.780957 0.215
-0.782352 0.216
-0.783052 0.217
-0.784889 0.218
-0.78579 0.219
-0.78695 0.22
-0.788008 0.221
-0.789058 0.222
-0.790535 0.223
-0.791719 0.224
-0.792923 0.225
-0.794139 0.226
-0.795591 0.227
-0.796663 0.228
-0.798161 0.229
-0.799398 0.23
-0.800226 0.231
-0.800862 0.232
-0.801957 0.233
-0.801332 0.234
-0.802456 0.235
-0.803523 0.236
-0.804491 0.237
-0.805646 0.238
-0.806502 0.239
-0.807563 0.24
-0.808856 0.241
-0.809458 0.242
-0.810931 0.243
-0.812316 0.244
-0.813458 0.245
-0.814466 0.246
-0.815392 0.247
-0.816227 0.248
-0.816973 0.249
-0.817902 0.25
-0.818985 0.251
-0.819642 0.252
-0.820556 0.253
-0.821252 0.254
-0.821921 0.255
-0.822312 0.256
-0.823224 0.257
-0.824166 0.258
-0.825275 0.259
-0.825997 0.26
-0.826983 0.261
-0.827839 0.262
-0.828423 0.263
-0.829075 0.264
-0.830075 0.265
-0.830841 0.266
-0.831606 0.267
-0.832405 0.268
-0.833222 0.269
-0.833998 0.27
-0.834789 0.271
-0.835462 0.272
-0.83617 0.273
-0.836939 0.274
-0.837349 0.275
-0.838182 0.276
-0.838888 0.277
-0.839845 0.278
-0.840513 0.279
-0.841119 0.28
-0.841863 0.281
-0.84248 0.282
-0.84317 0.283
-0.843847 0.284
-0.844475 0.285
-0.845021 0.286
-0.845584 0.287
-0.846027 0.288
-0.846161 0.289
-0.846635 0.29
-0.847346 0.291
-0.847894 0.292
-0.848657 0.293
-0.849268 0.294
-0.849931 0.295
-0.850385 0.296
-0.850894 0.297
-0.85136 0.298
-0.851773 0.299
-0.852127 0.3
-0.852618 0.301
-0.853312 0.302
-0.853631 0.303
-0.854398 0.304
-0.85502 0.305
-0.855544 0.306
-0.85617 0.307
-0.856701 0.308
-0.857253 0.309
-0.85774 0.31
-0.858566 0.311
-0.859129 0.312
-0.859767 0.313
-0.860451 0.314
-0.861045 0.315
-0.86139 0.316
-0.861872 0.317
-0.862382 0.318
-0.863185 0.319
-0.863775 0.32
-0.864328 0.321
-0.865093 0.322
-0.865632 0.323
-0.866105 0.324
-0.866564 0.325
-0.867271 0.326
-0.867891 0.327
-0.868438 0.328
-0.868926 0.329
-0.868983 0.33
-0.869311 0.331
-0.869823 0.332
-0.870308 0.333
-0.870706 0.334
-0.871193 0.335
-0.871517 0.336
-0.871602 0.337
-0.872192 0.338
-0.872563 0.339
-0.873013 0.34
-0.87325 0.341
-0.873681 0.342
-0.874102 0.343
-0.874694 0.344
-0.875139 0.345
-0.875621 0.346
-0.875984 0.347
-0.876423 0.348
-0.8769 0.349
-0.877195 0.35
-0.87756 0.351
-0.878218 0.352
-0.878742 0.353
-0.879236 0.354
-0.879623 0.355
-0.879974 0.356
-0.880483 0.357
-0.881022 0.358
-0.881318 0.359
-0.881801 0.36
-0.882033 0.361
-0.882334 0.362
-0.882808 0.363
-0.883238 0.364
-0.883707 0.365
-0.884261 0.366
-0.884804 0.367
-0.885546 0.368
-0.885925 0.369
-0.886425 0.37
-0.886893 0.371
-0.887361 0.372
-0.887905 0.373
-0.888234 0.374
-0.888716 0.375
-0.889212 0.376
-0.889557 0.377
-0.889847 0.378
-0.890229 0.379
-0.890504 0.38
-0.8908 0.381
-0.890886 0.382
-0.891196 0.383
-0.891455 0.384
-0.891841 0.385
-0.892106 0.386
-0.892289 0.387
-0.892783 0.388
-0.893209 0.389
-0.893617 0.39
-0.893857 0.391
-0.894219 0.392
-0.894552 0.393
-0.895049 0.394
-0.895541 0.395
-0.895673 0.396
-0.895843 0.397
-0.896233 0.398
-0.896553 0.399
-0.896884 0.4
-0.897469 0.401
-0.897674 0.402
-0.898079 0.403
-0.898419 0.404
-0.898721 0.405
-0.899055 0.406
-0.899406 0.407
-0.899725 0.408
-0.899906 0.409
-0.900162 0.41
-0.900514 0.411
-0.900893 0.412
-0.901373 0.413
-0.901845 0.414
-0.902071 0.415
-0.902417 0.416
-0.90279 0.417
-0.903205 0.418
-0.903648 0.419
-0.904166 0.42
-0.904434 0.421
-0.904661 0.422
-0.904862 0.423
-0.90492 0.424
-0.905333 0.425
-0.905579 0.426
-0.90613 0.427
-0.906321 0.428
-0.906605 0.429
-0.906967 0.43
-0.907259 0.431
-0.907648 0.432
-0.907896 0.433
-0.908144 0.434
-0.908314 0.435
-0.908703 0.436
-0.908971 0.437
-0.909429 0.438
-0.909844 0.439
-0.910132 0.44
-0.910457 0.441
-0.910513 0.442
-0.910769 0.443
-0.91126 0.444
-0.911564 0.445
-0.911927 0.446
-0.912131 0.447
-0.91245 0.448
-0.912742 0.449
-0.912987 0.45
-0.913171 0.451
-0.913403 0.452
-0.913673 0.453
-0.913911 0.454
-0.914085 0.455
-0.914273 0.456
-0.914428 0.457
-0.91435 0.458
-0.914541 0.459
-0.91474 0.46
-0.914975 0.461
-0.915159 0.462
-0.915297 0.463
-0.915576 0.464
-0.915863 0.465
-0.916118 0.466
-0.916385 0.467
-0.91658 0.468
-0.916688 0.469
-0.916986 0.47
-0.917318 0.471
-0.917372 0.472
-0.917582 0.473
-0.917913 0.474
-0.917938 0.475
-0.918196 0.476
-0.918299 0.477
-0.91849 0.478
-0.918693 0.479
-0.918878 0.48
-0.919022 0.481
-0.91927 0.482
-0.919476 0.483
-0.919674 0.484
-0.919948 0.485
-0.920378 0.486
-0.920547 0.487
-0.920916 0.488
-0.921114 0.489
-0.921181 0.49
-0.921299 0.491
-0.921422 0.492
-0.921657 0.493
-0.921855 0.494
-0.922059 0.495
-0.922267 0.496
-0.922466 0.497
-0.922726 0.498
-0.922859 0.499
-0.923127 0.5
-0.923382 0.501
-0.923471 0.502
-0.923766 0.503
-0.923649 0.504
-0.923945 0.505
-0.924126 0.506
-0.924219 0.507
-0.924543 0.508
-0.924869 0.509
-0.924948 0.51
-0.925179 0.511
-0.925354 0.512
-0.92545 0.513
-0.925629 0.514
-0.925808 0.515
-0.926115 0.516
-0.926313 0.517
-0.926424 0.518
-0.926696 0.519
-0.926971 0.52
-0.927259 0.521
-0.927377 0.522
-0.92756 0.523
-0.927836 0.524
-0.928003 0.525
-0.928162 0.526
-0.928439 0.527
-0.9287 0.528
-0.929017 0.529
-0.929244 0.53
-0.929351 0.531
-0.929625 0.532
-0.929874 0.533
-0.930111 0.534
-0.930295 0.535
-0.930604 0.536
-0.930773 0.537
-0.93094 0.538
-0.931103 0.539
-0.931177 0.54
-0.931356 0.541
-0.931514 0.542
-0.931826 0.543
-0.932146 0.544
-0.932212 0.545
-0.931679 0.546
-0.931871 0.547
-0.931937 0.548
-0.931998 0.549
-0.932197 0.55
-0.932309 0.551
-0.932413 0.552
-0.932695 0.553
-0.932794 0.554
-0.932828 0.555
-0.933055 0.556
-0.933163 0.557
-0.933336 0.558
-0.933445 0.559
-0.93358 0.56
-0.933655 0.561
-0.933805 0.562
-0.933962 0.563
-0.934172 0.564
-0.934334 0.565
-0.934398 0.566
-0.934549 0.567
-0.93467 0.568
-0.934735 0.569
-0.934905 0.57
-0.935077 0.571
-0.935307 0.572
-0.935586 0.573
-0.93565 0.574
-0.935898 0.575
-0.936154 0.576
-0.936311 0.577
-0.936555 0.578
-0.936664 0.579
-0.936962 0.58
-0.937184 0.581
-0.937305 0.582
-0.940085 0.583
-0.940325 0.584
-0.940448 0.585
-0.940556 0.586
-0.94057 0.587
-0.94077 0.588
-0.940798 0.589
-0.94102 0.59
-0.941217 0.591
-0.940623 0.592
-0.940674 0.593
-0.940803 0.594
-0.940891 0.595
-0.940994 0.596
-0.941239 0.597
-0.941397 0.598
-0.941452 0.599
-0.941641 0.6
-0.941697 0.601
-0.941793 0.602
-0.941921 0.603
-0.941996 0.604
-0.940461 0.605
-0.940593 0.606
-0.940671 0.607
-0.94094 0.608
-0.941123 0.609
-0.941168 0.61
-0.941316 0.611
-0.941453 0.612
-0.941568 0.613
-0.941643 0.614
-0.941651 0.615
-0.941778 0.616
-0.941906 0.617
-0.942072 0.618
-0.942326 0.619
-0.942476 0.62
-0.942704 0.621
-0.942673 0.622
-0.942772 0.623
-0.942964 0.624
-0.943103 0.625
-0.943145 0.626
-0.943278 0.627
-0.943406 0.628
-0.943555 0.629
-0.943606 0.63
-0.94375 0.631
-0.9439 0.632
-0.944072 0.633
-0.944327 0.634
-0.944399 0.635
-0.944491 0.636
-0.944635 0.637
-0.944721 0.638
-0.944926 0.639
-0.94507 0.64
-0.945102 0.641
-0.945271 0.642
-0.945524 0.643
-0.945714 0.644
-0.945968 0.645
-0.946055 0.646
-0.946327 0.647
-0.946478 0.648
-0.946546 0.649
-0.946571 0.65
-0.946599 0.651
-0.946697 0.652
-0.946875 0.653
-0.946905 0.654
-0.946985 0.655
-0.946994 0.656
-0.947104 0.657
-0.947159 0.658
-0.947379 0.659
-0.947607 0.66
-0.947788 0.661
-0.947862 0.662
-0.948029 0.663
-0.948118 0.664
-0.948345 0.665
-0.948421 0.666
-0.948479 0.667
-0.948552 0.668
-0.948613 0.669
-0.948693 0.67
-0.948806 0.671
-0.948893 0.672
-0.948897 0.673
-0.949098 0.674
-0.949164 0.675
-0.94928 0.676
-0.949308 0.677
-0.949429 0.678
-0.949573 0.679
-0.949587 0.68
-0.949794 0.681
-0.949929 0.682
-0.950073 0.683
-0.950147 0.684
-0.950253 0.685
-0.950396 0.686
-0.950561 0.687
-0.950623 0.688
-0.950717 0.689
-0.950803 0.69
-0.950881 0.691
-0.951012 0.692
-0.951091 0.693
-0.951125 0.694
-0.951201 0.695
-0.951283 0.696
-0.951418 0.697
-0.951583 0.698
-0.95171 0.699
-0.951815 0.7
-0.952004 0.701
-0.952135 0.702
-0.952231 0.703
-0.952312 0.704
-0.952398 0.705
-0.952524 0.706
-0.952678 0.707
-0.952805 0.708
-0.952914 0.709
-0.953093 0.71
-0.953185 0.711
-0.953315 0.712
-0.95336 0.713
-0.953479 0.714
-0.953498 0.715
-0.953655 0.716
-0.953751 0.717
-0.953851 0.718
-0.954017 0.719
-0.954138 0.72
-0.95426 0.721
-0.954373 0.722
-0.954551 0.723
-0.954693 0.724
-0.954702 0.725
-0.954721 0.726
-0.95478 0.727
-0.954851 0.728
-0.9549 0.729
-0.954969 0.73
-0.955132 0.731
-0.955213 0.732
-0.955393 0.733
-0.955508 0.734
-0.955655 0.735
-0.95585 0.736
-0.956043 0.737
-0.956108 0.738
-0.956115 0.739
-0.95628 0.74
-0.956418 0.741
-0.956565 0.742
-0.956671 0.743
-0.956817 0.744
-0.956931 0.745
-0.9571 0.746
-0.95712 0.747
-0.957173 0.748
-0.957241 0.749
-0.957266 0.75
-0.957399 0.751
-0.957488 0.752
-0.9576 0.753
-0.957769 0.754
-0.957835 0.755
-0.957796 0.756
-0.957811 0.757
-0.957908 0.758
-0.958008 0.759
-0.958133 0.76
-0.95823 0.761
-0.958252 0.762
-0.958255 0.763
-0.958326 0.764
-0.958366 0.765
-0.958505 0.766
-0.958563 0.767
-0.958512 0.768
-0.958626 0.769
-0.958724 0.77
-0.958853 0.771
-0.95894 0.772
-0.959017 0.773
-0.959037 0.774
-0.959203 0.775
-0.959181 0.776
-0.959353 0.777
-0.959434 0.778
-0.959492 0.779
-0.959661 0.78
-0.95976 0.781
-0.95987 0.782
-0.959966 0.783
-0.960038 0.784
-0.960078 0.785
-0.960068 0.786
-0.959663 0.787
-0.959679 0.788
-0.959668 0.789
-0.959727 0.79
-0.959771 0.791
-0.959805 0.792
-0.959981 0.793
-0.960102 0.794
-0.960149 0.795
-0.960245 0.796
-0.960326 0.797
-0.960428 0.798
-0.960484 0.799
-0.96063 0.8
-0.960772 0.801
-0.96086 0.802
-0.960974 0.803
-0.961096 0.804
-0.961228 0.805
-0.961347 0.806
-0.961365 0.807
-0.961395 0.808
-0.96144 0.809
-0.961459 0.81
-0.961594 0.811
-0.961623 0.812
-0.961717 0.813
-0.961732 0.814
-0.96181 0.815
-0.961871 0.816
-0.961971 0.817
-0.962087 0.818
-0.962224 0.819
-0.962325 0.82
-0.962413 0.821
-0.962419 0.822
-0.962511 0.823
-0.962601 0.824
-0.962658 0.825
-0.962734 0.826
-0.962888 0.827
-0.964527 0.828
-0.964663 0.829
-0.96462 0.83
-0.964704 0.831
-0.964773 0.832
-0.964876 0.833
-0.964938 0.834
-0.965053 0.835
-0.965087 0.836
-0.965201 0.837
-0.965247 0.838
-0.965299 0.839
-0.965364 0.84
-0.965232 0.841
-0.965308 0.842
-0.965362 0.843
-0.965424 0.844
-0.965449 0.845
-0.965481 0.846
-0.965464 0.847
-0.965574 0.848
-0.965643 0.849
-0.965703 0.85
-0.965775 0.851
-0.965853 0.852
-0.96588 0.853
-0.965969 0.854
-0.966071 0.855
-0.9661 0.856
-0.966087 0.857
-0.966189 0.858
-0.966237 0.859
-0.96635 0.86
-0.966346 0.861
-0.96641 0.862
-0.966523 0.863
-0.966571 0.864
-0.966614 0.865
-0.9666 0.866
-0.966365 0.867
-0.966433 0.868
-0.966539 0.869
-0.966652 0.87
-0.966719 0.871
-0.966804 0.872
-0.966849 0.873
-0.967016 0.874
-0.967028 0.875
-0.96719 0.876
-0.967264 0.877
-0.967244 0.878
-0.967338 0.879
-0.967457 0.88
-0.967542 0.881
-0.967624 0.882
-0.967745 0.883
-0.967796 0.884
-0.967865 0.885
-0.967941 0.886
-0.967996 0.887
-0.968023 0.888
-0.968082 0.889
-0.968202 0.89
-0.968194 0.891
-0.968225 0.892
-0.968362 0.893
-0.968415 0.894
-0.968506 0.895
-0.968507 0.896
-0.968587 0.897
-0.968542 0.898
-0.968606 0.899
-0.968556 0.9
-0.968581 0.901
-0.968596 0.902
-0.968685 0.903
-0.968756 0.904
-0.968377 0.905
-0.968398 0.906
-0.968425 0.907
-0.96848 0.908
-0.968569 0.909
-0.96866 0.91
-0.968755 0.911
-0.968805 0.912
-0.96886 0.913
-0.968948 0.914
-0.96902 0.915
-0.969076 0.916
-0.96906 0.917
-0.969063 0.918
-0.969161 0.919
-0.969129 0.92
-0.969081 0.921
-0.969132 0.922
-0.969107 0.923
-0.969196 0.924
-0.969241 0.925
-0.969274 0.926
-0.968889 0.927
-0.968949 0.928
-0.968998 0.929
-0.96858 0.93
-0.968616 0.931
-0.96867 0.932
-0.968678 0.933
-0.968744 0.934
-0.968893 0.935
-0.968949 0.936
-0.96909 0.937
-0.969196 0.938
-0.96928 0.939
-0.969289 0.94
-0.969325 0.941
-0.969386 0.942
-0.969512 0.943
-0.969552 0.944
-0.969573 0.945
-0.969589 0.946
-0.969685 0.947
-0.969793 0.948
-0.96986 0.949
-0.96987 0.95
-0.969897 0.951
-0.96994 0.952
-0.970013 0.953
-0.970074 0.954
-0.970099 0.955
-0.970163 0.956
-0.9702 0.957
-0.970241 0.958
-0.970333 0.959
-0.970384 0.96
-0.970408 0.961
-0.970505 0.962
-0.970541 0.963
-0.972593 0.964
-0.972117 0.965
-0.972165 0.966
-0.972205 0.967
-0.972294 0.968
-0.972367 0.969
-0.972405 0.97
-0.972468 0.971
-0.972512 0.972
-0.972517 0.973
-0.972612 0.974
-0.972634 0.975
-0.972695 0.976
-0.972782 0.977
-0.972867 0.978
-0.972847 0.979
-0.972898 0.98
-0.972946 0.981
-0.972997 0.982
-0.973075 0.983
-0.973098 0.984
-0.973146 0.985
-0.973176 0.986
-0.973252 0.987
-0.973318 0.988
-0.973313 0.989
-0.973421 0.99
-0.973488 0.991
-0.973437 0.992
-0.973508 0.993
-0.973595 0.994
-0.973618 0.995
-0.973615 0.996
-0.973716 0.997
-0.973714 0.998
-0.973801 0.999
-0.973878 1


Shark
3.14159 1.5
3.13759 1.4995
3.13359 1.499
3.12959 1.4985
3.12559 1.498
3.12159 1.4975
3.11759 1.497
3.11359 1.4965
3.10959 1.496
3.10559 1.4955
3.10156 1.495
3.09755 1.4945
3.09355 1.494
3.08955 1.4935
3.08555 1.493
3.08145 1.4925
3.07744 1.492
3.07343 1.4915
3.06943 1.491
3.06543 1.4905
3.06143 1.49
3.05742 1.4895
3.05327 1.489
3.04925 1.4885
3.0452 1.488
3.0412 1.4875
3.03717 1.487
3.03317 1.4865
3.02912 1.486
3.0251 1.4855
3.021 1.485
3.01699 1.4845
3.01297 1.484
3.00892 1.4835
3.00464 1.483
3.00057 1.4825
2.9965 1.482
2.9925 1.4815
2.98849 1.481
2.98449 1.4805
2.98006 1.48
2.97604 1.4795
2.97199 1.479
2.96775 1.4785
2.96369 1.478
2.95962 1.4775
2.95556 1.477
2.95156 1.4765
2.94737 1.476
2.94336 1.4755
2.93929 1.475
2.93521 1.4745
2.9312 1.474
2.9268 1.4735
2.92279 1.473
2.91833 1.4725
2.91432 1.472
2.90999 1.4715
2.90599 1.471
2.90186 1.4705
2.89751 1.47
2.89342 1.4695
2.88942 1.469
2.88464 1.4685
2.88022 1.468
2.87597 1.4675
2.87185 1.467
2.8677 1.4665
2.86369 1.466
2.85902 1.4655
2.85491 1.465
2.85 1.4645
2.84596 1.464
2.84195 1.4635
2.83709 1.463
2.83296 1.4625
2.8286 1.462
2.82447 1.4615
2.82026 1.461
2.81605 1.4605
2.81186 1.46
2.8078 1.4595
2.80371 1.459
2.79944 1.4585
2.7954 1.458
2.79044 1.4575
2.78471 1.457
2.78071 1.4565
2.77627 1.456
2.77131 1.4555
2.76714 1.455
2.76251 1.4545
2.75758 1.454
2.75344 1.4535
2.74937 1.453
2.74529 1.4525
2.73963 1.452
2.73557 1.4515
2.73154 1.451
2.72737 1.4505
2.72295 1.45
2.71872 1.4495
2.71314 1.449
2.70786 1.4485
2.70371 1.448
2.69955 1.4475
2.69531 1.447
2.69069 1.4465
2.68518 1.446
2.68111 1.4455
2.67604 1.445
2.67166 1.4445
2.66746 1.444
2.6631 1.4435
2.65776 1.443
2.65376 1.4425
2.64873 1.442
2.64356 1.4415
2.6384 1.441
2.63378 1.4405
2.62892 1.44
2.62467 1.4395
2.61882 1.439
2.61432 1.4385
2.61023 1.438
2.60583 1.4375
2.60122 1.437
2.5968 1.4365
2.59085 1.436
2.58611 1.4355
2.58133 1.435
2.57732 1.4345
2.57323 1.434
2.56869 1.4335
2.56375 1.433
2.55884 1.4325
2.55428 1.432
2.54815 1.4315
2.54407 1.431
2.53926 1.4305
2.53478 1.43
2.52986 1.4295
2.52519 1.429
2.5204 1.4285
2.51561 1.428
2.51119 1.4275
2.50617 1.427
2.50111 1.4265
2.49711 1.426
2.49215 1.4255
2.48797 1.425
2.48372 1.4245
2.47927 1.424
2.4746 1.4235
2.47022 1.423
2.46555 1.4225
2.45888 1.422
2.45479 1.4215
2.45051 1.421
2.44646 1.4205
2.4418 1.42
2.43763 1.4195
2.43294 1.419
2.42862 1.4185
2.42416 1.418
2.41964 1.4175
2.41515 1.417
2.41084 1.4165
2.40663 1.416
2.40256 1.4155
2.39831 1.415
2.39338 1.4145
2.38903 1.414
2.38471 1.4135
2.38036 1.413
2.37607 1.4125
2.3719 1.412
2.36707 1.4115
2.36294 1.411
2.35846 1.4105
2.35411 1.41
2.34986 1.4095
2.34555 1.409
2.3411 1.4085
2.3366 1.408
2.33217 1.4075
2.3279 1.407
2.32309 1.4065
2.31887 1.406
2.31472 1.4055
2.31039 1.405
2.30596 1.4045
2.30154 1.404
2.29745 1.4035
2.29297 1.403
2.28863 1.4025
2.28423 1.402
2.27999 1.4015
2.27573 1.401
2.27156 1.4005
2.2673 1.4
2.26288 1.3995
2.25873 1.399
2.25437 1.3985
2.25014 1.398
2.24607 1.3975
2.24184 1.397
2.23745 1.3965
2.23324 1.396
2.22913 1.3955
2.22491 1.395
2.22077 1.3945
2.21667 1.394
2.2125 1.3935
2.20826 1.393
2.204 1.3925
2.19982 1.392
2.19577 1.3915
2.19147 1.391
2.18739 1.3905
2.18326 1.39
2.17916 1.3895
2.17505 1.389
2.17084 1.3885
2.1667 1.388
2.16256 1.3875
2.15841 1.387
2.1542 1.3865
2.15008 1.386
2.14585 1.3855
2.14169 1.385
2.13762 1.3845
2.13358 1.384
2.12945 1.3835
2.12541 1.383
2.12127 1.3825
2.11715 1.382
2.11305 1.3815
2.1089 1.381
2.10482 1.3805
2.10069 1.38
2.0965 1.3795
2.09246 1.379
2.08821 1.3785
2.08399 1.378
2.07984 1.3775
2.07571 1.377
2.07161 1.3765
2.06753 1.376
2.06346 1.3755
2.05935 1.375
2.05521 1.3745
2.05115 1.374
2.04705 1.3735
2.04299 1.373
2.03893 1.3725
2.03491 1.372
2.0308 1.3715
2.02669 1.371
2.02252 1.3705
2.01845 1.37
2.01433 1.3695
2.01023 1.369
2.00618 1.3685
2.00212 1.368
1.99798 1.3675
1.9939 1.367
1.98982 1.3665
1.98573 1.366
1.98163 1.3655
1.97755 1.365
1.97346 1.3645
1.96939 1.364
1.96532 1.3635
1.96123 1.363
1.9572 1.3625
1.9531 1.362
1.94902 1.3615
1.94489 1.361
1.94082 1.3605
1.93676 1.36
1.93267 1.3595
1.92861 1.359
1.92454 1.3585
1.92047 1.358
1.9164 1.3575
1.91235 1.357
1.9083 1.3565
1.90427 1.356
1.90027 1.3555
1.89623 1.355
1.89215 1.3545
1.88809 1.354
1.884 1.3535
1.87993 1.353
1.87586 1.3525
1.87182 1.352
1.86778 1.3515
1.86374 1.351
1.85971 1.3505
1.85568 1.35
1.85164 1.3495
1.84755 1.349
1.84354 1.3485
1.83943 1.348
1.83536 1.3475
1.83131 1.347
1.82723 1.3465
1.82318 1.346
1.81912 1.3455
1.81508 1.345
1.81095 1.3445
1.80689 1.344
1.80281 1.3435
1.79872 1.343
1.79465 1.3425
1.79063 1.342
1.78658 1.3415
1.78253 1.341
1.7784 1.3405
1.77433 1.34
1.77027 1.3395
1.76615 1.339
1.76209 1.3385
1.75804 1.338
1.754 1.3375
1.74989 1.337
1.74581 1.3365
1.74175 1.336
1.7377 1.3355
1.73369 1.335
1.72967 1.3345
1.72561 1.334
1.72156 1.3335
1.71753 1.333
1.71347 1.3325
1.70945 1.332
1.70545 1.3315
1.70137 1.331
1.69734 1.3305
1.69329 1.33
1.68928 1.3295
1.68524 1.329
1.6812 1.3285
1.67711 1.328
1.67307 1.3275
1.66901 1.327
1.66498 1.3265
1.66093 1.326
1.65688 1.3255
1.65286 1.325
1.64883 1.3245
1.64472 1.324
1.64065 1.3235
1.63659 1.323
1.63255 1.3225
1.62852 1.322
1.62446 1.3215
1.62038 1.321
1.61636 1.3205
1.6123 1.32
1.60829 1.3195
1.60426 1.319
1.60021 1.3185
1.59616 1.318
1.5921 1.3175
1.58802 1.317
1.58394 1.3165
1.57979 1.316
1.57575 1.3155
1.57169 1.315
1.56763 1.3145
1.56357 1.314
1.55949 1.3135
1.55546 1.313
1.55139 1.3125
1.54732 1.312
1.54329 1.3115
1.53926 1.311
1.53522 1.3105
1.5312 1.31
1.52718 1.3095
1.52317 1.309
1.51915 1.3085
1.51513 1.308
1.51108 1.3075
1.50706 1.307
1.50305 1.3065
1.49898 1.306
1.49492 1.3055
1.49087 1.305
1.48686 1.3045
1.48282 1.304
1.47878 1.3035
1.47471 1.303
1.47063 1.3025
1.46663 1.302
1.46262 1.3015
1.45857 1.301
1.45454 1.3005
1.4505 1.3
1.44639 1.2995
1.44238 1.299
1.43833 1.2985
1.43429 1.298
1.43026 1.2975
1.42622 1.297
1.42218 1.2965
1.41815 1.296
1.41414 1.2955
1.41012 1.295
1.40608 1.2945
1.40203 1.294
1.39795 1.2935
1.39387 1.293
1.38986 1.2925
1.38582 1.292
1.38177 1.2915
1.37771 1.291
1.37364 1.2905
1.36955 1.29
1.36552 1.2895
1.3615 1.289
1.35749 1.2885
1.35349 1.288
1.34943 1.2875
1.3454 1.287
1.3413 1.2865
1.33728 1.286
1.33325 1.2855
1.32921 1.285
1.32517 1.2845
1.32112 1.284
1.31709 1.2835
1.31307 1.283
1.30906 1.2825
1.305 1.282
1.30098 1.2815
1.2969 1.281
1.29283 1.2805
1.2888 1.28
1.28476 1.2795
1.28076 1.279
1.27673 1.2785
1.27264 1.278
1.2686 1.2775
1.26455 1.277
1.26053 1.2765
1.25649 1.276
1.25246 1.2755
1.24843 1.275
1.24442 1.2745
1.2404 1.274
1.23637 1.2735
1.23235 1.273
1.22833 1.2725
1.22432 1.272
1.22031 1.2715
1.21631 1.271
1.21229 1.2705
1.20827 1.27
1.20425 1.2695
1.20024 1.269
1.19623 1.2685
1.19219 1.268
1.18816 1.2675
1.18413 1.267
1.1801 1.2665
1.17608 1.266
1.17208 1.2655
1.16804 1.265
1.16399 1.2645
1.15999 1.264
1.15597 1.2635
1.15192 1.263
1.14792 1.2625
1.14389 1.262
1.13989 1.2615
1.13587 1.261
1.13185 1.2605
1.12784 1.26
1.12383 1.2595
1.1198 1.259
1.11578 1.2585
1.11176 1.258
1.10772 1.2575
1.10364 1.257
1.09962 1.2565
1.09556 1.256
1.09154 1.2555
1.08754 1.255
1.08353 1.2545
1.07953 1.254
1.0755 1.2535
1.07148 1.253
1.06746 1.2525
1.06344 1.252
1.05942 1.2515
1.05539 1.251
1.05138 1.2505
1.04734 1.25
1.04331 1.2495
1.0393 1.249
1.03526 1.2485
1.03125 1.248
1.02721 1.2475
1.02319 1.247
1.01919 1.2465
1.01513 1.246
1.01108 1.2455
1.00708 1.245
1.00305 1.2445
0.999033 1.244
0.995028 1.2435
0.991012 1.243
0.986995 1.2425
0.982945 1.242
0.978924 1.2415
0.974917 1.241
0.970878 1.2405
0.966837 1.24
0.962792 1.2395
0.958785 1.239
0.954766 1.2385
0.950725 1.238
0.94671 1.2375
0.942696 1.237
0.938653 1.2365
0.934616 1.236
0.93056 1.2355
0.926531 1.235
0.922525 1.2345
0.918483 1.234
0.914448 1.2335
0.910416 1.233
0.906396 1.2325
0.902342 1.232
0.898325 1.2315
0.894309 1.231
0.890294 1.2305
0.886291 1.23
0.882272 1.2295
0.878258 1.229
0.874201 1.2285
0.870141 1.228
0.866138 1.2275
0.861972 1.227
0.85795 1.2265
0.853947 1.226
0.849945 1.2255
0.845921 1.225
0.841914 1.2245
0.837907 1.224
0.833859 1.2235
0.829853 1.223
0.825852 1.2225
0.82182 1.222
0.817813 1.2215
0.813795 1.221
0.809787 1.2205
0.805776 1.22
0.801772 1.2195
0.797758 1.219
0.793743 1.2185
0.789715 1.218
0.785698 1.2175
0.781695 1.217
0.777681 1.2165
0.773671 1.216
0.769669 1.2155
0.76565 1.215
0.761631 1.2145
0.757596 1.214
0.753546 1.2135
0.749543 1.213
0.745503 1.2125
0.741459 1.212
0.737443 1.2115
0.733404 1.211
0.729396 1.2105
0.725337 1.21
0.721303 1.2095
0.717293 1.209
0.709681 1.2085
0.705642 1.208
0.701632 1.2075
0.697624 1.207
0.693624 1.2065
0.689596 1.206
0.685596 1.2055
0.681561 1.205
0.677534 1.2045
0.673294 1.204
0.669293 1.2035
0.665281 1.203
0.661275 1.2025
0.657268 1.202
0.653225 1.2015
0.649208 1.201
0.645205 1.2005
0.64118 1.2
0.637178 1.1995
0.633171 1.199
0.629159 1.1985
0.625155 1.198
0.619697 1.1975
0.615685 1.197
0.61168 1.1965
0.607627 1.196
0.603602 1.1955
0.599601 1.195
0.595585 1.1945
0.591571 1.194
0.587561 1.1935
0.583556 1.193
0.579556 1.1925
0.575544 1.192
0.571532 1.1915
0.567511 1.191
0.563462 1.1905
0.559444 1.19
0.555405 1.1895
0.551404 1.189
0.547397 1.1885
0.543368 1.188
0.539353 1.1875
0.535352 1.187
0.531338 1.1865
0.527325 1.186
0.523307 1.1855
0.519305 1.185
0.515289 1.1845
0.511271 1.184
0.507247 1.1835
0.503196 1.183
0.499191 1.1825
0.495185 1.182
0.491168 1.1815
0.487162 1.181
0.483128 1.1805
0.479111 1.18
0.47511 1.1795
0.471087 1.179
0.467034 1.1785
0.463004 1.178
0.458951 1.1775
0.454945 1.177
0.450883 1.1765
0.446864 1.176
0.44286 1.1755
0.43886 1.175
0.434859 1.1745
0.430851 1.174
0.426824 1.1735
0.422823 1.173
0.418818 1.1725
0.414818 1.172
0.410807 1.1715
0.406805 1.171
0.402763 1.1705
0.398718 1.17
0.394689 1.1695
0.390684 1.169
0.38666 1.1685
0.382653 1.168
0.378608 1.1675
0.374603 1.167
0.3706 1.1665
0.366595 1.166
0.362592 1.1655
0.358586 1.165
0.354574 1.1645
0.350568 1.164
0.346568 1.1635
0.342531 1.163
0.338527 1.1625
0.334515 1.162
0.330514 1.1615
0.326501 1.161
0.322482 1.1605
0.318482 1.16
0.314442 1.1595
0.310425 1.159
0.306406 1.1585
0.302401 1.158
0.29839 1.1575
0.294371 1.157
0.290345 1.1565
0.286342 1.156
0.282334 1.1555
0.278326 1.155
0.274321 1.1545
0.270304 1.154
0.266298 1.1535
0.262297 1.153
0.258292 1.1525
0.254285 1.152
0.250267 1.1515
0.246241 1.151
0.242225 1.1505
0.238214 1.15
0.234179 1.1495
0.230163 1.149
0.226154 1.1485
0.222147 1.148
0.21814 1.1475
0.214124 1.147
0.2101 1.1465
0.206084 1.146
0.202072 1.1455
0.19804 1.145
0.194032 1.1445
0.190015 1.144
0.186013 1.1435
0.181998 1.143
0.177998 1.1425
0.173972 1.142
0.169963 1.1415
0.165953 1.141
0.161924 1.1405
0.157909 1.14
0.153894 1.1395
0.14988 1.139
0.145848 1.1385
0.141826 1.138
0.137826 1.1375
0.133826 1.137
0.129822 1.1365
0.125817 1.136
0.121814 1.1355
0.117809 1.135
0.113781 1.1345
0.109774 1.134
0.10574 1.1335
0.101725 1.133
0.0977021 1.1325
0.093661 1.132
0.089621 1.1315
0.0856163 1.131
0.0816163 1.1305
0.0775865 1.13
0.0735656 1.1295
0.0695419 1.129
0.0655295 1.1285
0.0615061 1.128
0.0574917 1.1275
0.0534602 1.127
0.0494597 1.1265
0.0454566 1.126
0.0414515 1.1255
0.0374508 1.125
0.033431 1.1245
0.029422 1.124
0.0254077 1.1235
0.0213757 1.123
0.0173707 1.1225
0.0133689 1.122
0.00936862 1.1215
0.00535793 1.121
0.00134645 1.1205
-0.00267151 1.12
-0.00668237 1.1195
-0.010683 1.119
-0.014683 1.1185
-0.0186888 1.118
-0.0226907 1.1175
-0.0267133 1.117
-0.0307173 1.1165
-0.0347204 1.116
-0.0387359 1.1155
-0.0427472 1.115
-0.0467669 1.1145
-0.050776 1.114
-0.054783 1.1135
-0.0587835 1.113
-0.0628166 1.1125
-0.0668172 1.112
-0.0708525 1.1115
-0.0748604 1.111
-0.0788645 1.1105
-0.0828992 1.11
-0.0869111 1.1095
-0.0909257 1.109
-0.0949371 1.1085
-0.0989434 1.108
-0.102945 1.1075
-0.106946 1.107
-0.111144 1.1065
-0.115144 1.106
-0.119144 1.1055
-0.123149 1.105
-0.127151 1.1045
-0.131152 1.104
-0.135191 1.1035
-0.139209 1.103
-0.143212 1.1025
-0.147224 1.102
-0.151232 1.1015
-0.155245 1.101
-0.159249 1.1005
-0.163276 1.1
-0.167302 1.0995
-0.171312 1.099
-0.175329 1.0985
-0.179348 1.098
-0.183371 1.0975
-0.187389 1.097
-0.191389 1.0965
-0.195391 1.096
-0.199393 1.0955
-0.203394 1.095
-0.207418 1.0945
-0.211419 1.094
-0.21543 1.0935
-0.21943 1.093
-0.223438 1.0925
-0.227443 1.092
-0.231457 1.0915
-0.235475 1.091
-0.2395 1.0905
-0.243513 1.09
-0.247524 1.0895
-0.251524 1.089
-0.255535 1.0885
-0.259546 1.088
-0.263551 1.0875
-0.267559 1.087
-0.271591 1.0865
-0.278332 1.086
-0.282357 1.0855
-0.28636 1.085
-0.290369 1.0845
-0.294376 1.084
-0.29839 1.0835
-0.302396 1.083
-0.306414 1.0825
-0.310416 1.082
-0.314434 1.0815
-0.318437 1.081
-0.322441 1.0805
-0.326447 1.08
-0.330471 1.0795
-0.33448 1.079
-0.338484 1.0785
-0.342489 1.078
-0.34649 1.0775
-0.350492 1.077
-0.354492 1.0765
-0.358509 1.076
-0.362516 1.0755
-0.366522 1.075
-0.370529 1.0745
-0.374538 1.074
-0.378539 1.0735
-0.38255 1.073
-0.386566 1.0725
-0.390567 1.072
-0.394567 1.0715
-0.398582 1.071
-0.402586 1.0705
-0.406605 1.07
-0.410605 1.0695
-0.414611 1.069
-0.41863 1.0685
-0.422633 1.068
-0.426636 1.0675
-0.430636 1.067
-0.434719 1.0665
-0.438726 1.066
-0.442743 1.0655
-0.446762 1.065
-0.450769 1.0645
-0.45478 1.064
-0.458783 1.0635
-0.462825 1.063
-0.466825 1.0625
-0.470865 1.062
-0.474874 1.0615
-0.478874 1.061
-0.482888 1.0605
-0.48691 1.06
-0.490921 1.0595
-0.494931 1.059
-0.498954 1.0585
-0.502958 1.058
-0.506965 1.0575
-0.510975 1.057
-0.514979 1.0565
-0.51898 1.056
-0.522986 1.0555
-0.527009 1.055
-0.531009 1.0545
-0.53501 1.054
-0.53904 1.0535
-0.543044 1.053
-0.547058 1.0525
-0.551058 1.052
-0.555068 1.0515
-0.559071 1.051
-0.563078 1.0505
-0.567082 1.05
-0.571083 1.0495
-0.575083 1.049
-0.579096 1.0485
-0.583104 1.048
-0.587333 1.0475
-0.591333 1.047
-0.595335 1.0465
-0.59934 1.046
-0.603353 1.0455
-0.607366 1.045
-0.611381 1.0445
-0.615385 1.044
-0.619391 1.0435
-0.623403 1.043
-0.627412 1.0425
-0.631417 1.042
-0.635418 1.0415
-0.639418 1.041
-0.643434 1.0405
-0.647436 1.04
-0.65144 1.0395
-0.655444 1.039
-0.659445 1.0385
-0.663459 1.038
-0.667462 1.0375
-0.671464 1.037
-0.675711 1.0365
-0.679717 1.036
-0.683722 1.0355
-0.688012 1.035
-0.692015 1.0345
-0.69602 1.034
-0.70002 1.0335
-0.704027 1.033
-0.708066 1.0325
-0.712071 1.032
-0.716106 1.0315
-0.720126 1.031
-0.724138 1.0305
-0.728138 1.03
-0.732141 1.0295
-0.736147 1.029
-0.740175 1.0285
-0.744178 1.028
-0.748179 1.0275
-0.752179 1.027
-0.756196 1.0265
-0.760217 1.026
-0.764225 1.0255
-0.768225 1.025
-0.772226 1.0245
-0.77623 1.024
-0.780239 1.0235
-0.784246 1.023
-0.788247 1.0225
-0.792255 1.022
-0.796257 1.0215
-0.80026 1.021
-0.804276 1.0205
-0.808281 1.02
-0.812282 1.0195
-0.816299 1.019
-0.820302 1.0185
-0.829165 1.018
-0.833566 1.0175
-0.837571 1.017
-0.841573 1.0165
-0.845588 1.016
-0.849598 1.0155
-0.853601 1.015
-0.857609 1.0145
-0.861612 1.014
-0.865612 1.0135
-0.869629 1.013
-0.87363 1.0125
-0.877637 1.012
-0.881652 1.0115
-0.885666 1.011
-0.889666 1.0105
-0.893671 1.01
-0.897676 1.0095
-0.901681 1.009
-0.905692 1.0085
-0.909694 1.008
-0.913698 1.0075
-0.9177 1.007
-0.921711 1.0065
-0.925719 1.006
-0.929719 1.0055
-0.933742 1.005
-0.937751 1.0045
-0.941756 1.004
-0.945766 1.0035
-0.94978 1.003
-0.953782 1.0025
-0.957782 1.002
-0.961802 1.0015
-0.965802 1.001
-0.969817 1.0005
-0.973829 1
