Man
0 0
0.00345786 0.001
0.0278809 0.002
0.00701426 0.003
0.00211128 0.004
0.0454572 0.005
0.0679497 0.006
0.0294334 0.007
0.0247528 0.008
0.0503368 0.009
0.0681015 0.01
0.0544692 0.011
0.00380377 0.012
0.0419787 0.013
0.0441885 0.014
0.040613 0.015
0.0228596 0.016
-0.0176969 0.017
-0.0266992 0.018
-0.0183352 0.019
-0.0129636 0.02
-0.025631 0.021
-0.0437085 0.022
-0.0596948 0.023
-0.0743439 0.024
-0.0544887 0.025
-0.0687697 0.026
-0.0946741 0.027
-0.0761111 0.028
-0.090769 0.029
-0.0953512 0.03
-0.133843 0.031
-0.11474 0.032
-0.111121 0.033
-0.100888 0.034
-0.110332 0.035
-0.119071 0.036
-0.116511 0.037
-0.126864 0.038
-0.0863156 0.039
-0.0970179 0.04
-0.129733 0.041
-0.140056 0.042
-0.175918 0.043
-0.195951 0.044
-0.207126 0.045
-0.207752 0.046
-0.191228 0.047
-0.190373 0.048
-0.206399 0.049
-0.197389 0.05
-0.216474 0.051
-0.240478 0.052
-0.237391 0.053
-0.249591 0.054
-0.26973 0.055
-0.279182 0.056
-0.259492 0.057
-0.259528 0.058
-0.253281 0.059
-0.276593 0.06
-0.283392 0.061
-0.293342 0.062
-0.316171 0.063
-0.315501 0.064
-0.319703 0.065
-0.328043 0.066
-0.311038 0.067
-0.319501 0.068
-0.324665 0.069
-0.332603 0.07
-0.313233 0.071
-0.320565 0.072
-0.326567 0.073
-0.375676 0.074
-0.379898 0.075
-0.389421 0.076
-0.39652 0.077
-0.391971 0.078
-0.379263 0.079
-0.379892 0.08
-0.383437 0.081
-0.391322 0.082
-0.398973 0.083
-0.403601 0.084
-0.409852 0.085
-0.414552 0.086
-0.419556 0.087
-0.454294 0.088
-0.45812 0.089
-0.461016 0.09
-0.464759 0.091
-0.470815 0.092
-0.487222 0.093
-0.499114 0.094
-0.504468 0.095
-0.509743 0.096
-0.515096 0.097
-0.522383 0.098
-0.529012 0.099
-0.529793 0.1
-0.534724 0.101
-0.53917 0.102
-0.543158 0.103
-0.549128 0.104
-0.550224 0.105
-0.55322 0.106
-0.562819 0.107
-0.568637 0.108
-0.574658 0.109
-0.585847 0.11
-0.592574 0.111
-0.595845 0.112
-0.60242 0.113
-0.607507 0.114
-0.611212 0.115
-0.617019 0.116
-0.623995 0.117
-0.627496 0.118
-0.632692 0.119
-0.638125 0.12
-0.643271 0.121
-0.646339 0.122
-0.654141 0.123
-0.659802 0.124
-0.664791 0.125
-0.670098 0.126
-0.676138 0.127
-0.68177 0.128
-0.688066 0.129
-0.693684 0.13
-0.699729 0.131
-0.705233 0.132
-0.710994 0.133
-0.715105 0.134
-0.719373 0.135
-0.725086 0.136
-0.731102 0.137
-0.736807 0.138
-0.742043 0.139
-0.747586 0.14
-0.753542 0.141
-0.758876 0.142
-0.766292 0.143
-0.771914 0.144
-0.778013 0.145
-0.783262 0.146
-0.789689 0.147
-0.795437 0.148
-0.801562 0.149
-0.807515 0.15
-0.813204 0.151
-0.819172 0.152
-0.824673 0.153
-0.830128 0.154
-0.837599 0.155
-0.843652 0.156
-0.850682 0.157
-0.857091 0.158
-0.861885 0.159
-0.868245 0.16
-0.874934 0.161
-0.881545 0.162
-0.888676 0.163
-0.89521 0.164
-0.901562 0.165
-0.908301 0.166
-0.91506 0.167
-0.921334 0.168
-0.92795 0.169
-0.933949 0.17
-0.940346 0.171
-0.947652 0.172
-0.954829 0.173
-0.962233 0.174
-0.969246 0.175
-0.975483 0.176
-0.982754 0.177
-0.989196 0.178
-0.997183 0.179
-1.00443 0.18
-1.01195 0.181
-1.01918 0.182
-1.02535 0.183
-1.03201 0.184
-1.03959 0.185
-1.04623 0.186
-1.05277 0.187
-1.05965 0.188
-1.06644 0.189
-1.0723 0.19
-1.07896 0.191
-1.0852 0.192
-1.09154 0.193
-1.09682 0.194
-1.10247 0.195
-1.10854 0.196
-1.11427 0.197
-1.12037 0.198
-1.12635 0.199
-1.13285 0.2
-1.13861 0.201
-1.1436 0.202
-1.14826 0.203
-1.15341 0.204
-1.15925 0.205
-1.16404 0.206
-1.1686 0.207
-1.17348 0.208
-1.17824 0.209
-1.18365 0.21
-1.18824 0.211
-1.19243 0.212
-1.19708 0.213
-1.20118 0.214
-1.20545 0.215
-1.21006 0.216
-1.21436 0.217
-1.21814 0.218
-1.22228 0.219
-1.22657 0.22
-1.2303 0.221
-1.23432 0.222
-1.23794 0.223
-1.24188 0.224
-1.24593 0.225
-1.25011 0.226
-1.25396 0.227
-1.25788 0.228
-1.26202 0.229
-1.26523 0.23
-1.26853 0.231
-1.27224 0.232
-1.27576 0.233
-1.27951 0.234
-1.28343 0.235
-1.28687 0.236
-1.29002 0.237
-1.29332 0.238
-1.29649 0.239
-1.2996 0.24
-1.30263 0.241
-1.30572 0.242
-1.30895 0.243
-1.31197 0.244
-1.31487 0.245
-1.31787 0.246
-1.32119 0.247
-1.32413 0.248
-1.32669 0.249
-1.32952 0.25
-1.33294 0.251
-1.33597 0.252
-1.33842 0.253
-1.34121 0.254
-1.34399 0.255
-1.34719 0.256
-1.35005 0.257
-1.35258 0.258
-1.35559 0.259
-1.3583 0.26
-1.36092 0.261
-1.36335 0.262
-1.36577 0.263
-1.36864 0.264
-1.37126 0.265
-1.37382 0.266
-1.37635 0.267
-1.3787 0.268
-1.38132 0.269
-1.38384 0.27
-1.38661 0.271
-1.38895 0.272
-1.39114 0.273
-1.39319 0.274
-1.39542 0.275
-1.3977 0.276
-1.40025 0.277
-1.40263 0.278
-1.40482 0.279
-1.40687 0.28
-1.4089 0.281
-1.41092 0.282
-1.41282 0.283
-1.41494 0.284
-1.41694 0.285
-1.41919 0.286
-1.42116 0.287
-1.4232 0.288
-1.42541 0.289
-1.42723 0.29
-1.42902 0.291
-1.43085 0.292
-1.43299 0.293
-1.43497 0.294
-1.43685 0.295
-1.43895 0.296
-1.44112 0.297
-1.44305 0.298
-1.44497 0.299
-1.44677 0.3
-1.44884 0.301
-1.45067 0.302
-1.45246 0.303
-1.45418 0.304
-1.45592 0.305
-1.4574 0.306
-1.45921 0.307
-1.46098 0.308
-1.46302 0.309
-1.46464 0.31
-1.46645 0.311
-1.46828 0.312
-1.47006 0.313
-1.47183 0.314
-1.4733 0.315
-1.47515 0.316
-1.47671 0.317
-1.47845 0.318
-1.48001 0.319
-1.4816 0.32
-1.4834 0.321
-1.48501 0.322
-1.48656 0.323
-1.48819 0.324
-1.48977 0.325
-1.49132 0.326
-1.49269 0.327
-1.49434 0.328
-1.49568 0.329
-1.49715 0.33
-1.4985 0.331
-1.49989 0.332
-1.50147 0.333
-1.50295 0.334
-1.50435 0.335
-1.50576 0.336
-1.50709 0.337
-1.50841 0.338
-1.50968 0.339
-1.51112 0.34
-1.51249 0.341
-1.51392 0.342
-1.51535 0.343
-1.51666 0.344
-1.51798 0.345
-1.51941 0.346
-1.52077 0.347
-1.52197 0.348
-1.52325 0.349
-1.52459 0.35
-1.52593 0.351
-1.52724 0.352
-1.52864 0.353
-1.52981 0.354
-1.53101 0.355
-1.53233 0.356
-1.53356 0.357
-1.53482 0.358
-1.5362 0.359
-1.5374 0.36
-1.53859 0.361
-1.5398 0.362
-1.54089 0.363
-1.54219 0.364
-1.54338 0.365
-1.54474 0.366
-1.54577 0.367
-1.54684 0.368
-1.54792 0.369
-1.54903 0.37
-1.55038 0.371
-1.55153 0.372
-1.55249 0.373
-1.55351 0.374
-1.55484 0.375
-1.55595 0.376
-1.55713 0.377
-1.55832 0.378
-1.55931 0.379
-1.56039 0.38
-1.56147 0.381
-1.56261 0.382
-1.56382 0.383
-1.56479 0.384
-1.56593 0.385
-1.56691 0.386
-1.56774 0.387
-1.5688 0.388
-1.56986 0.389
-1.57106 0.39
-1.57214 0.391
-1.5732 0.392
-1.5744 0.393
-1.57527 0.394
-1.57631 0.395
-1.5774 0.396
-1.5786 0.397
-1.57953 0.398
-1.5805 0.399
-1.58155 0.4
-1.58244 0.401
-1.58328 0.402
-1.58431 0.403
-1.58546 0.404
-1.58638 0.405
-1.58739 0.406
-1.58839 0.407
-1.58947 0.408
-1.59052 0.409
-1.59156 0.41
-1.59247 0.411
-1.59322 0.412
-1.59414 0.413
-1.59503 0.414
-1.59584 0.415
-1.59676 0.416
-1.59768 0.417
-1.59863 0.418
-1.59961 0.419
-1.60057 0.42
-1.60138 0.421
-1.60224 0.422
-1.60314 0.423
-1.60406 0.424
-1.60487 0.425
-1.60574 0.426
-1.60647 0.427
-1.60741 0.428
-1.60813 0.429
-1.60896 0.43
-1.60984 0.431
-1.61067 0.432
-1.61154 0.433
-1.61232 0.434
-1.6132 0.435
-1.61404 0.436
-1.61489 0.437
-1.61577 0.438
-1.61666 0.439
-1.61743 0.44
-1.61823 0.441
-1.61899 0.442
-1.61979 0.443
-1.62065 0.444
-1.62157 0.445
-1.62236 0.446
-1.62326 0.447
-1.62393 0.448
-1.62475 0.449
-1.62543 0.45
-1.62618 0.451
-1.62698 0.452
-1.62762 0.453
-1.62828 0.454
-1.62909 0.455
-1.62994 0.456
-1.63058 0.457
-1.63136 0.458
-1.63199 0.459
-1.6328 0.46
-1.63359 0.461
-1.63446 0.462
-1.63512 0.463
-1.6358 0.464
-1.63646 0.465
-1.63717 0.466
-1.6379 0.467
-1.63861 0.468
-1.6393 0.469
-1.63984 0.47
-1.64055 0.471
-1.64123 0.472
-1.642 0.473
-1.64271 0.474
-1.64338 0.475
-1.64399 0.476
-1.64469 0.477
-1.64545 0.478
-1.64605 0.479
-1.64667 0.48
-1.64735 0.481
-1.64806 0.482
-1.64881 0.483
-1.64955 0.484
-1.65021 0.485
-1.65088 0.486
-1.65156 0.487
-1.65209 0.488
-1.65269 0.489
-1.65334 0.49
-1.65384 0.491
-1.65453 0.492
-1.65516 0.493
-1.6558 0.494
-1.65639 0.495
-1.65701 0.496
-1.65756 0.497
-1.65816 0.498
-1.65882 0.499
-1.65935 0.5
-1.66 0.501
-1.66067 0.502
-1.66125 0.503
-1.66181 0.504
-1.6624 0.505
-1.66305 0.506
-1.66365 0.507
-1.6643 0.508
-1.66498 0.509
-1.66556 0.51
-1.66617 0.511
-1.66679 0.512
-1.66735 0.513
-1.66792 0.514
-1.66859 0.515
-1.6691 0.516
-1.6697 0.517
-1.67028 0.518
-1.67081 0.519
-1.67124 0.52
-1.67189 0.521
-1.67244 0.522
-1.67304 0.523
-1.67362 0.524
-1.67422 0.525
-1.6747 0.526
-1.67514 0.527
-1.67573 0.528
-1.67628 0.529
-1.67692 0.53
-1.67747 0.531
-1.67803 0.532
-1.67858 0.533
-1.67916 0.534
-1.67975 0.535
-1.68022 0.536
-1.68081 0.537
-1.68133 0.538
-1.68185 0.539
-1.68225 0.54
-1.68286 0.541
-1.68349 0.542
-1.684 0.543
-1.68451 0.544
-1.68504 0.545
-1.68546 0.546
-1.68597 0.547
-1.68645 0.548
-1.68692 0.549
-1.68746 0.55
-1.68799 0.551
-1.68851 0.552
-1.68899 0.553
-1.68961 0.554
-1.69005 0.555
-1.6904 0.556
-1.691 0.557
-1.69146 0.558
-1.69204 0.559
-1.69248 0.56
-1.69293 0.561
-1.69346 0.562
-1.69387 0.563
-1.69438 0.564
-1.69489 0.565
-1.6954 0.566
-1.69582 0.567
-1.69629 0.568
-1.69676 0.569
-1.69721 0.57
-1.69768 0.571
-1.69816 0.572
-1.69861 0.573
-1.6991 0.574
-1.69953 0.575
-1.69999 0.576
-1.70049 0.577
-1.70095 0.578
-1.70147 0.579
-1.7019 0.58
-1.70232 0.581
-1.70269 0.582
-1.70316 0.583
-1.70365 0.584
-1.70415 0.585
-1.70461 0.586
-1.70509 0.587
-1.70565 0.588
-1.70608 0.589
-1.70652 0.59
-1.70699 0.591
-1.70738 0.592
-1.70788 0.593
-1.70824 0.594
-1.70867 0.595
-1.70913 0.596
-1.70952 0.597
-1.70995 0.598
-1.71033 0.599
-1.71068 0.6
-1.71103 0.601
-1.71156 0.602
-1.71192 0.603
-1.71236 0.604
-1.71278 0.605
-1.71315 0.606
-1.71354 0.607
-1.71404 0.608
-1.71444 0.609
-1.71485 0.61
-1.71523 0.611
-1.71558 0.612
-1.71594 0.613
-1.71633 0.614
-1.71668 0.615
-1.71705 0.616
-1.71743 0.617
-1.71786 0.618
-1.71831 0.619
-1.71871 0.62
-1.71909 0.621
-1.71951 0.622
-1.7199 0.623
-1.72027 0.624
-1.72066 0.625
-1.72106 0.626
-1.72151 0.627
-1.72184 0.628
-1.72222 0.629
-1.72257 0.63
-1.72291 0.631
-1.72326 0.632
-1.72361 0.633
-1.724 0.634
-1.72446 0.635
-1.72482 0.636
-1.72524 0.637
-1.72565 0.638
-1.72609 0.639
-1.72645 0.64
-1.72686 0.641
-1.72714 0.642
-1.72754 0.643
-1.72785 0.644
-1.72821 0.645
-1.72867 0.646
-1.72908 0.647
-1.72942 0.648
-1.72969 0.649
-1.73005 0.65
-1.73043 0.651
-1.73074 0.652
-1.73109 0.653
-1.73145 0.654
-1.73185 0.655
-1.73217 0.656
-1.73251 0.657
-1.7328 0.658
-1.73309 0.659
-1.73339 0.66
-1.7337 0.661
-1.73404 0.662
-1.73439 0.663
-1.73475 0.664
-1.73506 0.665
-1.73539 0.666
-1.73577 0.667
-1.73608 0.668
-1.73647 0.669
-1.73681 0.67
-1.73713 0.671
-1.73741 0.672
-1.73775 0.673
-1.7381 0.674
-1.73846 0.675
-1.73879 0.676
-1.73917 0.677
-1.73949 0.678
-1.73975 0.679
-1.7401 0.68
-1.74039 0.681
-1.74069 0.682
-1.74097 0.683
-1.74123 0.684
-1.74162 0.685
-1.74184 0.686
-1.74224 0.687
-1.74256 0.688
-1.7429 0.689
-1.74321 0.69
-1.7435 0.691
-1.74386 0.692
-1.74413 0.693
-1.74447 0.694
-1.7448 0.695
-1.74514 0.696
-1.74543 0.697
-1.74577 0.698
-1.74612 0.699
-1.74644 0.7
-1.74674 0.701
-1.7471 0.702
-1.74742 0.703
-1.74768 0.704
-1.74805 0.705
-1.7483 0.706
-1.74854 0.707
-1.74881 0.708
-1.74917 0.709
-1.74944 0.71
-1.74974 0.711
-1.75007 0.712
-1.7503 0.713
-1.75062 0.714
-1.75094 0.715
-1.7512 0.716
-1.75145 0.717
-1.75174 0.718
-1.75203 0.719
-1.75237 0.72
-1.75275 0.721
-1.75311 0.722
-1.7534 0.723
-1.7537 0.724
-1.75405 0.725
-1.75435 0.726
-1.75462 0.727
-1.75494 0.728
-1.75525 0.729
-1.75552 0.73
-1.75581 0.731
-1.75606 0.732
-1.75631 0.733
-1.75662 0.734
-1.75691 0.735
-1.75714 0.736
-1.75743 0.737
-1.75771 0.738
-1.7579 0.739
-1.75817 0.74
-1.75843 0.741
-1.75873 0.742
-1.75903 0.743
-1.75923 0.744
-1.75946 0.745
-1.75976 0.746
-1.76007 0.747
-1.76039 0.748
-1.76064 0.749
-1.76092 0.75
-1.7612 0.751
-1.76146 0.752
-1.76177 0.753
-1.76204 0.754
-1.76233 0.755
-1.76258 0.756
-1.76285 0.757
-1.76315 0.758
-1.76348 0.759
-1.76374 0.76
-1.76401 0.761
-1.76431 0.762
-1.76458 0.763
-1.76485 0.764
-1.76509 0.765
-1.76534 0.766
-1.76553 0.767
-1.76578 0.768
-1.76607 0.769
-1.76633 0.77
-1.76656 0.771
-1.76683 0.772
-1.767 0.773
-1.76726 0.774
-1.7675 0.775
-1.76778 0.776
-1.76801 0.777
-1.76824 0.778
-1.76853 0.779
-1.76886 0.78
-1.76906 0.781
-1.76927 0.782
-1.76951 0.783
-1.76972 0.784
-1.77 0.785
-1.77027 0.786
-1.77049 0.787
-1.77074 0.788
-1.77101 0.789
-1.77125 0.79
-1.77147 0.791
-1.77166 0.792
-1.7719 0.793
-1.77215 0.794
-1.77246 0.795
-1.77269 0.796
-1.77291 0.797
-1.7731 0.798
-1.7733 0.799
-1.77351 0.8
-1.77376 0.801
-1.774 0.802
-1.77427 0.803
-1.77452 0.804
-1.77474 0.805
-1.77494 0.806
-1.7752 0.807
-1.77542 0.808
-1.77564 0.809
-1.77588 0.81
-1.77613 0.811
-1.77637 0.812
-1.77666 0.813
-1.77687 0.814
-1.77711 0.815
-1.77733 0.816
-1.77752 0.817
-1.77778 0.818
-1.77799 0.819
-1.77821 0.82
-1.77841 0.821
-1.77862 0.822
-1.77884 0.823
-1.77915 0.824
-1.77939 0.825
-1.77961 0.826
-1.77983 0.827
-1.78003 0.828
-1.78023 0.829
-1.78045 0.83
-1.78067 0.831
-1.78092 0.832
-1.78114 0.833
-1.78137 0.834
-1.78157 0.835
-1.7817 0.836
-1.78191 0.837
-1.78215 0.838
-1.78235 0.839
-1.78258 0.84
-1.78283 0.841
-1.78309 0.842
-1.78325 0.843
-1.7835 0.844
-1.78372 0.845
-1.784 0.846
-1.78423 0.847
-1.78443 0.848
-1.78469 0.849
-1.78495 0.85
-1.78512 0.851
-1.78529 0.852
-1.78556 0.853
-1.78577 0.854
-1.78593 0.855
-1.78617 0.856
-1.78637 0.857
-1.78656 0.858
-1.78677 0.859
-1.78693 0.86
-1.78713 0.861
-1.78734 0.862
-1.78753 0.863
-1.78779 0.864
-1.78797 0.865
-1.78814 0.866
-1.78831 0.867
-1.78855 0.868
-1.78877 0.869
-1.78895 0.87
-1.78918 0.871
-1.78938 0.872
-1.78956 0.873
-1.78975 0.874
-1.78996 0.875
-1.79014 0.876
-1.79028 0.877
-1.79056 0.878
-1.7908 0.879
-1.79103 0.88
-1.79124 0.881
-1.79145 0.882
-1.79163 0.883
-1.79179 0.884
-1.79198 0.885
-1.79212 0.886
-1.79234 0.887
-1.79249 0.888
-1.79271 0.889
-1.79293 0.89
-1.79313 0.891
-1.79331 0.892
-1.79349 0.893
-1.79366 0.894
-1.79381 0.895
-1.79396 0.896
-1.79412 0.897
-1.79433 0.898
-1.79453 0.899
-1.79463 0.9
-1.79482 0.901
-1.79497 0.902
-1.79521 0.903
-1.79536 0.904
-1.79559 0.905
-1.79578 0.906
-1.79601 0.907
-1.79617 0.908
-1.79639 0.909
-1.79656 0.91
-1.79679 0.911
-1.79693 0.912
-1.79713 0.913
-1.79731 0.914
-1.7975 0.915
-1.79765 0.916
-1.7978 0.917
-1.79797 0.918
-1.79817 0.919
-1.79833 0.92
-1.79853 0.921
-1.79863 0.922
-1.79882 0.923
-1.79898 0.924
-1.79912 0.925
-1.79926 0.926
-1.79948 0.927
-1.79968 0.928
-1.79981 0.929
-1.79997 0.93
-1.80019 0.931
-1.80034 0.932
-1.80047 0.933
-1.80055 0.934
-1.80069 0.935
-1.80085 0.936
-1.80101 0.937
-1.80114 0.938
-1.80131 0.939
-1.80148 0.94
-1.80168 0.941
-1.80183 0.942
-1.80196 0.943
-1.8022 0.944
-1.8023 0.945
-1.80238 0.946
-1.80256 0.947
-1.80266 0.948
-1.8028 0.949
-1.80297 0.95
-1.80312 0.951
-1.80324 0.952
-1.80345 0.953
-1.80359 0.954
-1.80375 0.955
-1.80395 0.956
-1.80411 0.957
-1.80425 0.958
-1.80441 0.959
-1.80456 0.96
-1.80467 0.961
-1.8048 0.962
-1.80496 0.963
-1.80514 0.964
-1.8053 0.965
-1.80547 0.966
-1.80563 0.967
-1.80581 0.968
-1.80598 0.969
-1.80617 0.97
-1.80634 0.971
-1.80651 0.972
-1.8067 0.973
-1.80686 0.974
-1.80704 0.975
-1.80718 0.976
-1.80733 0.977
-1.80751 0.978
-1.80762 0.979
-1.8078 0.98
-1.80798 0.981
-1.80813 0.982
-1.8083 0.983
-1.80848 0.984
-1.8086 0.985
-1.80882 0.986
-1.80899 0.987
-1.8091 0.988
-1.80924 0.989
-1.80942 0.99
-1.80959 0.991
-1.80976 0.992
-1.80991 0.993
-1.81011 0.994
-1.81024 0.995
-1.81044 0.996
-1.81053 0.997
-1.81069 0.998
-1.81069 0.999
-1.81069 1


Shark
3.14159 1.5
3.13713 1.4995
3.13267 1.499
3.1282 1.4985
3.12374 1.498
3.1192 1.4975
3.11471 1.497
3.11011 1.4965
3.10565 1.496
3.10108 1.4955
3.09656 1.495
3.09206 1.4945
3.08689 1.494
3.08195 1.4935
3.07749 1.493
3.07303 1.4925
3.0684 1.492
3.06303 1.4915
3.05852 1.491
3.05401 1.4905
3.04952 1.49
3.04491 1.4895
3.04013 1.489
3.03539 1.4885
3.03067 1.488
3.02571 1.4875
3.02097 1.487
3.01556 1.4865
3.01055 1.486
3.00572 1.4855
3.00122 1.485
2.99434 1.4845
2.98913 1.484
2.98464 1.4835
2.97993 1.483
2.97524 1.4825
2.97057 1.482
2.96609 1.4815
2.9613 1.481
2.95304 1.4805
2.94819 1.48
2.94079 1.4795
2.93594 1.479
2.92781 1.4785
2.9219 1.478
2.91691 1.4775
2.91245 1.477
2.90683 1.4765
2.90236 1.476
2.89672 1.4755
2.89183 1.475
2.88564 1.4745
2.87855 1.474
2.87403 1.4735
2.8687 1.473
2.86208 1.4725
2.85704 1.472
2.85037 1.4715
2.84591 1.471
2.84116 1.4705
2.83354 1.47
2.82872 1.4695
2.82349 1.469
2.81572 1.4685
2.81125 1.468
2.80663 1.4675
2.80155 1.467
2.79482 1.4665
2.78968 1.466
2.78495 1.4655
2.77986 1.465
2.77231 1.4645
2.76727 1.464
2.76241 1.4635
2.7457 1.463
2.74103 1.4625
2.73554 1.462
2.73046 1.4615
2.72573 1.461
2.71943 1.4605
2.71497 1.46
2.71033 1.4595
2.70503 1.459
2.69975 1.4585
2.69497 1.458
2.68993 1.4575
2.68512 1.457
2.68026 1.4565
2.66599 1.456
2.66128 1.4555
2.65667 1.455
2.65197 1.4545
2.64687 1.454
2.63876 1.4535
2.63209 1.453
2.62709 1.4525
2.6221 1.452
2.61708 1.4515
2.61161 1.451
2.60628 1.4505
2.60181 1.45
2.59683 1.4495
2.59194 1.449
2.58712 1.4485
2.58188 1.448
2.57739 1.4475
2.57271 1.447
2.56633 1.4465
2.56107 1.446
2.55574 1.4455
2.54869 1.445
2.54313 1.4445
2.53839 1.444
2.53284 1.4435
2.52769 1.443
2.52284 1.4425
2.51747 1.442
2.51173 1.4415
2.5069 1.441
2.50167 1.4405
2.49635 1.44
2.4911 1.4395
2.48634 1.439
2.48017 1.4385
2.47473 1.438
2.46948 1.4375
2.46412 1.437
2.45851 1.4365
2.45302 1.436
2.44728 1.4355
2.44177 1.435
2.43608 1.4345
2.43058 1.434
2.42497 1.4335
2.41988 1.433
2.41474 1.4325
2.4091 1.432
2.40333 1.4315
2.39766 1.431
2.39215 1.4305
2.38651 1.43
2.3807 1.4295
2.37511 1.429
2.36862 1.4285
2.36289 1.428
2.35694 1.4275
2.35133 1.427
2.34521 1.4265
2.33936 1.426
2.33333 1.4255
2.32736 1.425
2.32149 1.4245
2.31548 1.424
2.30965 1.4235
2.30384 1.423
2.29703 1.4225
2.2909 1.422
2.28427 1.4215
2.27793 1.421
2.27233 1.4205
2.26598 1.42
2.25943 1.4195
2.25291 1.419
2.24608 1.4185
2.23956 1.418
2.23311 1.4175
2.22643 1.417
2.21971 1.4165
2.21324 1.416
2.20656 1.4155
2.2002 1.415
2.1936 1.4145
2.18645 1.414
2.17935 1.4135
2.17209 1.413
2.16505 1.4125
2.15843 1.412
2.15118 1.4115
2.1444 1.411
2.13664 1.4105
2.12932 1.41
2.1218 1.4095
2.11444 1.409
2.10772 1.4085
2.10068 1.408
2.09301 1.4075
2.08593 1.407
2.0789 1.4065
2.07162 1.406
2.06438 1.4055
2.05771 1.405
2.05051 1.4045
2.04356 1.404
2.03652 1.4035
2.03014 1.403
2.02352 1.4025
2.0166 1.402
2.00988 1.4015
2.0029 1.401
1.99597 1.4005
1.98867 1.4
1.98186 1.3995
1.97553 1.399
1.9694 1.3985
1.96294 1.398
1.956 1.3975
1.94973 1.397
1.94361 1.3965
1.93727 1.396
1.93098 1.3955
1.92424 1.395
1.91804 1.3945
1.91208 1.394
1.90581 1.3935
1.89988 1.393
1.89383 1.3925
1.88754 1.392
1.88145 1.3915
1.87568 1.391
1.86966 1.3905
1.86354 1.39
1.85776 1.3895
1.85179 1.389
1.84607 1.3885
1.84012 1.388
1.83409 1.3875
1.82796 1.387
1.82205 1.3865
1.81607 1.386
1.80993 1.3855
1.80439 1.385
1.79879 1.3845
1.79291 1.384
1.78715 1.3835
1.78122 1.383
1.77516 1.3825
1.76942 1.382
1.76386 1.3815
1.75819 1.381
1.7526 1.3805
1.74704 1.38
1.74152 1.3795
1.73596 1.379
1.73029 1.3785
1.72475 1.378
1.71929 1.3775
1.71375 1.377
1.70798 1.3765
1.70247 1.376
1.69718 1.3755
1.69172 1.375
1.68585 1.3745
1.68025 1.374
1.675 1.3735
1.66954 1.373
1.66407 1.3725
1.65832 1.372
1.65278 1.3715
1.64746 1.371
1.64181 1.3705
1.63635 1.37
1.63096 1.3695
1.62567 1.369
1.62039 1.3685
1.61479 1.368
1.60937 1.3675
1.60398 1.367
1.5986 1.3665
1.59333 1.366
1.58788 1.3655
1.58248 1.365
1.57692 1.3645
1.57163 1.364
1.56643 1.3635
1.56132 1.363
1.55609 1.3625
1.55083 1.362
1.54537 1.3615
1.54003 1.361
1.5348 1.3605
1.52966 1.36
1.52453 1.3595
1.5194 1.359
1.51433 1.3585
1.50913 1.358
1.504 1.3575
1.4987 1.357
1.49358 1.3565
1.48841 1.356
1.48312 1.3555
1.47808 1.355
1.47305 1.3545
1.468 1.354
1.46273 1.3535
1.45758 1.353
1.45247 1.3525
1.44723 1.352
1.44192 1.3515
1.43678 1.351
1.43164 1.3505
1.42657 1.35
1.42132 1.3495
1.41623 1.349
1.41116 1.3485
1.40612 1.348
1.40108 1.3475
1.39618 1.347
1.39108 1.3465
1.38601 1.346
1.38074 1.3455
1.37575 1.345
1.37063 1.3445
1.3655 1.344
1.36039 1.3435
1.35529 1.343
1.35038 1.3425
1.34522 1.342
1.34024 1.3415
1.33515 1.341
1.33017 1.3405
1.32516 1.34
1.32002 1.3395
1.31499 1.339
1.31001 1.3385
1.30496 1.338
1.29995 1.3375
1.29496 1.337
1.29007 1.3365
1.285 1.336
1.28013 1.3355
1.27517 1.335
1.27029 1.3345
1.26538 1.334
1.26034 1.3335
1.25537 1.333
1.25044 1.3325
1.24551 1.332
1.24062 1.3315
1.23574 1.331
1.23089 1.3305
1.22592 1.33
1.221 1.3295
1.21603 1.329
1.21107 1.3285
1.20617 1.328
1.20128 1.3275
1.1963 1.327
1.19137 1.3265
1.18654 1.326
1.18166 1.3255
1.17673 1.325
1.17181 1.3245
1.1669 1.324
1.16192 1.3235
1.15709 1.323
1.15225 1.3225
1.14732 1.322
1.14245 1.3215
1.13756 1.321
1.13258 1.3205
1.12773 1.32
1.12287 1.3195
1.11801 1.319
1.11321 1.3185
1.10828 1.318
1.10342 1.3175
1.09844 1.317
1.09367 1.3165
1.08888 1.316
1.08408 1.3155
1.07925 1.315
1.07427 1.3145
1.06942 1.314
1.06468 1.3135
1.05991 1.313
1.05493 1.3125
1.0501 1.312
1.04521 1.3115
1.04032 1.311
1.03556 1.3105
1.03074 1.31
1.02592 1.3095
1.02105 1.309
1.01614 1.3085
1.01138 1.308
1.00651 1.3075
1.00175 1.307
0.997064 1.3065
0.99224 1.306
0.987419 1.3055
0.982493 1.305
0.977654 1.3045
0.972824 1.304
0.967897 1.3035
0.963184 1.303
0.958363 1.3025
0.953503 1.302
0.948564 1.3015
0.943813 1.301
0.939029 1.3005
0.934191 1.3
0.929457 1.2995
0.92475 1.299
0.919919 1.2985
0.915003 1.298
0.910247 1.2975
0.905427 1.297
0.90061 1.2965
0.895741 1.296
0.890889 1.2955
0.886039 1.295
0.881277 1.2945
0.876612 1.294
0.871837 1.2935
0.867088 1.293
0.862382 1.2925
0.857607 1.292
0.852834 1.2915
0.848035 1.291
0.843214 1.2905
0.838407 1.29
0.833695 1.2895
0.828947 1.289
0.824175 1.2885
0.819393 1.288
0.814673 1.2875
0.809919 1.287
0.80525 1.2865
0.800442 1.286
0.795777 1.2855
0.791037 1.285
0.786272 1.2845
0.781531 1.284
0.77677 1.2835
0.772059 1.283
0.767282 1.2825
0.762535 1.282
0.75778 1.2815
0.752996 1.281
0.748211 1.2805
0.743504 1.28
0.738775 1.2795
0.734068 1.279
0.729335 1.2785
0.724564 1.278
0.719748 1.2775
0.715019 1.277
0.710211 1.2765
0.705558 1.276
0.700806 1.2755
0.69614 1.275
0.691433 1.2745
0.686691 1.274
0.682047 1.2735
0.677393 1.273
0.672642 1.2725
0.667858 1.272
0.663213 1.2715
0.658476 1.271
0.653834 1.2705
0.649075 1.27
0.644324 1.2695
0.639517 1.269
0.634857 1.2685
0.630181 1.268
0.625516 1.2675
0.620815 1.267
0.616109 1.2665
0.611407 1.266
0.60672 1.2655
0.602119 1.265
0.597416 1.2645
0.592731 1.264
0.587988 1.2635
0.583284 1.263
0.578604 1.2625
0.573961 1.262
0.569258 1.2615
0.564516 1.261
0.55987 1.2605
0.555222 1.26
0.550526 1.2595
0.545814 1.259
0.541071 1.2585
0.536335 1.258
0.531653 1.2575
0.526965 1.257
0.522262 1.2565
0.517659 1.256
0.513007 1.2555
0.508328 1.255
0.503737 1.2545
0.499027 1.254
0.494357 1.2535
0.489679 1.253
0.485033 1.2525
0.480365 1.252
0.475745 1.2515
0.471093 1.251
0.466394 1.2505
0.461782 1.25
0.457093 1.2495
0.452389 1.249
0.447743 1.2485
0.443107 1.248
0.438456 1.2475
0.43376 1.247
0.429099 1.2465
0.424401 1.246
0.41968 1.2455
0.41503 1.245
0.410361 1.2445
0.405678 1.244
0.40104 1.2435
0.396393 1.243
0.391674 1.2425
0.387066 1.242
0.382393 1.2415
0.377738 1.241
0.373111 1.2405
0.368541 1.24
0.363834 1.2395
0.359194 1.239
0.354519 1.2385
0.349862 1.238
0.345183 1.2375
0.340582 1.237
0.336008 1.2365
0.331335 1.236
0.326688 1.2355
0.321977 1.235
0.317332 1.2345
0.312677 1.234
0.308033 1.2335
0.303365 1.233
0.298689 1.2325
0.294089 1.232
0.289408 1.2315
0.284781 1.231
0.280148 1.2305
0.275585 1.23
0.270888 1.2295
0.266174 1.229
0.261547 1.2285
0.256919 1.228
0.25228 1.2275
0.247703 1.227
0.243077 1.2265
0.238465 1.226
0.233857 1.2255
0.229208 1.225
0.224557 1.2245
0.219922 1.224
0.215306 1.2235
0.210587 1.223
0.205998 1.2225
0.201455 1.222
0.196754 1.2215
0.192148 1.221
0.187459 1.2205
0.182868 1.22
0.178265 1.2195
0.173617 1.219
0.169036 1.2185
0.164395 1.218
0.159756 1.2175
0.155116 1.217
0.150531 1.2165
0.145914 1.216
0.141298 1.2155
0.136694 1.215
0.132073 1.2145
0.127453 1.214
0.122849 1.2135
0.118211 1.213
0.113617 1.2125
0.109002 1.212
0.104366 1.2115
0.0997479 1.211
0.095092 1.2105
0.0904951 1.21
0.0859078 1.2095
0.0813437 1.209
0.0767212 1.2085
0.0720811 1.208
0.0674319 1.2075
0.0628123 1.207
0.0581789 1.2065
0.0534899 1.206
0.0488853 1.2055
0.0442784 1.205
0.0396513 1.2045
0.0350719 1.204
0.0304218 1.2035
0.0258638 1.203
0.0212547 1.2025
0.0166311 1.202
0.0120561 1.2015
0.00744822 1.201
0.00287557 1.2005
-0.00167986 1.2
-0.00624107 1.1995
-0.0109193 1.199
-0.0154809 1.1985
-0.0200969 1.198
-0.0246996 1.1975
-0.0292725 1.197
-0.0338564 1.1965
-0.0385158 1.196
-0.0431078 1.1955
-0.0477046 1.195
-0.0522778 1.1945
-0.0568386 1.194
-0.0614092 1.1935
-0.0659974 1.193
-0.0705569 1.1925
-0.0751334 1.192
-0.0797086 1.1915
-0.0843262 1.191
-0.0889577 1.1905
-0.0935495 1.19
-0.0981324 1.1895
-0.102742 1.189
-0.10733 1.1885
-0.11191 1.188
-0.116498 1.1875
-0.121101 1.187
-0.125732 1.1865
-0.130289 1.186
-0.134873 1.1855
-0.139441 1.185
-0.144 1.1845
-0.148565 1.184
-0.153138 1.1835
-0.157731 1.183
-0.162374 1.1825
-0.166947 1.182
-0.171564 1.1815
-0.176174 1.181
-0.180808 1.1805
-0.185383 1.18
-0.189996 1.1795
-0.194529 1.179
-0.199136 1.1785
-0.203681 1.178
-0.20826 1.1775
-0.212914 1.177
-0.217524 1.1765
-0.222095 1.176
-0.226623 1.1755
-0.231204 1.175
-0.235795 1.1745
-0.240344 1.174
-0.24492 1.1735
-0.249504 1.173
-0.254115 1.1725
-0.258667 1.172
-0.263238 1.1715
-0.267782 1.171
-0.272321 1.1705
-0.276865 1.17
-0.281421 1.1695
-0.28599 1.169
-0.290572 1.1685
-0.295153 1.168
-0.299708 1.1675
-0.304271 1.167
-0.308878 1.1665
-0.313432 1.166
-0.318039 1.1655
-0.322614 1.165
-0.327172 1.1645
-0.331714 1.164
-0.33629 1.1635
-0.34087 1.163
-0.345456 1.1625
-0.350026 1.162
-0.354634 1.1615
-0.359198 1.161
-0.363727 1.1605
-0.368314 1.16
-0.372858 1.1595
-0.37741 1.159
-0.381949 1.1585
-0.38648 1.158
-0.391094 1.1575
-0.395604 1.157
-0.40023 1.1565
-0.404799 1.156
-0.409378 1.1555
-0.413941 1.155
-0.41849 1.1545
-0.423084 1.154
-0.42762 1.1535
-0.432205 1.153
-0.436779 1.1525
-0.441366 1.152
-0.445911 1.1515
-0.450495 1.151
-0.455091 1.1505
-0.45966 1.15
-0.464214 1.1495
-0.468819 1.149
-0.473386 1.1485
-0.477923 1.148
-0.482529 1.1475
-0.487062 1.147
-0.491584 1.1465
-0.496123 1.146
-0.50073 1.1455
-0.50527 1.145
-0.509829 1.1445
-0.514409 1.144
-0.518928 1.1435
-0.523508 1.143
-0.52808 1.1425
-0.532614 1.142
-0.537149 1.1415
-0.541701 1.141
-0.546257 1.1405
-0.550852 1.14
-0.555475 1.1395
-0.560079 1.139
-0.564639 1.1385
-0.569202 1.138
-0.573801 1.1375
-0.578366 1.137
-0.582913 1.1365
-0.587494 1.136
-0.592066 1.1355
-0.59661 1.135
-0.601167 1.1345
-0.605701 1.134
-0.610237 1.1335
-0.614812 1.133
-0.619368 1.1325
-0.623895 1.132
-0.628453 1.1315
-0.633006 1.131
-0.637513 1.1305
-0.642055 1.13
-0.646602 1.1295
-0.651169 1.129
-0.655738 1.1285
-0.66025 1.128
-0.664772 1.1275
-0.669341 1.127
-0.673922 1.1265
-0.678506 1.126
-0.683043 1.1255
-0.687598 1.125
-0.692157 1.1245
-0.696701 1.124
-0.701283 1.1235
-0.705831 1.123
-0.710399 1.1225
-0.714936 1.122
-0.719493 1.1215
-0.724064 1.121
-0.728661 1.1205
-0.73321 1.12
-0.737759 1.1195
-0.742338 1.119
-0.746891 1.1185
-0.751444 1.118
-0.755979 1.1175
-0.760516 1.117
-0.765027 1.1165
-0.769567 1.116
-0.774135 1.1155
-0.778682 1.115
-0.783211 1.1145
-0.787769 1.114
-0.792268 1.1135
-0.79682 1.113
-0.80135 1.1125
-0.805915 1.112
-0.810445 1.1115
-0.814977 1.111
-0.81955 1.1105
-0.824154 1.11
-0.828672 1.1095
-0.833191 1.109
-0.83773 1.1085
-0.842249 1.108
-0.846815 1.1075
-0.851371 1.107
-0.855898 1.1065
-0.860443 1.106
-0.865002 1.1055
-0.869546 1.105
-0.87407 1.1045
-0.87858 1.104
-0.883119 1.1035
-0.887667 1.103
-0.892259 1.1025
-0.896796 1.102
-0.901323 1.1015
-0.905834 1.101
-0.910352 1.1005
-0.914875 1.1
-0.91942 1.0995
-0.923965 1.099
-0.928526 1.0985
-0.933073 1.098
-0.937606 1.0975
-0.942119 1.097
-0.94668 1.0965
-0.951209 1.096
-0.955742 1.0955
-0.960283 1.095
-0.964835 1.0945
-0.969375 1.094
-0.973956 1.0935
-0.97848 1.093
-0.983031 1.0925
-0.987558 1.092
-0.992073 1.0915
-0.996635 1.091
-1.00116 1.0905
-1.00569 1.09
-1.01021 1.0895
-1.01474 1.089
-1.01927 1.0885
-1.02387 1.088
-1.02842 1.0875
-1.03295 1.087
-1.03748 1.0865
-1.04201 1.086
-1.04653 1.0855
-1.05106 1.085
-1.0556 1.0845
-1.06015 1.084
-1.06468 1.0835
-1.06922 1.083
-1.07375 1.0825
-1.07823 1.082
-1.08276 1.0815
-1.08731 1.081
-1.09183 1.0805
-1.09638 1.08
-1.10093 1.0795
-1.1055 1.079
-1.11 1.0785
-1.11455 1.078
-1.11909 1.0775
-1.12367 1.077
-1.12822 1.0765
-1.13274 1.076
-1.13731 1.0755
-1.14188 1.075
-1.14638 1.0745
-1.15089 1.074
-1.15546 1.0735
-1.15999 1.073
-1.1645 1.0725
-1.16905 1.072
-1.17358 1.0715
-1.17809 1.071
-1.18263 1.0705
-1.18713 1.07
-1.19166 1.0695
-1.19619 1.069
-1.2007 1.0685
-1.20528 1.068
-1.2098 1.0675
-1.2143 1.067
-1.21881 1.0665
-1.22337 1.066
-1.22791 1.0655
-1.23242 1.065
-1.23697 1.0645
-1.2415 1.064
-1.24601 1.0635
-1.25054 1.063
-1.25507 1.0625
-1.25958 1.062
-1.26408 1.0615
-1.26867 1.061
-1.27323 1.0605
-1.27778 1.06
-1.28232 1.0595
-1.28685 1.059
-1.29137 1.0585
-1.29588 1.058
-1.30039 1.0575
-1.30489 1.057
-1.30943 1.0565
-1.31393 1.056
-1.31848 1.0555
-1.32303 1.055
-1.32755 1.0545
-1.33207 1.054
-1.33659 1.0535
-1.3411 1.053
-1.3456 1.0525
-1.3501 1.052
-1.35461 1.0515
-1.35914 1.051
-1.36367 1.0505
-1.36815 1.05
-1.37267 1.0495
-1.37717 1.049
-1.38174 1.0485
-1.38624 1.048
-1.39079 1.0475
-1.39532 1.047
-1.39988 1.0465
-1.40438 1.046
-1.40893 1.0455
-1.41344 1.045
-1.418 1.0445
-1.42249 1.044
-1.42703 1.0435
-1.43155 1.043
-1.43607 1.0425
-1.44058 1.042
-1.44508 1.0415
-1.4496 1.041
-1.45413 1.0405
-1.45864 1.04
-1.46317 1.0395
-1.46765 1.039
-1.47218 1.0385
-1.47669 1.038
-1.48118 1.0375
-1.48568 1.037
-1.49023 1.0365
-1.49477 1.036
-1.49926 1.0355
-1.50377 1.035
-1.50832 1.0345
-1.51283 1.034
-1.51732 1.0335
-1.52179 1.033
-1.52629 1.0325
-1.5308 1.032
-1.53531 1.0315
-1.5398 1.031
-1.54432 1.0305
-1.54884 1.03
-1.55337 1.0295
-1.55788 1.029
-1.56237 1.0285
-1.56694 1.028
-1.57142 1.0275
-1.57589 1.027
-1.58042 1.0265
-1.5849 1.026
-1.5894 1.0255
-1.59391 1.025
-1.59842 1.0245
-1.60291 1.024
-1.60745 1.0235
-1.61195 1.023
-1.61647 1.0225
-1.62101 1.022
-1.62552 1.0215
-1.63002 1.021
-1.63453 1.0205
-1.63904 1.02
-1.64352 1.0195
-1.64802 1.019
-1.65253 1.0185
-1.65706 1.018
-1.66157 1.0175
-1.66609 1.017
-1.6706 1.0165
-1.67513 1.016
-1.67965 1.0155
-1.68418 1.015
-1.6887 1.0145
-1.69322 1.014
-1.69776 1.0135
-1.70227 1.013
-1.7068 1.0125
-1.7113 1.012
-1.71581 1.0115
-1.72034 1.011
-1.72482 1.0105
-1.72936 1.01
-1.73388 1.0095
-1.73839 1.009
-1.74291 1.0085
-1.74744 1.008
-1.75193 1.0075
-1.7565 1.007
-1.76102 1.0065
-1.76551 1.006
-1.77001 1.0055
-1.77454 1.005
-1.77906 1.0045
-1.78359 1.004
-1.78809 1.0035
-1.79264 1.003
-1.79714 1.0025
-1.80168 1.002
-1.80616 1.0015
-1.81068 1.001
-1.81069 1.0005
-1.81069 1
