Man
0 0
0.0177132 0.005
-0.0162087 0.01
-0.0240627 0.015
-0.0242378 0.02
-0.0452462 0.025
-0.0482983 0.03
-0.0836219 0.035
-0.0526413 0.04
-0.0620661 0.045
-0.0351382 0.05
-0.0520176 0.055
-0.0597306 0.06
-0.116123 0.065
-0.161257 0.07
-0.195931 0.075
-0.181825 0.08
-0.196268 0.085
-0.236641 0.09
-0.294582 0.095
-0.345967 0.1
-0.355214 0.105
-0.369791 0.11
-0.384685 0.115
-0.393193 0.12
-0.435997 0.125
-0.5068 0.13
-0.564159 0.135
-0.602861 0.14
-0.640296 0.145
-0.677878 0.15
-0.688143 0.155
-0.682417 0.16
-0.734207 0.165
-0.743099 0.17
-0.7759 0.175
-0.844791 0.18
-0.86415 0.185
-0.89545 0.19
-0.925854 0.195
-0.956128 0.2
-0.968635 0.205
-0.995955 0.21
-1.0185 0.215
-1.03582 0.22
-1.05189 0.225
-1.06664 0.23
-1.08025 0.235
-1.08766 0.24
-1.09786 0.245
-1.09626 0.25
-1.10643 0.255
-1.11392 0.26
-1.12321 0.265
-1.13142 0.27
-1.1386 0.275
-1.14548 0.28
-1.15203 0.285
-1.15809 0.29
-1.16397 0.295
-1.16885 0.3
-1.17439 0.305
-1.17967 0.31
-1.18454 0.315
-1.18732 0.32
-1.1921 0.325
-1.19644 0.33
-1.20009 0.335
-1.20433 0.34
-1.20812 0.345
-1.21092 0.35
-1.21462 0.355
-1.21818 0.36
-1.22104 0.365
-1.22373 0.37
-1.22678 0.375
-1.22948 0.38
-1.23229 0.385
-1.2345 0.39
-1.23724 0.395
-1.23901 0.4
-1.24094 0.405
-1.24293 0.41
-1.24525 0.415
-1.2477 0.42
-1.24988 0.425
-1.25175 0.43
-1.25356 0.435
-1.25309 0.44
-1.25488 0.445
-1.25681 0.45
-1.25855 0.455
-1.26017 0.46
-1.26146 0.465
-1.25477 0.47
-1.25327 0.475
-1.25474 0.48
-1.25726 0.485
-1.2541 0.49
-1.25539 0.495
-1.25653 0.5
-1.25781 0.505
-1.25891 0.51
-1.26049 0.515
-1.26199 0.52
-1.26052 0.525
-1.25629 0.53
-1.25736 0.535
-1.25828 0.54
-1.25924 0.545
-1.25828 0.55
-1.25902 0.555
-1.2601 0.56
-1.26095 0.565
-1.26164 0.57
-1.26232 0.575
-1.26329 0.58
-1.26409 0.585
-1.26477 0.59
-1.26562 0.595
-1.26654 0.6
-1.26731 0.605
-1.26827 0.61
-1.26903 0.615
-1.26979 0.62
-1.27062 0.625
-1.26301 0.63
-1.26315 0.635
-1.26388 0.64
-1.26467 0.645
-1.26526 0.65
-1.26622 0.655
-1.26698 0.66
-1.26442 0.665
-1.26498 0.67
-1.26574 0.675
-1.26614 0.68
-1.26694 0.685
-1.26771 0.69
-1.26801 0.695
-1.26235 0.7
-1.26293 0.705
-1.26343 0.71
-1.26356 0.715
-1.2638 0.72
-1.26425 0.725
-1.26485 0.73
-1.26546 0.735
-1.26578 0.74
-1.26626 0.745
-1.25996 0.75
-1.26028 0.755
-1.26054 0.76
-1.26101 0.765
-1.25915 0.77
-1.25689 0.775
-1.25716 0.78
-1.25607 0.785
-1.25649 0.79
-1.25465 0.795
-1.25503 0.8
-1.26187 0.805
-1.26223 0.81
-1.26068 0.815
-1.26899 0.82
-1.26925 0.825
-1.2696 0.83
-1.27019 0.835
-1.26807 0.84
-1.26864 0.845
-1.26779 0.85
-1.26834 0.855
-1.27539 0.86
-1.27561 0.865
-1.28385 0.87
-1.28262 0.875
-1.28167 0.88
-1.29496 0.885
-1.2953 0.89
-1.29371 0.895
-1.29396 0.9
-1.29211 0.905
-1.30213 0.91
-1.30867 0.915
-1.30909 0.92
-1.31565 0.925
-1.31585 0.93
-1.3153 0.935
-1.31576 0.94
-1.31608 0.945
-1.31641 0.95
-1.31672 0.955
-1.31712 0.96
-1.31724 0.965
-1.31742 0.97
-1.31762 0.975
-1.31777 0.98
-1.31481 0.985
-1.31517 0.99
-1.31561 0.995
-1.31592 1


Shark
3.14159 1.5
3.12159 1.4975
3.10157 1.495
3.08157 1.4925
3.06157 1.49
3.04148 1.4875
3.02148 1.485
3.00096 1.4825
2.98043 1.48
2.96036 1.4775
2.93972 1.475
2.91941 1.4725
2.89933 1.47
2.87487 1.4675
2.85145 1.465
2.82907 1.4625
2.8086 1.46
2.78804 1.4575
2.76356 1.455
2.73425 1.4525
2.70594 1.45
2.68558 1.4475
2.66462 1.445
2.64353 1.4425
2.62314 1.44
2.59416 1.4375
2.55289 1.435
2.51651 1.4325
2.48731 1.43
2.45807 1.4275
2.42821 1.425
2.40725 1.4225
2.38693 1.42
2.34778 1.4175
2.32691 1.415
2.29671 1.4125
2.24388 1.41
2.21939 1.4075
2.18855 1.405
2.15777 1.4025
2.12659 1.4
2.10417 1.3975
2.07394 1.395
2.04624 1.3925
2.0212 1.39
1.99661 1.3875
1.97253 1.385
1.94886 1.3825
1.92765 1.38
1.90534 1.3775
1.88528 1.375
1.8628 1.3725
1.84136 1.37
1.81911 1.3675
1.79727 1.365
1.77579 1.3625
1.75438 1.36
1.73306 1.3575
1.71188 1.355
1.69073 1.3525
1.6699 1.35
1.64881 1.3475
1.62778 1.345
1.60688 1.3425
1.58657 1.34
1.56564 1.3375
1.54485 1.335
1.52426 1.3325
1.50346 1.33
1.4828 1.3275
1.46242 1.325
1.44176 1.3225
1.42112 1.32
1.40069 1.3175
1.3803 1.315
1.35979 1.3125
1.33938 1.31
1.31893 1.3075
1.29864 1.305
1.27818 1.3025
1.25798 1.3
1.23774 1.2975
1.21748 1.295
1.19712 1.2925
1.1767 1.29
1.15637 1.2875
1.13611 1.285
1.11587 1.2825
1.09585 1.28
1.0756 1.2775
1.05531 1.275
1.03506 1.2725
1.01484 1.27
0.994702 1.2675
0.971116 1.265
0.950914 1.2625
0.930718 1.26
0.910136 1.2575
0.889208 1.255
0.869045 1.2525
0.848919 1.25
0.828753 1.2475
0.808629 1.245
0.788367 1.2425
0.768129 1.24
0.747893 1.2375
0.725992 1.235
0.705861 1.2325
0.685765 1.23
0.665656 1.2275
0.645548 1.225
0.625481 1.2225
0.605338 1.22
0.585247 1.2175
0.565185 1.215
0.545124 1.2125
0.525 1.21
0.504913 1.2075
0.484849 1.205
0.464748 1.2025
0.444627 1.2
0.424542 1.1975
0.404406 1.195
0.384319 1.1925
0.364232 1.19
0.344124 1.1875
0.316465 1.185
0.296462 1.1825
0.276375 1.18
0.256273 1.1775
0.236214 1.175
0.216058 1.1725
0.195958 1.17
0.174832 1.1675
0.154776 1.165
0.134673 1.1625
0.114643 1.16
0.0945223 1.1575
0.074411 1.155
0.054394 1.1525
0.028915 1.15
0.00885007 1.1475
-0.0112003 1.145
-0.0312038 1.1425
-0.0512156 1.14
-0.0712584 1.1375
-0.0913349 1.135
-0.111414 1.1325
-0.131436 1.13
-0.151487 1.1275
-0.178972 1.125
-0.198995 1.1225
-0.219011 1.12
-0.239062 1.1175
-0.259861 1.115
-0.281036 1.1125
-0.301053 1.11
-0.321343 1.1075
-0.341389 1.105
-0.362225 1.1025
-0.382262 1.1
-0.411957 1.0975
-0.431991 1.095
-0.452619 1.0925
-0.486372 1.09
-0.50639 1.0875
-0.526425 1.085
-0.546519 1.0825
-0.567748 1.08
-0.58784 1.0775
-0.608042 1.075
-0.62813 1.0725
-0.659509 1.07
-0.679523 1.0675
-0.71442 1.065
-0.734881 1.0625
-0.755155 1.06
-0.806151 1.0575
-0.826188 1.055
-0.846985 1.0525
-0.867006 1.05
-0.888086 1.0475
-0.929578 1.045
-0.960727 1.0425
-0.980784 1.04
-1.01219 1.0375
-1.0322 1.035
-1.05231 1.0325
-1.07238 1.03
-1.09242 1.0275
-1.11246 1.025
-1.13249 1.0225
-1.15255 1.02
-1.17256 1.0175
-1.19257 1.015
-1.21259 1.0125
-1.23259 1.01
-1.25573 1.0075
-1.27578 1.005
-1.29586 1.0025
-1.31589 1
