Man
0 0
0.000842124 0.000666667
0.00233744 0.00133333
0.00051316 0.002
0.000914356 0.00266667
0.000287479 0.00333333
-0.00379553 0.004
-0.00743379 0.00466667
-0.0124789 0.00533333
-0.0157999 0.006
-0.020245 0.00666667
-0.0207453 0.00733333
-0.0217919 0.008
-0.02092 0.00866667
-0.0239855 0.00933333
-0.0245901 0.01
-0.0284282 0.0106667
-0.0326862 0.0113333
-0.0354939 0.012
-0.0387359 0.0126667
-0.0363764 0.0133333
-0.0398729 0.014
-0.0455048 0.0146667
-0.0503299 0.0153333
-0.0530525 0.016
-0.0580168 0.0166667
-0.0634996 0.0173333
-0.0663343 0.018
-0.0709573 0.0186667
-0.0730743 0.0193333
-0.069816 0.02
-0.069 0.0206667
-0.0718618 0.0213333
-0.0727733 0.022
-0.0764363 0.0226667
-0.0801548 0.0233333
-0.0826831 0.024
-0.0885033 0.0246667
-0.0906528 0.0253333
-0.0916037 0.026
-0.0965107 0.0266667
-0.10154 0.0273333
-0.105915 0.028
-0.103692 0.0286667
-0.110502 0.0293333
-0.113734 0.03
-0.116298 0.0306667
-0.115778 0.0313333
-0.116463 0.032
-0.116802 0.0326667
-0.123889 0.0333333
-0.127335 0.034
-0.131495 0.0346667
-0.131539 0.0353333
-0.134917 0.036
-0.139115 0.0366667
-0.143197 0.0373333
-0.146361 0.038
-0.147302 0.0386667
-0.149804 0.0393333
-0.155413 0.04
-0.157263 0.0406667
-0.158612 0.0413333
-0.16197 0.042
-0.16462 0.0426667
-0.168241 0.0433333
-0.174468 0.044
-0.175047 0.0446667
-0.175644 0.0453333
-0.178509 0.046
-0.181997 0.0466667
-0.18585 0.0473333
-0.187567 0.048
-0.187462 0.0486667
-0.189451 0.0493333
-0.192128 0.05
-0.192621 0.0506667
-0.19859 0.0513333
-0.201683 0.052
-0.20398 0.0526667
-0.206932 0.0533333
-0.208349 0.054
-0.214961 0.0546667
-0.218771 0.0553333
-0.220151 0.056
-0.223511 0.0566667
-0.224048 0.0573333
-0.224283 0.058
-0.225617 0.0586667
-0.230644 0.0593333
-0.236552 0.06
-0.242294 0.0606667
-0.243464 0.0613333
-0.244529 0.062
-0.24791 0.0626667
-0.25102 0.0633333
-0.25363 0.064
-0.257672 0.0646667
-0.260481 0.0653333
-0.262204 0.066
-0.266454 0.0666667
-0.26473 0.0673333
-0.265018 0.068
-0.267729 0.0686667
-0.268412 0.0693333
-0.270355 0.07
-0.272856 0.0706667
-0.276952 0.0713333
-0.282079 0.072
-0.281997 0.0726667
-0.282123 0.0733333
-0.288194 0.074
-0.28879 0.0746667
-0.29075 0.0753333
-0.292915 0.076
-0.296875 0.0766667
-0.29921 0.0773333
-0.301824 0.078
-0.306296 0.0786667
-0.308791 0.0793333
-0.309656 0.08
-0.311056 0.0806667
-0.31877 0.0813333
-0.321226 0.082
-0.322452 0.0826667
-0.328899 0.0833333
-0.332354 0.084
-0.335705 0.0846667
-0.339149 0.0853333
-0.34413 0.086
-0.349964 0.0866667
-0.357906 0.0873333
-0.359277 0.088
-0.361962 0.0886667
-0.363291 0.0893333
-0.364385 0.09
-0.368614 0.0906667
-0.370511 0.0913333
-0.374571 0.092
-0.378658 0.0926667
-0.379741 0.0933333
-0.382308 0.094
-0.382149 0.0946667
-0.383511 0.0953333
-0.386182 0.096
-0.390361 0.0966667
-0.391348 0.0973333
-0.400333 0.098
-0.406926 0.0986667
-0.407695 0.0993333
-0.410548 0.1
-0.415461 0.100667
-0.419471 0.101333
-0.423769 0.102
-0.424763 0.102667
-0.428366 0.103333
-0.430664 0.104
-0.432232 0.104667
-0.435461 0.105333
-0.438515 0.106
-0.442341 0.106667
-0.446194 0.107333
-0.449924 0.108
-0.454267 0.108667
-0.454907 0.109333
-0.459572 0.11
-0.460888 0.110667
-0.462267 0.111333
-0.467585 0.112
-0.468736 0.112667
-0.470733 0.113333
-0.474285 0.114
-0.476594 0.114667
-0.478837 0.115333
-0.483506 0.116
-0.486725 0.116667
-0.491339 0.117333
-0.496523 0.118
-0.499997 0.118667
-0.502503 0.119333
-0.505148 0.12
-0.507765 0.120667
-0.509553 0.121333
-0.513581 0.122
-0.518333 0.122667
-0.521804 0.123333
-0.524033 0.124
-0.526936 0.124667
-0.528347 0.125333
-0.530537 0.126
-0.531703 0.126667
-0.535153 0.127333
-0.540568 0.128
-0.543389 0.128667
-0.545299 0.129333
-0.550221 0.13
-0.552378 0.130667
-0.553905 0.131333
-0.556625 0.132
-0.558703 0.132667
-0.56353 0.133333
-0.565774 0.134
-0.567328 0.134667
-0.568934 0.135333
-0.570395 0.136
-0.575155 0.136667
-0.578359 0.137333
-0.579956 0.138
-0.582298 0.138667
-0.585345 0.139333
-0.58851 0.14
-0.590434 0.140667
-0.591868 0.141333
-0.593639 0.142
-0.596723 0.142667
-0.600736 0.143333
-0.604568 0.144
-0.609555 0.144667
-0.612368 0.145333
-0.615709 0.146
-0.617509 0.146667
-0.619346 0.147333
-0.621216 0.148
-0.623747 0.148667
-0.626072 0.149333
-0.627422 0.15
-0.626946 0.150667
-0.628418 0.151333
-0.632193 0.152
-0.634006 0.152667
-0.636281 0.153333
-0.640218 0.154
-0.641821 0.154667
-0.643524 0.155333
-0.646593 0.156
-0.648546 0.156667
-0.649919 0.157333
-0.651943 0.158
-0.653941 0.158667
-0.655806 0.159333
-0.657691 0.16
-0.659802 0.160667
-0.662078 0.161333
-0.663099 0.162
-0.665488 0.162667
-0.667296 0.163333
-0.66922 0.164
-0.6715 0.164667
-0.672029 0.165333
-0.673861 0.166
-0.675946 0.166667
-0.6772 0.167333
-0.679022 0.168
-0.680113 0.168667
-0.681564 0.169333
-0.68292 0.17
-0.685217 0.170667
-0.686574 0.171333
-0.688343 0.172
-0.690119 0.172667
-0.691585 0.173333
-0.693395 0.174
-0.694716 0.174667
-0.696227 0.175333
-0.697671 0.176
-0.698935 0.176667
-0.700176 0.177333
-0.701751 0.178
-0.703157 0.178667
-0.704642 0.179333
-0.706145 0.18
-0.707517 0.180667
-0.708629 0.181333
-0.710084 0.182
-0.711446 0.182667
-0.712813 0.183333
-0.71386 0.184
-0.715265 0.184667
-0.716266 0.185333
-0.717449 0.186
-0.718776 0.186667
-0.720027 0.187333
-0.721152 0.188
-0.72213 0.188667
-0.723946 0.189333
-0.725137 0.19
-0.726818 0.190667
-0.727722 0.191333
-0.728885 0.192
-0.729352 0.192667
-0.730649 0.193333
-0.731914 0.194
-0.733092 0.194667
-0.734251 0.195333
-0.735242 0.196
-0.736621 0.196667
-0.737753 0.197333
-0.73899 0.198
-0.739661 0.198667
-0.740847 0.199333
-0.741625 0.2
-0.742953 0.200667
-0.744371 0.201333
-0.745102 0.202
-0.746242 0.202667
-0.747558 0.203333
-0.748447 0.204
-0.749551 0.204667
-0.749739 0.205333
-0.75058 0.206
-0.751653 0.206667
-0.752777 0.207333
-0.753585 0.208
-0.754803 0.208667
-0.755505 0.209333
-0.756416 0.21
-0.757173 0.210667
-0.758193 0.211333
-0.759153 0.212
-0.759225 0.212667
-0.760119 0.213333
-0.760672 0.214
-0.761616 0.214667
-0.762609 0.215333
-0.763441 0.216
-0.764136 0.216667
-0.764805 0.217333
-0.765336 0.218
-0.765919 0.218667
-0.766614 0.219333
-0.767439 0.22
-0.768465 0.220667
-0.769538 0.221333
-0.770474 0.222
-0.771061 0.222667
-0.771811 0.223333
-0.772697 0.224
-0.7733 0.224667
-0.774176 0.225333
-0.775187 0.226
-0.775829 0.226667
-0.776403 0.227333
-0.776928 0.228
-0.777823 0.228667
-0.778496 0.229333
-0.779063 0.23
-0.780071 0.230667
-0.780978 0.231333
-0.781602 0.232
-0.782408 0.232667
-0.782844 0.233333
-0.783445 0.234
-0.784108 0.234667
-0.784642 0.235333
-0.785196 0.236
-0.785559 0.236667
-0.786412 0.237333
-0.786966 0.238
-0.787397 0.238667
-0.787743 0.239333
-0.788617 0.24
-0.789101 0.240667
-0.789672 0.241333
-0.790341 0.242
-0.790845 0.242667
-0.791565 0.243333
-0.792175 0.244
-0.792935 0.244667
-0.793625 0.245333
-0.79454 0.246
-0.795147 0.246667
-0.795722 0.247333
-0.796099 0.248
-0.7966 0.248667
-0.797149 0.249333
-0.797589 0.25
-0.798043 0.250667
-0.79851 0.251333
-0.7992 0.252
-0.799723 0.252667
-0.800452 0.253333
-0.800986 0.254
-0.801531 0.254667
-0.801917 0.255333
-0.8023 0.256
-0.802736 0.256667
-0.803339 0.257333
-0.803629 0.258
-0.804313 0.258667
-0.805069 0.259333
-0.805437 0.26
-0.806033 0.260667
-0.806483 0.261333
-0.806884 0.262
-0.8073 0.262667
-0.807895 0.263333
-0.808769 0.264
-0.809359 0.264667
-0.809852 0.265333
-0.810295 0.266
-0.810866 0.266667
-0.811425 0.267333
-0.812052 0.268
-0.812703 0.268667
-0.813276 0.269333
-0.813775 0.27
-0.814083 0.270667
-0.81464 0.271333
-0.815161 0.272
-0.815614 0.272667
-0.816005 0.273333
-0.816502 0.274
-0.817107 0.274667
-0.817659 0.275333
-0.818117 0.276
-0.818764 0.276667
-0.819369 0.277333
-0.820084 0.278
-0.820543 0.278667
-0.821065 0.279333
-0.821575 0.28
-0.822219 0.280667
-0.822703 0.281333
-0.823163 0.282
-0.823552 0.282667
-0.824057 0.283333
-0.824656 0.284
-0.825209 0.284667
-0.826014 0.285333
-0.826385 0.286
-0.826885 0.286667
-0.82749 0.287333
-0.827701 0.288
-0.827925 0.288667
-0.828362 0.289333
-0.828658 0.29
-0.829317 0.290667
-0.82955 0.291333
-0.829912 0.292
-0.830349 0.292667
-0.83102 0.293333
-0.831184 0.294
-0.831776 0.294667
-0.832047 0.295333
-0.832506 0.296
-0.832793 0.296667
-0.833262 0.297333
-0.833712 0.298
-0.834013 0.298667
-0.834324 0.299333
-0.834958 0.3
-0.835237 0.300667
-0.835441 0.301333
-0.835846 0.302
-0.836271 0.302667
-0.836785 0.303333
-0.837226 0.304
-0.837553 0.304667
-0.838286 0.305333
-0.838725 0.306
-0.839074 0.306667
-0.839716 0.307333
-0.839971 0.308
-0.840149 0.308667
-0.84056 0.309333
-0.840862 0.31
-0.841319 0.310667
-0.841651 0.311333
-0.841961 0.312
-0.842668 0.312667
-0.84323 0.313333
-0.843659 0.314
-0.843991 0.314667
-0.844332 0.315333
-0.844821 0.316
-0.845135 0.316667
-0.845346 0.317333
-0.845709 0.318
-0.846154 0.318667
-0.846351 0.319333
-0.846657 0.32
-0.847056 0.320667
-0.847404 0.321333
-0.847784 0.322
-0.848202 0.322667
-0.848633 0.323333
-0.848816 0.324
-0.849143 0.324667
-0.849482 0.325333
-0.849679 0.326
-0.850126 0.326667
-0.850391 0.327333
-0.850613 0.328
-0.850837 0.328667
-0.851135 0.329333
-0.851388 0.33
-0.851801 0.330667
-0.852016 0.331333
-0.852275 0.332
-0.852683 0.332667
-0.852904 0.333333
-0.853399 0.334
-0.853778 0.334667
-0.854213 0.335333
-0.854415 0.336
-0.854707 0.336667
-0.855004 0.337333
-0.855312 0.338
-0.85545 0.338667
-0.855869 0.339333
-0.856307 0.34
-0.856575 0.340667
-0.856909 0.341333
-0.857325 0.342
-0.857631 0.342667
-0.857914 0.343333
-0.858114 0.344
-0.858451 0.344667
-0.858822 0.345333
-0.858962 0.346
-0.85944 0.346667
-0.859667 0.347333
-0.860129 0.348
-0.860524 0.348667
-0.860679 0.349333
-0.86081 0.35
-0.861257 0.350667
-0.861622 0.351333
-0.861984 0.352
-0.862134 0.352667
-0.86241 0.353333
-0.862844 0.354
-0.863043 0.354667
-0.863307 0.355333
-0.863706 0.356
-0.863951 0.356667
-0.8642 0.357333
-0.864493 0.358
-0.864703 0.358667
-0.864692 0.359333
-0.864948 0.36
-0.865285 0.360667
-0.865592 0.361333
-0.865926 0.362
-0.866286 0.362667
-0.866611 0.363333
-0.866995 0.364
-0.86733 0.364667
-0.867587 0.365333
-0.867834 0.366
-0.86811 0.366667
-0.868602 0.367333
-0.868888 0.368
-0.869047 0.368667
-0.869233 0.369333
-0.869478 0.37
-0.869649 0.370667
-0.869997 0.371333
-0.870232 0.372
-0.87055 0.372667
-0.870671 0.373333
-0.870952 0.374
-0.871184 0.374667
-0.871433 0.375333
-0.871721 0.376
-0.871948 0.376667
-0.872127 0.377333
-0.872404 0.378
-0.87247 0.378667
-0.872721 0.379333
-0.872959 0.38
-0.873381 0.380667
-0.873602 0.381333
-0.873855 0.382
-0.874091 0.382667
-0.874368 0.383333
-0.874573 0.384
-0.874651 0.384667
-0.874916 0.385333
-0.875175 0.386
-0.875396 0.386667
-0.875777 0.387333
-0.875993 0.388
-0.876236 0.388667
-0.876486 0.389333
-0.876816 0.39
-0.87703 0.390667
-0.877154 0.391333
-0.877381 0.392
-0.877447 0.392667
-0.877591 0.393333
-0.877896 0.394
-0.878069 0.394667
-0.878162 0.395333
-0.878428 0.396
-0.878635 0.396667
-0.878937 0.397333
-0.879309 0.398
-0.879579 0.398667
-0.879684 0.399333
-0.879803 0.4
-0.880018 0.400667
-0.880234 0.401333
-0.880392 0.402
-0.880658 0.402667
-0.880993 0.403333
-0.881138 0.404
-0.881365 0.404667
-0.8815 0.405333
-0.881803 0.406
-0.882019 0.406667
-0.882423 0.407333
-0.882692 0.408
-0.882863 0.408667
-0.88283 0.409333
-0.882888 0.41
-0.883197 0.410667
-0.883476 0.411333
-0.883665 0.412
-0.883826 0.412667
-0.884139 0.413333
-0.884288 0.414
-0.884538 0.414667
-0.88468 0.415333
-0.884848 0.416
-0.885102 0.416667
-0.885387 0.417333
-0.885589 0.418
-0.88587 0.418667
-0.886161 0.419333
-0.886359 0.42
-0.886495 0.420667
-0.886665 0.421333
-0.886894 0.422
-0.887138 0.422667
-0.887368 0.423333
-0.887477 0.424
-0.887679 0.424667
-0.887954 0.425333
-0.888265 0.426
-0.888516 0.426667
-0.888587 0.427333
-0.88874 0.428
-0.88907 0.428667
-0.889215 0.429333
-0.889384 0.43
-0.889556 0.430667
-0.889759 0.431333
-0.889923 0.432
-0.890157 0.432667
-0.890439 0.433333
-0.8906 0.434
-0.890954 0.434667
-0.891076 0.435333
-0.891272 0.436
-0.89148 0.436667
-0.891744 0.437333
-0.891955 0.438
-0.892142 0.438667
-0.892357 0.439333
-0.8925 0.44
-0.892667 0.440667
-0.892827 0.441333
-0.892921 0.442
-0.893018 0.442667
-0.893258 0.443333
-0.893424 0.444
-0.893549 0.444667
-0.893658 0.445333
-0.893912 0.446
-0.894178 0.446667
-0.894346 0.447333
-0.89455 0.448
-0.894818 0.448667
-0.894989 0.449333
-0.895251 0.45
-0.895375 0.450667
-0.895615 0.451333
-0.895711 0.452
-0.89591 0.452667
-0.896187 0.453333
-0.89642 0.454
-0.896566 0.454667
-0.896944 0.455333
-0.897132 0.456
-0.897225 0.456667
-0.897469 0.457333
-0.897601 0.458
-0.897707 0.458667
-0.897828 0.459333
-0.897949 0.46
-0.898152 0.460667
-0.898419 0.461333
-0.89852 0.462
-0.898709 0.462667
-0.898901 0.463333
-0.89908 0.464
-0.899214 0.464667
-0.899332 0.465333
-0.899572 0.466
-0.899783 0.466667
-0.899908 0.467333
-0.900063 0.468
-0.900301 0.468667
-0.900488 0.469333
-0.900782 0.47
-0.901056 0.470667
-0.90124 0.471333
-0.901406 0.472
-0.90162 0.472667
-0.901768 0.473333
-0.901948 0.474
-0.902113 0.474667
-0.902018 0.475333
-0.902253 0.476
-0.902245 0.476667
-0.902392 0.477333
-0.902507 0.478
-0.902598 0.478667
-0.902672 0.479333
-0.902813 0.48
-0.902896 0.480667
-0.902996 0.481333
-0.903181 0.482
-0.903408 0.482667
-0.903565 0.483333
-0.903754 0.484
-0.903871 0.484667
-0.903969 0.485333
-0.904132 0.486
-0.904342 0.486667
-0.904558 0.487333
-0.904802 0.488
-0.904897 0.488667
-0.905135 0.489333
-0.905214 0.49
-0.90531 0.490667
-0.905471 0.491333
-0.905621 0.492
-0.905709 0.492667
-0.90592 0.493333
-0.905993 0.494
-0.906029 0.494667
-0.906158 0.495333
-0.906306 0.496
-0.906567 0.496667
-0.906737 0.497333
-0.906904 0.498
-0.907054 0.498667
-0.907225 0.499333
-0.907463 0.5
-0.907548 0.500667
-0.907728 0.501333
-0.907849 0.502
-0.90806 0.502667
-0.908147 0.503333
-0.908199 0.504
-0.908427 0.504667
-0.908591 0.505333
-0.908801 0.506
-0.908888 0.506667
-0.909208 0.507333
-0.909293 0.508
-0.909455 0.508667
-0.909629 0.509333
-0.909663 0.51
-0.909831 0.510667
-0.91005 0.511333
-0.910148 0.512
-0.910287 0.512667
-0.910469 0.513333
-0.910687 0.514
-0.910877 0.514667
-0.911013 0.515333
-0.911137 0.516
-0.91121 0.516667
-0.911335 0.517333
-0.911458 0.518
-0.911651 0.518667
-0.911777 0.519333
-0.911954 0.52
-0.912131 0.520667
-0.912311 0.521333
-0.912435 0.522
-0.912598 0.522667
-0.912743 0.523333
-0.912892 0.524
-0.912949 0.524667
-0.913021 0.525333
-0.91315 0.526
-0.91327 0.526667
-0.913453 0.527333
-0.913768 0.528
-0.91381 0.528667
-0.913906 0.529333
-0.913972 0.53
-0.914075 0.530667
-0.914142 0.531333
-0.914293 0.532
-0.914302 0.532667
-0.914351 0.533333
-0.914497 0.534
-0.914584 0.534667
-0.914701 0.535333
-0.914725 0.536
-0.914917 0.536667
-0.915041 0.537333
-0.915167 0.538
-0.915295 0.538667
-0.915329 0.539333
-0.915432 0.54
-0.915648 0.540667
-0.915707 0.541333
-0.915999 0.542
-0.916129 0.542667
-0.916258 0.543333
-0.916369 0.544
-0.916533 0.544667
-0.916639 0.545333
-0.916723 0.546
-0.916821 0.546667
-0.916912 0.547333
-0.917072 0.548
-0.917246 0.548667
-0.9174 0.549333
-0.917497 0.55
-0.9176 0.550667
-0.91767 0.551333
-0.917964 0.552
-0.918164 0.552667
-0.918328 0.553333
-0.918436 0.554
-0.918476 0.554667
-0.918682 0.555333
-0.918766 0.556
-0.918865 0.556667
-0.919055 0.557333
-0.919163 0.558
-0.919306 0.558667
-0.9195 0.559333
-0.919627 0.56
-0.919819 0.560667
-0.91988 0.561333
-0.919987 0.562
-0.920118 0.562667
-0.920244 0.563333
-0.920343 0.564
-0.920299 0.564667
-0.920315 0.565333
-0.920513 0.566
-0.920578 0.566667
-0.920644 0.567333
-0.920721 0.568
-0.920765 0.568667
-0.920811 0.569333
-0.920957 0.57
-0.921082 0.570667
-0.921248 0.571333
-0.921421 0.572
-0.92156 0.572667
-0.921667 0.573333
-0.921704 0.574
-0.921914 0.574667
-0.921969 0.575333
-0.922034 0.576
-0.922183 0.576667
-0.922208 0.577333
-0.922245 0.578
-0.92235 0.578667
-0.922457 0.579333
-0.92257 0.58
-0.922737 0.580667
-0.922817 0.581333
-0.923018 0.582
-0.923159 0.582667
-0.923303 0.583333
-0.923499 0.584
-0.923578 0.584667
-0.923758 0.585333
-0.923941 0.586
-0.924132 0.586667
-0.92417 0.587333
-0.924259 0.588
-0.924363 0.588667
-0.923903 0.589333
-0.923975 0.59
-0.924053 0.590667
-0.924114 0.591333
-0.924232 0.592
-0.924265 0.592667
-0.924252 0.593333
-0.92441 0.594
-0.924523 0.594667
-0.924559 0.595333
-0.924598 0.596
-0.924731 0.596667
-0.924696 0.597333
-0.924889 0.598
-0.925071 0.598667
-0.925272 0.599333
-0.925426 0.6
-0.925303 0.600667
-0.925438 0.601333
-0.925558 0.602
-0.925722 0.602667
-0.925783 0.603333
-0.925839 0.604
-0.925943 0.604667
-0.926027 0.605333
-0.926118 0.606
-0.926272 0.606667
-0.926456 0.607333
-0.926392 0.608
-0.926406 0.608667
-0.926545 0.609333
-0.926575 0.61
-0.926698 0.610667
-0.926755 0.611333
-0.926812 0.612
-0.926927 0.612667
-0.926959 0.613333
-0.927044 0.614
-0.927171 0.614667
-0.92721 0.615333
-0.927298 0.616
-0.927363 0.616667
-0.92744 0.617333
-0.927578 0.618
-0.927756 0.618667
-0.927941 0.619333
-0.928053 0.62
-0.928156 0.620667
-0.928188 0.621333
-0.928264 0.622
-0.928383 0.622667
-0.928552 0.623333
-0.928596 0.624
-0.928678 0.624667
-0.928764 0.625333
-0.928887 0.626
-0.92891 0.626667
-0.929069 0.627333
-0.929168 0.628
-0.92928 0.628667
-0.929345 0.629333
-0.929533 0.63
-0.929613 0.630667
-0.929607 0.631333
-0.929704 0.632
-0.929848 0.632667
-0.92994 0.633333
-0.930047 0.634
-0.930218 0.634667
-0.93026 0.635333
-0.930323 0.636
-0.930348 0.636667
-0.930491 0.637333
-0.930551 0.638
-0.930625 0.638667
-0.930658 0.639333
-0.930626 0.64
-0.9307 0.640667
-0.93073 0.641333
-0.930863 0.642
-0.931026 0.642667
-0.931095 0.643333
-0.931115 0.644
-0.931256 0.644667
-0.931323 0.645333
-0.931391 0.646
-0.931475 0.646667
-0.931554 0.647333
-0.931651 0.648
-0.93166 0.648667
-0.931771 0.649333
-0.931922 0.65
-0.932021 0.650667
-0.932184 0.651333
-0.932206 0.652
-0.932281 0.652667
-0.932286 0.653333
-0.932368 0.654
-0.93232 0.654667
-0.934038 0.655333
-0.934164 0.656
-0.934296 0.656667
-0.934374 0.657333
-0.934412 0.658
-0.934517 0.658667
-0.934649 0.659333
-0.934784 0.66
-0.934815 0.660667
-0.934894 0.661333
-0.934984 0.662
-0.935018 0.662667
-0.935109 0.663333
-0.935182 0.664
-0.935276 0.664667
-0.935422 0.665333
-0.935499 0.666
-0.935557 0.666667
-0.935667 0.667333
-0.935653 0.668
-0.935706 0.668667
-0.93576 0.669333
-0.935867 0.67
-0.935956 0.670667
-0.935985 0.671333
-0.93613 0.672
-0.93613 0.672667
-0.936192 0.673333
-0.936289 0.674
-0.936352 0.674667
-0.93646 0.675333
-0.936565 0.676
-0.936652 0.676667
-0.936791 0.677333
-0.936904 0.678
-0.936949 0.678667
-0.936933 0.679333
-0.936986 0.68
-0.937061 0.680667
-0.937165 0.681333
-0.937293 0.682
-0.937334 0.682667
-0.937396 0.683333
-0.937534 0.684
-0.937582 0.684667
-0.937652 0.685333
-0.937692 0.686
-0.937649 0.686667
-0.937866 0.687333
-0.937956 0.688
-0.938074 0.688667
-0.938109 0.689333
-0.940295 0.69
-0.94042 0.690667
-0.940439 0.691333
-0.940549 0.692
-0.940643 0.692667
-0.940637 0.693333
-0.940774 0.694
-0.940844 0.694667
-0.940934 0.695333
-0.940961 0.696
-0.940907 0.696667
-0.94101 0.697333
-0.94115 0.698
-0.941216 0.698667
-0.941282 0.699333
-0.941346 0.7
-0.941355 0.700667
-0.941405 0.701333
-0.941461 0.702
-0.941508 0.702667
-0.941578 0.703333
-0.941661 0.704
-0.941437 0.704667
-0.941482 0.705333
-0.941554 0.706
-0.941623 0.706667
-0.941688 0.707333
-0.941812 0.708
-0.941879 0.708667
-0.942015 0.709333
-0.942166 0.71
-0.942231 0.710667
-0.942281 0.711333
-0.942368 0.712
-0.942501 0.712667
-0.942447 0.713333
-0.942591 0.714
-0.942587 0.714667
-0.942637 0.715333
-0.942718 0.716
-0.942751 0.716667
-0.942726 0.717333
-0.942795 0.718
-0.942954 0.718667
-0.943084 0.719333
-0.943144 0.72
-0.943251 0.720667
-0.94331 0.721333
-0.943436 0.722
-0.943548 0.722667
-0.943566 0.723333
-0.943716 0.724
-0.943803 0.724667
-0.943839 0.725333
-0.943981 0.726
-0.94401 0.726667
-0.943616 0.727333
-0.943716 0.728
-0.943738 0.728667
-0.943776 0.729333
-0.943765 0.73
-0.943841 0.730667
-0.943989 0.731333
-0.944038 0.732
-0.944142 0.732667
-0.944209 0.733333
-0.944286 0.734
-0.944357 0.734667
-0.944235 0.735333
-0.944307 0.736
-0.94433 0.736667
-0.944428 0.737333
-0.944461 0.738
-0.944483 0.738667
-0.944572 0.739333
-0.944675 0.74
-0.944778 0.740667
-0.94476 0.741333
-0.944807 0.742
-0.9449 0.742667
-0.944989 0.743333
-0.94508 0.744
-0.94514 0.744667
-0.945252 0.745333
-0.945263 0.746
-0.945331 0.746667
-0.945322 0.747333
-0.945448 0.748
-0.945504 0.748667
-0.945542 0.749333
-0.94558 0.75
-0.945661 0.750667
-0.945695 0.751333
-0.945653 0.752
-0.945349 0.752667
-0.945498 0.753333
-0.945513 0.754
-0.94554 0.754667
-0.945569 0.755333
-0.945555 0.756
-0.945567 0.756667
-0.945666 0.757333
-0.945703 0.758
-0.94568 0.758667
-0.945727 0.759333
-0.945756 0.76
-0.945802 0.760667
-0.945877 0.761333
-0.945932 0.762
-0.94601 0.762667
-0.946049 0.763333
-0.946051 0.764
-0.946089 0.764667
-0.946151 0.765333
-0.946222 0.766
-0.946328 0.766667
-0.946346 0.767333
-0.946531 0.768
-0.946612 0.768667
-0.946682 0.769333
-0.946649 0.77
-0.94671 0.770667
-0.946755 0.771333
-0.946836 0.772
-0.946903 0.772667
-0.946978 0.773333
-0.947031 0.774
-0.947142 0.774667
-0.947156 0.775333
-0.947162 0.776
-0.947123 0.776667
-0.947137 0.777333
-0.947153 0.778
-0.947145 0.778667
-0.947209 0.779333
-0.947237 0.78
-0.947315 0.780667
-0.947359 0.781333
-0.947439 0.782
-0.947499 0.782667
-0.947559 0.783333
-0.947604 0.784
-0.947664 0.784667
-0.947725 0.785333
-0.94773 0.786
-0.947855 0.786667
-0.947921 0.787333
-0.94798 0.788
-0.947975 0.788667
-0.948089 0.789333
-0.948184 0.79
-0.948178 0.790667
-0.94824 0.791333
-0.948269 0.792
-0.948313 0.792667
-0.948327 0.793333
-0.948359 0.794
-0.94838 0.794667
-0.948428 0.795333
-0.948451 0.796
-0.948569 0.796667
-0.94856 0.797333
-0.948652 0.798
-0.948696 0.798667
-0.948757 0.799333
-0.948841 0.8
-0.948881 0.800667
-0.948923 0.801333
-0.948946 0.802
-0.949001 0.802667
-0.949114 0.803333
-0.949199 0.804
-0.949285 0.804667
-0.949264 0.805333
-0.949365 0.806
-0.949438 0.806667
-0.949459 0.807333
-0.949528 0.808
-0.949541 0.808667
-0.949611 0.809333
-0.949605 0.81
-0.94965 0.810667
-0.949691 0.811333
-0.949753 0.812
-0.949778 0.812667
-0.949868 0.813333
-0.949922 0.814
-0.949971 0.814667
-0.949986 0.815333
-0.950048 0.816
-0.950162 0.816667
-0.950198 0.817333
-0.950255 0.818
-0.950351 0.818667
-0.950336 0.819333
-0.950339 0.82
-0.950358 0.820667
-0.950403 0.821333
-0.950444 0.822
-0.950518 0.822667
-0.950635 0.823333
-0.950692 0.824
-0.950714 0.824667
-0.950835 0.825333
-0.950855 0.826
-0.950915 0.826667
-0.950938 0.827333
-0.951009 0.828
-0.951007 0.828667
-0.951011 0.829333
-0.951059 0.83
-0.95114 0.830667
-0.951143 0.831333
-0.951262 0.832
-0.951368 0.832667
-0.951341 0.833333
-0.951344 0.834
-0.951414 0.834667
-0.951415 0.835333
-0.951436 0.836
-0.951549 0.836667
-0.951643 0.837333
-0.951698 0.838
-0.951794 0.838667
-0.951788 0.839333
-0.951854 0.84
-0.951999 0.840667
-0.952063 0.841333
-0.952074 0.842
-0.952127 0.842667
-0.952117 0.843333
-0.952178 0.844
-0.952236 0.844667
-0.952298 0.845333
-0.952371 0.846
-0.952504 0.846667
-0.952615 0.847333
-0.95272 0.848
-0.952751 0.848667
-0.952847 0.849333
-0.952843 0.85
-0.952953 0.850667
-0.953007 0.851333
-0.953086 0.852
-0.953105 0.852667
-0.953182 0.853333
-0.953187 0.854
-0.953211 0.854667
-0.95321 0.855333
-0.953257 0.856
-0.953276 0.856667
-0.953312 0.857333
-0.95339 0.858
-0.953511 0.858667
-0.953533 0.859333
-0.953617 0.86
-0.953648 0.860667
-0.953703 0.861333
-0.953699 0.862
-0.953773 0.862667
-0.953756 0.863333
-0.953793 0.864
-0.953825 0.864667
-0.953942 0.865333
-0.954051 0.866
-0.954094 0.866667
-0.954145 0.867333
-0.954224 0.868
-0.954262 0.868667
-0.954371 0.869333
-0.954436 0.87
-0.954417 0.870667
-0.954467 0.871333
-0.954626 0.872
-0.954647 0.872667
-0.954786 0.873333
-0.954861 0.874
-0.954894 0.874667
-0.954922 0.875333
-0.955008 0.876
-0.955048 0.876667
-0.955055 0.877333
-0.955061 0.878
-0.955144 0.878667
-0.955133 0.879333
-0.955182 0.88
-0.955245 0.880667
-0.955311 0.881333
-0.955362 0.882
-0.955434 0.882667
-0.955525 0.883333
-0.955604 0.884
-0.955607 0.884667
-0.955694 0.885333
-0.955761 0.886
-0.955802 0.886667
-0.955828 0.887333
-0.955923 0.888
-0.955931 0.888667
-0.955953 0.889333
-0.956022 0.89
-0.956037 0.890667
-0.956067 0.891333
-0.956106 0.892
-0.956067 0.892667
-0.956115 0.893333
-0.956149 0.894
-0.95617 0.894667
-0.956206 0.895333
-0.9563 0.896
-0.95636 0.896667
-0.956358 0.897333
-0.956441 0.898
-0.956492 0.898667
-0.956571 0.899333
-0.956583 0.9
-0.956608 0.900667
-0.95665 0.901333
-0.956723 0.902
-0.956758 0.902667
-0.956754 0.903333
-0.956821 0.904
-0.956836 0.904667
-0.956866 0.905333
-0.956874 0.906
-0.956926 0.906667
-0.956977 0.907333
-0.957005 0.908
-0.957076 0.908667
-0.957113 0.909333
-0.957119 0.91
-0.957166 0.910667
-0.95724 0.911333
-0.957311 0.912
-0.95735 0.912667
-0.957393 0.913333
-0.957398 0.914
-0.957453 0.914667
-0.957459 0.915333
-0.95745 0.916
-0.957445 0.916667
-0.95744 0.917333
-0.957432 0.918
-0.957522 0.918667
-0.957594 0.919333
-0.957632 0.92
-0.957675 0.920667
-0.957697 0.921333
-0.957694 0.922
-0.957739 0.922667
-0.957774 0.923333
-0.957814 0.924
-0.95792 0.924667
-0.957944 0.925333
-0.95798 0.926
-0.958057 0.926667
-0.958123 0.927333
-0.958149 0.928
-0.958205 0.928667
-0.958248 0.929333
-0.958279 0.93
-0.958358 0.930667
-0.958325 0.931333
-0.958406 0.932
-0.958478 0.932667
-0.957899 0.933333
-0.957941 0.934
-0.958014 0.934667
-0.958052 0.935333
-0.958137 0.936
-0.958174 0.936667
-0.958224 0.937333
-0.958321 0.938
-0.958345 0.938667
-0.958415 0.939333
-0.958512 0.94
-0.958489 0.940667
-0.958475 0.941333
-0.958504 0.942
-0.958568 0.942667
-0.958579 0.943333
-0.958624 0.944
-0.958644 0.944667
-0.958713 0.945333
-0.958738 0.946
-0.958805 0.946667
-0.95886 0.947333
-0.958626 0.948
-0.958678 0.948667
-0.95868 0.949333
-0.958727 0.95
-0.958811 0.950667
-0.958843 0.951333
-0.958363 0.952
-0.957927 0.952667
-0.957968 0.953333
-0.958038 0.954
-0.958078 0.954667
-0.958151 0.955333
-0.958187 0.956
-0.958202 0.956667
-0.958227 0.957333
-0.958262 0.958
-0.958236 0.958667
-0.958231 0.959333
-0.958287 0.96
-0.958282 0.960667
-0.958277 0.961333
-0.958341 0.962
-0.958392 0.962667
-0.958439 0.963333
-0.95844 0.964
-0.958466 0.964667
-0.958514 0.965333
-0.958571 0.966
-0.958609 0.966667
-0.958714 0.967333
-0.958733 0.968
-0.958777 0.968667
-0.958793 0.969333
-0.958765 0.97
-0.958713 0.970667
-0.958784 0.971333
-0.958758 0.972
-0.958799 0.972667
-0.958857 0.973333
-0.958919 0.974
-0.958912 0.974667
-0.958977 0.975333
-0.95899 0.976
-0.959022 0.976667
-0.9591 0.977333
-0.959149 0.978
-0.959178 0.978667
-0.959214 0.979333
-0.959234 0.98
-0.959289 0.980667
-0.959314 0.981333
-0.959352 0.982
-0.959393 0.982667
-0.959388 0.983333
-0.959416 0.984
-0.959462 0.984667
-0.959464 0.985333
-0.959511 0.986
-0.959559 0.986667
-0.959661 0.987333
-0.959708 0.988
-0.959758 0.988667
-0.959774 0.989333
-0.959787 0.99
-0.959813 0.990667
-0.959831 0.991333
-0.959867 0.992
-0.959873 0.992667
-0.959884 0.993333
-0.959925 0.994
-0.959976 0.994667
-0.959994 0.995333
-0.960016 0.996
-0.960078 0.996667
-0.960114 0.997333
-0.960143 0.998
-0.960121 0.998667
-0.960157 0.999333
-0.960218 1


Shark
3.14159 1.5
3.13893 1.49967
3.13626 1.49933
3.13359 1.499
3.13093 1.49867
3.12826 1.49833
3.12559 1.498
3.12292 1.49767
3.12026 1.49733
3.11759 1.497
3.11492 1.49667
3.11225 1.49633
3.10959 1.496
3.10692 1.49567
3.10425 1.49533
3.10158 1.495
3.09891 1.49467
3.09624 1.49433
3.09357 1.494
3.0909 1.49367
3.08823 1.49333
3.08555 1.493
3.08287 1.49267
3.08019 1.49233
3.07751 1.492
3.07483 1.49167
3.07213 1.49133
3.06946 1.491
3.06677 1.49067
3.0641 1.49033
3.06142 1.49
3.05875 1.48967
3.05608 1.48933
3.05341 1.489
3.05072 1.48867
3.04803 1.48833
3.04536 1.488
3.04263 1.48767
3.03996 1.48733
3.03729 1.487
3.03457 1.48667
3.03185 1.48633
3.02914 1.486
3.02646 1.48567
3.02368 1.48533
3.02098 1.485
3.0183 1.48467
3.01563 1.48433
3.01296 1.484
3.0103 1.48367
3.00747 1.48333
3.00476 1.483
3.00204 1.48267
2.99937 1.48233
2.99666 1.482
2.99393 1.48167
2.99119 1.48133
2.98848 1.481
2.98581 1.48067
2.98312 1.48033
2.98031 1.48
2.97762 1.47967
2.97495 1.47933
2.97222 1.479
2.96952 1.47867
2.96678 1.47833
2.9639 1.478
2.96123 1.47767
2.95856 1.47733
2.95584 1.477
2.9531 1.47667
2.95034 1.47633
2.94765 1.476
2.94498 1.47567
2.94229 1.47533
2.93957 1.475
2.9369 1.47467
2.93397 1.47433
2.93123 1.474
2.92852 1.47367
2.92578 1.47333
2.92309 1.473
2.92006 1.47267
2.91727 1.47233
2.91459 1.472
2.91181 1.47167
2.90914 1.47133
2.90648 1.471
2.90379 1.47067
2.90087 1.47033
2.89786 1.47
2.89485 1.46967
2.89217 1.46933
2.88949 1.469
2.88669 1.46867
2.88391 1.46833
2.88117 1.468
2.8783 1.46767
2.87554 1.46733
2.87283 1.467
2.86994 1.46667
2.86723 1.46633
2.86456 1.466
2.8618 1.46567
2.85912 1.46533
2.8564 1.465
2.85364 1.46467
2.85073 1.46433
2.84769 1.464
2.84502 1.46367
2.84236 1.46333
2.83915 1.463
2.83647 1.46267
2.83374 1.46233
2.831 1.462
2.82807 1.46167
2.82531 1.46133
2.82252 1.461
2.81951 1.46067
2.81673 1.46033
2.81404 1.46
2.81134 1.45967
2.80769 1.45933
2.8049 1.459
2.8022 1.45867
2.79878 1.45833
2.79588 1.458
2.79298 1.45767
2.79007 1.45733
2.7869 1.457
2.78356 1.45667
2.77972 1.45633
2.77701 1.456
2.77418 1.45567
2.77147 1.45533
2.76878 1.455
2.7657 1.45467
2.76295 1.45433
2.75989 1.454
2.75683 1.45367
2.75413 1.45333
2.7513 1.453
2.74863 1.45267
2.74591 1.45233
2.74306 1.452
2.73994 1.45167
2.73725 1.45133
2.73284 1.451
2.72912 1.45067
2.72644 1.45033
2.72354 1.45
2.72022 1.44967
2.7171 1.44933
2.71391 1.449
2.71122 1.44867
2.70816 1.44833
2.70533 1.448
2.70259 1.44767
2.69959 1.44733
2.69663 1.447
2.69351 1.44667
2.69037 1.44633
2.68726 1.446
2.684 1.44567
2.68131 1.44533
2.67795 1.445
2.67522 1.44467
2.67249 1.44433
2.66892 1.444
2.6662 1.44367
2.66338 1.44333
2.66027 1.443
2.6574 1.44267
2.65454 1.44233
2.65111 1.442
2.64805 1.44167
2.64462 1.44133
2.641 1.441
2.63787 1.44067
2.63495 1.44033
2.632 1.44
2.62905 1.43967
2.62624 1.43933
2.62294 1.439
2.6194 1.43867
2.61623 1.43833
2.61334 1.438
2.61031 1.43767
2.60755 1.43733
2.60467 1.437
2.60194 1.43667
2.59875 1.43633
2.59491 1.436
2.59187 1.43567
2.58903 1.43533
2.58534 1.435
2.58244 1.43467
2.57966 1.43433
2.57663 1.434
2.57375 1.43367
2.57004 1.43333
2.56712 1.433
2.56433 1.43267
2.56152 1.43233
2.55874 1.432
2.55502 1.43167
2.55183 1.43133
2.54902 1.431
2.54605 1.43067
2.54289 1.43033
2.53969 1.43
2.53682 1.42967
2.53403 1.42933
2.53118 1.429
2.52799 1.42867
2.52447 1.42833
2.52101 1.428
2.51709 1.42767
2.51396 1.42733
2.51066 1.427
2.50779 1.42667
2.50491 1.42633
2.50203 1.426
2.49897 1.42567
2.49596 1.42533
2.49318 1.425
2.49049 1.42467
2.48768 1.42433
2.48417 1.424
2.48128 1.42367
2.47827 1.42333
2.47467 1.423
2.47183 1.42267
2.46896 1.42233
2.46568 1.422
2.46275 1.42167
2.45994 1.42133
2.45699 1.421
2.45404 1.42067
2.45112 1.42033
2.44819 1.42
2.4452 1.41967
2.44216 1.41933
2.43941 1.419
2.43632 1.41867
2.43341 1.41833
2.43046 1.418
2.4274 1.41767
2.42471 1.41733
2.42178 1.417
2.41878 1.41667
2.41598 1.41633
2.41305 1.416
2.41028 1.41567
2.40744 1.41533
2.40462 1.415
2.40153 1.41467
2.3987 1.41433
2.39577 1.414
2.39284 1.41367
2.38999 1.41333
2.38704 1.413
2.38422 1.41267
2.38135 1.41233
2.37849 1.412
2.37568 1.41167
2.37287 1.41133
2.36998 1.411
2.36713 1.41067
2.36426 1.41033
2.36139 1.41
2.35854 1.40967
2.35576 1.40933
2.35289 1.409
2.35004 1.40867
2.34719 1.40833
2.34442 1.408
2.34156 1.40767
2.33879 1.40733
2.33598 1.407
2.33314 1.40667
2.33031 1.40633
2.32751 1.406
2.32475 1.40567
2.32175 1.40533
2.31893 1.405
2.31597 1.40467
2.31322 1.40433
2.31041 1.404
2.30772 1.40367
2.30487 1.40333
2.30203 1.403
2.29921 1.40267
2.29639 1.40233
2.29362 1.402
2.29074 1.40167
2.28793 1.40133
2.28509 1.401
2.28237 1.40067
2.27954 1.40033
2.2768 1.4
2.27393 1.39967
2.27103 1.39933
2.2683 1.399
2.26548 1.39867
2.2626 1.39833
2.25984 1.398
2.25702 1.39767
2.25435 1.39733
2.2516 1.397
2.24879 1.39667
2.24596 1.39633
2.24321 1.396
2.24036 1.39567
2.23763 1.39533
2.23486 1.395
2.23211 1.39467
2.22931 1.39433
2.22652 1.394
2.22386 1.39367
2.22108 1.39333
2.21838 1.393
2.21559 1.39267
2.21279 1.39233
2.21003 1.392
2.20729 1.39167
2.20456 1.39133
2.20186 1.391
2.19914 1.39067
2.19641 1.39033
2.19364 1.39
2.19083 1.38967
2.188 1.38933
2.18521 1.389
2.18249 1.38867
2.17974 1.38833
2.17696 1.388
2.17424 1.38767
2.17145 1.38733
2.16864 1.387
2.16591 1.38667
2.16319 1.38633
2.16048 1.386
2.15769 1.38567
2.15495 1.38533
2.15224 1.385
2.14941 1.38467
2.14662 1.38433
2.14389 1.384
2.14112 1.38367
2.13842 1.38333
2.1357 1.383
2.13296 1.38267
2.13025 1.38233
2.12753 1.382
2.12484 1.38167
2.12205 1.38133
2.11934 1.381
2.11664 1.38067
2.11395 1.38033
2.11115 1.38
2.10845 1.37967
2.10572 1.37933
2.10298 1.379
2.10027 1.37867
2.09751 1.37833
2.09478 1.378
2.09201 1.37767
2.08926 1.37733
2.08645 1.377
2.08371 1.37667
2.08099 1.37633
2.0783 1.376
2.07558 1.37567
2.07286 1.37533
2.07016 1.375
2.06745 1.37467
2.06474 1.37433
2.06199 1.374
2.05927 1.37367
2.0565 1.37333
2.05378 1.373
2.05106 1.37267
2.04836 1.37233
2.04567 1.372
2.04296 1.37167
2.04023 1.37133
2.03754 1.371
2.03478 1.37067
2.03201 1.37033
2.02931 1.37
2.02657 1.36967
2.02387 1.36933
2.02117 1.369
2.01846 1.36867
2.01572 1.36833
2.0129 1.368
2.01016 1.36767
2.00745 1.36733
2.00474 1.367
2.002 1.36667
1.99927 1.36633
1.99652 1.366
1.99376 1.36567
1.99103 1.36533
1.98831 1.365
1.98562 1.36467
1.98289 1.36433
1.98016 1.364
1.97745 1.36367
1.97475 1.36333
1.97203 1.363
1.96928 1.36267
1.96654 1.36233
1.96383 1.362
1.96107 1.36167
1.95832 1.36133
1.95554 1.361
1.95282 1.36067
1.95009 1.36033
1.94736 1.36
1.9446 1.35967
1.94188 1.35933
1.93916 1.359
1.93646 1.35867
1.93373 1.35833
1.93098 1.358
1.92824 1.35767
1.92542 1.35733
1.92272 1.357
1.91999 1.35667
1.91724 1.35633
1.91456 1.356
1.91188 1.35567
1.90917 1.35533
1.90648 1.355
1.9037 1.35467
1.90102 1.35433
1.89832 1.354
1.89561 1.35367
1.89283 1.35333
1.89015 1.353
1.8874 1.35267
1.88471 1.35233
1.88199 1.352
1.8793 1.35167
1.87658 1.35133
1.87386 1.351
1.87117 1.35067
1.86848 1.35033
1.8657 1.35
1.86302 1.34967
1.86034 1.34933
1.85763 1.349
1.85491 1.34867
1.85217 1.34833
1.84945 1.348
1.84676 1.34767
1.84394 1.34733
1.84122 1.347
1.83852 1.34667
1.83574 1.34633
1.83306 1.346
1.83038 1.34567
1.82767 1.34533
1.82497 1.345
1.82225 1.34467
1.81955 1.34433
1.81685 1.344
1.81404 1.34367
1.81129 1.34333
1.80857 1.343
1.80587 1.34267
1.80317 1.34233
1.80043 1.342
1.79773 1.34167
1.79505 1.34133
1.79235 1.341
1.78962 1.34067
1.78694 1.34033
1.78425 1.34
1.78153 1.33967
1.77883 1.33933
1.77612 1.339
1.7734 1.33867
1.77067 1.33833
1.76799 1.338
1.76529 1.33767
1.76259 1.33733
1.75991 1.337
1.75718 1.33667
1.75449 1.33633
1.75181 1.336
1.74913 1.33567
1.74643 1.33533
1.74375 1.335
1.74102 1.33467
1.73834 1.33433
1.73565 1.334
1.73293 1.33367
1.73025 1.33333
1.7275 1.333
1.72479 1.33267
1.72206 1.33233
1.71938 1.332
1.71668 1.33167
1.71399 1.33133
1.71129 1.331
1.70861 1.33067
1.70589 1.33033
1.70315 1.33
1.70046 1.32967
1.69776 1.32933
1.69503 1.329
1.69233 1.32867
1.68964 1.32833
1.68696 1.328
1.68425 1.32767
1.68153 1.32733
1.67886 1.327
1.67611 1.32667
1.67343 1.32633
1.67068 1.326
1.66796 1.32567
1.66529 1.32533
1.66261 1.325
1.65987 1.32467
1.65716 1.32433
1.65444 1.324
1.65177 1.32367
1.64907 1.32333
1.64634 1.323
1.64366 1.32267
1.64096 1.32233
1.63824 1.322
1.63555 1.32167
1.63286 1.32133
1.63016 1.321
1.62747 1.32067
1.62481 1.32033
1.62212 1.32
1.6194 1.31967
1.6167 1.31933
1.61399 1.319
1.61127 1.31867
1.60857 1.31833
1.60584 1.318
1.60313 1.31767
1.60044 1.31733
1.59775 1.317
1.59505 1.31667
1.59229 1.31633
1.58959 1.316
1.58691 1.31567
1.58423 1.31533
1.58154 1.315
1.57886 1.31467
1.57614 1.31433
1.57345 1.314
1.57075 1.31367
1.56807 1.31333
1.56537 1.313
1.56268 1.31267
1.55999 1.31233
1.55729 1.312
1.5546 1.31167
1.55192 1.31133
1.54922 1.311
1.54655 1.31067
1.54386 1.31033
1.54117 1.31
1.53843 1.30967
1.53574 1.30933
1.53304 1.309
1.53035 1.30867
1.52765 1.30833
1.52497 1.308
1.5223 1.30767
1.5196 1.30733
1.5169 1.307
1.51422 1.30667
1.51148 1.30633
1.5088 1.306
1.5061 1.30567
1.50341 1.30533
1.50069 1.305
1.498 1.30467
1.49533 1.30433
1.49264 1.304
1.48997 1.30367
1.4873 1.30333
1.48459 1.303
1.48191 1.30267
1.47924 1.30233
1.47654 1.302
1.47385 1.30167
1.47114 1.30133
1.46841 1.301
1.46571 1.30067
1.46303 1.30033
1.46036 1.3
1.45767 1.29967
1.45498 1.29933
1.4523 1.299
1.4496 1.29867
1.44688 1.29833
1.44421 1.298
1.44151 1.29767
1.43884 1.29733
1.43613 1.297
1.43344 1.29667
1.43069 1.29633
1.42799 1.296
1.42531 1.29567
1.42264 1.29533
1.41997 1.295
1.41726 1.29467
1.41455 1.29433
1.41187 1.294
1.40919 1.29367
1.40647 1.29333
1.40379 1.293
1.40109 1.29267
1.39842 1.29233
1.39573 1.292
1.39303 1.29167
1.39033 1.29133
1.38764 1.291
1.38493 1.29067
1.38222 1.29033
1.37953 1.29
1.37686 1.28967
1.37417 1.28933
1.37148 1.289
1.36878 1.28867
1.36609 1.28833
1.36341 1.288
1.36072 1.28767
1.35802 1.28733
1.3553 1.287
1.3526 1.28667
1.34993 1.28633
1.34725 1.286
1.34452 1.28567
1.34184 1.28533
1.33916 1.285
1.33648 1.28467
1.33379 1.28433
1.33111 1.284
1.32841 1.28367
1.3257 1.28333
1.32302 1.283
1.32028 1.28267
1.31761 1.28233
1.31492 1.282
1.31223 1.28167
1.30952 1.28133
1.30683 1.281
1.30414 1.28067
1.30145 1.28033
1.29877 1.28
1.29609 1.27967
1.29341 1.27933
1.29073 1.279
1.28806 1.27867
1.28536 1.27833
1.28268 1.278
1.28 1.27767
1.27733 1.27733
1.27462 1.277
1.27191 1.27667
1.26923 1.27633
1.26654 1.276
1.26383 1.27567
1.26115 1.27533
1.25844 1.275
1.25576 1.27467
1.25306 1.27433
1.25039 1.274
1.2477 1.27367
1.24498 1.27333
1.24228 1.273
1.2396 1.27267
1.23685 1.27233
1.23416 1.272
1.23149 1.27167
1.22879 1.27133
1.22611 1.271
1.22343 1.27067
1.22076 1.27033
1.21808 1.27
1.21539 1.26967
1.21268 1.26933
1.21 1.269
1.20732 1.26867
1.20463 1.26833
1.20194 1.268
1.19926 1.26767
1.19658 1.26733
1.19388 1.267
1.19118 1.26667
1.18851 1.26633
1.18583 1.266
1.18312 1.26567
1.18043 1.26533
1.17771 1.265
1.17499 1.26467
1.1723 1.26433
1.16962 1.264
1.16692 1.26367
1.16424 1.26333
1.16155 1.263
1.15887 1.26267
1.15619 1.26233
1.15349 1.262
1.15082 1.26167
1.14814 1.26133
1.14547 1.261
1.14279 1.26067
1.14012 1.26033
1.13744 1.26
1.13477 1.25967
1.1321 1.25933
1.12941 1.259
1.1267 1.25867
1.12402 1.25833
1.12133 1.258
1.11865 1.25767
1.11598 1.25733
1.11329 1.257
1.1106 1.25667
1.1079 1.25633
1.10519 1.256
1.10251 1.25567
1.09981 1.25533
1.09714 1.255
1.09446 1.25467
1.09178 1.25433
1.0891 1.254
1.08642 1.25367
1.08372 1.25333
1.08105 1.253
1.07839 1.25267
1.07571 1.25233
1.07302 1.252
1.07031 1.25167
1.06762 1.25133
1.06493 1.251
1.06225 1.25067
1.05956 1.25033
1.05685 1.25
1.05418 1.24967
1.05149 1.24933
1.04881 1.249
1.04611 1.24867
1.04344 1.24833
1.04077 1.248
1.03806 1.24767
1.03538 1.24733
1.03268 1.247
1.03 1.24667
1.02726 1.24633
1.02459 1.246
1.0219 1.24567
1.01921 1.24533
1.01654 1.245
1.01385 1.24467
1.01115 1.24433
1.00848 1.244
1.00579 1.24367
1.0031 1.24333
1.0004 1.243
0.997702 1.24267
0.995021 1.24233
0.992342 1.242
0.989671 1.24167
0.986992 1.24133
0.984313 1.241
0.981616 1.24067
0.978937 1.24033
0.976245 1.24
0.973553 1.23967
0.97086 1.23933
0.968181 1.239
0.965493 1.23867
0.962809 1.23833
0.960124 1.238
0.957455 1.23767
0.954784 1.23733
0.952103 1.237
0.949425 1.23667
0.94673 1.23633
0.943982 1.236
0.941314 1.23567
0.938639 1.23533
0.935969 1.235
0.933293 1.23467
0.930623 1.23433
0.927937 1.234
0.92527 1.23367
0.922602 1.23333
0.919917 1.233
0.917244 1.23267
0.914565 1.23233
0.911898 1.232
0.9092 1.23167
0.90652 1.23133
0.90384 1.231
0.901159 1.23067
0.898491 1.23033
0.895815 1.23
0.893108 1.22967
0.890438 1.22933
0.887698 1.229
0.885016 1.22867
0.882335 1.22833
0.879657 1.228
0.876967 1.22767
0.87429 1.22733
0.871617 1.227
0.868942 1.22667
0.866268 1.22633
0.863578 1.226
0.860884 1.22567
0.858196 1.22533
0.855521 1.225
0.852845 1.22467
0.850174 1.22433
0.847429 1.224
0.844726 1.22367
0.842035 1.22333
0.839358 1.223
0.83669 1.22267
0.833984 1.22233
0.83131 1.222
0.828635 1.22167
0.825935 1.22133
0.823257 1.221
0.820571 1.22067
0.81787 1.22033
0.815188 1.22
0.812487 1.21967
0.809817 1.21933
0.807139 1.219
0.804456 1.21867
0.801775 1.21833
0.799099 1.218
0.79643 1.21767
0.793763 1.21733
0.791059 1.217
0.788389 1.21667
0.785718 1.21633
0.783045 1.216
0.780377 1.21567
0.777708 1.21533
0.775021 1.215
0.772339 1.21467
0.769645 1.21433
0.766949 1.214
0.764264 1.21367
0.761586 1.21333
0.758918 1.213
0.756208 1.21267
0.753538 1.21233
0.750867 1.212
0.748179 1.21167
0.745511 1.21133
0.742843 1.211
0.740166 1.21067
0.737487 1.21033
0.734808 1.21
0.732113 1.20967
0.72944 1.20933
0.726733 1.209
0.724046 1.20867
0.721358 1.20833
0.718653 1.208
0.71598 1.20767
0.71328 1.20733
0.710579 1.207
0.707875 1.20667
0.705207 1.20633
0.702532 1.206
0.699854 1.20567
0.696975 1.20533
0.694303 1.205
0.69163 1.20467
0.68896 1.20433
0.686278 1.204
0.68361 1.20367
0.680944 1.20333
0.678251 1.203
0.67557 1.20267
0.672902 1.20233
0.670234 1.202
0.667549 1.20167
0.664881 1.20133
0.662175 1.201
0.659473 1.20067
0.656763 1.20033
0.654071 1.2
0.651388 1.19967
0.648701 1.19933
0.646019 1.199
0.643323 1.19867
0.640652 1.19833
0.637982 1.198
0.635304 1.19767
0.632629 1.19733
0.629954 1.197
0.627261 1.19667
0.624557 1.19633
0.621886 1.196
0.619219 1.19567
0.616531 1.19533
0.613863 1.195
0.611179 1.19467
0.608509 1.19433
0.605839 1.194
0.603157 1.19367
0.600489 1.19333
0.597815 1.193
0.59513 1.19267
0.592461 1.19233
0.589786 1.192
0.587114 1.19167
0.584441 1.19133
0.581753 1.191
0.57905 1.19067
0.576344 1.19033
0.573663 1.19
0.570984 1.18967
0.568316 1.18933
0.565643 1.189
0.56296 1.18867
0.56026 1.18833
0.557591 1.188
0.554917 1.18767
0.552241 1.18733
0.549557 1.187
0.54689 1.18667
0.544194 1.18633
0.541515 1.186
0.538834 1.18567
0.536162 1.18533
0.533454 1.185
0.530779 1.18467
0.528113 1.18433
0.525435 1.184
0.522743 1.18367
0.520066 1.18333
0.517386 1.183
0.514684 1.18267
0.512015 1.18233
0.509344 1.182
0.506677 1.18167
0.503985 1.18133
0.501314 1.181
0.498641 1.18067
0.495973 1.18033
0.493305 1.18
0.490632 1.17967
0.487964 1.17933
0.485275 1.179
0.482576 1.17867
0.479903 1.17833
0.477236 1.178
0.474545 1.17767
0.471873 1.17733
0.4692 1.177
0.466525 1.17667
0.46385 1.17633
0.461172 1.176
0.458505 1.17567
0.455823 1.17533
0.453127 1.175
0.450448 1.17467
0.447748 1.17433
0.445081 1.174
0.442407 1.17367
0.43974 1.17333
0.437065 1.173
0.434396 1.17267
0.429163 1.17233
0.426476 1.172
0.423787 1.17167
0.421112 1.17133
0.418444 1.171
0.415763 1.17067
0.413074 1.17033
0.410383 1.17
0.407715 1.16967
0.405041 1.16933
0.402363 1.169
0.399695 1.16867
0.397017 1.16833
0.394344 1.168
0.391665 1.16767
0.388971 1.16733
0.386296 1.167
0.383625 1.16667
0.380942 1.16633
0.378275 1.166
0.375605 1.16567
0.372934 1.16533
0.370252 1.165
0.367575 1.16467
0.364907 1.16433
0.362212 1.164
0.359546 1.16367
0.356874 1.16333
0.354194 1.163
0.351522 1.16267
0.34884 1.16233
0.346158 1.162
0.343481 1.16167
0.340788 1.16133
0.338104 1.161
0.335434 1.16067
0.332767 1.16033
0.330097 1.16
0.327422 1.15967
0.32474 1.15933
0.322051 1.159
0.319382 1.15867
0.31671 1.15833
0.314017 1.158
0.311347 1.15767
0.308673 1.15733
0.306004 1.157
0.303335 1.15667
0.300602 1.15633
0.297924 1.156
0.295238 1.15567
0.292569 1.15533
0.285974 1.155
0.283285 1.15467
0.280618 1.15433
0.277934 1.154
0.275255 1.15367
0.272588 1.15333
0.269895 1.153
0.267221 1.15267
0.264542 1.15233
0.261875 1.152
0.259204 1.15167
0.256522 1.15133
0.253827 1.151
0.251153 1.15067
0.248481 1.15033
0.245808 1.15
0.243141 1.14967
0.240471 1.14933
0.237799 1.149
0.235129 1.14867
0.232455 1.14833
0.229778 1.148
0.227038 1.14767
0.224368 1.14733
0.221694 1.147
0.21902 1.14667
0.216347 1.14633
0.213657 1.146
0.210984 1.14567
0.208289 1.14533
0.205589 1.145
0.202915 1.14467
0.200245 1.14433
0.197567 1.144
0.194873 1.14367
0.192202 1.14333
0.189504 1.143
0.186837 1.14267
0.184167 1.14233
0.18149 1.142
0.178822 1.14167
0.176154 1.14133
0.17348 1.141
0.170775 1.14067
0.168082 1.14033
0.16541 1.14
0.162725 1.13967
0.160053 1.13933
0.157362 1.139
0.154675 1.13867
0.152008 1.13833
0.149307 1.138
0.146628 1.13767
0.143959 1.13733
0.141261 1.137
0.138593 1.13667
0.135691 1.13633
0.133009 1.136
0.130341 1.13567
0.127672 1.13533
0.125005 1.135
0.122329 1.13467
0.119628 1.13433
0.116957 1.134
0.114273 1.13367
0.111599 1.13333
0.108923 1.133
0.106248 1.13267
0.103557 1.13233
0.100882 1.132
0.0982149 1.13167
0.0955327 1.13133
0.0928643 1.131
0.0901968 1.13067
0.087517 1.13033
0.0848331 1.13
0.0821491 1.12967
0.0794819 1.12933
0.0768115 1.129
0.0741307 1.12867
0.071451 1.12833
0.0687704 1.128
0.0660979 1.12767
0.0634102 1.12733
0.0607434 1.127
0.0580691 1.12667
0.0554023 1.12633
0.0527089 1.126
0.050037 1.12567
0.0473679 1.12533
0.0446989 1.125
0.042021 1.12467
0.0393525 1.12433
0.0366829 1.124
0.0338641 1.12367
0.0311601 1.12333
0.0284931 1.123
0.0258252 1.12267
0.023157 1.12233
0.02049 1.122
0.0178231 1.12167
0.0151395 1.12133
0.0124705 1.121
0.00980291 1.12067
0.00713238 1.12033
0.00446424 1.12
0.00179391 1.11967
-0.000882452 1.11933
-0.00355449 1.119
-0.00623154 1.11867
-0.00890096 1.11833
-0.0115676 1.118
-0.0142368 1.11767
-0.0169103 1.11733
-0.0195858 1.117
-0.0222722 1.11667
-0.0249394 1.11633
-0.0276659 1.116
-0.0303442 1.11567
-0.0330195 1.11533
-0.0356881 1.115
-0.0383614 1.11467
-0.0410316 1.11433
-0.0437102 1.114
-0.0463848 1.11367
-0.0490615 1.11333
-0.0517332 1.113
-0.0544219 1.11267
-0.057089 1.11233
-0.0597557 1.112
-0.0624251 1.11167
-0.0650921 1.11133
-0.0677593 1.111
-0.070426 1.11067
-0.0731001 1.11033
-0.0757681 1.11
-0.078446 1.10967
-0.0811162 1.10933
-0.0837947 1.109
-0.0864679 1.10867
-0.0891412 1.10833
-0.0918116 1.108
-0.0944849 1.10767
-0.0971583 1.10733
-0.0998251 1.107
-0.10252 1.10667
-0.105195 1.10633
-0.107868 1.106
-0.110535 1.10567
-0.113226 1.10533
-0.115909 1.105
-0.118576 1.10467
-0.12125 1.10433
-0.123918 1.104
-0.126588 1.10367
-0.129255 1.10333
-0.131924 1.103
-0.134591 1.10267
-0.137263 1.10233
-0.13993 1.102
-0.142623 1.10167
-0.14529 1.10133
-0.147973 1.101
-0.150643 1.10067
-0.153317 1.10033
-0.155997 1.1
-0.158667 1.09967
-0.161337 1.09933
-0.164005 1.099
-0.166677 1.09867
-0.169369 1.09833
-0.172049 1.098
-0.17473 1.09767
-0.177398 1.09733
-0.180085 1.097
-0.182762 1.09667
-0.185429 1.09633
-0.188105 1.096
-0.190772 1.09567
-0.193448 1.09533
-0.196115 1.095
-0.198786 1.09467
-0.201456 1.09433
-0.20413 1.094
-0.206798 1.09367
-0.209481 1.09333
-0.212153 1.093
-0.214825 1.09267
-0.217492 1.09233
-0.220166 1.092
-0.222858 1.09167
-0.225528 1.09133
-0.228201 1.091
-0.230886 1.09067
-0.233553 1.09033
-0.23622 1.09
-0.238887 1.08967
-0.241558 1.08933
-0.244228 1.089
-0.246906 1.08867
-0.2496 1.08833
-0.252273 1.088
-0.254941 1.08767
-0.257637 1.08733
-0.260305 1.087
-0.262979 1.08667
-0.265647 1.08633
-0.268324 1.086
-0.27099 1.08567
-0.273657 1.08533
-0.276329 1.085
-0.279009 1.08467
-0.281675 1.08433
-0.284372 1.084
-0.287062 1.08367
-0.28973 1.08333
-0.292396 1.083
-0.295073 1.08267
-0.29774 1.08233
-0.300407 1.082
-0.303101 1.08167
-0.305786 1.08133
-0.308459 1.081
-0.311145 1.08067
-0.313812 1.08033
-0.316487 1.08
-0.319198 1.07967
-0.321874 1.07933
-0.32454 1.079
-0.327213 1.07867
-0.32988 1.07833
-0.332555 1.078
-0.335228 1.07767
-0.337903 1.07733
-0.340581 1.077
-0.343286 1.07667
-0.345979 1.07633
-0.348669 1.076
-0.351338 1.07567
-0.354024 1.07533
-0.356691 1.075
-0.359384 1.07467
-0.362057 1.07433
-0.364737 1.074
-0.367404 1.07367
-0.370084 1.07333
-0.372751 1.073
-0.375419 1.07267
-0.378085 1.07233
-0.380757 1.072
-0.383424 1.07167
-0.386094 1.07133
-0.388774 1.071
-0.391473 1.07067
-0.394141 1.07033
-0.396823 1.07
-0.399492 1.06967
-0.402165 1.06933
-0.404832 1.069
-0.407511 1.06867
-0.410178 1.06833
-0.412848 1.068
-0.415517 1.06767
-0.418214 1.06733
-0.420907 1.067
-0.423578 1.06667
-0.426251 1.06633
-0.428931 1.066
-0.431601 1.06567
-0.434295 1.06533
-0.436971 1.065
-0.439638 1.06467
-0.442311 1.06433
-0.445035 1.064
-0.447702 1.06367
-0.450413 1.06333
-0.453093 1.063
-0.455762 1.06267
-0.45843 1.06233
-0.461114 1.062
-0.463784 1.06167
-0.466451 1.06133
-0.469118 1.061
-0.4718 1.06067
-0.474467 1.06033
-0.477139 1.06
-0.479815 1.05967
-0.482492 1.05933
-0.485165 1.059
-0.487844 1.05867
-0.49053 1.05833
-0.493211 1.058
-0.495877 1.05767
-0.498562 1.05733
-0.501239 1.057
-0.50391 1.05667
-0.506578 1.05633
-0.509266 1.056
-0.511933 1.05567
-0.5146 1.05533
-0.517279 1.055
-0.519946 1.05467
-0.522615 1.05433
-0.525285 1.054
-0.527955 1.05367
-0.530627 1.05333
-0.533297 1.053
-0.535964 1.05267
-0.538634 1.05233
-0.541322 1.052
-0.543997 1.05167
-0.546664 1.05133
-0.549347 1.051
-0.55202 1.05067
-0.554702 1.05033
-0.557369 1.05
-0.560037 1.04967
-0.562708 1.04933
-0.565388 1.049
-0.568058 1.04867
-0.570724 1.04833
-0.573402 1.048
-0.576069 1.04767
-0.578738 1.04733
-0.581405 1.047
-0.584078 1.04667
-0.586751 1.04633
-0.58942 1.046
-0.592099 1.04567
-0.594769 1.04533
-0.597436 1.045
-0.600108 1.04467
-0.602788 1.04433
-0.605467 1.044
-0.608138 1.04367
-0.610809 1.04333
-0.613476 1.043
-0.61615 1.04267
-0.618817 1.04233
-0.621483 1.042
-0.62415 1.04167
-0.626817 1.04133
-0.629484 1.041
-0.63217 1.04067
-0.63485 1.04033
-0.637521 1.04
-0.640192 1.03967
-0.64286 1.03933
-0.645527 1.039
-0.648199 1.03867
-0.650868 1.03833
-0.653539 1.038
-0.656235 1.03767
-0.658903 1.03733
-0.661573 1.037
-0.664255 1.03667
-0.666932 1.03633
-0.669601 1.036
-0.672276 1.03567
-0.674947 1.03533
-0.677616 1.035
-0.680299 1.03467
-0.682968 1.03433
-0.685652 1.034
-0.688332 1.03367
-0.691765 1.03333
-0.694437 1.033
-0.697117 1.03267
-0.699788 1.03233
-0.702473 1.032
-0.705144 1.03167
-0.707817 1.03133
-0.710508 1.031
-0.713176 1.03067
-0.715856 1.03033
-0.718547 1.03
-0.721215 1.02967
-0.723883 1.02933
-0.726551 1.029
-0.729229 1.02867
-0.731896 1.02833
-0.734568 1.028
-0.737236 1.02767
-0.739915 1.02733
-0.742583 1.027
-0.745262 1.02667
-0.747937 1.02633
-0.750747 1.026
-0.753421 1.02567
-0.756088 1.02533
-0.75876 1.025
-0.761446 1.02467
-0.764115 1.02433
-0.767348 1.024
-0.77049 1.02367
-0.773162 1.02333
-0.775842 1.023
-0.778513 1.02267
-0.781194 1.02233
-0.783864 1.022
-0.786532 1.02167
-0.7892 1.02133
-0.79187 1.021
-0.794539 1.02067
-0.797205 1.02033
-0.799881 1.02
-0.802547 1.01967
-0.805214 1.01933
-0.807892 1.019
-0.810566 1.01867
-0.813239 1.01833
-0.815906 1.018
-0.818574 1.01767
-0.821247 1.01733
-0.823923 1.017
-0.826594 1.01667
-0.829291 1.01633
-0.831959 1.016
-0.834631 1.01567
-0.837298 1.01533
-0.839967 1.015
-0.842641 1.01467
-0.845322 1.01433
-0.847991 1.014
-0.850662 1.01367
-0.853339 1.01333
-0.856016 1.013
-0.858683 1.01267
-0.861362 1.01233
-0.864029 1.012
-0.866699 1.01167
-0.869383 1.01133
-0.872056 1.011
-0.874725 1.01067
-0.877396 1.01033
-0.880064 1.01
-0.882739 1.00967
-0.885408 1.00933
-0.888078 1.009
-0.89075 1.00867
-0.893417 1.00833
-0.896086 1.008
-0.898758 1.00767
-0.901425 1.00733
-0.904098 1.007
-0.906772 1.00667
-0.909469 1.00633
-0.912142 1.006
-0.914816 1.00567
-0.917483 1.00533
-0.92015 1.005
-0.922819 1.00467
-0.925487 1.00433
-0.928157 1.004
-0.930824 1.00367
-0.933491 1.00333
-0.936162 1.003
-0.938837 1.00267
-0.941504 1.00233
-0.944172 1.002
-0.946851 1.00167
-0.949521 1.00133
-0.95219 1.001
-0.954858 1.00067
-0.957529 1.00033
-0.960207 1
