Man
0 0
0.00393561 0.001
0.0292989 0.002
0.0210885 0.003
0.0235515 0.004
0.0372697 0.005
0.0556144 0.006
0.0649043 0.007
0.0946248 0.008
0.0917528 0.009
0.0818723 0.01
0.0691712 0.011
0.0711217 0.012
0.0698901 0.013
0.0490019 0.014
0.0388725 0.015
0.0504024 0.016
0.0441871 0.017
0.0359147 0.018
0.0407366 0.019
0.0511766 0.02
0.0725747 0.021
0.0577748 0.022
0.053132 0.023
0.0421095 0.024
0.0327503 0.025
0.0536818 0.026
0.0441943 0.027
0.0193852 0.028
0.00189962 0.029
-0.000433823 0.03
-0.0155756 0.031
-0.0130025 0.032
-0.0218386 0.033
-0.0377928 0.034
-0.0194085 0.035
-0.0210338 0.036
-0.0161357 0.037
-0.0281256 0.038
-0.0321711 0.039
-0.0903207 0.04
-0.0772013 0.041
-0.0966093 0.042
-0.116057 0.043
-0.135369 0.044
-0.160866 0.045
-0.189283 0.046
-0.181141 0.047
-0.170374 0.048
-0.153969 0.049
-0.171176 0.05
-0.2061 0.051
-0.197093 0.052
-0.188424 0.053
-0.201588 0.054
-0.228971 0.055
-0.225764 0.056
-0.215752 0.057
-0.222687 0.058
-0.248175 0.059
-0.245885 0.06
-0.262064 0.061
-0.275659 0.062
-0.279719 0.063
-0.282831 0.064
-0.283493 0.065
-0.325549 0.066
-0.309094 0.067
-0.298222 0.068
-0.27752 0.069
-0.269367 0.07
-0.279567 0.071
-0.290238 0.072
-0.29206 0.073
-0.276741 0.074
-0.28103 0.075
-0.271489 0.076
-0.289723 0.077
-0.287667 0.078
-0.292622 0.079
-0.294011 0.08
-0.327738 0.081
-0.346935 0.082
-0.334587 0.083
-0.337558 0.084
-0.327095 0.085
-0.334988 0.086
-0.338498 0.087
-0.351578 0.088
-0.352137 0.089
-0.3436 0.09
-0.352303 0.091
-0.366424 0.092
-0.38011 0.093
-0.377436 0.094
-0.375442 0.095
-0.373574 0.096
-0.386241 0.097
-0.399476 0.098
-0.425729 0.099
-0.457198 0.1
-0.444246 0.101
-0.451883 0.102
-0.474406 0.103
-0.509547 0.104
-0.542789 0.105
-0.538057 0.106
-0.543878 0.107
-0.581197 0.108
-0.595598 0.109
-0.610185 0.11
-0.62685 0.111
-0.63724 0.112
-0.636186 0.113
-0.649017 0.114
-0.65294 0.115
-0.65152 0.116
-0.659979 0.117
-0.664639 0.118
-0.700835 0.119
-0.700644 0.12
-0.701119 0.121
-0.739326 0.122
-0.756504 0.123
-0.735341 0.124
-0.73238 0.125
-0.732454 0.126
-0.726372 0.127
-0.74381 0.128
-0.784411 0.129
-0.789296 0.13
-0.788992 0.131
-0.795433 0.132
-0.83428 0.133
-0.861838 0.134
-0.859632 0.135
-0.851432 0.136
-0.849549 0.137
-0.858571 0.138
-0.899001 0.139
-0.940359 0.14
-0.937839 0.141
-0.955185 0.142
-0.963962 0.143
-0.984173 0.144
-1.00332 0.145
-1.01396 0.146
-1.01995 0.147
-1.01006 0.148
-1.02544 0.149
-1.04916 0.15
-1.05476 0.151
-1.05794 0.152
-1.05979 0.153
-1.05448 0.154
-1.05255 0.155
-1.05343 0.156
-1.0533 0.157
-1.06786 0.158
-1.0895 0.159
-1.08903 0.16
-1.09602 0.161
-1.09918 0.162
-1.13442 0.163
-1.13759 0.164
-1.13843 0.165
-1.14283 0.166
-1.1738 0.167
-1.19429 0.168
-1.20002 0.169
-1.2282 0.17
-1.23416 0.171
-1.25224 0.172
-1.26486 0.173
-1.27431 0.174
-1.28118 0.175
-1.29333 0.176
-1.29848 0.177
-1.31419 0.178
-1.32805 0.179
-1.33947 0.18
-1.34916 0.181
-1.35863 0.182
-1.36153 0.183
-1.36757 0.184
-1.37651 0.185
-1.38398 0.186
-1.39092 0.187
-1.39937 0.188
-1.40636 0.189
-1.41327 0.19
-1.42051 0.191
-1.42711 0.192
-1.43268 0.193
-1.43934 0.194
-1.44611 0.195
-1.44678 0.196
-1.45316 0.197
-1.45887 0.198
-1.4647 0.199
-1.46987 0.2
-1.47607 0.201
-1.48085 0.202
-1.48639 0.203
-1.49107 0.204
-1.49558 0.205
-1.50035 0.206
-1.50554 0.207
-1.50994 0.208
-1.51485 0.209
-1.52015 0.21
-1.52446 0.211
-1.5292 0.212
-1.53432 0.213
-1.53864 0.214
-1.54283 0.215
-1.54692 0.216
-1.55091 0.217
-1.55513 0.218
-1.55962 0.219
-1.56351 0.22
-1.56728 0.221
-1.57115 0.222
-1.57499 0.223
-1.57867 0.224
-1.58253 0.225
-1.58638 0.226
-1.59033 0.227
-1.59431 0.228
-1.59786 0.229
-1.60138 0.23
-1.60508 0.231
-1.60837 0.232
-1.61187 0.233
-1.6157 0.234
-1.61939 0.235
-1.62286 0.236
-1.62592 0.237
-1.62956 0.238
-1.63268 0.239
-1.63571 0.24
-1.63877 0.241
-1.64168 0.242
-1.64446 0.243
-1.64732 0.244
-1.65022 0.245
-1.65322 0.246
-1.6561 0.247
-1.6591 0.248
-1.66199 0.249
-1.6649 0.25
-1.66786 0.251
-1.67056 0.252
-1.6737 0.253
-1.67642 0.254
-1.67924 0.255
-1.68163 0.256
-1.68419 0.257
-1.68722 0.258
-1.69016 0.259
-1.6926 0.26
-1.69507 0.261
-1.69783 0.262
-1.70032 0.263
-1.70302 0.264
-1.70551 0.265
-1.70801 0.266
-1.71037 0.267
-1.71251 0.268
-1.71508 0.269
-1.71741 0.27
-1.7196 0.271
-1.72174 0.272
-1.72378 0.273
-1.72597 0.274
-1.72809 0.275
-1.73059 0.276
-1.73296 0.277
-1.73504 0.278
-1.73713 0.279
-1.73925 0.28
-1.74126 0.281
-1.74359 0.282
-1.74564 0.283
-1.748 0.284
-1.7501 0.285
-1.75202 0.286
-1.75416 0.287
-1.75609 0.288
-1.75806 0.289
-1.75967 0.29
-1.76182 0.291
-1.76355 0.292
-1.76531 0.293
-1.76705 0.294
-1.76915 0.295
-1.77104 0.296
-1.77277 0.297
-1.77493 0.298
-1.77662 0.299
-1.77833 0.3
-1.78042 0.301
-1.78231 0.302
-1.78409 0.303
-1.78602 0.304
-1.7876 0.305
-1.78934 0.306
-1.79107 0.307
-1.79249 0.308
-1.79423 0.309
-1.79586 0.31
-1.79783 0.311
-1.79962 0.312
-1.80137 0.313
-1.80278 0.314
-1.80429 0.315
-1.80593 0.316
-1.80753 0.317
-1.80946 0.318
-1.81092 0.319
-1.81264 0.32
-1.81437 0.321
-1.81617 0.322
-1.81792 0.323
-1.81956 0.324
-1.82096 0.325
-1.82228 0.326
-1.82382 0.327
-1.82509 0.328
-1.82663 0.329
-1.82807 0.33
-1.82945 0.331
-1.83096 0.332
-1.83244 0.333
-1.83395 0.334
-1.8353 0.335
-1.83657 0.336
-1.83774 0.337
-1.83899 0.338
-1.8403 0.339
-1.84157 0.34
-1.84271 0.341
-1.84413 0.342
-1.84552 0.343
-1.84694 0.344
-1.84833 0.345
-1.84962 0.346
-1.85089 0.347
-1.85217 0.348
-1.85345 0.349
-1.85485 0.35
-1.85628 0.351
-1.85758 0.352
-1.85888 0.353
-1.86015 0.354
-1.86127 0.355
-1.86257 0.356
-1.86385 0.357
-1.86528 0.358
-1.86652 0.359
-1.86764 0.36
-1.86892 0.361
-1.87017 0.362
-1.87137 0.363
-1.87253 0.364
-1.87375 0.365
-1.87472 0.366
-1.8759 0.367
-1.87686 0.368
-1.87794 0.369
-1.87905 0.37
-1.88014 0.371
-1.88136 0.372
-1.88235 0.373
-1.88351 0.374
-1.88472 0.375
-1.88583 0.376
-1.88697 0.377
-1.88811 0.378
-1.8891 0.379
-1.89018 0.38
-1.89116 0.381
-1.89216 0.382
-1.89331 0.383
-1.89446 0.384
-1.8956 0.385
-1.89679 0.386
-1.89771 0.387
-1.89875 0.388
-1.89987 0.389
-1.9009 0.39
-1.90187 0.391
-1.90292 0.392
-1.90397 0.393
-1.90497 0.394
-1.90608 0.395
-1.90708 0.396
-1.908 0.397
-1.909 0.398
-1.91004 0.399
-1.91101 0.4
-1.91206 0.401
-1.91295 0.402
-1.91392 0.403
-1.91485 0.404
-1.91581 0.405
-1.91688 0.406
-1.91793 0.407
-1.91873 0.408
-1.9195 0.409
-1.9205 0.41
-1.92136 0.411
-1.92224 0.412
-1.92308 0.413
-1.92373 0.414
-1.92465 0.415
-1.92552 0.416
-1.92637 0.417
-1.92731 0.418
-1.92831 0.419
-1.92918 0.42
-1.93011 0.421
-1.93108 0.422
-1.93193 0.423
-1.93283 0.424
-1.93359 0.425
-1.93429 0.426
-1.93511 0.427
-1.93579 0.428
-1.9366 0.429
-1.93747 0.43
-1.9384 0.431
-1.9392 0.432
-1.94001 0.433
-1.9408 0.434
-1.94158 0.435
-1.94243 0.436
-1.94327 0.437
-1.94411 0.438
-1.94488 0.439
-1.94575 0.44
-1.94654 0.441
-1.94735 0.442
-1.94809 0.443
-1.94887 0.444
-1.94956 0.445
-1.95041 0.446
-1.95129 0.447
-1.95189 0.448
-1.95259 0.449
-1.95336 0.45
-1.95409 0.451
-1.955 0.452
-1.95571 0.453
-1.95628 0.454
-1.95704 0.455
-1.95773 0.456
-1.95845 0.457
-1.95904 0.458
-1.95981 0.459
-1.9605 0.46
-1.96118 0.461
-1.96184 0.462
-1.96253 0.463
-1.9631 0.464
-1.96373 0.465
-1.96444 0.466
-1.96518 0.467
-1.96578 0.468
-1.96655 0.469
-1.9673 0.47
-1.968 0.471
-1.96865 0.472
-1.96939 0.473
-1.97008 0.474
-1.97075 0.475
-1.97146 0.476
-1.97206 0.477
-1.97265 0.478
-1.97318 0.479
-1.97387 0.48
-1.97455 0.481
-1.97519 0.482
-1.97597 0.483
-1.97665 0.484
-1.97725 0.485
-1.9779 0.486
-1.9786 0.487
-1.97927 0.488
-1.97991 0.489
-1.98053 0.49
-1.98109 0.491
-1.98178 0.492
-1.98244 0.493
-1.98313 0.494
-1.98378 0.495
-1.98454 0.496
-1.98515 0.497
-1.98575 0.498
-1.98642 0.499
-1.98702 0.5
-1.98771 0.501
-1.98837 0.502
-1.98898 0.503
-1.98962 0.504
-1.9903 0.505
-1.99081 0.506
-1.99135 0.507
-1.99198 0.508
-1.99253 0.509
-1.99305 0.51
-1.99358 0.511
-1.99417 0.512
-1.99462 0.513
-1.99519 0.514
-1.99583 0.515
-1.99641 0.516
-1.99711 0.517
-1.99766 0.518
-1.99816 0.519
-1.99861 0.52
-1.9992 0.521
-1.99967 0.522
-2.00028 0.523
-2.00086 0.524
-2.00137 0.525
-2.00184 0.526
-2.00226 0.527
-2.00287 0.528
-2.00339 0.529
-2.00385 0.53
-2.00432 0.531
-2.00482 0.532
-2.0055 0.533
-2.00602 0.534
-2.00661 0.535
-2.00712 0.536
-2.00764 0.537
-2.00797 0.538
-2.00849 0.539
-2.00906 0.54
-2.00956 0.541
-2.01016 0.542
-2.01068 0.543
-2.01124 0.544
-2.0118 0.545
-2.01222 0.546
-2.01262 0.547
-2.01306 0.548
-2.01356 0.549
-2.01413 0.55
-2.01451 0.551
-2.01499 0.552
-2.01558 0.553
-2.01613 0.554
-2.01679 0.555
-2.0173 0.556
-2.0178 0.557
-2.01826 0.558
-2.01872 0.559
-2.01913 0.56
-2.01959 0.561
-2.02009 0.562
-2.02058 0.563
-2.02096 0.564
-2.02132 0.565
-2.0218 0.566
-2.02232 0.567
-2.02281 0.568
-2.02325 0.569
-2.0237 0.57
-2.02417 0.571
-2.02464 0.572
-2.02502 0.573
-2.02544 0.574
-2.02586 0.575
-2.02635 0.576
-2.02682 0.577
-2.02738 0.578
-2.02789 0.579
-2.02836 0.58
-2.02877 0.581
-2.0292 0.582
-2.0297 0.583
-2.0302 0.584
-2.03069 0.585
-2.03111 0.586
-2.03149 0.587
-2.03193 0.588
-2.03239 0.589
-2.03288 0.59
-2.03329 0.591
-2.03371 0.592
-2.03414 0.593
-2.03456 0.594
-2.03503 0.595
-2.03549 0.596
-2.03591 0.597
-2.03635 0.598
-2.03679 0.599
-2.03714 0.6
-2.03749 0.601
-2.03796 0.602
-2.03837 0.603
-2.03887 0.604
-2.03929 0.605
-2.03965 0.606
-2.04006 0.607
-2.04052 0.608
-2.04092 0.609
-2.04134 0.61
-2.04167 0.611
-2.04203 0.612
-2.0424 0.613
-2.04281 0.614
-2.04314 0.615
-2.04363 0.616
-2.04403 0.617
-2.04441 0.618
-2.04479 0.619
-2.04521 0.62
-2.04561 0.621
-2.04591 0.622
-2.04626 0.623
-2.04661 0.624
-2.04711 0.625
-2.04746 0.626
-2.0478 0.627
-2.04822 0.628
-2.04856 0.629
-2.04894 0.63
-2.04931 0.631
-2.04962 0.632
-2.05 0.633
-2.05032 0.634
-2.05073 0.635
-2.05104 0.636
-2.05135 0.637
-2.05166 0.638
-2.05203 0.639
-2.05235 0.64
-2.05269 0.641
-2.05296 0.642
-2.05336 0.643
-2.05372 0.644
-2.05404 0.645
-2.0544 0.646
-2.05478 0.647
-2.05517 0.648
-2.05548 0.649
-2.05584 0.65
-2.05618 0.651
-2.05656 0.652
-2.05691 0.653
-2.05731 0.654
-2.0576 0.655
-2.0579 0.656
-2.05823 0.657
-2.05858 0.658
-2.05889 0.659
-2.05934 0.66
-2.05969 0.661
-2.06001 0.662
-2.06033 0.663
-2.06068 0.664
-2.06103 0.665
-2.06142 0.666
-2.06175 0.667
-2.06207 0.668
-2.06243 0.669
-2.06272 0.67
-2.06299 0.671
-2.06329 0.672
-2.06361 0.673
-2.0639 0.674
-2.06427 0.675
-2.06458 0.676
-2.06491 0.677
-2.06539 0.678
-2.06564 0.679
-2.06594 0.68
-2.06622 0.681
-2.0665 0.682
-2.06679 0.683
-2.06704 0.684
-2.06739 0.685
-2.0677 0.686
-2.06806 0.687
-2.0683 0.688
-2.06856 0.689
-2.06889 0.69
-2.06922 0.691
-2.06955 0.692
-2.06981 0.693
-2.07019 0.694
-2.07044 0.695
-2.07075 0.696
-2.07107 0.697
-2.07134 0.698
-2.07164 0.699
-2.07193 0.7
-2.07223 0.701
-2.07245 0.702
-2.07283 0.703
-2.07312 0.704
-2.07342 0.705
-2.07368 0.706
-2.07395 0.707
-2.07422 0.708
-2.07459 0.709
-2.07494 0.71
-2.07521 0.711
-2.07548 0.712
-2.0757 0.713
-2.07606 0.714
-2.07635 0.715
-2.07667 0.716
-2.07692 0.717
-2.07721 0.718
-2.07748 0.719
-2.07774 0.72
-2.07804 0.721
-2.07829 0.722
-2.07855 0.723
-2.07885 0.724
-2.0791 0.725
-2.07937 0.726
-2.07969 0.727
-2.07997 0.728
-2.0803 0.729
-2.08047 0.73
-2.08074 0.731
-2.08103 0.732
-2.0813 0.733
-2.08159 0.734
-2.08187 0.735
-2.08212 0.736
-2.08235 0.737
-2.08262 0.738
-2.08284 0.739
-2.08314 0.74
-2.08343 0.741
-2.08372 0.742
-2.08397 0.743
-2.08419 0.744
-2.08438 0.745
-2.08463 0.746
-2.08493 0.747
-2.08515 0.748
-2.08543 0.749
-2.08569 0.75
-2.08594 0.751
-2.08624 0.752
-2.08654 0.753
-2.0867 0.754
-2.08698 0.755
-2.08727 0.756
-2.08752 0.757
-2.08778 0.758
-2.08797 0.759
-2.08825 0.76
-2.08843 0.761
-2.08866 0.762
-2.08892 0.763
-2.08919 0.764
-2.08947 0.765
-2.08968 0.766
-2.08987 0.767
-2.09013 0.768
-2.09038 0.769
-2.0906 0.77
-2.09085 0.771
-2.09107 0.772
-2.09133 0.773
-2.09157 0.774
-2.0918 0.775
-2.092 0.776
-2.09224 0.777
-2.0925 0.778
-2.09277 0.779
-2.093 0.78
-2.09329 0.781
-2.09343 0.782
-2.09369 0.783
-2.09396 0.784
-2.09419 0.785
-2.09444 0.786
-2.09463 0.787
-2.09485 0.788
-2.09507 0.789
-2.09526 0.79
-2.09553 0.791
-2.0957 0.792
-2.09591 0.793
-2.09615 0.794
-2.09642 0.795
-2.09661 0.796
-2.09692 0.797
-2.09709 0.798
-2.09736 0.799
-2.0976 0.8
-2.09781 0.801
-2.09803 0.802
-2.09821 0.803
-2.09844 0.804
-2.09869 0.805
-2.09896 0.806
-2.09927 0.807
-2.09947 0.808
-2.0997 0.809
-2.09984 0.81
-2.09997 0.811
-2.10017 0.812
-2.10037 0.813
-2.10059 0.814
-2.10082 0.815
-2.10107 0.816
-2.10131 0.817
-2.10154 0.818
-2.10174 0.819
-2.10197 0.82
-2.10218 0.821
-2.10241 0.822
-2.10259 0.823
-2.10279 0.824
-2.10297 0.825
-2.10315 0.826
-2.10341 0.827
-2.10361 0.828
-2.1038 0.829
-2.10404 0.83
-2.10426 0.831
-2.10441 0.832
-2.10465 0.833
-2.10486 0.834
-2.10504 0.835
-2.10522 0.836
-2.10549 0.837
-2.10578 0.838
-2.10594 0.839
-2.10616 0.84
-2.1064 0.841
-2.10661 0.842
-2.10684 0.843
-2.10701 0.844
-2.10729 0.845
-2.10751 0.846
-2.10771 0.847
-2.10788 0.848
-2.10809 0.849
-2.10835 0.85
-2.1085 0.851
-2.10872 0.852
-2.10894 0.853
-2.10912 0.854
-2.10926 0.855
-2.10951 0.856
-2.10973 0.857
-2.10994 0.858
-2.11013 0.859
-2.11032 0.86
-2.11051 0.861
-2.11069 0.862
-2.11089 0.863
-2.11104 0.864
-2.1112 0.865
-2.11142 0.866
-2.11159 0.867
-2.11184 0.868
-2.11211 0.869
-2.11231 0.87
-2.11254 0.871
-2.11267 0.872
-2.11287 0.873
-2.11307 0.874
-2.11321 0.875
-2.11337 0.876
-2.11359 0.877
-2.11376 0.878
-2.11401 0.879
-2.1142 0.88
-2.11433 0.881
-2.11456 0.882
-2.11466 0.883
-2.11476 0.884
-2.115 0.885
-2.11524 0.886
-2.11538 0.887
-2.11553 0.888
-2.11571 0.889
-2.11594 0.89
-2.11611 0.891
-2.11625 0.892
-2.11645 0.893
-2.11666 0.894
-2.11683 0.895
-2.11698 0.896
-2.11712 0.897
-2.11738 0.898
-2.1176 0.899
-2.11781 0.9
-2.11799 0.901
-2.11814 0.902
-2.11835 0.903
-2.11856 0.904
-2.11868 0.905
-2.11889 0.906
-2.11904 0.907
-2.11921 0.908
-2.11941 0.909
-2.11962 0.91
-2.11984 0.911
-2.12 0.912
-2.12022 0.913
-2.12045 0.914
-2.12061 0.915
-2.12078 0.916
-2.12095 0.917
-2.12107 0.918
-2.12129 0.919
-2.12141 0.92
-2.12163 0.921
-2.12185 0.922
-2.12199 0.923
-2.12211 0.924
-2.12227 0.925
-2.12242 0.926
-2.12259 0.927
-2.12268 0.928
-2.12286 0.929
-2.12301 0.93
-2.12319 0.931
-2.12334 0.932
-2.12352 0.933
-2.12369 0.934
-2.12388 0.935
-2.12399 0.936
-2.12407 0.937
-2.1243 0.938
-2.12443 0.939
-2.1246 0.94
-2.12474 0.941
-2.12488 0.942
-2.12502 0.943
-2.12518 0.944
-2.12531 0.945
-2.1255 0.946
-2.12569 0.947
-2.1259 0.948
-2.12603 0.949
-2.12616 0.95
-2.12635 0.951
-2.12652 0.952
-2.1267 0.953
-2.12683 0.954
-2.12699 0.955
-2.12716 0.956
-2.12735 0.957
-2.12751 0.958
-2.12766 0.959
-2.12782 0.96
-2.12799 0.961
-2.12813 0.962
-2.12831 0.963
-2.12845 0.964
-2.12863 0.965
-2.12881 0.966
-2.12896 0.967
-2.12908 0.968
-2.12932 0.969
-2.12948 0.97
-2.12969 0.971
-2.12988 0.972
-2.13 0.973
-2.13014 0.974
-2.13033 0.975
-2.13055 0.976
-2.1307 0.977
-2.1308 0.978
-2.13095 0.979
-2.1311 0.98
-2.13126 0.981
-2.13141 0.982
-2.13158 0.983
-2.13172 0.984
-2.13178 0.985
-2.13197 0.986
-2.13209 0.987
-2.13221 0.988
-2.1323 0.989
-2.13239 0.99
-2.13257 0.991
-2.13274 0.992
-2.1329 0.993
-2.13306 0.994
-2.1332 0.995
-2.13333 0.996
-2.1335 0.997
-2.13361 0.998
-2.13377 0.999
-2.1339 1


Shark
3.14159 1.5
3.13715 1.4995
3.13271 1.499
3.12827 1.4985
3.12383 1.498
3.11938 1.4975
3.11492 1.497
3.11047 1.4965
3.10592 1.496
3.10148 1.4955
3.09702 1.495
3.09254 1.4945
3.0881 1.494
3.08366 1.4935
3.07905 1.493
3.07456 1.4925
3.07005 1.492
3.06559 1.4915
3.0611 1.491
3.05664 1.4905
3.05211 1.49
3.04726 1.4895
3.0426 1.489
3.03814 1.4885
3.03355 1.488
3.029 1.4875
3.02397 1.487
3.01939 1.4865
3.01401 1.486
3.00905 1.4855
3.0046 1.485
2.99971 1.4845
2.99526 1.484
2.99064 1.4835
2.9856 1.483
2.98035 1.4825
2.9759 1.482
2.97139 1.4815
2.96652 1.481
2.96203 1.4805
2.9509 1.48
2.94588 1.4795
2.94018 1.479
2.93442 1.4785
2.92862 1.478
2.9219 1.4775
2.91465 1.477
2.9099 1.4765
2.90491 1.476
2.89924 1.4755
2.89341 1.475
2.8844 1.4745
2.87951 1.474
2.87463 1.4735
2.8692 1.473
2.86123 1.4725
2.85672 1.472
2.85161 1.4715
2.84683 1.471
2.83886 1.4705
2.83438 1.47
2.82817 1.4695
2.82238 1.469
2.8178 1.4685
2.81328 1.468
2.80883 1.4675
2.79582 1.467
2.78924 1.4665
2.78373 1.466
2.77603 1.4655
2.77093 1.465
2.76546 1.4645
2.75987 1.464
2.75539 1.4635
2.74871 1.463
2.74405 1.4625
2.73857 1.462
2.73095 1.4615
2.72646 1.461
2.72169 1.4605
2.71723 1.46
2.70438 1.4595
2.69614 1.459
2.6898 1.4585
2.68522 1.458
2.6793 1.4575
2.67394 1.457
2.6693 1.4565
2.66255 1.456
2.65811 1.4555
2.65252 1.455
2.64687 1.4545
2.63961 1.454
2.63245 1.4535
2.62787 1.453
2.62336 1.4525
2.61885 1.452
2.61183 1.4515
2.60459 1.451
2.59228 1.4505
2.57768 1.45
2.5704 1.4495
2.56478 1.449
2.55361 1.4485
2.53686 1.448
2.52081 1.4475
2.51585 1.447
2.51062 1.4465
2.49227 1.446
2.48403 1.4455
2.47566 1.445
2.46636 1.4445
2.45957 1.444
2.4551 1.4435
2.44725 1.443
2.44238 1.4425
2.43788 1.442
2.43165 1.4415
2.42659 1.441
2.40704 1.4405
2.40259 1.44
2.39815 1.4395
2.37706 1.439
2.36672 1.4385
2.3543 1.438
2.34956 1.4375
2.34512 1.437
2.33952 1.4365
2.3287 1.436
2.30511 1.4355
2.29986 1.435
2.29542 1.4345
2.2896 1.434
2.26632 1.4335
2.24939 1.433
2.24476 1.4325
2.23812 1.432
2.23354 1.4315
2.22646 1.431
2.20121 1.4305
2.17521 1.43
2.1705 1.4295
2.15874 1.429
2.15163 1.4285
2.13801 1.428
2.12494 1.4275
2.11676 1.427
2.11086 1.4265
2.10301 1.426
2.09194 1.4255
2.07558 1.425
2.06977 1.4245
2.06484 1.424
2.06023 1.4235
2.0545 1.423
2.04987 1.4225
2.04539 1.422
2.04094 1.4215
2.02983 1.421
2.01398 1.4205
2.00952 1.42
2.00285 1.4195
1.99787 1.419
1.97205 1.4185
1.96705 1.418
1.96257 1.4175
1.95708 1.417
1.93376 1.4165
1.91789 1.416
1.91172 1.4155
1.89005 1.415
1.88372 1.4145
1.86925 1.414
1.85861 1.4135
1.85009 1.413
1.84316 1.4125
1.8327 1.412
1.8267 1.4115
1.81355 1.411
1.8017 1.4105
1.79157 1.41
1.78263 1.4095
1.7738 1.409
1.76877 1.4085
1.76214 1.408
1.75358 1.4075
1.74599 1.407
1.73873 1.4065
1.73041 1.406
1.72307 1.4055
1.71575 1.405
1.70819 1.4045
1.70103 1.404
1.69452 1.4035
1.68728 1.403
1.67994 1.4025
1.67546 1.402
1.66834 1.4015
1.66164 1.401
1.65485 1.4005
1.64847 1.4
1.64139 1.3995
1.63523 1.399
1.62855 1.3985
1.62242 1.398
1.61638 1.3975
1.61016 1.397
1.60366 1.3965
1.59764 1.396
1.59129 1.3955
1.58465 1.395
1.57866 1.3945
1.57237 1.394
1.56581 1.3935
1.55977 1.393
1.5538 1.3925
1.54788 1.392
1.54201 1.3915
1.53599 1.391
1.52977 1.3905
1.52393 1.39
1.51816 1.3895
1.51231 1.389
1.50647 1.3885
1.50072 1.388
1.49484 1.3875
1.48897 1.387
1.48301 1.3865
1.47702 1.386
1.4713 1.3855
1.46559 1.385
1.45976 1.3845
1.45418 1.384
1.44845 1.3835
1.44249 1.383
1.43663 1.3825
1.43089 1.382
1.42541 1.3815
1.41954 1.381
1.41401 1.3805
1.40852 1.38
1.40301 1.3795
1.39758 1.379
1.39223 1.3785
1.38682 1.378
1.38137 1.3775
1.37586 1.377
1.37041 1.3765
1.36488 1.376
1.35942 1.3755
1.35393 1.375
1.3484 1.3745
1.34303 1.374
1.33737 1.3735
1.33198 1.373
1.32651 1.3725
1.32131 1.372
1.316 1.3715
1.31036 1.371
1.30479 1.3705
1.29953 1.37
1.29425 1.3695
1.28878 1.369
1.28347 1.3685
1.27803 1.368
1.27271 1.3675
1.26738 1.367
1.26214 1.3665
1.25702 1.366
1.25162 1.3655
1.24638 1.365
1.24122 1.3645
1.23609 1.364
1.23101 1.3635
1.22583 1.363
1.22069 1.3625
1.2153 1.362
1.20999 1.3615
1.20487 1.361
1.19973 1.3605
1.19457 1.36
1.18947 1.3595
1.18416 1.359
1.17903 1.3585
1.17369 1.358
1.16852 1.3575
1.16346 1.357
1.15825 1.3565
1.15317 1.356
1.14806 1.3555
1.14316 1.355
1.13793 1.3545
1.13296 1.354
1.12796 1.3535
1.12297 1.353
1.11775 1.3525
1.11267 1.352
1.10768 1.3515
1.1024 1.351
1.09743 1.3505
1.09244 1.35
1.0872 1.3495
1.08209 1.349
1.07705 1.3485
1.0719 1.348
1.06697 1.3475
1.06194 1.347
1.05692 1.3465
1.05208 1.346
1.04704 1.3455
1.04206 1.345
1.03685 1.3445
1.03178 1.344
1.02672 1.3435
1.02186 1.343
1.01694 1.3425
1.01195 1.342
1.00697 1.3415
1.00176 1.341
0.996866 1.3405
0.991799 1.34
0.986718 1.3395
0.98159 1.339
0.976491 1.3385
0.971467 1.338
0.966587 1.3375
0.96176 1.337
0.956785 1.3365
0.951979 1.336
0.947003 1.3355
0.942089 1.335
0.93721 1.3345
0.932243 1.334
0.927296 1.3335
0.922325 1.333
0.917454 1.3325
0.912623 1.332
0.907854 1.3315
0.903037 1.331
0.898178 1.3305
0.893344 1.33
0.88858 1.3295
0.883643 1.329
0.878725 1.3285
0.873785 1.328
0.868862 1.3275
0.864003 1.327
0.859155 1.3265
0.854292 1.326
0.849432 1.3255
0.844485 1.325
0.839518 1.3245
0.83464 1.324
0.829758 1.3235
0.82489 1.323
0.820111 1.3225
0.815224 1.322
0.810342 1.3215
0.805352 1.321
0.800492 1.3205
0.795706 1.32
0.790816 1.3195
0.785943 1.319
0.781103 1.3185
0.776285 1.318
0.771425 1.3175
0.766715 1.317
0.761878 1.3165
0.757168 1.316
0.752389 1.3155
0.747593 1.315
0.742803 1.3145
0.737932 1.314
0.733198 1.3135
0.728357 1.313
0.723484 1.3125
0.718676 1.312
0.713843 1.3115
0.709009 1.311
0.70427 1.3105
0.699469 1.31
0.694732 1.3095
0.68998 1.309
0.685129 1.3085
0.680274 1.308
0.675425 1.3075
0.670544 1.307
0.665828 1.3065
0.661044 1.306
0.656203 1.3055
0.65142 1.305
0.646671 1.3045
0.641869 1.304
0.637065 1.3035
0.632298 1.303
0.627451 1.3025
0.622671 1.302
0.617949 1.3015
0.613166 1.301
0.608361 1.3005
0.603601 1.3
0.598785 1.2995
0.594068 1.299
0.589302 1.2985
0.584563 1.298
0.579799 1.2975
0.574958 1.297
0.570127 1.2965
0.565458 1.296
0.560805 1.2955
0.556007 1.295
0.551299 1.2945
0.546578 1.294
0.541878 1.2935
0.537278 1.293
0.532526 1.2925
0.527807 1.292
0.523099 1.2915
0.518325 1.291
0.513512 1.2905
0.50879 1.29
0.504018 1.2895
0.499225 1.289
0.494505 1.2885
0.489755 1.288
0.485089 1.2875
0.480454 1.287
0.475753 1.2865
0.471128 1.286
0.466428 1.2855
0.46169 1.285
0.456904 1.2845
0.45221 1.284
0.447506 1.2835
0.442814 1.283
0.438124 1.2825
0.43339 1.282
0.428661 1.2815
0.423932 1.281
0.419244 1.2805
0.414489 1.28
0.40979 1.2795
0.405073 1.279
0.400404 1.2785
0.395703 1.278
0.391058 1.2775
0.386314 1.277
0.381539 1.2765
0.376942 1.276
0.372292 1.2755
0.367588 1.275
0.362914 1.2745
0.358121 1.274
0.353455 1.2735
0.34887 1.273
0.34417 1.2725
0.33952 1.272
0.33484 1.2715
0.330245 1.271
0.325534 1.2705
0.320876 1.27
0.316222 1.2695
0.311584 1.269
0.30692 1.2685
0.302329 1.268
0.297702 1.2675
0.293026 1.267
0.288327 1.2665
0.283719 1.266
0.278996 1.2655
0.274292 1.265
0.269618 1.2645
0.264975 1.264
0.260267 1.2635
0.255595 1.263
0.250938 1.2625
0.246254 1.262
0.241637 1.2615
0.237023 1.261
0.232442 1.2605
0.227766 1.26
0.223091 1.2595
0.218445 1.259
0.213705 1.2585
0.209032 1.258
0.204407 1.2575
0.199752 1.257
0.195059 1.2565
0.190392 1.256
0.185736 1.2555
0.181098 1.255
0.176494 1.2545
0.171804 1.254
0.167134 1.2535
0.162445 1.253
0.157782 1.2525
0.153039 1.252
0.148395 1.2515
0.143764 1.251
0.13908 1.2505
0.134445 1.25
0.129749 1.2495
0.125073 1.249
0.120431 1.2485
0.115764 1.248
0.111068 1.2475
0.106483 1.247
0.101882 1.2465
0.0972216 1.246
0.092609 1.2455
0.0880201 1.245
0.0834168 1.2445
0.0787792 1.244
0.0742211 1.2435
0.0695955 1.243
0.0649263 1.2425
0.0602902 1.242
0.0555656 1.2415
0.0509479 1.241
0.0463632 1.2405
0.0418044 1.24
0.0371595 1.2395
0.0325888 1.239
0.0279298 1.2385
0.0232863 1.238
0.0186891 1.2375
0.0141196 1.237
0.00956909 1.2365
0.00490451 1.236
0.000299985 1.2355
-0.00426687 1.235
-0.00884633 1.2345
-0.0134355 1.234
-0.0181594 1.2335
-0.0227658 1.233
-0.0274234 1.2325
-0.0320264 1.232
-0.0366347 1.2315
-0.0411454 1.231
-0.045757 1.2305
-0.0504038 1.23
-0.0550015 1.2295
-0.0596652 1.229
-0.0642794 1.2285
-0.0689235 1.228
-0.0735677 1.2275
-0.0781197 1.227
-0.0826637 1.2265
-0.0872342 1.226
-0.0918345 1.2255
-0.0964886 1.225
-0.101024 1.2245
-0.105617 1.224
-0.110289 1.2235
-0.11493 1.223
-0.119654 1.2225
-0.124272 1.222
-0.128881 1.2215
-0.133464 1.221
-0.138049 1.2205
-0.142604 1.22
-0.147188 1.2195
-0.151801 1.219
-0.156405 1.2185
-0.160946 1.218
-0.165477 1.2175
-0.170075 1.217
-0.174704 1.2165
-0.179314 1.216
-0.183894 1.2155
-0.188473 1.215
-0.193075 1.2145
-0.197671 1.214
-0.202215 1.2135
-0.206778 1.213
-0.211348 1.2125
-0.215961 1.212
-0.22056 1.2115
-0.22523 1.211
-0.229855 1.2105
-0.234458 1.21
-0.239023 1.2095
-0.243602 1.209
-0.248224 1.2085
-0.252852 1.208
-0.257466 1.2075
-0.262042 1.207
-0.266587 1.2065
-0.271174 1.206
-0.275775 1.2055
-0.280393 1.205
-0.284967 1.2045
-0.28954 1.204
-0.294122 1.2035
-0.298693 1.203
-0.303308 1.2025
-0.307911 1.202
-0.312487 1.2015
-0.317081 1.201
-0.321671 1.2005
-0.326205 1.2
-0.330745 1.1995
-0.335361 1.199
-0.339932 1.1985
-0.344569 1.198
-0.34915 1.1975
-0.353693 1.197
-0.358267 1.1965
-0.362879 1.196
-0.367448 1.1955
-0.372031 1.195
-0.376559 1.1945
-0.381106 1.194
-0.38566 1.1935
-0.390241 1.193
-0.394771 1.1925
-0.399403 1.192
-0.403977 1.1915
-0.408538 1.191
-0.413103 1.1905
-0.417686 1.19
-0.422264 1.1895
-0.426779 1.189
-0.431323 1.1885
-0.435868 1.188
-0.440518 1.1875
-0.445065 1.187
-0.449602 1.1865
-0.454198 1.186
-0.458736 1.1855
-0.463302 1.185
-0.467861 1.1845
-0.472388 1.184
-0.476952 1.1835
-0.48148 1.183
-0.48607 1.1825
-0.490596 1.182
-0.495119 1.1815
-0.499647 1.181
-0.50421 1.1805
-0.508742 1.18
-0.513283 1.1795
-0.517793 1.179
-0.522372 1.1785
-0.526931 1.178
-0.531464 1.1775
-0.536027 1.177
-0.540594 1.1765
-0.545173 1.176
-0.549702 1.1755
-0.554266 1.175
-0.558808 1.1745
-0.563382 1.174
-0.56794 1.1735
-0.572529 1.173
-0.57705 1.1725
-0.581575 1.172
-0.586115 1.1715
-0.59067 1.171
-0.595206 1.1705
-0.599831 1.17
-0.60439 1.1695
-0.608928 1.169
-0.61347 1.1685
-0.618023 1.168
-0.622587 1.1675
-0.627171 1.167
-0.631719 1.1665
-0.636255 1.166
-0.640826 1.1655
-0.645348 1.165
-0.649861 1.1645
-0.654387 1.164
-0.658929 1.1635
-0.663455 1.163
-0.66803 1.1625
-0.672567 1.162
-0.677119 1.1615
-0.681784 1.161
-0.686288 1.1605
-0.69082 1.16
-0.695337 1.1595
-0.699857 1.159
-0.704387 1.1585
-0.70889 1.158
-0.713456 1.1575
-0.717993 1.157
-0.722568 1.1565
-0.727069 1.156
-0.73158 1.1555
-0.736132 1.155
-0.740682 1.1545
-0.745236 1.154
-0.749751 1.1535
-0.754343 1.153
-0.758848 1.1525
-0.763392 1.152
-0.767938 1.1515
-0.772456 1.151
-0.776996 1.1505
-0.781522 1.15
-0.786058 1.1495
-0.790553 1.149
-0.795145 1.1485
-0.799679 1.148
-0.804214 1.1475
-0.808732 1.147
-0.813253 1.1465
-0.817772 1.146
-0.82236 1.1455
-0.826939 1.145
-0.831457 1.1445
-0.83598 1.144
-0.840475 1.1435
-0.845057 1.143
-0.849588 1.1425
-0.854143 1.142
-0.858655 1.1415
-0.863191 1.141
-0.867715 1.1405
-0.872234 1.14
-0.87677 1.1395
-0.881286 1.139
-0.8858 1.1385
-0.890344 1.138
-0.894858 1.1375
-0.899385 1.137
-0.90394 1.1365
-0.908473 1.136
-0.913034 1.1355
-0.917512 1.135
-0.922035 1.1345
-0.926571 1.134
-0.931102 1.1335
-0.935635 1.133
-0.940174 1.1325
-0.944686 1.132
-0.949191 1.1315
-0.953715 1.131
-0.958214 1.1305
-0.962765 1.13
-0.967301 1.1295
-0.971842 1.129
-0.976363 1.1285
-0.980862 1.128
-0.985346 1.1275
-0.989858 1.127
-0.994413 1.1265
-0.998912 1.126
-1.00345 1.1255
-1.00797 1.125
-1.01249 1.1245
-1.01704 1.124
-1.02159 1.1235
-1.02606 1.123
-1.0306 1.1225
-1.03515 1.122
-1.03967 1.1215
-1.04419 1.121
-1.04868 1.1205
-1.05322 1.12
-1.0577 1.1195
-1.0622 1.119
-1.06673 1.1185
-1.07126 1.118
-1.07581 1.1175
-1.0803 1.117
-1.08479 1.1165
-1.08932 1.116
-1.09384 1.1155
-1.09834 1.115
-1.10286 1.1145
-1.10737 1.114
-1.1119 1.1135
-1.11641 1.113
-1.12092 1.1125
-1.12541 1.112
-1.12993 1.1115
-1.13446 1.111
-1.13899 1.1105
-1.14351 1.11
-1.14806 1.1095
-1.15253 1.109
-1.15706 1.1085
-1.1616 1.108
-1.16611 1.1075
-1.17063 1.107
-1.17512 1.1065
-1.17963 1.106
-1.18414 1.1055
-1.18863 1.105
-1.19316 1.1045
-1.19764 1.104
-1.20214 1.1035
-1.20666 1.103
-1.2112 1.1025
-1.2157 1.102
-1.22027 1.1015
-1.22475 1.101
-1.22929 1.1005
-1.23381 1.1
-1.23831 1.0995
-1.24282 1.099
-1.24731 1.0985
-1.25182 1.098
-1.25635 1.0975
-1.26089 1.097
-1.26547 1.0965
-1.26997 1.096
-1.27448 1.0955
-1.27895 1.095
-1.28342 1.0945
-1.28792 1.094
-1.29241 1.0935
-1.29692 1.093
-1.30144 1.0925
-1.30597 1.092
-1.3105 1.0915
-1.31502 1.091
-1.31951 1.0905
-1.32403 1.09
-1.32853 1.0895
-1.33305 1.089
-1.33754 1.0885
-1.34204 1.088
-1.34653 1.0875
-1.35102 1.087
-1.35556 1.0865
-1.36006 1.086
-1.36456 1.0855
-1.36908 1.085
-1.3736 1.0845
-1.37807 1.084
-1.3826 1.0835
-1.38711 1.083
-1.3916 1.0825
-1.39609 1.082
-1.40064 1.0815
-1.40521 1.081
-1.40969 1.0805
-1.4142 1.08
-1.41873 1.0795
-1.42324 1.079
-1.42776 1.0785
-1.43225 1.078
-1.43681 1.0775
-1.44133 1.077
-1.44583 1.0765
-1.45031 1.076
-1.45482 1.0755
-1.45937 1.075
-1.46385 1.0745
-1.46837 1.074
-1.47288 1.0735
-1.47737 1.073
-1.48184 1.0725
-1.48639 1.072
-1.4909 1.0715
-1.49541 1.071
-1.49991 1.0705
-1.50441 1.07
-1.50891 1.0695
-1.51341 1.069
-1.51791 1.0685
-1.52239 1.068
-1.52687 1.0675
-1.53139 1.067
-1.53588 1.0665
-1.54042 1.066
-1.54498 1.0655
-1.54949 1.065
-1.55401 1.0645
-1.55848 1.064
-1.56299 1.0635
-1.5675 1.063
-1.57197 1.0625
-1.57646 1.062
-1.58098 1.0615
-1.58547 1.061
-1.59001 1.0605
-1.59451 1.06
-1.59898 1.0595
-1.60351 1.059
-1.60797 1.0585
-1.61242 1.058
-1.61696 1.0575
-1.6215 1.057
-1.62598 1.0565
-1.63045 1.056
-1.63495 1.0555
-1.63948 1.055
-1.64398 1.0545
-1.64845 1.054
-1.65296 1.0535
-1.65747 1.053
-1.66197 1.0525
-1.66645 1.052
-1.67092 1.0515
-1.67548 1.051
-1.68001 1.0505
-1.68453 1.05
-1.68903 1.0495
-1.69351 1.049
-1.69802 1.0485
-1.70255 1.048
-1.70701 1.0475
-1.71153 1.047
-1.71601 1.0465
-1.72051 1.046
-1.72502 1.0455
-1.72953 1.045
-1.73407 1.0445
-1.73855 1.044
-1.74308 1.0435
-1.74762 1.043
-1.7521 1.0425
-1.7566 1.042
-1.76109 1.0415
-1.76556 1.041
-1.77009 1.0405
-1.77455 1.04
-1.77909 1.0395
-1.78361 1.039
-1.78809 1.0385
-1.79256 1.038
-1.79705 1.0375
-1.80153 1.037
-1.80603 1.0365
-1.81048 1.036
-1.81498 1.0355
-1.81947 1.035
-1.82397 1.0345
-1.82845 1.034
-1.83295 1.0335
-1.83745 1.033
-1.84196 1.0325
-1.84642 1.032
-1.85087 1.0315
-1.85541 1.031
-1.85989 1.0305
-1.86438 1.03
-1.86886 1.0295
-1.87334 1.029
-1.87782 1.0285
-1.8823 1.028
-1.88678 1.0275
-1.89129 1.027
-1.8958 1.0265
-1.90033 1.026
-1.9048 1.0255
-1.90928 1.025
-1.91379 1.0245
-1.91828 1.024
-1.92279 1.0235
-1.92727 1.023
-1.93175 1.0225
-1.93625 1.022
-1.94077 1.0215
-1.94526 1.021
-1.94975 1.0205
-1.95424 1.02
-1.95874 1.0195
-1.96322 1.019
-1.96772 1.0185
-1.9722 1.018
-1.97671 1.0175
-1.98121 1.017
-1.9857 1.0165
-1.99017 1.016
-1.99473 1.0155
-1.99922 1.015
-2.00375 1.0145
-2.00827 1.014
-2.01274 1.0135
-2.01722 1.013
-2.02174 1.0125
-2.02628 1.012
-2.03076 1.0115
-2.03522 1.011
-2.03971 1.0105
-2.0442 1.01
-2.04869 1.0095
-2.05318 1.009
-2.05768 1.0085
-2.06216 1.008
-2.06661 1.0075
-2.07112 1.007
-2.0756 1.0065
-2.08007 1.006
-2.08452 1.0055
-2.08898 1.005
-2.09349 1.0045
-2.09799 1.004
-2.10249 1.0035
-2.10698 1.003
-2.11147 1.0025
-2.11595 1.002
-2.12045 1.0015
-2.12492 1.001
-2.12941 1.0005
-2.13389 1
