Man
0 0
0.00874811 0.002
-0.00403407 0.004
-0.00940617 0.006
-0.0163958 0.008
-0.0319876 0.01
-0.0321427 0.012
-0.0264473 0.014
-0.0366662 0.016
-0.0499794 0.018
-0.051265 0.02
-0.0465537 0.022
-0.0528817 0.024
-0.0482723 0.026
-0.0574492 0.028
-0.0675216 0.03
-0.0811989 0.032
-0.116228 0.034
-0.134546 0.036
-0.133582 0.038
-0.140023 0.04
-0.129839 0.042
-0.134011 0.044
-0.137842 0.046
-0.142579 0.048
-0.15139 0.05
-0.143219 0.052
-0.155452 0.054
-0.175858 0.056
-0.182449 0.058
-0.180029 0.06
-0.189088 0.062
-0.197176 0.064
-0.217357 0.066
-0.228415 0.068
-0.236777 0.07
-0.264299 0.072
-0.276828 0.074
-0.291838 0.076
-0.293296 0.078
-0.291477 0.08
-0.311991 0.082
-0.311886 0.084
-0.332962 0.086
-0.341513 0.088
-0.351471 0.09
-0.3714 0.092
-0.380583 0.094
-0.389903 0.096
-0.403389 0.098
-0.416952 0.1
-0.422693 0.102
-0.433874 0.104
-0.44094 0.106
-0.44765 0.108
-0.457261 0.11
-0.462042 0.112
-0.468239 0.114
-0.474837 0.116
-0.495523 0.118
-0.492456 0.12
-0.504294 0.122
-0.510719 0.124
-0.515663 0.126
-0.519151 0.128
-0.527484 0.13
-0.538563 0.132
-0.554146 0.134
-0.56182 0.136
-0.571179 0.138
-0.592135 0.14
-0.602905 0.142
-0.622058 0.144
-0.635009 0.146
-0.641519 0.148
-0.646553 0.15
-0.653834 0.152
-0.666139 0.154
-0.674447 0.156
-0.675338 0.158
-0.678932 0.16
-0.688603 0.162
-0.691954 0.164
-0.704792 0.166
-0.71064 0.168
-0.71264 0.17
-0.721126 0.172
-0.728761 0.174
-0.734329 0.176
-0.744223 0.178
-0.753718 0.18
-0.757754 0.182
-0.766922 0.184
-0.773469 0.186
-0.77905 0.188
-0.78529 0.19
-0.792168 0.192
-0.799741 0.194
-0.806249 0.196
-0.812617 0.198
-0.811481 0.2
-0.815705 0.202
-0.820705 0.204
-0.825294 0.206
-0.826865 0.208
-0.831182 0.21
-0.834119 0.212
-0.838327 0.214
-0.842443 0.216
-0.843941 0.218
-0.847241 0.22
-0.851086 0.222
-0.853841 0.224
-0.855922 0.226
-0.860089 0.228
-0.862383 0.23
-0.865638 0.232
-0.867875 0.234
-0.870995 0.236
-0.873123 0.238
-0.874833 0.24
-0.877644 0.242
-0.880249 0.244
-0.883565 0.246
-0.88658 0.248
-0.886574 0.25
-0.888671 0.252
-0.887778 0.254
-0.890346 0.256
-0.892323 0.258
-0.894684 0.26
-0.897391 0.262
-0.899089 0.264
-0.901551 0.266
-0.904208 0.268
-0.906587 0.27
-0.908653 0.272
-0.910477 0.274
-0.912612 0.276
-0.91475 0.278
-0.916207 0.28
-0.917577 0.282
-0.919523 0.284
-0.921344 0.286
-0.922559 0.288
-0.923811 0.29
-0.924997 0.292
-0.9262 0.294
-0.927735 0.296
-0.929392 0.298
-0.930877 0.3
-0.932354 0.302
-0.933653 0.304
-0.935398 0.306
-0.936732 0.308
-0.938113 0.31
-0.93301 0.312
-0.934051 0.314
-0.935658 0.316
-0.93711 0.318
-0.938325 0.32
-0.939787 0.322
-0.941183 0.324
-0.942126 0.326
-0.943416 0.328
-0.944332 0.33
-0.945207 0.332
-0.946344 0.334
-0.947448 0.336
-0.948464 0.338
-0.949568 0.34
-0.950586 0.342
-0.951695 0.344
-0.95279 0.346
-0.953334 0.348
-0.954287 0.35
-0.954948 0.352
-0.955722 0.354
-0.956784 0.356
-0.957882 0.358
-0.958922 0.36
-0.959683 0.362
-0.960331 0.364
-0.961134 0.366
-0.962113 0.368
-0.962865 0.37
-0.964197 0.372
-0.964984 0.374
-0.965988 0.376
-0.966879 0.378
-0.967711 0.38
-0.968382 0.382
-0.969302 0.384
-0.970645 0.386
-0.971349 0.388
-0.972069 0.39
-0.972704 0.392
-0.973454 0.394
-0.974181 0.396
-0.97488 0.398
-0.975658 0.4
-0.976469 0.402
-0.977172 0.404
-0.977787 0.406
-0.978406 0.408
-0.979026 0.41
-0.979552 0.412
-0.979902 0.414
-0.980107 0.416
-0.980565 0.418
-0.981133 0.42
-0.981811 0.422
-0.982659 0.424
-0.983428 0.426
-0.984112 0.428
-0.984655 0.43
-0.985295 0.432
-0.986112 0.434
-0.986854 0.436
-0.987649 0.438
-0.98559 0.44
-0.986051 0.442
-0.986688 0.444
-0.987252 0.446
-0.988047 0.448
-0.988477 0.45
-0.988934 0.452
-0.989665 0.454
-0.990203 0.456
-0.990742 0.458
-0.991164 0.46
-0.99175 0.462
-0.992138 0.464
-0.992623 0.466
-0.993124 0.468
-0.993576 0.47
-0.994229 0.472
-0.994811 0.474
-0.99523 0.476
-0.995404 0.478
-0.995924 0.48
-0.996282 0.482
-0.996964 0.484
-0.997316 0.486
-0.997776 0.488
-0.998278 0.49
-0.99874 0.492
-0.999271 0.494
-0.999571 0.496
-0.999846 0.498
-1.00039 0.5
-1.00068 0.502
-1.00112 0.504
-1.00171 0.506
-1.00217 0.508
-1.00261 0.51
-1.00291 0.512
-1.00326 0.514
-1.0036 0.516
-1.00399 0.518
-1.0044 0.52
-1.00482 0.522
-1.00528 0.524
-1.00563 0.526
-1.00604 0.528
-1.00618 0.53
-1.00661 0.532
-1.00692 0.534
-1.00721 0.536
-1.00753 0.538
-1.00795 0.54
-1.00842 0.542
-1.00874 0.544
-1.00907 0.546
-1.00948 0.548
-1.00984 0.55
-1.01025 0.552
-1.01077 0.554
-1.01115 0.556
-1.01152 0.558
-1.01198 0.56
-1.01241 0.562
-1.01294 0.564
-1.01334 0.566
-1.01352 0.568
-1.0138 0.57
-1.01413 0.572
-1.0144 0.574
-1.01467 0.576
-1.01497 0.578
-1.01526 0.58
-1.0157 0.582
-1.01611 0.584
-1.01647 0.586
-1.01691 0.588
-1.01731 0.59
-1.01777 0.592
-1.018 0.594
-1.01822 0.596
-1.01859 0.598
-1.01907 0.6
-1.01944 0.602
-1.02531 0.604
-1.02546 0.606
-1.02573 0.608
-1.02615 0.61
-1.02658 0.612
-1.02687 0.614
-1.02701 0.616
-1.02729 0.618
-1.03369 0.62
-1.03381 0.622
-1.03403 0.624
-1.03413 0.626
-1.03454 0.628
-1.03467 0.63
-1.03497 0.632
-1.03522 0.634
-1.03563 0.636
-1.03593 0.638
-1.03627 0.64
-1.03667 0.642
-1.03697 0.644
-1.03726 0.646
-1.03747 0.648
-1.03767 0.65
-1.03809 0.652
-1.0372 0.654
-1.03756 0.656
-1.0377 0.658
-1.03807 0.66
-1.03835 0.662
-1.03878 0.664
-1.03907 0.666
-1.03932 0.668
-1.03955 0.67
-1.03969 0.672
-1.03977 0.674
-1.0402 0.676
-1.04065 0.678
-1.04102 0.68
-1.04117 0.682
-1.0413 0.684
-1.04169 0.686
-1.042 0.688
-1.04224 0.69
-1.04244 0.692
-1.04258 0.694
-1.04277 0.696
-1.04299 0.698
-1.04312 0.7
-1.04355 0.702
-1.04352 0.704
-1.04375 0.706
-1.04402 0.708
-1.04413 0.71
-1.04429 0.712
-1.04439 0.714
-1.04462 0.716
-1.04467 0.718
-1.04492 0.72
-1.04508 0.722
-1.04528 0.724
-1.04555 0.726
-1.04573 0.728
-1.04601 0.73
-1.04626 0.732
-1.04964 0.734
-1.04994 0.736
-1.05008 0.738
-1.05042 0.74
-1.05056 0.742
-1.05076 0.744
-1.05106 0.746
-1.05139 0.748
-1.0516 0.75
-1.05187 0.752
-1.05918 0.754
-1.05936 0.756
-1.05953 0.758
-1.05974 0.76
-1.05998 0.762
-1.06016 0.764
-1.06033 0.766
-1.06057 0.768
-1.06072 0.77
-1.06094 0.772
-1.06115 0.774
-1.06077 0.776
-1.06101 0.778
-1.06119 0.78
-1.06138 0.782
-1.06163 0.784
-1.06173 0.786
-1.06191 0.788
-1.06205 0.79
-1.0618 0.792
-1.06205 0.794
-1.06215 0.796
-1.06127 0.798
-1.06149 0.8
-1.06167 0.802
-1.06087 0.804
-1.06101 0.806
-1.06111 0.808
-1.06124 0.81
-1.06144 0.812
-1.06153 0.814
-1.06171 0.816
-1.06552 0.818
-1.06565 0.82
-1.06576 0.822
-1.06578 0.824
-1.06605 0.826
-1.06616 0.828
-1.06631 0.83
-1.06637 0.832
-1.06666 0.834
-1.06673 0.836
-1.0668 0.838
-1.06682 0.84
-1.06694 0.842
-1.06712 0.844
-1.0674 0.846
-1.06741 0.848
-1.06533 0.85
-1.06872 0.852
-1.07309 0.854
-1.07333 0.856
-1.0734 0.858
-1.07349 0.86
-1.07605 0.862
-1.07622 0.864
-1.07647 0.866
-1.07656 0.868
-1.07658 0.87
-1.07672 0.872
-1.07497 0.874
-1.07505 0.876
-1.07513 0.878
-1.07542 0.88
-1.07563 0.882
-1.07578 0.884
-1.07597 0.886
-1.07602 0.888
-1.07448 0.89
-1.07471 0.892
-1.07482 0.894
-1.07486 0.896
-1.07503 0.898
-1.07533 0.9
-1.07547 0.902
-1.07549 0.904
-1.07554 0.906
-1.07483 0.908
-1.07492 0.91
-1.07503 0.912
-1.07527 0.914
-1.07538 0.916
-1.07547 0.918
-1.07555 0.92
-1.07574 0.922
-1.07573 0.924
-1.07582 0.926
-1.07594 0.928
-1.076 0.93
-1.07612 0.932
-1.07624 0.934
-1.07642 0.936
-1.07613 0.938
-1.07625 0.94
-1.07584 0.942
-1.07594 0.944
-1.07605 0.946
-1.07625 0.948
-1.07633 0.95
-1.07644 0.952
-1.07604 0.954
-1.07556 0.956
-1.07578 0.958
-1.07587 0.96
-1.07596 0.962
-1.07595 0.964
-1.07609 0.966
-1.07609 0.968
-1.07625 0.97
-1.07633 0.972
-1.07646 0.974
-1.07651 0.976
-1.0766 0.978
-1.07669 0.98
-1.07552 0.982
-1.07455 0.984
-1.07461 0.986
-1.07476 0.988
-1.07488 0.99
-1.07491 0.992
-1.07774 0.994
-1.07792 0.996
-1.07817 0.998
-1.07837 1


Shark
3.14159 1.5
3.13359 1.499
3.12559 1.498
3.11759 1.497
3.10959 1.496
3.10157 1.495
3.09357 1.494
3.08556 1.493
3.07754 1.492
3.06949 1.491
3.06149 1.49
3.05348 1.489
3.04546 1.488
3.03744 1.487
3.02938 1.486
3.0213 1.485
3.01312 1.484
3.00388 1.483
2.99548 1.482
2.98748 1.481
2.97942 1.48
2.97124 1.479
2.96321 1.478
2.95518 1.477
2.94713 1.476
2.93895 1.475
2.93078 1.474
2.92237 1.473
2.91319 1.472
2.90506 1.471
2.89703 1.47
2.88874 1.469
2.88048 1.468
2.87091 1.467
2.86238 1.466
2.85406 1.465
2.84287 1.464
2.83407 1.463
2.82489 1.462
2.81688 1.461
2.80886 1.46
2.79846 1.459
2.79046 1.458
2.77972 1.457
2.77119 1.456
2.76244 1.455
2.75164 1.454
2.74294 1.453
2.73419 1.452
2.72463 1.451
2.71499 1.45
2.70667 1.449
2.69743 1.448
2.6889 1.447
2.6804 1.446
2.67137 1.445
2.66309 1.444
2.65462 1.443
2.64606 1.442
2.6335 1.441
2.62537 1.44
2.61553 1.439
2.60693 1.438
2.59856 1.437
2.59036 1.436
2.58128 1.435
2.5714 1.434
2.55988 1.433
2.55087 1.432
2.54136 1.431
2.52723 1.43
2.51719 1.429
2.50362 1.428
2.49265 1.427
2.48378 1.426
2.47523 1.425
2.4661 1.424
2.45512 1.423
2.4456 1.422
2.43758 1.421
2.42926 1.42
2.41912 1.419
2.41083 1.418
2.39918 1.417
2.39028 1.416
2.38216 1.415
2.37228 1.414
2.36269 1.413
2.35379 1.412
2.34316 1.411
2.33266 1.41
2.32414 1.409
2.3137 1.408
2.30435 1.407
2.29533 1.406
2.28604 1.405
2.27647 1.404
2.26656 1.403
2.25708 1.402
2.24764 1.401
2.23959 1.4
2.2309 1.399
2.22193 1.398
2.21309 1.397
2.20498 1.396
2.1962 1.395
2.18783 1.394
2.17906 1.393
2.17031 1.392
2.16221 1.391
2.1537 1.39
2.14501 1.389
2.13664 1.388
2.12843 1.387
2.11958 1.386
2.11131 1.385
2.10276 1.384
2.09449 1.383
2.08597 1.382
2.07772 1.381
2.06956 1.38
2.06111 1.379
2.05272 1.378
2.04408 1.377
2.03555 1.376
2.02755 1.375
2.01927 1.374
2.01122 1.373
2.00281 1.372
1.99455 1.371
1.98619 1.37
1.9777 1.369
1.9695 1.368
1.96109 1.367
1.9526 1.366
1.9442 1.365
1.93589 1.364
1.92765 1.363
1.91931 1.362
1.91097 1.361
1.9028 1.36
1.89466 1.359
1.88636 1.358
1.8781 1.357
1.86997 1.356
1.86184 1.355
1.85373 1.354
1.8456 1.353
1.8374 1.352
1.82916 1.351
1.82097 1.35
1.81277 1.349
1.80462 1.348
1.79634 1.347
1.78817 1.346
1.77999 1.345
1.76978 1.344
1.76168 1.343
1.75342 1.342
1.74522 1.341
1.73707 1.34
1.72885 1.339
1.72065 1.338
1.71255 1.337
1.70438 1.336
1.69629 1.335
1.68821 1.334
1.68006 1.333
1.67193 1.332
1.66381 1.331
1.65567 1.33
1.64755 1.329
1.63941 1.328
1.63127 1.327
1.62323 1.326
1.61512 1.325
1.60707 1.324
1.59899 1.323
1.59085 1.322
1.5827 1.321
1.57456 1.32
1.56649 1.319
1.55843 1.318
1.55035 1.317
1.54222 1.316
1.53414 1.315
1.5259 1.314
1.51782 1.313
1.50968 1.312
1.50156 1.311
1.49346 1.31
1.4854 1.309
1.47728 1.308
1.46901 1.307
1.46094 1.306
1.45286 1.305
1.4448 1.304
1.43671 1.303
1.42863 1.302
1.42056 1.301
1.41246 1.3
1.40435 1.299
1.39627 1.298
1.38821 1.297
1.38015 1.296
1.37209 1.295
1.36404 1.294
1.35602 1.293
1.34801 1.292
1.33997 1.291
1.33192 1.29
1.32384 1.289
1.31571 1.288
1.3076 1.287
1.29952 1.286
1.29146 1.285
1.28339 1.284
1.27526 1.283
1.26716 1.282
1.25904 1.281
1.25026 1.28
1.24222 1.279
1.23414 1.278
1.22608 1.277
1.21795 1.276
1.20992 1.275
1.20187 1.274
1.19376 1.273
1.1857 1.272
1.17764 1.271
1.16961 1.27
1.16153 1.269
1.1535 1.268
1.14545 1.267
1.1374 1.266
1.12935 1.265
1.12126 1.264
1.11318 1.263
1.10514 1.262
1.09714 1.261
1.08907 1.26
1.08104 1.259
1.07294 1.258
1.06491 1.257
1.05686 1.256
1.0488 1.255
1.04075 1.254
1.03268 1.253
1.02466 1.252
1.01664 1.251
1.00856 1.25
1.00054 1.249
0.992494 1.248
0.984406 1.247
0.97635 1.246
0.968302 1.245
0.960278 1.244
0.952247 1.243
0.944215 1.242
0.936174 1.241
0.92813 1.24
0.920081 1.239
0.912025 1.238
0.90399 1.237
0.895945 1.236
0.887939 1.235
0.879889 1.234
0.871861 1.233
0.863837 1.232
0.855807 1.231
0.847756 1.23
0.839693 1.229
0.831663 1.228
0.823629 1.227
0.81558 1.226
0.807542 1.225
0.799489 1.224
0.791408 1.223
0.783363 1.222
0.775321 1.221
0.767255 1.22
0.759198 1.219
0.75111 1.218
0.743059 1.217
0.735048 1.216
0.727024 1.215
0.718988 1.214
0.710964 1.213
0.70294 1.212
0.694909 1.211
0.686881 1.21
0.678817 1.209
0.670759 1.208
0.662716 1.207
0.654647 1.206
0.646593 1.205
0.638518 1.204
0.6305 1.203
0.622483 1.202
0.614433 1.201
0.606351 1.2
0.598303 1.199
0.582034 1.198
0.574026 1.197
0.565999 1.196
0.557933 1.195
0.549864 1.194
0.541834 1.193
0.533826 1.192
0.525796 1.191
0.508051 1.19
0.500045 1.189
0.492027 1.188
0.484023 1.187
0.475958 1.186
0.467951 1.185
0.459916 1.184
0.45189 1.183
0.443822 1.182
0.435785 1.181
0.427739 1.18
0.419675 1.179
0.411638 1.178
0.403602 1.177
0.395584 1.176
0.387566 1.175
0.379494 1.174
0.371167 1.173
0.363111 1.172
0.355103 1.171
0.347044 1.17
0.33901 1.169
0.330931 1.168
0.322894 1.167
0.314866 1.166
0.306842 1.165
0.298832 1.164
0.29083 1.163
0.282748 1.162
0.274654 1.161
0.266592 1.16
0.258582 1.159
0.250574 1.158
0.242502 1.157
0.234457 1.156
0.226429 1.155
0.218411 1.154
0.210401 1.153
0.202383 1.152
0.194361 1.151
0.186352 1.15
0.178263 1.149
0.170262 1.148
0.162237 1.147
0.1542 1.146
0.146194 1.145
0.13818 1.144
0.130176 1.143
0.12215 1.142
0.114148 1.141
0.106115 1.14
0.098102 1.139
0.0900805 1.138
0.0820433 1.137
0.0740256 1.136
0.0659862 1.135
0.0579515 1.134
0.0452252 1.133
0.0371751 1.132
0.0291649 1.131
0.0211 1.13
0.0130905 1.129
0.00506814 1.128
-0.00298303 1.127
-0.0110443 1.126
-0.0190687 1.125
-0.0271077 1.124
-0.0505583 1.123
-0.0585751 1.122
-0.066593 1.121
-0.0746173 1.12
-0.0826523 1.119
-0.0906698 1.118
-0.0986876 1.117
-0.106721 1.116
-0.114733 1.115
-0.122763 1.114
-0.130789 1.113
-0.138874 1.112
-0.146908 1.111
-0.154928 1.11
-0.16295 1.109
-0.170987 1.108
-0.178994 1.107
-0.187014 1.106
-0.195025 1.105
-0.203063 1.104
-0.211102 1.103
-0.219108 1.102
-0.227579 1.101
-0.235609 1.1
-0.243629 1.099
-0.252027 1.098
-0.260038 1.097
-0.268045 1.096
-0.276057 1.095
-0.284084 1.094
-0.292088 1.093
-0.300111 1.092
-0.31489 1.091
-0.322901 1.09
-0.33091 1.089
-0.33891 1.088
-0.34696 1.087
-0.354968 1.086
-0.362985 1.085
-0.370987 1.084
-0.379043 1.083
-0.387047 1.082
-0.39505 1.081
-0.40305 1.08
-0.41106 1.079
-0.419085 1.078
-0.427138 1.077
-0.435138 1.076
-0.445806 1.075
-0.459852 1.074
-0.476769 1.073
-0.484812 1.072
-0.492815 1.071
-0.500821 1.07
-0.512724 1.069
-0.520746 1.068
-0.528791 1.067
-0.536798 1.066
-0.544798 1.065
-0.552812 1.064
-0.562866 1.063
-0.57087 1.062
-0.578876 1.061
-0.586941 1.06
-0.594974 1.059
-0.602992 1.058
-0.611021 1.057
-0.619022 1.056
-0.628723 1.055
-0.636766 1.054
-0.644776 1.053
-0.652777 1.052
-0.660801 1.051
-0.668872 1.05
-0.676888 1.049
-0.684888 1.048
-0.692891 1.047
-0.701296 1.046
-0.709302 1.045
-0.717313 1.044
-0.725359 1.043
-0.733369 1.042
-0.741377 1.041
-0.749381 1.04
-0.757413 1.039
-0.765413 1.038
-0.773421 1.037
-0.781433 1.036
-0.789436 1.035
-0.797448 1.034
-0.80546 1.033
-0.81349 1.032
-0.821563 1.031
-0.829575 1.03
-0.837718 1.029
-0.845726 1.028
-0.853737 1.027
-0.861772 1.026
-0.869777 1.025
-0.877789 1.024
-0.885931 1.023
-0.894143 1.022
-0.902187 1.021
-0.910194 1.02
-0.918202 1.019
-0.926202 1.018
-0.934219 1.017
-0.942219 1.016
-0.950243 1.015
-0.958249 1.014
-0.966264 1.013
-0.974267 1.012
-0.982275 1.011
-0.990283 1.01
-0.999518 1.009
-1.00837 1.008
-1.01638 1.007
-1.0244 1.006
-1.03241 1.005
-1.04041 1.004
-1.05422 1.003
-1.06225 1.002
-1.07031 1.001
-1.07835 1
