Man
0 0
0.00279394 0.00125
-3.77656e-05 0.0025
-0.00387744 0.00375
-0.0136565 0.005
-0.0151069 0.00625
-0.0122526 0.0075
-0.0199104 0.00875
-0.0279147 0.01
-0.0367441 0.01125
-0.037163 0.0125
-0.0369528 0.01375
-0.0473565 0.015
-0.0490196 0.01625
-0.0506402 0.0175
-0.057217 0.01875
-0.0616344 0.02
-0.0640465 0.02125
-0.0658581 0.0225
-0.0669501 0.02375
-0.073422 0.025
-0.0780131 0.02625
-0.0843123 0.0275
-0.0803444 0.02875
-0.0843225 0.03
-0.099749 0.03125
-0.105994 0.0325
-0.125032 0.03375
-0.132951 0.035
-0.127162 0.03625
-0.132855 0.0375
-0.13833 0.03875
-0.149156 0.04
-0.149457 0.04125
-0.160751 0.0425
-0.170806 0.04375
-0.172754 0.045
-0.176227 0.04625
-0.178492 0.0475
-0.186484 0.04875
-0.186823 0.05
-0.188987 0.05125
-0.198802 0.0525
-0.200719 0.05375
-0.210291 0.055
-0.212276 0.05625
-0.219619 0.0575
-0.219378 0.05875
-0.22656 0.06
-0.24106 0.06125
-0.246187 0.0625
-0.254834 0.06375
-0.258772 0.065
-0.263798 0.06625
-0.263317 0.0675
-0.26965 0.06875
-0.272964 0.07
-0.276379 0.07125
-0.288344 0.0725
-0.289527 0.07375
-0.30105 0.075
-0.308803 0.07625
-0.310375 0.0775
-0.315279 0.07875
-0.317468 0.08
-0.329109 0.08125
-0.329957 0.0825
-0.336319 0.08375
-0.336356 0.085
-0.344748 0.08625
-0.35065 0.0875
-0.362257 0.08875
-0.364067 0.09
-0.372843 0.09125
-0.373029 0.0925
-0.374576 0.09375
-0.383156 0.095
-0.394872 0.09625
-0.398295 0.0975
-0.402979 0.09875
-0.412924 0.1
-0.418659 0.10125
-0.420026 0.1025
-0.425657 0.10375
-0.42732 0.105
-0.433161 0.10625
-0.438883 0.1075
-0.444958 0.10875
-0.447221 0.11
-0.453352 0.11125
-0.461942 0.1125
-0.468025 0.11375
-0.470857 0.115
-0.48289 0.11625
-0.487758 0.1175
-0.498313 0.11875
-0.501635 0.12
-0.50421 0.12125
-0.510653 0.1225
-0.518733 0.12375
-0.521759 0.125
-0.52867 0.12625
-0.531833 0.1275
-0.538639 0.12875
-0.544481 0.13
-0.552727 0.13125
-0.559139 0.1325
-0.565734 0.13375
-0.570776 0.135
-0.57402 0.13625
-0.58083 0.1375
-0.586057 0.13875
-0.589383 0.14
-0.59332 0.14125
-0.598833 0.1425
-0.604314 0.14375
-0.609985 0.145
-0.617944 0.14625
-0.622262 0.1475
-0.635418 0.14875
-0.637985 0.15
-0.643167 0.15125
-0.649292 0.1525
-0.656295 0.15375
-0.662155 0.155
-0.667011 0.15625
-0.671654 0.1575
-0.673631 0.15875
-0.679097 0.16
-0.682338 0.16125
-0.687851 0.1625
-0.692613 0.16375
-0.698689 0.165
-0.702129 0.16625
-0.707138 0.1675
-0.711366 0.16875
-0.714612 0.17
-0.721292 0.17125
-0.726311 0.1725
-0.730615 0.17375
-0.733408 0.175
-0.736838 0.17625
-0.737412 0.1775
-0.740852 0.17875
-0.745553 0.18
-0.747314 0.18125
-0.749675 0.1825
-0.751792 0.18375
-0.754787 0.185
-0.757569 0.18625
-0.760144 0.1875
-0.763076 0.18875
-0.76578 0.19
-0.769189 0.19125
-0.771486 0.1925
-0.774248 0.19375
-0.776683 0.195
-0.77987 0.19625
-0.780586 0.1975
-0.782514 0.19875
-0.784713 0.2
-0.787056 0.20125
-0.78989 0.2025
-0.792336 0.20375
-0.794307 0.205
-0.79616 0.20625
-0.798195 0.2075
-0.799382 0.20875
-0.801474 0.21
-0.803238 0.21125
-0.805066 0.2125
-0.807442 0.21375
-0.809093 0.215
-0.810826 0.21625
-0.81228 0.2175
-0.814554 0.21875
-0.816313 0.22
-0.818269 0.22125
-0.820096 0.2225
-0.821683 0.22375
-0.823552 0.225
-0.824572 0.22625
-0.826661 0.2275
-0.82869 0.22875
-0.829998 0.23
-0.831347 0.23125
-0.832551 0.2325
-0.834249 0.23375
-0.835438 0.235
-0.837056 0.23625
-0.838431 0.2375
-0.839741 0.23875
-0.840921 0.24
-0.842341 0.24125
-0.84321 0.2425
-0.844289 0.24375
-0.845644 0.245
-0.846939 0.24625
-0.848186 0.2475
-0.846871 0.24875
-0.847774 0.25
-0.849049 0.25125
-0.85006 0.2525
-0.850923 0.25375
-0.849858 0.255
-0.850937 0.25625
-0.852061 0.2575
-0.853078 0.25875
-0.854492 0.26
-0.855811 0.26125
-0.856851 0.2625
-0.857871 0.26375
-0.859027 0.265
-0.86027 0.26625
-0.861682 0.2675
-0.863076 0.26875
-0.864014 0.27
-0.865204 0.27125
-0.866338 0.2725
-0.867607 0.27375
-0.868579 0.275
-0.869316 0.27625
-0.87037 0.2775
-0.871478 0.27875
-0.872273 0.28
-0.873079 0.28125
-0.873603 0.2825
-0.874413 0.28375
-0.875122 0.285
-0.87616 0.28625
-0.876867 0.2875
-0.877318 0.28875
-0.878073 0.29
-0.87893 0.29125
-0.879713 0.2925
-0.880447 0.29375
-0.881147 0.295
-0.881915 0.29625
-0.882597 0.2975
-0.883616 0.29875
-0.884351 0.3
-0.885213 0.30125
-0.885677 0.3025
-0.886181 0.30375
-0.886575 0.305
-0.88776 0.30625
-0.88871 0.3075
-0.889388 0.30875
-0.890358 0.31
-0.890941 0.31125
-0.891576 0.3125
-0.892464 0.31375
-0.893064 0.315
-0.893617 0.31625
-0.894412 0.3175
-0.895373 0.31875
-0.895943 0.32
-0.896609 0.32125
-0.897388 0.3225
-0.898063 0.32375
-0.898371 0.325
-0.899008 0.32625
-0.899807 0.3275
-0.900197 0.32875
-0.900664 0.33
-0.901139 0.33125
-0.901554 0.3325
-0.902292 0.33375
-0.902969 0.335
-0.903469 0.33625
-0.903944 0.3375
-0.904496 0.33875
-0.905122 0.34
-0.905812 0.34125
-0.906274 0.3425
-0.906893 0.34375
-0.907132 0.345
-0.907739 0.34625
-0.908186 0.3475
-0.907903 0.34875
-0.908185 0.35
-0.908727 0.35125
-0.909177 0.3525
-0.909556 0.35375
-0.910013 0.355
-0.910719 0.35625
-0.911271 0.3575
-0.911856 0.35875
-0.91225 0.36
-0.912528 0.36125
-0.913027 0.3625
-0.913555 0.36375
-0.914066 0.365
-0.914626 0.36625
-0.915335 0.3675
-0.915836 0.36875
-0.916407 0.37
-0.916706 0.37125
-0.917387 0.3725
-0.917781 0.37375
-0.91848 0.375
-0.918943 0.37625
-0.919521 0.3775
-0.920048 0.37875
-0.920448 0.38
-0.920889 0.38125
-0.921416 0.3825
-0.921682 0.38375
-0.922185 0.385
-0.922802 0.38625
-0.92301 0.3875
-0.923423 0.38875
-0.923672 0.39
-0.924 0.39125
-0.924591 0.3925
-0.925183 0.39375
-0.925389 0.395
-0.925894 0.39625
-0.926484 0.3975
-0.92691 0.39875
-0.927298 0.4
-0.927678 0.40125
-0.927974 0.4025
-0.928135 0.40375
-0.928574 0.405
-0.929028 0.40625
-0.929372 0.4075
-0.929795 0.40875
-0.930089 0.41
-0.930451 0.41125
-0.93105 0.4125
-0.931254 0.41375
-0.931537 0.415
-0.931852 0.41625
-0.932197 0.4175
-0.931853 0.41875
-0.932176 0.42
-0.932467 0.42125
-0.932895 0.4225
-0.933454 0.42375
-0.933659 0.425
-0.934058 0.42625
-0.934345 0.4275
-0.934807 0.42875
-0.93519 0.43
-0.935649 0.43125
-0.935989 0.4325
-0.936286 0.43375
-0.936573 0.435
-0.936992 0.43625
-0.937497 0.4375
-0.937838 0.43875
-0.938153 0.44
-0.93826 0.44125
-0.938507 0.4425
-0.938909 0.44375
-0.939182 0.445
-0.939487 0.44625
-0.939705 0.4475
-0.940067 0.44875
-0.940236 0.45
-0.940415 0.45125
-0.940564 0.4525
-0.941052 0.45375
-0.941226 0.455
-0.941502 0.45625
-0.941695 0.4575
-0.941978 0.45875
-0.942267 0.46
-0.942562 0.46125
-0.942776 0.4625
-0.943043 0.46375
-0.943177 0.465
-0.943528 0.46625
-0.943882 0.4675
-0.944179 0.46875
-0.944588 0.47
-0.944898 0.47125
-0.945188 0.4725
-0.945471 0.47375
-0.945697 0.475
-0.946094 0.47625
-0.946353 0.4775
-0.946541 0.47875
-0.946853 0.48
-0.947034 0.48125
-0.947469 0.4825
-0.947756 0.48375
-0.948056 0.485
-0.9484 0.48625
-0.948582 0.4875
-0.948882 0.48875
-0.949199 0.49
-0.949262 0.49125
-0.949505 0.4925
-0.949818 0.49375
-0.950013 0.495
-0.950248 0.49625
-0.950637 0.4975
-0.950764 0.49875
-0.950914 0.5
-0.951067 0.50125
-0.951313 0.5025
-0.951499 0.50375
-0.951847 0.505
-0.952135 0.50625
-0.952357 0.5075
-0.952694 0.50875
-0.952869 0.51
-0.953101 0.51125
-0.95324 0.5125
-0.953591 0.51375
-0.957741 0.515
-0.958204 0.51625
-0.958426 0.5175
-0.958665 0.51875
-0.958849 0.52
-0.95923 0.52125
-0.959541 0.5225
-0.959805 0.52375
-0.960141 0.525
-0.960341 0.52625
-0.960675 0.5275
-0.960915 0.52875
-0.961076 0.53
-0.961337 0.53125
-0.961482 0.5325
-0.96159 0.53375
-0.961772 0.535
-0.96196 0.53625
-0.962067 0.5375
-0.962414 0.53875
-0.962402 0.54
-0.962652 0.54125
-0.962914 0.5425
-0.963172 0.54375
-0.963409 0.545
-0.963608 0.54625
-0.963829 0.5475
-0.963887 0.54875
-0.964163 0.55
-0.964237 0.55125
-0.964423 0.5525
-0.964705 0.55375
-0.964836 0.555
-0.965125 0.55625
-0.965261 0.5575
-0.96535 0.55875
-0.965631 0.56
-0.965849 0.56125
-0.966106 0.5625
-0.966337 0.56375
-0.966634 0.565
-0.966795 0.56625
-0.967033 0.5675
-0.96729 0.56875
-0.967436 0.57
-0.967646 0.57125
-0.9678 0.5725
-0.968043 0.57375
-0.968142 0.575
-0.968294 0.57625
-0.968266 0.5775
-0.968411 0.57875
-0.968672 0.58
-0.968833 0.58125
-0.969159 0.5825
-0.96936 0.58375
-0.969574 0.585
-0.96979 0.58625
-0.969956 0.5875
-0.969902 0.58875
-0.970227 0.59
-0.970373 0.59125
-0.970465 0.5925
-0.970679 0.59375
-0.970815 0.595
-0.970896 0.59625
-0.971181 0.5975
-0.97121 0.59875
-0.971449 0.6
-0.971624 0.60125
-0.971811 0.6025
-0.97188 0.60375
-0.971991 0.605
-0.972142 0.60625
-0.972434 0.6075
-0.972676 0.60875
-0.97274 0.61
-0.972996 0.61125
-0.973265 0.6125
-0.973562 0.61375
-0.973704 0.615
-0.973952 0.61625
-0.97407 0.6175
-0.974364 0.61875
-0.974551 0.62
-0.974782 0.62125
-0.974921 0.6225
-0.974942 0.62375
-0.975117 0.625
-0.975307 0.62625
-0.97551 0.6275
-0.975679 0.62875
-0.975909 0.63
-0.976174 0.63125
-0.976256 0.6325
-0.976344 0.63375
-0.976504 0.635
-0.976589 0.63625
-0.976718 0.6375
-0.976884 0.63875
-0.977006 0.64
-0.977173 0.64125
-0.977359 0.6425
-0.977528 0.64375
-0.977675 0.645
-0.977848 0.64625
-0.977953 0.6475
-0.978125 0.64875
-0.97822 0.65
-0.978402 0.65125
-0.978425 0.6525
-0.978498 0.65375
-0.978604 0.655
-0.978767 0.65625
-0.978816 0.6575
-0.97893 0.65875
-0.9769 0.66
-0.976982 0.66125
-0.977183 0.6625
-0.977373 0.66375
-0.977465 0.665
-0.977564 0.66625
-0.977678 0.6675
-0.977839 0.66875
-0.977965 0.67
-0.978054 0.67125
-0.978197 0.6725
-0.978246 0.67375
-0.976654 0.675
-0.976799 0.67625
-0.976905 0.6775
-0.977014 0.67875
-0.977246 0.68
-0.977389 0.68125
-0.977426 0.6825
-0.977557 0.68375
-0.977722 0.685
-0.977753 0.68625
-0.977842 0.6875
-0.97806 0.68875
-0.978157 0.69
-0.978353 0.69125
-0.978368 0.6925
-0.978452 0.69375
-0.978557 0.695
-0.978757 0.69625
-0.978831 0.6975
-0.978964 0.69875
-0.979189 0.7
-0.979322 0.70125
-0.979475 0.7025
-0.979657 0.70375
-0.979813 0.705
-0.979881 0.70625
-0.980047 0.7075
-0.980164 0.70875
-0.980321 0.71
-0.980318 0.71125
-0.980396 0.7125
-0.980612 0.71375
-0.980739 0.715
-0.980841 0.71625
-0.980978 0.7175
-0.980988 0.71875
-0.98106 0.72
-0.981134 0.72125
-0.981334 0.7225
-0.98146 0.72375
-0.98119 0.725
-0.981279 0.72625
-0.981503 0.7275
-0.981575 0.72875
-0.981701 0.73
-0.981853 0.73125
-0.982039 0.7325
-0.982249 0.73375
-0.982402 0.735
-0.982604 0.73625
-0.982786 0.7375
-0.982873 0.73875
-0.982915 0.74
-0.983004 0.74125
-0.983132 0.7425
-0.983202 0.74375
-0.983269 0.745
-0.98335 0.74625
-0.9835 0.7475
-0.983562 0.74875
-0.98366 0.75
-0.983839 0.75125
-0.983888 0.7525
-0.983906 0.75375
-0.984038 0.755
-0.984105 0.75625
-0.983702 0.7575
-0.983848 0.75875
-0.982265 0.76
-0.981908 0.76125
-0.981823 0.7625
-0.981899 0.76375
-0.981967 0.765
-0.982064 0.76625
-0.98429 0.7675
-0.983991 0.76875
-0.984053 0.77
-0.984078 0.77125
-0.984081 0.7725
-0.984199 0.77375
-0.9843 0.775
-0.984423 0.77625
-0.984583 0.7775
-0.984653 0.77875
-0.984788 0.78
-0.984863 0.78125
-0.984909 0.7825
-0.98499 0.78375
-0.985148 0.785
-0.985172 0.78625
-0.985245 0.7875
-0.985384 0.78875
-0.985513 0.79
-0.985625 0.79125
-0.985708 0.7925
-0.985807 0.79375
-0.985871 0.795
-0.985993 0.79625
-0.986015 0.7975
-0.986131 0.79875
-0.986223 0.8
-0.986335 0.80125
-0.986437 0.8025
-0.985818 0.80375
-0.985999 0.805
-0.986017 0.80625
-0.986041 0.8075
-0.986125 0.80875
-0.986014 0.81
-0.986024 0.81125
-0.986139 0.8125
-0.986258 0.81375
-0.98634 0.815
-0.986323 0.81625
-0.986436 0.8175
-0.986508 0.81875
-0.986624 0.82
-0.986786 0.82125
-0.986884 0.8225
-0.986887 0.82375
-0.987025 0.825
-0.987196 0.82625
-0.987275 0.8275
-0.987385 0.82875
-0.98738 0.83
-0.987441 0.83125
-0.986452 0.8325
-0.9865 0.83375
-0.986581 0.835
-0.986662 0.83625
-0.986836 0.8375
-0.986833 0.83875
-0.986915 0.84
-0.986975 0.84125
-0.987164 0.8425
-0.987275 0.84375
-0.987303 0.845
-0.987393 0.84625
-0.987463 0.8475
-0.987562 0.84875
-0.987659 0.85
-0.987811 0.85125
-0.987917 0.8525
-0.988048 0.85375
-0.988188 0.855
-0.987255 0.85625
-0.98731 0.8575
-0.987464 0.85875
-0.987485 0.86
-0.987605 0.86125
-0.987717 0.8625
-0.98793 0.86375
-0.987992 0.865
-0.988104 0.86625
-0.988221 0.8675
-0.990263 0.86875
-0.990318 0.87
-0.990395 0.87125
-0.990412 0.8725
-0.990561 0.87375
-0.990612 0.875
-0.990706 0.87625
-0.990819 0.8775
-0.990831 0.87875
-0.991015 0.88
-0.991148 0.88125
-0.991286 0.8825
-0.991466 0.88375
-0.99367 0.885
-0.993779 0.88625
-0.993831 0.8875
-0.993825 0.88875
-0.993909 0.89
-0.993993 0.89125
-0.993658 0.8925
-0.99343 0.89375
-0.993445 0.895
-0.993534 0.89625
-0.993611 0.8975
-0.993711 0.89875
-0.993778 0.9
-0.993866 0.90125
-0.993863 0.9025
-0.993907 0.90375
-0.993914 0.905
-0.993988 0.90625
-0.994034 0.9075
-0.994179 0.90875
-0.994176 0.91
-0.994338 0.91125
-0.99442 0.9125
-0.994004 0.91375
-0.994088 0.915
-0.994162 0.91625
-0.994237 0.9175
-0.994385 0.91875
-0.994454 0.92
-0.994494 0.92125
-0.994597 0.9225
-0.994652 0.92375
-0.994751 0.925
-0.994918 0.92625
-0.994991 0.9275
-0.995028 0.92875
-0.995119 0.93
-0.995203 0.93125
-0.995257 0.9325
-0.995248 0.93375
-0.994184 0.935
-0.994272 0.93625
-0.993994 0.9375
-0.994044 0.93875
-0.994118 0.94
-0.994186 0.94125
-0.994242 0.9425
-0.994344 0.94375
-0.994384 0.945
-0.994537 0.94625
-0.994559 0.9475
-0.994509 0.94875
-0.994565 0.95
-0.994641 0.95125
-0.99616 0.9525
-0.996224 0.95375
-0.996269 0.955
-0.996335 0.95625
-0.996365 0.9575
-0.996487 0.95875
-0.99588 0.96
-0.995945 0.96125
-0.996035 0.9625
-0.996048 0.96375
-0.996065 0.965
-0.996139 0.96625
-0.996177 0.9675
-0.996287 0.96875
-0.996346 0.97
-0.996453 0.97125
-0.996532 0.9725
-0.996524 0.97375
-0.996583 0.975
-0.996615 0.97625
-0.996732 0.9775
-0.996853 0.97875
-0.996926 0.98
-0.999113 0.98125
-0.999126 0.9825
-0.999142 0.98375
-0.999193 0.985
-0.999235 0.98625
-0.99923 0.9875
-0.999312 0.98875
-0.999372 0.99
-0.999479 0.99125
-0.999502 0.9925
-0.999607 0.99375
-0.999581 0.995
-0.999595 0.99625
-0.999651 0.9975
-0.999835 0.99875
-0.999909 1


Shark
3.14159 1.5
3.13659 1.49937
3.13159 1.49875
3.12659 1.49812
3.12159 1.4975
3.11659 1.49687
3.11159 1.49625
3.10658 1.49562
3.10157 1.495
3.09656 1.49438
3.09156 1.49375
3.08656 1.49313
3.08152 1.4925
3.07652 1.49188
3.07152 1.49125
3.0665 1.49063
3.06149 1.49
3.05648 1.48937
3.05148 1.48875
3.04648 1.48812
3.04144 1.4875
3.03642 1.48687
3.03137 1.48625
3.02635 1.48562
3.02133 1.485
3.01599 1.48438
3.01092 1.48375
3.00532 1.48313
3.00021 1.4825
2.99514 1.48188
2.99007 1.48125
2.985 1.48063
2.97972 1.48
2.97472 1.47938
2.96937 1.47875
2.96408 1.47812
2.95907 1.4775
2.95403 1.47687
2.94901 1.47625
2.94378 1.47562
2.93878 1.475
2.93376 1.47437
2.92836 1.47375
2.92334 1.47313
2.91793 1.4725
2.91291 1.47188
2.90763 1.47125
2.90263 1.47063
2.89735 1.47
2.89124 1.46938
2.88608 1.46875
2.88062 1.46812
2.87552 1.4675
2.87035 1.46687
2.86535 1.46625
2.86006 1.46562
2.85498 1.465
2.84988 1.46437
2.84382 1.46375
2.8388 1.46313
2.83274 1.4625
2.82722 1.46188
2.8222 1.46125
2.81697 1.46063
2.81192 1.46
2.80567 1.45938
2.80066 1.45875
2.79523 1.45812
2.79023 1.4575
2.78446 1.45687
2.77906 1.45625
2.7726 1.45562
2.76755 1.455
2.76163 1.45437
2.75663 1.45375
2.75159 1.45312
2.74564 1.4525
2.73892 1.45188
2.73375 1.45125
2.72842 1.45063
2.72205 1.45
2.71654 1.44938
2.71151 1.44875
2.706 1.44813
2.70095 1.4475
2.69537 1.44687
2.68981 1.44625
2.68416 1.44562
2.67906 1.445
2.67337 1.44437
2.66707 1.44375
2.66136 1.44312
2.65619 1.4425
2.64871 1.44188
2.64322 1.44125
2.63616 1.44063
2.63091 1.44
2.62576 1.43938
2.61986 1.43875
2.61346 1.43813
2.60824 1.4375
2.60216 1.43687
2.5969 1.43625
2.59081 1.43562
2.58496 1.435
2.57836 1.43437
2.57233 1.43375
2.56622 1.43312
2.56053 1.4325
2.55523 1.43188
2.54899 1.43125
2.54322 1.43063
2.53789 1.43
2.53242 1.42938
2.52652 1.42875
2.52062 1.42813
2.51464 1.4275
2.50782 1.42687
2.50221 1.42625
2.49295 1.42562
2.48772 1.425
2.48183 1.42437
2.4756 1.42375
2.46901 1.42312
2.46284 1.4225
2.45699 1.42188
2.45121 1.42125
2.44605 1.42063
2.43996 1.42
2.43454 1.41938
2.4284 1.41875
2.42251 1.41813
2.41611 1.4175
2.41062 1.41688
2.4046 1.41625
2.39885 1.41562
2.39339 1.415
2.38662 1.41437
2.38055 1.41375
2.37473 1.41312
2.36936 1.4125
2.36381 1.41187
2.35879 1.41125
2.35322 1.41063
2.34719 1.41
2.34203 1.40938
2.33675 1.40875
2.33151 1.40813
2.32605 1.4075
2.32064 1.40688
2.31528 1.40625
2.30981 1.40562
2.30441 1.405
2.29877 1.40437
2.29347 1.40375
2.28804 1.40312
2.28269 1.4025
2.2771 1.40187
2.27207 1.40125
2.26684 1.40063
2.26154 1.4
2.2562 1.39938
2.2507 1.39875
2.24532 1.39813
2.24007 1.3975
2.23484 1.39688
2.22957 1.39625
2.22447 1.39562
2.21917 1.395
2.21396 1.39437
2.20872 1.39375
2.20333 1.39312
2.19813 1.3925
2.19291 1.39187
2.18775 1.39125
2.18238 1.39062
2.17714 1.39
2.17185 1.38938
2.1666 1.38875
2.1614 1.38813
2.15613 1.3875
2.15104 1.38688
2.14569 1.38625
2.14036 1.38563
2.13522 1.385
2.13007 1.38437
2.12495 1.38375
2.1197 1.38312
2.11458 1.3825
2.10935 1.38187
2.10418 1.38125
2.09903 1.38062
2.0939 1.38
2.08872 1.37938
2.08365 1.37875
2.07854 1.37813
2.07337 1.3775
2.06821 1.37688
2.06306 1.37625
2.05789 1.37563
2.05281 1.375
2.04765 1.37438
2.04255 1.37375
2.03747 1.37312
2.03236 1.3725
2.02724 1.37187
2.0221 1.37125
2.017 1.37062
2.01179 1.37
2.0066 1.36938
2.00148 1.36875
1.99637 1.36813
1.99122 1.3675
1.98605 1.36688
1.98083 1.36625
1.97561 1.36563
1.97051 1.365
1.96534 1.36437
1.96019 1.36375
1.95501 1.36312
1.94989 1.3625
1.94483 1.36187
1.93969 1.36125
1.93454 1.36062
1.92947 1.36
1.92438 1.35938
1.91935 1.35875
1.91427 1.35813
1.9092 1.3575
1.90406 1.35688
1.899 1.35625
1.89397 1.35563
1.88889 1.355
1.8838 1.35438
1.87871 1.35375
1.87364 1.35312
1.86857 1.3525
1.86349 1.35187
1.85842 1.35125
1.85328 1.35062
1.8482 1.35
1.8431 1.34937
1.83806 1.34875
1.83303 1.34813
1.828 1.3475
1.8228 1.34688
1.81767 1.34625
1.8126 1.34563
1.80745 1.345
1.8024 1.34437
1.79734 1.34375
1.79222 1.34313
1.78716 1.3425
1.78211 1.34187
1.77701 1.34125
1.77186 1.34062
1.76681 1.34
1.76174 1.33937
1.75664 1.33875
1.75156 1.33813
1.74655 1.3375
1.74148 1.33688
1.73637 1.33625
1.73135 1.33563
1.72631 1.335
1.72127 1.33438
1.71624 1.33375
1.71114 1.33312
1.70606 1.3325
1.70102 1.33187
1.69597 1.33125
1.69092 1.33062
1.68585 1.33
1.68076 1.32937
1.67572 1.32875
1.67065 1.32812
1.66564 1.3275
1.66057 1.32688
1.65553 1.32625
1.65051 1.32563
1.6455 1.325
1.64044 1.32438
1.6354 1.32375
1.63037 1.32313
1.62533 1.3225
1.62023 1.32187
1.61517 1.32125
1.6101 1.32062
1.60507 1.32
1.60005 1.31937
1.595 1.31875
1.58994 1.31812
1.58489 1.3175
1.57982 1.31688
1.57471 1.31625
1.56966 1.31563
1.56459 1.315
1.55957 1.31438
1.55447 1.31375
1.54943 1.31312
1.54432 1.3125
1.53928 1.31188
1.5342 1.31125
1.52914 1.31062
1.5241 1.31
1.51906 1.30937
1.51399 1.30875
1.50897 1.30812
1.50391 1.3075
1.49883 1.30688
1.49381 1.30625
1.48877 1.30563
1.48376 1.305
1.47873 1.30438
1.47365 1.30375
1.46856 1.30313
1.46355 1.3025
1.45849 1.30187
1.4534 1.30125
1.44835 1.30062
1.44332 1.3
1.43828 1.29937
1.43326 1.29875
1.42825 1.29812
1.4232 1.2975
1.41815 1.29688
1.41311 1.29625
1.40807 1.29563
1.40304 1.295
1.39801 1.29438
1.39291 1.29375
1.3879 1.29313
1.38288 1.2925
1.37785 1.29188
1.37282 1.29125
1.36779 1.29062
1.36276 1.29
1.35773 1.28937
1.35268 1.28875
1.34759 1.28812
1.34258 1.2875
1.33753 1.28687
1.33251 1.28625
1.32745 1.28563
1.32241 1.285
1.31734 1.28438
1.31231 1.28375
1.30728 1.28313
1.30226 1.2825
1.2972 1.28187
1.29213 1.28125
1.28709 1.28063
1.28206 1.28
1.27706 1.27937
1.27204 1.27875
1.26699 1.27812
1.26196 1.2775
1.25693 1.27687
1.25192 1.27625
1.24688 1.27563
1.24187 1.275
1.23686 1.27438
1.23185 1.27375
1.22677 1.27313
1.22176 1.2725
1.21674 1.27188
1.21173 1.27125
1.2067 1.27062
1.20167 1.27
1.19664 1.26937
1.19163 1.26875
1.1866 1.26812
1.1816 1.2675
1.17655 1.26687
1.17151 1.26625
1.16648 1.26562
1.16142 1.265
1.15639 1.26438
1.15136 1.26375
1.14633 1.26313
1.14131 1.2625
1.13625 1.26188
1.13123 1.26125
1.12621 1.26063
1.12118 1.26
1.11617 1.25937
1.1111 1.25875
1.10607 1.25812
1.10103 1.2575
1.09599 1.25687
1.09098 1.25625
1.08594 1.25562
1.0809 1.255
1.0759 1.25438
1.07088 1.25375
1.06584 1.25313
1.06083 1.2525
1.0558 1.25188
1.05075 1.25125
1.04574 1.25062
1.04073 1.25
1.03572 1.24938
1.0307 1.24875
1.02568 1.24812
1.02063 1.2475
1.0156 1.24687
1.01058 1.24625
1.00553 1.24562
1.00052 1.245
0.995497 1.24438
0.990489 1.24375
0.985437 1.24313
0.975542 1.2425
0.970452 1.24188
0.965431 1.24125
0.960406 1.24063
0.955392 1.24
0.950329 1.23937
0.945287 1.23875
0.940257 1.23812
0.935207 1.2375
0.93019 1.23687
0.925141 1.23625
0.920115 1.23562
0.915103 1.235
0.910073 1.23438
0.905063 1.23375
0.900058 1.23313
0.895043 1.2325
0.890027 1.23188
0.885021 1.23125
0.879966 1.23063
0.874966 1.23
0.869937 1.22938
0.864905 1.22875
0.859873 1.22812
0.854847 1.2275
0.849828 1.22687
0.844804 1.22625
0.839803 1.22562
0.834766 1.225
0.829764 1.22437
0.824747 1.22375
0.819708 1.22313
0.8147 1.2225
0.809659 1.22188
0.80465 1.22125
0.799646 1.22063
0.794606 1.22
0.789582 1.21937
0.784549 1.21875
0.779522 1.21813
0.774477 1.2175
0.769464 1.21687
0.764435 1.21625
0.759401 1.21562
0.75439 1.215
0.749367 1.21437
0.744355 1.21375
0.739324 1.21313
0.734319 1.2125
0.729307 1.21188
0.724306 1.21125
0.719295 1.21063
0.714259 1.21
0.709244 1.20938
0.704187 1.20875
0.699165 1.20812
0.69414 1.2075
0.689115 1.20687
0.6841 1.20625
0.679098 1.20562
0.67404 1.205
0.669028 1.20437
0.664023 1.20375
0.658998 1.20312
0.653987 1.2025
0.648983 1.20188
0.643938 1.20125
0.638937 1.20063
0.633904 1.2
0.628887 1.19938
0.623867 1.19875
0.618864 1.19813
0.613857 1.1975
0.608843 1.19687
0.603793 1.19625
0.598759 1.19562
0.593756 1.195
0.588717 1.19437
0.583674 1.19375
0.578621 1.19312
0.573609 1.1925
0.568572 1.19188
0.563564 1.19125
0.558511 1.19063
0.55349 1.19
0.548457 1.18938
0.543445 1.18875
0.538445 1.18812
0.533426 1.1875
0.528403 1.18688
0.523378 1.18625
0.518359 1.18562
0.513326 1.185
0.508281 1.18437
0.503277 1.18375
0.498272 1.18312
0.493256 1.1825
0.488251 1.18188
0.48324 1.18125
0.478222 1.18063
0.473213 1.18
0.468194 1.17938
0.463172 1.17875
0.458153 1.17813
0.453138 1.1775
0.448119 1.17687
0.443111 1.17625
0.438091 1.17562
0.433085 1.175
0.428063 1.17437
0.423063 1.17375
0.418059 1.17312
0.413051 1.1725
0.408033 1.17188
0.403031 1.17125
0.398022 1.17063
0.390696 1.17
0.385692 1.16938
0.380663 1.16875
0.375638 1.16813
0.370632 1.1675
0.365625 1.16688
0.360616 1.16625
0.355598 1.16562
0.350586 1.165
0.345581 1.16437
0.340566 1.16375
0.335564 1.16312
0.328973 1.1625
0.323958 1.16187
0.31895 1.16125
0.313941 1.16063
0.308901 1.16
0.303886 1.15938
0.298885 1.15875
0.293872 1.15813
0.288852 1.1575
0.283851 1.15687
0.278845 1.15625
0.273809 1.15563
0.268802 1.155
0.263773 1.15437
0.258773 1.15375
0.253767 1.15312
0.248759 1.1525
0.243728 1.15187
0.238724 1.15125
0.23371 1.15063
0.22867 1.15
0.223657 1.14938
0.218638 1.14875
0.213612 1.14813
0.208593 1.1475
0.203589 1.14688
0.198567 1.14625
0.193556 1.14562
0.188536 1.145
0.183536 1.14437
0.178531 1.14375
0.173494 1.14312
0.16848 1.1425
0.163472 1.14187
0.158457 1.14125
0.153457 1.14062
0.148452 1.14
0.143448 1.13938
0.138414 1.13875
0.133401 1.13813
0.12834 1.1375
0.123333 1.13688
0.118291 1.13625
0.113287 1.13563
0.108274 1.135
0.103254 1.13437
0.0982241 1.13375
0.0931862 1.13312
0.0881662 1.1325
0.083131 1.13187
0.0781024 1.13125
0.0730958 1.13062
0.0680942 1.13
0.0630873 1.12938
0.0580728 1.12875
0.0530684 1.12813
0.0480645 1.1275
0.0430587 1.12688
0.0380386 1.12625
0.0330351 1.12562
0.0280265 1.125
0.022998 1.12438
0.0179958 1.12375
0.0129955 1.12312
0.00797959 1.1225
0.00297547 1.12187
-0.00217131 1.12125
-0.00719079 1.12062
-0.014127 1.12
-0.0192437 1.11938
-0.0242505 1.11875
-0.0292559 1.11813
-0.0342602 1.1175
-0.0392691 1.11688
-0.0477317 1.11625
-0.0528156 1.11563
-0.0578193 1.115
-0.0628199 1.11437
-0.0678199 1.11375
-0.0728334 1.11312
-0.077843 1.1125
-0.0828577 1.11187
-0.0878825 1.11125
-0.0928871 1.11062
-0.0979048 1.11
-0.10291 1.10938
-0.107912 1.10875
-0.112919 1.10813
-0.117943 1.1075
-0.122944 1.10688
-0.127949 1.10625
-0.132968 1.10563
-0.137985 1.105
-0.142997 1.10438
-0.148004 1.10375
-0.153014 1.10312
-0.158018 1.1025
-0.163033 1.10187
-0.168034 1.10125
-0.173047 1.10062
-0.178056 1.1
-0.183069 1.09937
-0.188079 1.09875
-0.193459 1.09813
-0.198493 1.0975
-0.203493 1.09688
-0.208494 1.09625
-0.213501 1.09563
-0.218514 1.095
-0.223515 1.09437
-0.228528 1.09375
-0.233543 1.09313
-0.238551 1.0925
-0.243551 1.09187
-0.248565 1.09125
-0.25357 1.09062
-0.258585 1.09
-0.263613 1.08937
-0.268623 1.08875
-0.273623 1.08813
-0.278644 1.0875
-0.283676 1.08688
-0.288682 1.08625
-0.293696 1.08563
-0.298696 1.085
-0.3037 1.08438
-0.309686 1.08375
-0.314688 1.08312
-0.319695 1.0825
-0.324703 1.08187
-0.329736 1.08125
-0.334736 1.08062
-0.339744 1.08
-0.344748 1.07937
-0.349788 1.07875
-0.354802 1.07812
-0.359803 1.0775
-0.364812 1.07688
-0.369818 1.07625
-0.374829 1.07563
-0.37984 1.075
-0.384867 1.07438
-0.38988 1.07375
-0.3949 1.07313
-0.399923 1.0725
-0.405856 1.07187
-0.41086 1.07125
-0.415887 1.07062
-0.420888 1.07
-0.425905 1.06937
-0.43092 1.06875
-0.435973 1.06812
-0.440978 1.0675
-0.445993 1.06688
-0.45101 1.06625
-0.459684 1.06563
-0.464688 1.065
-0.469695 1.06438
-0.474695 1.06375
-0.479723 1.06312
-0.484726 1.0625
-0.489736 1.06188
-0.494752 1.06125
-0.499752 1.06062
-0.504794 1.06
-0.509816 1.05937
-0.514839 1.05875
-0.51988 1.05812
-0.52914 1.0575
-0.534155 1.05688
-0.539158 1.05625
-0.544159 1.05563
-0.549167 1.055
-0.554176 1.05438
-0.559317 1.05375
-0.564383 1.05313
-0.569384 1.0525
-0.574394 1.05187
-0.579401 1.05125
-0.584414 1.05062
-0.58942 1.05
-0.59443 1.04937
-0.59943 1.04875
-0.604433 1.04812
-0.609433 1.0475
-0.61444 1.04688
-0.619443 1.04625
-0.624471 1.04563
-0.629471 1.045
-0.634505 1.04438
-0.639514 1.04375
-0.644739 1.04313
-0.649748 1.0425
-0.654756 1.04188
-0.659763 1.04125
-0.664793 1.04062
-0.669799 1.04
-0.674801 1.03937
-0.679816 1.03875
-0.68482 1.03812
-0.689833 1.0375
-0.694871 1.03687
-0.699879 1.03625
-0.704881 1.03563
-0.709892 1.035
-0.714902 1.03438
-0.719906 1.03375
-0.724906 1.03313
-0.731295 1.0325
-0.736306 1.03187
-0.741413 1.03125
-0.746416 1.03063
-0.751424 1.03
-0.756431 1.02937
-0.761435 1.02875
-0.76645 1.02812
-0.771452 1.0275
-0.776485 1.02687
-0.781486 1.02625
-0.78649 1.02563
-0.791494 1.025
-0.796502 1.02438
-0.80415 1.02375
-0.809156 1.02313
-0.814159 1.0225
-0.819165 1.02188
-0.824166 1.02125
-0.829188 1.02062
-0.834703 1.02
-0.839709 1.01937
-0.844721 1.01875
-0.849721 1.01812
-0.854722 1.0175
-0.85973 1.01687
-0.864732 1.01625
-0.86975 1.01562
-0.874755 1.015
-0.879773 1.01438
-0.884782 1.01375
-0.889782 1.01313
-0.894787 1.0125
-0.899789 1.01188
-0.90481 1.01125
-0.909832 1.01063
-0.91484 1.01
-0.924768 1.00937
-0.929768 1.00875
-0.934769 1.00812
-0.939773 1.0075
-0.944776 1.00687
-0.949776 1.00625
-0.954786 1.00562
-0.959792 1.005
-0.96481 1.00438
-0.96981 1.00375
-0.974828 1.00313
-0.979829 1.0025
-0.984829 1.00188
-0.989834 1.00125
-0.994888 1.00062
-0.999897 1
