Man
0 0
0.00308101 0.001
0.000877786 0.002
-0.00157986 0.003
-0.00981478 0.004
-0.0138655 0.005
-0.014762 0.006
-0.0146338 0.007
-0.019739 0.008
-0.0264951 0.009
-0.0293562 0.01
-0.0370282 0.011
-0.0405488 0.012
-0.043867 0.013
-0.0427932 0.014
-0.0502363 0.015
-0.0512791 0.016
-0.0574239 0.017
-0.0597073 0.018
-0.0652427 0.019
-0.068389 0.02
-0.069195 0.021
-0.0776658 0.022
-0.0834013 0.023
-0.0872017 0.024
-0.0889709 0.025
-0.0905267 0.026
-0.0931347 0.027
-0.0935874 0.028
-0.0972381 0.029
-0.100507 0.03
-0.107429 0.031
-0.108773 0.032
-0.114179 0.033
-0.121684 0.034
-0.125166 0.035
-0.131327 0.036
-0.135282 0.037
-0.140888 0.038
-0.137955 0.039
-0.145187 0.04
-0.145528 0.041
-0.149179 0.042
-0.156547 0.043
-0.160132 0.044
-0.167055 0.045
-0.172364 0.046
-0.172238 0.047
-0.174205 0.048
-0.1788 0.049
-0.181197 0.05
-0.184275 0.051
-0.191629 0.052
-0.196164 0.053
-0.198944 0.054
-0.20562 0.055
-0.203412 0.056
-0.205061 0.057
-0.205853 0.058
-0.207163 0.059
-0.214256 0.06
-0.225399 0.061
-0.228927 0.062
-0.238821 0.063
-0.243631 0.064
-0.245822 0.065
-0.247069 0.066
-0.251742 0.067
-0.251985 0.068
-0.256037 0.069
-0.254202 0.07
-0.260423 0.071
-0.266129 0.072
-0.269899 0.073
-0.276438 0.074
-0.279293 0.075
-0.285164 0.076
-0.286014 0.077
-0.284935 0.078
-0.289976 0.079
-0.291276 0.08
-0.295313 0.081
-0.300282 0.082
-0.299548 0.083
-0.301321 0.084
-0.303968 0.085
-0.312024 0.086
-0.31639 0.087
-0.319823 0.088
-0.329096 0.089
-0.332008 0.09
-0.333695 0.091
-0.338579 0.092
-0.340794 0.093
-0.344699 0.094
-0.34719 0.095
-0.355068 0.096
-0.358577 0.097
-0.361226 0.098
-0.365208 0.099
-0.367126 0.1
-0.368638 0.101
-0.371509 0.102
-0.374496 0.103
-0.377138 0.104
-0.382818 0.105
-0.387203 0.106
-0.388253 0.107
-0.390885 0.108
-0.393768 0.109
-0.397584 0.11
-0.402681 0.111
-0.405699 0.112
-0.410314 0.113
-0.414092 0.114
-0.415776 0.115
-0.422671 0.116
-0.431219 0.117
-0.434691 0.118
-0.438205 0.119
-0.439285 0.12
-0.437775 0.121
-0.442089 0.122
-0.445259 0.123
-0.447376 0.124
-0.449151 0.125
-0.453445 0.126
-0.456678 0.127
-0.45877 0.128
-0.460914 0.129
-0.465947 0.13
-0.467323 0.131
-0.468877 0.132
-0.473868 0.133
-0.479022 0.134
-0.482344 0.135
-0.483785 0.136
-0.487888 0.137
-0.49077 0.138
-0.494415 0.139
-0.499754 0.14
-0.502715 0.141
-0.50541 0.142
-0.50904 0.143
-0.512102 0.144
-0.515199 0.145
-0.521016 0.146
-0.52199 0.147
-0.524124 0.148
-0.526372 0.149
-0.527373 0.15
-0.52965 0.151
-0.530715 0.152
-0.532826 0.153
-0.533594 0.154
-0.537491 0.155
-0.539299 0.156
-0.540116 0.157
-0.543226 0.158
-0.544238 0.159
-0.547531 0.16
-0.549324 0.161
-0.551486 0.162
-0.553586 0.163
-0.555721 0.164
-0.557363 0.165
-0.559385 0.166
-0.560779 0.167
-0.561982 0.168
-0.564582 0.169
-0.565665 0.17
-0.569021 0.171
-0.571531 0.172
-0.574719 0.173
-0.575904 0.174
-0.577507 0.175
-0.57893 0.176
-0.582685 0.177
-0.58423 0.178
-0.58618 0.179
-0.587795 0.18
-0.588835 0.181
-0.590242 0.182
-0.591543 0.183
-0.593375 0.184
-0.596108 0.185
-0.598023 0.186
-0.599213 0.187
-0.599751 0.188
-0.601021 0.189
-0.602543 0.19
-0.604075 0.191
-0.605045 0.192
-0.606551 0.193
-0.608078 0.194
-0.608858 0.195
-0.609799 0.196
-0.61155 0.197
-0.612841 0.198
-0.613122 0.199
-0.614529 0.2
-0.616398 0.201
-0.617898 0.202
-0.619627 0.203
-0.62013 0.204
-0.621195 0.205
-0.622626 0.206
-0.623311 0.207
-0.62395 0.208
-0.625131 0.209
-0.62676 0.21
-0.627621 0.211
-0.628792 0.212
-0.630071 0.213
-0.631286 0.214
-0.631874 0.215
-0.633201 0.216
-0.633742 0.217
-0.634619 0.218
-0.635648 0.219
-0.636578 0.22
-0.637448 0.221
-0.638106 0.222
-0.639002 0.223
-0.639678 0.224
-0.640385 0.225
-0.641236 0.226
-0.64233 0.227
-0.643105 0.228
-0.644042 0.229
-0.644357 0.23
-0.645314 0.231
-0.646061 0.232
-0.647041 0.233
-0.647869 0.234
-0.64752 0.235
-0.648142 0.236
-0.648478 0.237
-0.649359 0.238
-0.650248 0.239
-0.650645 0.24
-0.651392 0.241
-0.652209 0.242
-0.652872 0.243
-0.653423 0.244
-0.654199 0.245
-0.655039 0.246
-0.655765 0.247
-0.656333 0.248
-0.657035 0.249
-0.657645 0.25
-0.658352 0.251
-0.658749 0.252
-0.659437 0.253
-0.659877 0.254
-0.655996 0.255
-0.656081 0.256
-0.65582 0.257
-0.656421 0.258
-0.657367 0.259
-0.658024 0.26
-0.658439 0.261
-0.659318 0.262
-0.65952 0.263
-0.659679 0.264
-0.660239 0.265
-0.661108 0.266
-0.661801 0.267
-0.6626 0.268
-0.663505 0.269
-0.664148 0.27
-0.664729 0.271
-0.665102 0.272
-0.665589 0.273
-0.66632 0.274
-0.666055 0.275
-0.666515 0.276
-0.667161 0.277
-0.668018 0.278
-0.668269 0.279
-0.66878 0.28
-0.668765 0.281
-0.669517 0.282
-0.669783 0.283
-0.670085 0.284
-0.670741 0.285
-0.671037 0.286
-0.671577 0.287
-0.671707 0.288
-0.672068 0.289
-0.672418 0.29
-0.672869 0.291
-0.672834 0.292
-0.673196 0.293
-0.673469 0.294
-0.673943 0.295
-0.674493 0.296
-0.675058 0.297
-0.675353 0.298
-0.675565 0.299
-0.675744 0.3
-0.676089 0.301
-0.676243 0.302
-0.676482 0.303
-0.677088 0.304
-0.677469 0.305
-0.677875 0.306
-0.678138 0.307
-0.678468 0.308
-0.678932 0.309
-0.679311 0.31
-0.679774 0.311
-0.679967 0.312
-0.680612 0.313
-0.68142 0.314
-0.681696 0.315
-0.680547 0.316
-0.680813 0.317
-0.681386 0.318
-0.6819 0.319
-0.682001 0.32
-0.682345 0.321
-0.682758 0.322
-0.68308 0.323
-0.683526 0.324
-0.683879 0.325
-0.684122 0.326
-0.684501 0.327
-0.684787 0.328
-0.685006 0.329
-0.685343 0.33
-0.685519 0.331
-0.685879 0.332
-0.686071 0.333
-0.686191 0.334
-0.686411 0.335
-0.686775 0.336
-0.68692 0.337
-0.687045 0.338
-0.687406 0.339
-0.687578 0.34
-0.687919 0.341
-0.688152 0.342
-0.688617 0.343
-0.688839 0.344
-0.689031 0.345
-0.689299 0.346
-0.689536 0.347
-0.68973 0.348
-0.689831 0.349
-0.690213 0.35
-0.690542 0.351
-0.690812 0.352
-0.690994 0.353
-0.691354 0.354
-0.691693 0.355
-0.691911 0.356
-0.692319 0.357
-0.692686 0.358
-0.692949 0.359
-0.693161 0.36
-0.693227 0.361
-0.693495 0.362
-0.693949 0.363
-0.69414 0.364
-0.69433 0.365
-0.694574 0.366
-0.694731 0.367
-0.694832 0.368
-0.695042 0.369
-0.693619 0.37
-0.693742 0.371
-0.694027 0.372
-0.694201 0.373
-0.69446 0.374
-0.694682 0.375
-0.695205 0.376
-0.693229 0.377
-0.693491 0.378
-0.693685 0.379
-0.693895 0.38
-0.694152 0.381
-0.694379 0.382
-0.694611 0.383
-0.694848 0.384
-0.695261 0.385
-0.695418 0.386
-0.693113 0.387
-0.693196 0.388
-0.693413 0.389
-0.69367 0.39
-0.693818 0.391
-0.694041 0.392
-0.694322 0.393
-0.694589 0.394
-0.694841 0.395
-0.694874 0.396
-0.695051 0.397
-0.695284 0.398
-0.6955 0.399
-0.695489 0.4
-0.695643 0.401
-0.695826 0.402
-0.695996 0.403
-0.696257 0.404
-0.696431 0.405
-0.696571 0.406
-0.69681 0.407
-0.697165 0.408
-0.697112 0.409
-0.697279 0.41
-0.697563 0.411
-0.697802 0.412
-0.697839 0.413
-0.698023 0.414
-0.698184 0.415
-0.698233 0.416
-0.698551 0.417
-0.698734 0.418
-0.699139 0.419
-0.699443 0.42
-0.699443 0.421
-0.699647 0.422
-0.699787 0.423
-0.699766 0.424
-0.700313 0.425
-0.700486 0.426
-0.700848 0.427
-0.701005 0.428
-0.701289 0.429
-0.701273 0.43
-0.701455 0.431
-0.701507 0.432
-0.701715 0.433
-0.701869 0.434
-0.702113 0.435
-0.702399 0.436
-0.702742 0.437
-0.70242 0.438
-0.702498 0.439
-0.702687 0.44
-0.702891 0.441
-0.702944 0.442
-0.703048 0.443
-0.703415 0.444
-0.703465 0.445
-0.703608 0.446
-0.703846 0.447
-0.703887 0.448
-0.704072 0.449
-0.704124 0.45
-0.70419 0.451
-0.704345 0.452
-0.704336 0.453
-0.704481 0.454
-0.704599 0.455
-0.704764 0.456
-0.704831 0.457
-0.704986 0.458
-0.704848 0.459
-0.704823 0.46
-0.704998 0.461
-0.705067 0.462
-0.705157 0.463
-0.705298 0.464
-0.705501 0.465
-0.705776 0.466
-0.705888 0.467
-0.706091 0.468
-0.706182 0.469
-0.706428 0.47
-0.706606 0.471
-0.706568 0.472
-0.70664 0.473
-0.706733 0.474
-0.706855 0.475
-0.707035 0.476
-0.707193 0.477
-0.707272 0.478
-0.707437 0.479
-0.707529 0.48
-0.707822 0.481
-0.707957 0.482
-0.708007 0.483
-0.708043 0.484
-0.708016 0.485
-0.708178 0.486
-0.70819 0.487
-0.708279 0.488
-0.708519 0.489
-0.708595 0.49
-0.708638 0.491
-0.708775 0.492
-0.7089 0.493
-0.709025 0.494
-0.709043 0.495
-0.709064 0.496
-0.709045 0.497
-0.709051 0.498
-0.709124 0.499
-0.70924 0.5
-0.709412 0.501
-0.709563 0.502
-0.709684 0.503
-0.709841 0.504
-0.710209 0.505
-0.710406 0.506
-0.710362 0.507
-0.710731 0.508
-0.71078 0.509
-0.710971 0.51
-0.711171 0.511
-0.711238 0.512
-0.711332 0.513
-0.711393 0.514
-0.711454 0.515
-0.711467 0.516
-0.711575 0.517
-0.711744 0.518
-0.711814 0.519
-0.711937 0.52
-0.712205 0.521
-0.712359 0.522
-0.71248 0.523
-0.712527 0.524
-0.712669 0.525
-0.712743 0.526
-0.71288 0.527
-0.713109 0.528
-0.713473 0.529
-0.713619 0.53
-0.713653 0.531
-0.713724 0.532
-0.713811 0.533
-0.7139 0.534
-0.714012 0.535
-0.714088 0.536
-0.714259 0.537
-0.714346 0.538
-0.714372 0.539
-0.714299 0.54
-0.714341 0.541
-0.714529 0.542
-0.714788 0.543
-0.714884 0.544
-0.714994 0.545
-0.715059 0.546
-0.715092 0.547
-0.715164 0.548
-0.715353 0.549
-0.715485 0.55
-0.715497 0.551
-0.714803 0.552
-0.714896 0.553
-0.715003 0.554
-0.715127 0.555
-0.715265 0.556
-0.715316 0.557
-0.715371 0.558
-0.715534 0.559
-0.715704 0.56
-0.715864 0.561
-0.715933 0.562
-0.714456 0.563
-0.714566 0.564
-0.714686 0.565
-0.714736 0.566
-0.714849 0.567
-0.714896 0.568
-0.714907 0.569
-0.715016 0.57
-0.715084 0.571
-0.715177 0.572
-0.715415 0.573
-0.715574 0.574
-0.715762 0.575
-0.715859 0.576
-0.715839 0.577
-0.716018 0.578
-0.716044 0.579
-0.716068 0.58
-0.716176 0.581
-0.7163 0.582
-0.71636 0.583
-0.716499 0.584
-0.716619 0.585
-0.716746 0.586
-0.716763 0.587
-0.716912 0.588
-0.717057 0.589
-0.71724 0.59
-0.717418 0.591
-0.717531 0.592
-0.717516 0.593
-0.717599 0.594
-0.717513 0.595
-0.717596 0.596
-0.717735 0.597
-0.717797 0.598
-0.717871 0.599
-0.717991 0.6
-0.718045 0.601
-0.718113 0.602
-0.718184 0.603
-0.718282 0.604
-0.718406 0.605
-0.718454 0.606
-0.718617 0.607
-0.71881 0.608
-0.719019 0.609
-0.719171 0.61
-0.719296 0.611
-0.719344 0.612
-0.719404 0.613
-0.719473 0.614
-0.719417 0.615
-0.718616 0.616
-0.718663 0.617
-0.718789 0.618
-0.718921 0.619
-0.718879 0.62
-0.719034 0.621
-0.719118 0.622
-0.71906 0.623
-0.719105 0.624
-0.719205 0.625
-0.719244 0.626
-0.719313 0.627
-0.71938 0.628
-0.71952 0.629
-0.71956 0.63
-0.719809 0.631
-0.719781 0.632
-0.719909 0.633
-0.720076 0.634
-0.720172 0.635
-0.720285 0.636
-0.720421 0.637
-0.720668 0.638
-0.720757 0.639
-0.720906 0.64
-0.720944 0.641
-0.721066 0.642
-0.721143 0.643
-0.721192 0.644
-0.721291 0.645
-0.721353 0.646
-0.721345 0.647
-0.721527 0.648
-0.721539 0.649
-0.721586 0.65
-0.723423 0.651
-0.723517 0.652
-0.723576 0.653
-0.723628 0.654
-0.723757 0.655
-0.723859 0.656
-0.723844 0.657
-0.723931 0.658
-0.72351 0.659
-0.723579 0.66
-0.723621 0.661
-0.723639 0.662
-0.72373 0.663
-0.723755 0.664
-0.723835 0.665
-0.723892 0.666
-0.723895 0.667
-0.723939 0.668
-0.724072 0.669
-0.724128 0.67
-0.724226 0.671
-0.724194 0.672
-0.724248 0.673
-0.724245 0.674
-0.724411 0.675
-0.72449 0.676
-0.724528 0.677
-0.724431 0.678
-0.724621 0.679
-0.724748 0.68
-0.724856 0.681
-0.724958 0.682
-0.725043 0.683
-0.725047 0.684
-0.72671 0.685
-0.726782 0.686
-0.726961 0.687
-0.726853 0.688
-0.726011 0.689
-0.726082 0.69
-0.726141 0.691
-0.726175 0.692
-0.725105 0.693
-0.725078 0.694
-0.725087 0.695
-0.72522 0.696
-0.725133 0.697
-0.725173 0.698
-0.725283 0.699
-0.725271 0.7
-0.725367 0.701
-0.725439 0.702
-0.725446 0.703
-0.725527 0.704
-0.725649 0.705
-0.725748 0.706
-0.72583 0.707
-0.725993 0.708
-0.72603 0.709
-0.726135 0.71
-0.726152 0.711
-0.729897 0.712
-0.729967 0.713
-0.730063 0.714
-0.730159 0.715
-0.7302 0.716
-0.730198 0.717
-0.730223 0.718
-0.730319 0.719
-0.730421 0.72
-0.730495 0.721
-0.730535 0.722
-0.730523 0.723
-0.730433 0.724
-0.730425 0.725
-0.73038 0.726
-0.730459 0.727
-0.730488 0.728
-0.730593 0.729
-0.730624 0.73
-0.73078 0.731
-0.730859 0.732
-0.730967 0.733
-0.731051 0.734
-0.731115 0.735
-0.731234 0.736
-0.731351 0.737
-0.731394 0.738
-0.731419 0.739
-0.731505 0.74
-0.731651 0.741
-0.731766 0.742
-0.731838 0.743
-0.731908 0.744
-0.73189 0.745
-0.731902 0.746
-0.731929 0.747
-0.731986 0.748
-0.73207 0.749
-0.732073 0.75
-0.732244 0.751
-0.732251 0.752
-0.732293 0.753
-0.732348 0.754
-0.732352 0.755
-0.732441 0.756
-0.734892 0.757
-0.735001 0.758
-0.735082 0.759
-0.734978 0.76
-0.735084 0.761
-0.735177 0.762
-0.735223 0.763
-0.734867 0.764
-0.734846 0.765
-0.73486 0.766
-0.73495 0.767
-0.734932 0.768
-0.735032 0.769
-0.735091 0.77
-0.735105 0.771
-0.735154 0.772
-0.7352 0.773
-0.735358 0.774
-0.735382 0.775
-0.735443 0.776
-0.735537 0.777
-0.7356 0.778
-0.735583 0.779
-0.735578 0.78
-0.735525 0.781
-0.735586 0.782
-0.735652 0.783
-0.735769 0.784
-0.735847 0.785
-0.735894 0.786
-0.735948 0.787
-0.735907 0.788
-0.736119 0.789
-0.736154 0.79
-0.736151 0.791
-0.736218 0.792
-0.736317 0.793
-0.736316 0.794
-0.73629 0.795
-0.736354 0.796
-0.736384 0.797
-0.736479 0.798
-0.736519 0.799
-0.736438 0.8
-0.736481 0.801
-0.736587 0.802
-0.736675 0.803
-0.736785 0.804
-0.736938 0.805
-0.73696 0.806
-0.73695 0.807
-0.736965 0.808
-0.736993 0.809
-0.73704 0.81
-0.736986 0.811
-0.736941 0.812
-0.736977 0.813
-0.736969 0.814
-0.73704 0.815
-0.737052 0.816
-0.737144 0.817
-0.737147 0.818
-0.737194 0.819
-0.737153 0.82
-0.737214 0.821
-0.737297 0.822
-0.737337 0.823
-0.737325 0.824
-0.737322 0.825
-0.737429 0.826
-0.737538 0.827
-0.737557 0.828
-0.737647 0.829
-0.737477 0.83
-0.737534 0.831
-0.73755 0.832
-0.73759 0.833
-0.737585 0.834
-0.737612 0.835
-0.7376 0.836
-0.737621 0.837
-0.737647 0.838
-0.737691 0.839
-0.736963 0.84
-0.736973 0.841
-0.737005 0.842
-0.737082 0.843
-0.73714 0.844
-0.73716 0.845
-0.737211 0.846
-0.737207 0.847
-0.737277 0.848
-0.737299 0.849
-0.737344 0.85
-0.73738 0.851
-0.737335 0.852
-0.737033 0.853
-0.737061 0.854
-0.737111 0.855
-0.737091 0.856
-0.737095 0.857
-0.737153 0.858
-0.737222 0.859
-0.737278 0.86
-0.737214 0.861
-0.737233 0.862
-0.737282 0.863
-0.73737 0.864
-0.737389 0.865
-0.73739 0.866
-0.73743 0.867
-0.737493 0.868
-0.737539 0.869
-0.737606 0.87
-0.737711 0.871
-0.737776 0.872
-0.737889 0.873
-0.737965 0.874
-0.739419 0.875
-0.739525 0.876
-0.73953 0.877
-0.739533 0.878
-0.73959 0.879
-0.739675 0.88
-0.739705 0.881
-0.739728 0.882
-0.739812 0.883
-0.739881 0.884
-0.739987 0.885
-0.739999 0.886
-0.739909 0.887
-0.739924 0.888
-0.739956 0.889
-0.7399 0.89
-0.739959 0.891
-0.739964 0.892
-0.739978 0.893
-0.74006 0.894
-0.740067 0.895
-0.739951 0.896
-0.739943 0.897
-0.739893 0.898
-0.739955 0.899
-0.739913 0.9
-0.739978 0.901
-0.740003 0.902
-0.739944 0.903
-0.740021 0.904
-0.740006 0.905
-0.740099 0.906
-0.740213 0.907
-0.740299 0.908
-0.740305 0.909
-0.740321 0.91
-0.740312 0.911
-0.740403 0.912
-0.740452 0.913
-0.740474 0.914
-0.740542 0.915
-0.740568 0.916
-0.740634 0.917
-0.740717 0.918
-0.740756 0.919
-0.740777 0.92
-0.740735 0.921
-0.740739 0.922
-0.740785 0.923
-0.74085 0.924
-0.740918 0.925
-0.740997 0.926
-0.740954 0.927
-0.739872 0.928
-0.739932 0.929
-0.739924 0.93
-0.739964 0.931
-0.740042 0.932
-0.741645 0.933
-0.743486 0.934
-0.74355 0.935
-0.743632 0.936
-0.743719 0.937
-0.743762 0.938
-0.743864 0.939
-0.743944 0.94
-0.744007 0.941
-0.74406 0.942
-0.744111 0.943
-0.744144 0.944
-0.744154 0.945
-0.744154 0.946
-0.744172 0.947
-0.744141 0.948
-0.744081 0.949
-0.744091 0.95
-0.744114 0.951
-0.74414 0.952
-0.744112 0.953
-0.744147 0.954
-0.744211 0.955
-0.744202 0.956
-0.744304 0.957
-0.744345 0.958
-0.744365 0.959
-0.744424 0.96
-0.744445 0.961
-0.744538 0.962
-0.744568 0.963
-0.744561 0.964
-0.744584 0.965
-0.74464 0.966
-0.744639 0.967
-0.744623 0.968
-0.744644 0.969
-0.744669 0.97
-0.744758 0.971
-0.744799 0.972
-0.744862 0.973
-0.744861 0.974
-0.744913 0.975
-0.744909 0.976
-0.744927 0.977
-0.745013 0.978
-0.745065 0.979
-0.745133 0.98
-0.745122 0.981
-0.745152 0.982
-0.745181 0.983
-0.745175 0.984
-0.745199 0.985
-0.745292 0.986
-0.745311 0.987
-0.74533 0.988
-0.745382 0.989
-0.745474 0.99
-0.745488 0.991
-0.745502 0.992
-0.745475 0.993
-0.745561 0.994
-0.745662 0.995
-0.745671 0.996
-0.745694 0.997
-0.745715 0.998
-0.745852 0.999
-0.74586 1


Shark
3.14159 1.5
3.13779 1.4995
3.13399 1.499
3.13019 1.4985
3.12639 1.498
3.12259 1.4975
3.11879 1.497
3.11499 1.4965
3.11119 1.496
3.10738 1.4955
3.10358 1.495
3.09977 1.4945
3.09596 1.494
3.09216 1.4935
3.08836 1.493
3.08454 1.4925
3.08074 1.492
3.07692 1.4915
3.07312 1.491
3.0693 1.4905
3.06549 1.49
3.06169 1.4895
3.05783 1.489
3.05399 1.4885
3.05018 1.488
3.04638 1.4875
3.04257 1.487
3.03876 1.4865
3.03496 1.486
3.03114 1.4855
3.02733 1.485
3.02344 1.4845
3.01964 1.484
3.01578 1.4835
3.01186 1.483
3.00803 1.4825
3.00414 1.482
3.00031 1.4815
2.99642 1.481
2.9926 1.4805
2.98865 1.48
2.98485 1.4795
2.981 1.479
2.97702 1.4785
2.97317 1.478
2.9692 1.4775
2.96529 1.477
2.96149 1.4765
2.95767 1.476
2.95378 1.4755
2.94995 1.475
2.94611 1.4745
2.94204 1.474
2.93814 1.4735
2.9343 1.473
2.93025 1.4725
2.92642 1.472
2.92261 1.4715
2.9188 1.471
2.91499 1.4705
2.91087 1.47
2.90628 1.4695
2.9024 1.469
2.89793 1.4685
2.89395 1.468
2.89012 1.4675
2.8863 1.467
2.88233 1.4665
2.87852 1.466
2.87458 1.4655
2.87075 1.465
2.8666 1.4645
2.8625 1.464
2.85856 1.4635
2.85434 1.463
2.85046 1.4625
2.8463 1.462
2.84249 1.4615
2.83868 1.461
2.83459 1.4605
2.83077 1.46
2.82678 1.4595
2.82268 1.459
2.81887 1.4585
2.81503 1.458
2.81113 1.4575
2.80652 1.457
2.80246 1.4565
2.79849 1.456
2.79357 1.4555
2.78965 1.455
2.7858 1.4545
2.78164 1.454
2.77776 1.4535
2.77372 1.453
2.76981 1.4525
2.76506 1.452
2.76105 1.4515
2.75712 1.451
2.75304 1.4505
2.74917 1.45
2.74533 1.4495
2.74137 1.449
2.73739 1.4485
2.73346 1.448
2.72904 1.4475
2.72485 1.447
2.72103 1.4465
2.71708 1.446
2.71309 1.4455
2.70898 1.445
2.70462 1.4445
2.70061 1.444
2.69632 1.4435
2.69219 1.443
2.68832 1.4425
2.68346 1.442
2.6781 1.4415
2.67399 1.441
2.66988 1.4405
2.66605 1.44
2.66218 1.4395
2.65789 1.439
2.65382 1.4385
2.64989 1.438
2.646 1.4375
2.64168 1.437
2.63758 1.4365
2.63364 1.436
2.6297 1.4355
2.62517 1.435
2.62131 1.4345
2.61743 1.434
2.61287 1.4335
2.60826 1.433
2.6041 1.4325
2.60022 1.432
2.59587 1.4315
2.59178 1.431
2.58753 1.4305
2.58279 1.43
2.57867 1.4295
2.5746 1.429
2.57033 1.4285
2.56618 1.428
2.56201 1.4275
2.55703 1.427
2.5532 1.4265
2.54921 1.426
2.54521 1.4255
2.54136 1.425
2.53735 1.4245
2.5335 1.424
2.52951 1.4235
2.52568 1.423
2.52124 1.4225
2.5173 1.422
2.51347 1.4215
2.50923 1.421
2.50539 1.4205
2.50109 1.42
2.49714 1.4195
2.49311 1.419
2.4891 1.4185
2.48507 1.418
2.48114 1.4175
2.47713 1.417
2.47323 1.4165
2.46935 1.416
2.4652 1.4155
2.46134 1.415
2.45696 1.4145
2.45283 1.414
2.44849 1.4135
2.44461 1.413
2.44066 1.4125
2.43675 1.412
2.43219 1.4115
2.42825 1.411
2.42422 1.4105
2.42027 1.41
2.4164 1.4095
2.41248 1.409
2.40857 1.4085
2.40457 1.408
2.40031 1.4075
2.39628 1.407
2.39238 1.4065
2.38856 1.406
2.38466 1.4055
2.3807 1.405
2.37674 1.4045
2.37288 1.404
2.36892 1.4035
2.36496 1.403
2.36112 1.4025
2.35725 1.402
2.35323 1.4015
2.34931 1.401
2.34551 1.4005
2.34156 1.4
2.3375 1.3995
2.33353 1.399
2.32951 1.3985
2.32569 1.398
2.3218 1.3975
2.31784 1.397
2.314 1.3965
2.31017 1.396
2.30625 1.3955
2.30224 1.395
2.29837 1.3945
2.29446 1.394
2.29052 1.3935
2.2866 1.393
2.28277 1.3925
2.27881 1.392
2.27499 1.3915
2.27112 1.391
2.26722 1.3905
2.26335 1.39
2.25948 1.3895
2.25564 1.389
2.25176 1.3885
2.24792 1.388
2.24407 1.3875
2.2402 1.387
2.23629 1.3865
2.23243 1.386
2.22854 1.3855
2.22473 1.385
2.22084 1.3845
2.21698 1.384
2.21309 1.3835
2.20922 1.383
2.2054 1.3825
2.20156 1.382
2.19775 1.3815
2.19387 1.381
2.18998 1.3805
2.18617 1.38
2.18231 1.3795
2.17843 1.379
2.17458 1.3785
2.17075 1.378
2.16688 1.3775
2.163 1.377
2.15914 1.3765
2.15531 1.376
2.15145 1.3755
2.1476 1.375
2.14374 1.3745
2.13993 1.374
2.13607 1.3735
2.13225 1.373
2.1269 1.3725
2.1231 1.372
2.1193 1.3715
2.11545 1.371
2.11154 1.3705
2.10768 1.37
2.10386 1.3695
2.09996 1.369
2.09616 1.3685
2.09235 1.368
2.08851 1.3675
2.08461 1.367
2.08075 1.3665
2.07686 1.366
2.07295 1.3655
2.06909 1.365
2.06525 1.3645
2.06143 1.364
2.0576 1.3635
2.05372 1.363
2.04991 1.3625
2.04608 1.362
2.04222 1.3615
2.03831 1.361
2.0345 1.3605
2.03067 1.36
2.02687 1.3595
2.02298 1.359
2.01917 1.3585
2.01536 1.358
2.01149 1.3575
2.00768 1.357
2.00383 1.3565
2.00003 1.356
1.99621 1.3555
1.99239 1.355
1.98856 1.3545
1.98476 1.354
1.98094 1.3535
1.97712 1.353
1.97329 1.3525
1.96944 1.352
1.96558 1.3515
1.96177 1.351
1.95796 1.3505
1.95416 1.35
1.95034 1.3495
1.94653 1.349
1.94272 1.3485
1.93886 1.348
1.93503 1.3475
1.9312 1.347
1.92739 1.3465
1.92357 1.346
1.91973 1.3455
1.91591 1.345
1.91207 1.3445
1.90826 1.344
1.90439 1.3435
1.90047 1.343
1.89665 1.3425
1.89261 1.342
1.8888 1.3415
1.88493 1.341
1.88108 1.3405
1.87728 1.34
1.87346 1.3395
1.86962 1.339
1.8658 1.3385
1.86196 1.338
1.85814 1.3375
1.85433 1.337
1.8505 1.3365
1.84668 1.336
1.84287 1.3355
1.83905 1.335
1.83524 1.3345
1.83142 1.334
1.82761 1.3335
1.82381 1.333
1.81999 1.3325
1.81617 1.332
1.81236 1.3315
1.80856 1.331
1.80473 1.3305
1.80092 1.33
1.7971 1.3295
1.79329 1.329
1.78944 1.3285
1.78563 1.328
1.78182 1.3275
1.778 1.327
1.77419 1.3265
1.77038 1.326
1.76658 1.3255
1.76275 1.325
1.75892 1.3245
1.7551 1.324
1.7513 1.3235
1.74746 1.323
1.74364 1.3225
1.73983 1.322
1.73599 1.3215
1.73215 1.321
1.72834 1.3205
1.72453 1.32
1.72072 1.3195
1.71691 1.319
1.71306 1.3185
1.70925 1.318
1.70544 1.3175
1.70162 1.317
1.69782 1.3165
1.69401 1.316
1.6902 1.3155
1.68591 1.315
1.6821 1.3145
1.67828 1.314
1.67448 1.3135
1.67066 1.313
1.66684 1.3125
1.66297 1.312
1.65824 1.3115
1.65442 1.311
1.65061 1.3105
1.6468 1.31
1.64298 1.3095
1.63916 1.309
1.63535 1.3085
1.63153 1.308
1.62768 1.3075
1.62388 1.307
1.61879 1.3065
1.61499 1.306
1.61117 1.3055
1.60735 1.305
1.60355 1.3045
1.59973 1.304
1.59591 1.3035
1.59209 1.303
1.58827 1.3025
1.58447 1.302
1.58066 1.3015
1.57684 1.301
1.57303 1.3005
1.56923 1.3
1.56542 1.2995
1.56161 1.299
1.5578 1.2985
1.55398 1.298
1.55017 1.2975
1.54637 1.297
1.54255 1.2965
1.53871 1.296
1.53491 1.2955
1.5311 1.295
1.52727 1.2945
1.52346 1.294
1.51965 1.2935
1.51584 1.293
1.51204 1.2925
1.50823 1.292
1.5044 1.2915
1.50059 1.291
1.49674 1.2905
1.49291 1.29
1.48911 1.2895
1.48529 1.289
1.48148 1.2885
1.47768 1.288
1.47378 1.2875
1.46997 1.287
1.46613 1.2865
1.46232 1.286
1.45849 1.2855
1.45469 1.285
1.45088 1.2845
1.44708 1.284
1.44326 1.2835
1.43946 1.283
1.43563 1.2825
1.4318 1.282
1.42796 1.2815
1.42412 1.281
1.42032 1.2805
1.41651 1.28
1.41269 1.2795
1.40889 1.279
1.40509 1.2785
1.40124 1.278
1.39744 1.2775
1.39363 1.277
1.38981 1.2765
1.38601 1.276
1.3822 1.2755
1.37839 1.275
1.37459 1.2745
1.37078 1.274
1.36698 1.2735
1.36318 1.273
1.35937 1.2725
1.35556 1.272
1.35176 1.2715
1.34795 1.271
1.34414 1.2705
1.34034 1.27
1.33653 1.2695
1.33273 1.269
1.32892 1.2685
1.32511 1.268
1.3213 1.2675
1.31747 1.267
1.31366 1.2665
1.30984 1.266
1.30604 1.2655
1.30222 1.265
1.2984 1.2645
1.2946 1.264
1.2908 1.2635
1.287 1.263
1.28319 1.2625
1.27938 1.262
1.27556 1.2615
1.27176 1.261
1.26795 1.2605
1.26415 1.26
1.26031 1.2595
1.2565 1.259
1.2527 1.2585
1.2489 1.258
1.2451 1.2575
1.24129 1.257
1.23749 1.2565
1.23368 1.256
1.22986 1.2555
1.22605 1.255
1.22225 1.2545
1.21845 1.254
1.21464 1.2535
1.21083 1.253
1.20703 1.2525
1.20323 1.252
1.19943 1.2515
1.19563 1.251
1.19183 1.2505
1.18802 1.25
1.18421 1.2495
1.1804 1.249
1.17659 1.2485
1.17278 1.248
1.16891 1.2475
1.16509 1.247
1.16129 1.2465
1.15743 1.246
1.15363 1.2455
1.14981 1.245
1.14599 1.2445
1.14219 1.244
1.13838 1.2435
1.13458 1.243
1.13078 1.2425
1.12698 1.242
1.12317 1.2415
1.11936 1.241
1.11555 1.2405
1.11175 1.24
1.10791 1.2395
1.1041 1.239
1.10029 1.2385
1.09649 1.238
1.09268 1.2375
1.08888 1.237
1.08507 1.2365
1.08124 1.236
1.07737 1.2355
1.07356 1.235
1.06976 1.2345
1.06595 1.234
1.06215 1.2335
1.05835 1.233
1.05454 1.2325
1.05074 1.232
1.04692 1.2315
1.04311 1.231
1.03931 1.2305
1.03551 1.23
1.03171 1.2295
1.02789 1.229
1.02405 1.2285
1.02025 1.228
1.01644 1.2275
1.01264 1.227
1.00884 1.2265
1.00504 1.226
1.00122 1.2255
0.997405 1.225
0.993605 1.2245
0.989536 1.224
0.985731 1.2235
0.981925 1.223
0.978116 1.2225
0.974305 1.222
0.970503 1.2215
0.966701 1.221
0.962886 1.2205
0.959069 1.22
0.955253 1.2195
0.95145 1.219
0.946511 1.2185
0.942703 1.218
0.938895 1.2175
0.935093 1.217
0.931285 1.2165
0.927484 1.216
0.923684 1.2155
0.919877 1.215
0.916074 1.2145
0.912268 1.214
0.908433 1.2135
0.904618 1.213
0.900796 1.2125
0.89699 1.212
0.893189 1.2115
0.889369 1.211
0.885569 1.2105
0.881768 1.21
0.877961 1.2095
0.874151 1.209
0.870349 1.2085
0.866536 1.208
0.862727 1.2075
0.858916 1.207
0.855116 1.2065
0.851302 1.206
0.847488 1.2055
0.843666 1.205
0.839845 1.2045
0.836036 1.204
0.832236 1.2035
0.828432 1.203
0.824627 1.2025
0.820822 1.202
0.817009 1.2015
0.813206 1.201
0.809403 1.2005
0.805593 1.2
0.801791 1.1995
0.797988 1.199
0.794184 1.1985
0.790377 1.198
0.786567 1.1975
0.782765 1.197
0.778947 1.1965
0.775121 1.196
0.77129 1.1955
0.767474 1.195
0.763663 1.1945
0.759861 1.194
0.756059 1.1935
0.752255 1.193
0.748453 1.1925
0.744216 1.192
0.740415 1.1915
0.736603 1.191
0.732791 1.1905
0.728989 1.19
0.725172 1.1895
0.721367 1.189
0.717564 1.1885
0.713763 1.188
0.709955 1.1875
0.706154 1.187
0.702351 1.1865
0.698547 1.186
0.694733 1.1855
0.690931 1.185
0.687085 1.1845
0.683284 1.184
0.679472 1.1835
0.675651 1.183
0.671844 1.1825
0.668034 1.182
0.66422 1.1815
0.660373 1.181
0.656567 1.1805
0.652749 1.18
0.648948 1.1795
0.645137 1.179
0.641332 1.1785
0.63753 1.178
0.633722 1.1775
0.629919 1.177
0.626119 1.1765
0.622293 1.176
0.618493 1.1755
0.614691 1.175
0.60877 1.1745
0.604963 1.174
0.60116 1.1735
0.597358 1.173
0.593544 1.1725
0.589736 1.172
0.585935 1.1715
0.582129 1.171
0.578186 1.1705
0.574382 1.17
0.570581 1.1695
0.566781 1.169
0.562974 1.1685
0.559173 1.168
0.555368 1.1675
0.551565 1.167
0.547765 1.1665
0.543963 1.166
0.540148 1.1655
0.536346 1.165
0.532537 1.1645
0.528737 1.164
0.524934 1.1635
0.521134 1.163
0.51731 1.1625
0.513505 1.162
0.509704 1.1615
0.505896 1.161
0.502064 1.1605
0.49825 1.16
0.49444 1.1595
0.490631 1.159
0.486824 1.1585
0.483024 1.158
0.477265 1.1575
0.473461 1.157
0.469632 1.1565
0.465822 1.156
0.461429 1.1555
0.457625 1.155
0.453822 1.1545
0.45002 1.154
0.44529 1.1535
0.44149 1.153
0.43769 1.1525
0.433873 1.152
0.430067 1.1515
0.426265 1.151
0.422454 1.1505
0.418654 1.15
0.414845 1.1495
0.41104 1.149
0.40724 1.1485
0.403434 1.148
0.39962 1.1475
0.395811 1.147
0.392004 1.1465
0.388179 1.146
0.384378 1.1455
0.380567 1.145
0.376767 1.1445
0.365953 1.144
0.362148 1.1435
0.358339 1.143
0.35453 1.1425
0.350728 1.142
0.346928 1.1415
0.343128 1.141
0.339319 1.1405
0.335509 1.14
0.331703 1.1395
0.327902 1.139
0.324102 1.1385
0.320294 1.138
0.316494 1.1375
0.312692 1.137
0.308885 1.1365
0.305084 1.136
0.301273 1.1355
0.297472 1.135
0.293648 1.1345
0.289842 1.134
0.28603 1.1335
0.282222 1.133
0.278418 1.1325
0.274604 1.132
0.270789 1.1315
0.266988 1.131
0.263187 1.1305
0.259379 1.13
0.255557 1.1295
0.251743 1.129
0.247938 1.1285
0.244133 1.128
0.240332 1.1275
0.236532 1.127
0.232731 1.1265
0.228928 1.126
0.22512 1.1255
0.22132 1.125
0.217489 1.1245
0.213689 1.124
0.209887 1.1235
0.206084 1.123
0.202284 1.1225
0.198476 1.122
0.190472 1.1215
0.186659 1.121
0.182851 1.1205
0.17904 1.12
0.175227 1.1195
0.171418 1.119
0.167616 1.1185
0.163677 1.118
0.159877 1.1175
0.156077 1.117
0.152268 1.1165
0.148467 1.116
0.144656 1.1155
0.140852 1.115
0.137052 1.1145
0.133249 1.114
0.129447 1.1135
0.125618 1.113
0.121818 1.1125
0.118013 1.112
0.114203 1.1115
0.110399 1.111
0.106598 1.1105
0.102798 1.11
0.0989952 1.1095
0.095191 1.109
0.0913859 1.1085
0.0875701 1.108
0.0837629 1.1075
0.0799604 1.107
0.0761569 1.1065
0.072355 1.106
0.0685024 1.1055
0.0647009 1.105
0.0609009 1.1045
0.0570955 1.104
0.0532839 1.1035
0.0494839 1.103
0.0456831 1.1025
0.0418781 1.102
0.0380771 1.1015
0.034266 1.101
0.0304641 1.1005
0.0266561 1.1
0.0228539 1.0995
0.0190402 1.099
0.0152307 1.0985
0.0114158 1.098
0.00758721 1.0975
0.00378662 1.097
-1.35012e-05 1.0965
-0.00381379 1.096
-0.00761476 1.0955
-0.0114175 1.095
-0.0152212 1.0945
-0.0190238 1.094
-0.0228253 1.0935
-0.0266254 1.093
-0.0304317 1.0925
-0.0342319 1.092
-0.0380424 1.0915
-0.0418424 1.091
-0.0456452 1.0905
-0.0494474 1.09
-0.0532522 1.0895
-0.057061 1.089
-0.0608631 1.0885
-0.0646633 1.088
-0.0684633 1.0875
-0.072278 1.087
-0.0760936 1.0865
-0.0798941 1.086
-0.0837045 1.0855
-0.0875421 1.085
-0.0913464 1.0845
-0.0951468 1.084
-0.0989489 1.0835
-0.102749 1.083
-0.10655 1.0825
-0.11035 1.082
-0.114151 1.0815
-0.117952 1.081
-0.121754 1.0805
-0.126208 1.08
-0.130008 1.0795
-0.13381 1.079
-0.137617 1.0785
-0.141422 1.078
-0.145223 1.0775
-0.149026 1.077
-0.152826 1.0765
-0.156633 1.076
-0.160434 1.0755
-0.164236 1.075
-0.168038 1.0745
-0.171841 1.074
-0.175765 1.0735
-0.179566 1.073
-0.183369 1.0725
-0.18717 1.072
-0.19097 1.0715
-0.194775 1.071
-0.198581 1.0705
-0.202386 1.07
-0.206192 1.0695
-0.209992 1.069
-0.213795 1.0685
-0.217606 1.068
-0.221407 1.0675
-0.225207 1.067
-0.229009 1.0665
-0.232815 1.066
-0.236618 1.0655
-0.240424 1.065
-0.24424 1.0645
-0.248046 1.064
-0.251865 1.0635
-0.255673 1.063
-0.261819 1.0625
-0.265636 1.062
-0.269436 1.0615
-0.273236 1.061
-0.277041 1.0605
-0.280851 1.06
-0.284652 1.0595
-0.288453 1.059
-0.292264 1.0585
-0.296071 1.058
-0.299887 1.0575
-0.303688 1.057
-0.3075 1.0565
-0.3113 1.056
-0.315101 1.0555
-0.318906 1.055
-0.322711 1.0545
-0.326511 1.054
-0.330312 1.0535
-0.334122 1.053
-0.337922 1.0525
-0.341742 1.052
-0.345542 1.0515
-0.349346 1.051
-0.353152 1.0505
-0.356955 1.05
-0.360761 1.0495
-0.364562 1.049
-0.368367 1.0485
-0.372177 1.048
-0.375977 1.0475
-0.37979 1.047
-0.383611 1.0465
-0.387422 1.046
-0.391222 1.0455
-0.395023 1.045
-0.398823 1.0445
-0.402636 1.044
-0.40644 1.0435
-0.410241 1.043
-0.414048 1.0425
-0.417849 1.042
-0.421656 1.0415
-0.425467 1.041
-0.429269 1.0405
-0.43307 1.04
-0.436873 1.0395
-0.440673 1.039
-0.444476 1.0385
-0.448283 1.038
-0.452091 1.0375
-0.455901 1.037
-0.459704 1.0365
-0.465088 1.036
-0.468894 1.0355
-0.472694 1.035
-0.476497 1.0345
-0.480307 1.034
-0.48714 1.0335
-0.494696 1.033
-0.498503 1.0325
-0.502314 1.032
-0.506126 1.0315
-0.50993 1.031
-0.513747 1.0305
-0.517558 1.03
-0.521364 1.0295
-0.525169 1.029
-0.528973 1.0285
-0.532775 1.028
-0.536575 1.0275
-0.540375 1.027
-0.544176 1.0265
-0.547977 1.026
-0.551784 1.0255
-0.555584 1.025
-0.559385 1.0245
-0.563186 1.024
-0.566987 1.0235
-0.570789 1.023
-0.574597 1.0225
-0.578397 1.022
-0.582215 1.0215
-0.586018 1.021
-0.589819 1.0205
-0.593625 1.02
-0.597426 1.0195
-0.601241 1.019
-0.605042 1.0185
-0.608842 1.018
-0.612643 1.0175
-0.616449 1.017
-0.620249 1.0165
-0.624049 1.016
-0.62785 1.0155
-0.631651 1.015
-0.635465 1.0145
-0.639268 1.014
-0.643075 1.0135
-0.646875 1.013
-0.65068 1.0125
-0.65448 1.012
-0.658281 1.0115
-0.662094 1.011
-0.665899 1.0105
-0.669708 1.01
-0.673508 1.0095
-0.677309 1.009
-0.681111 1.0085
-0.684911 1.008
-0.688712 1.0075
-0.692528 1.007
-0.696329 1.0065
-0.700129 1.006
-0.703934 1.0055
-0.70775 1.005
-0.71155 1.0045
-0.715351 1.004
-0.719152 1.0035
-0.722966 1.003
-0.726785 1.0025
-0.730585 1.002
-0.734386 1.0015
-0.738187 1.001
-0.742023 1.0005
-0.745823 1
