Man
0 0
0.0044587 0.001
0.00209607 0.002
0.000657881 0.003
-0.00686496 0.004
-0.00882426 0.005
-0.0116997 0.006
-0.00752268 0.007
-0.0140301 0.008
-0.0184458 0.009
-0.0249844 0.01
-0.0340908 0.011
-0.0336875 0.012
-0.0357027 0.013
-0.0380241 0.014
-0.044344 0.015
-0.0550702 0.016
-0.0563525 0.017
-0.061788 0.018
-0.0671769 0.019
-0.0650932 0.02
-0.0664207 0.021
-0.0756157 0.022
-0.0804109 0.023
-0.088519 0.024
-0.0938916 0.025
-0.0934521 0.026
-0.0944357 0.027
-0.0976462 0.028
-0.100687 0.029
-0.109016 0.03
-0.113374 0.031
-0.114723 0.032
-0.118593 0.033
-0.127598 0.034
-0.131945 0.035
-0.140724 0.036
-0.143877 0.037
-0.141535 0.038
-0.146832 0.039
-0.156874 0.04
-0.156533 0.041
-0.156911 0.042
-0.162339 0.043
-0.165931 0.044
-0.169295 0.045
-0.172037 0.046
-0.1754 0.047
-0.183305 0.048
-0.185081 0.049
-0.190813 0.05
-0.197542 0.051
-0.20203 0.052
-0.206117 0.053
-0.201668 0.054
-0.214688 0.055
-0.217854 0.056
-0.219929 0.057
-0.221411 0.058
-0.222938 0.059
-0.231153 0.06
-0.235061 0.061
-0.235272 0.062
-0.241496 0.063
-0.244009 0.064
-0.246869 0.065
-0.250223 0.066
-0.248367 0.067
-0.250453 0.068
-0.264368 0.069
-0.266846 0.07
-0.27154 0.071
-0.27968 0.072
-0.280982 0.073
-0.286967 0.074
-0.289267 0.075
-0.294915 0.076
-0.301206 0.077
-0.300055 0.078
-0.304806 0.079
-0.311649 0.08
-0.319325 0.081
-0.326014 0.082
-0.327718 0.083
-0.331605 0.084
-0.338324 0.085
-0.343195 0.086
-0.345108 0.087
-0.354883 0.088
-0.364008 0.089
-0.367769 0.09
-0.372713 0.091
-0.376808 0.092
-0.383099 0.093
-0.382929 0.094
-0.382078 0.095
-0.39084 0.096
-0.392806 0.097
-0.393976 0.098
-0.397162 0.099
-0.40452 0.1
-0.414326 0.101
-0.422011 0.102
-0.428691 0.103
-0.430161 0.104
-0.433106 0.105
-0.432124 0.106
-0.435868 0.107
-0.443198 0.108
-0.443284 0.109
-0.445877 0.11
-0.455374 0.111
-0.460519 0.112
-0.462096 0.113
-0.467789 0.114
-0.469621 0.115
-0.485405 0.116
-0.494507 0.117
-0.500994 0.118
-0.505367 0.119
-0.50771 0.12
-0.509917 0.121
-0.517899 0.122
-0.521602 0.123
-0.525684 0.124
-0.526037 0.125
-0.528299 0.126
-0.530585 0.127
-0.537941 0.128
-0.539567 0.129
-0.54854 0.13
-0.554419 0.131
-0.559429 0.132
-0.565186 0.133
-0.570775 0.134
-0.57514 0.135
-0.577414 0.136
-0.582636 0.137
-0.587594 0.138
-0.595751 0.139
-0.599135 0.14
-0.601826 0.141
-0.60655 0.142
-0.612986 0.143
-0.616856 0.144
-0.617821 0.145
-0.621309 0.146
-0.621555 0.147
-0.624089 0.148
-0.626569 0.149
-0.629145 0.15
-0.632386 0.151
-0.635619 0.152
-0.639622 0.153
-0.648727 0.154
-0.652573 0.155
-0.657165 0.156
-0.657618 0.157
-0.659884 0.158
-0.662969 0.159
-0.66573 0.16
-0.666929 0.161
-0.669454 0.162
-0.672112 0.163
-0.675416 0.164
-0.67918 0.165
-0.68205 0.166
-0.683554 0.167
-0.684816 0.168
-0.685719 0.169
-0.688465 0.17
-0.693525 0.171
-0.695184 0.172
-0.698145 0.173
-0.698515 0.174
-0.701202 0.175
-0.702835 0.176
-0.706105 0.177
-0.708232 0.178
-0.711123 0.179
-0.712291 0.18
-0.714111 0.181
-0.715859 0.182
-0.718033 0.183
-0.720639 0.184
-0.723457 0.185
-0.725491 0.186
-0.728066 0.187
-0.729699 0.188
-0.732013 0.189
-0.734275 0.19
-0.736707 0.191
-0.739137 0.192
-0.741478 0.193
-0.743511 0.194
-0.745371 0.195
-0.747552 0.196
-0.749484 0.197
-0.751621 0.198
-0.753794 0.199
-0.755754 0.2
-0.756581 0.201
-0.758304 0.202
-0.760019 0.203
-0.761304 0.204
-0.762613 0.205
-0.764084 0.206
-0.765718 0.207
-0.766937 0.208
-0.768195 0.209
-0.769576 0.21
-0.771147 0.211
-0.772233 0.212
-0.773477 0.213
-0.775009 0.214
-0.776206 0.215
-0.777423 0.216
-0.778498 0.217
-0.780013 0.218
-0.781733 0.219
-0.783381 0.22
-0.78477 0.221
-0.785902 0.222
-0.786854 0.223
-0.787832 0.224
-0.789219 0.225
-0.790288 0.226
-0.791754 0.227
-0.793167 0.228
-0.794509 0.229
-0.795519 0.23
-0.796726 0.231
-0.798108 0.232
-0.799045 0.233
-0.80059 0.234
-0.801706 0.235
-0.802972 0.236
-0.80424 0.237
-0.805437 0.238
-0.806497 0.239
-0.807944 0.24
-0.809213 0.241
-0.809878 0.242
-0.810909 0.243
-0.812153 0.244
-0.813226 0.245
-0.814239 0.246
-0.815283 0.247
-0.816206 0.248
-0.817274 0.249
-0.818142 0.25
-0.8193 0.251
-0.819836 0.252
-0.820756 0.253
-0.821353 0.254
-0.822161 0.255
-0.822885 0.256
-0.823728 0.257
-0.824582 0.258
-0.825509 0.259
-0.826541 0.26
-0.82737 0.261
-0.828552 0.262
-0.829051 0.263
-0.829841 0.264
-0.830677 0.265
-0.831792 0.266
-0.832642 0.267
-0.833623 0.268
-0.834578 0.269
-0.835297 0.27
-0.836036 0.271
-0.836768 0.272
-0.837626 0.273
-0.838633 0.274
-0.839566 0.275
-0.840273 0.276
-0.84108 0.277
-0.842141 0.278
-0.84285 0.279
-0.843578 0.28
-0.844371 0.281
-0.845059 0.282
-0.845372 0.283
-0.846312 0.284
-0.847166 0.285
-0.847526 0.286
-0.848227 0.287
-0.848868 0.288
-0.849498 0.289
-0.850173 0.29
-0.850722 0.291
-0.851261 0.292
-0.852029 0.293
-0.852567 0.294
-0.85313 0.295
-0.853552 0.296
-0.854302 0.297
-0.855168 0.298
-0.855727 0.299
-0.856121 0.3
-0.856592 0.301
-0.85732 0.302
-0.858021 0.303
-0.858582 0.304
-0.859243 0.305
-0.859881 0.306
-0.86025 0.307
-0.860837 0.308
-0.861841 0.309
-0.862477 0.31
-0.863211 0.311
-0.863902 0.312
-0.864722 0.313
-0.865527 0.314
-0.865964 0.315
-0.866443 0.316
-0.866799 0.317
-0.867363 0.318
-0.867982 0.319
-0.868466 0.32
-0.869099 0.321
-0.8697 0.322
-0.870232 0.323
-0.870475 0.324
-0.8709 0.325
-0.871252 0.326
-0.871782 0.327
-0.872307 0.328
-0.872766 0.329
-0.873199 0.33
-0.873715 0.331
-0.874139 0.332
-0.874642 0.333
-0.875312 0.334
-0.87555 0.335
-0.875974 0.336
-0.876451 0.337
-0.877008 0.338
-0.877496 0.339
-0.878149 0.34
-0.878619 0.341
-0.879075 0.342
-0.879589 0.343
-0.880013 0.344
-0.880493 0.345
-0.881107 0.346
-0.881503 0.347
-0.882272 0.348
-0.882584 0.349
-0.883053 0.35
-0.883599 0.351
-0.884051 0.352
-0.88466 0.353
-0.885115 0.354
-0.885625 0.355
-0.886092 0.356
-0.886599 0.357
-0.887053 0.358
-0.887455 0.359
-0.887835 0.36
-0.888193 0.361
-0.888483 0.362
-0.889082 0.363
-0.889536 0.364
-0.890109 0.365
-0.89052 0.366
-0.890829 0.367
-0.891342 0.368
-0.891917 0.369
-0.892363 0.37
-0.892737 0.371
-0.893192 0.372
-0.893361 0.373
-0.893661 0.374
-0.894139 0.375
-0.894508 0.376
-0.894883 0.377
-0.895279 0.378
-0.89578 0.379
-0.896159 0.38
-0.896456 0.381
-0.896657 0.382
-0.897024 0.383
-0.897324 0.384
-0.897591 0.385
-0.898035 0.386
-0.898451 0.387
-0.898782 0.388
-0.899049 0.389
-0.899451 0.39
-0.899701 0.391
-0.899916 0.392
-0.900225 0.393
-0.900645 0.394
-0.901088 0.395
-0.901295 0.396
-0.901679 0.397
-0.901921 0.398
-0.902104 0.399
-0.902298 0.4
-0.902737 0.401
-0.902883 0.402
-0.903398 0.403
-0.903827 0.404
-0.904336 0.405
-0.904539 0.406
-0.904732 0.407
-0.905223 0.408
-0.905437 0.409
-0.905864 0.41
-0.906227 0.411
-0.906473 0.412
-0.906668 0.413
-0.907063 0.414
-0.907536 0.415
-0.907751 0.416
-0.908033 0.417
-0.9082 0.418
-0.908658 0.419
-0.909075 0.42
-0.909272 0.421
-0.90958 0.422
-0.909852 0.423
-0.91016 0.424
-0.910384 0.425
-0.910735 0.426
-0.911079 0.427
-0.911314 0.428
-0.911601 0.429
-0.9119 0.43
-0.91225 0.431
-0.912516 0.432
-0.912833 0.433
-0.913164 0.434
-0.913527 0.435
-0.913936 0.436
-0.914277 0.437
-0.914638 0.438
-0.914819 0.439
-0.915101 0.44
-0.915377 0.441
-0.915604 0.442
-0.915664 0.443
-0.91611 0.444
-0.916349 0.445
-0.916617 0.446
-0.916929 0.447
-0.917208 0.448
-0.917515 0.449
-0.917808 0.45
-0.917876 0.451
-0.918183 0.452
-0.918501 0.453
-0.918745 0.454
-0.918933 0.455
-0.919172 0.456
-0.919161 0.457
-0.919446 0.458
-0.919734 0.459
-0.919871 0.46
-0.920284 0.461
-0.920256 0.462
-0.920558 0.463
-0.920736 0.464
-0.921014 0.465
-0.921381 0.466
-0.921594 0.467
-0.921658 0.468
-0.921803 0.469
-0.922142 0.47
-0.922458 0.471
-0.92267 0.472
-0.922859 0.473
-0.923122 0.474
-0.923371 0.475
-0.923706 0.476
-0.924041 0.477
-0.924359 0.478
-0.924567 0.479
-0.924685 0.48
-0.924939 0.481
-0.925228 0.482
-0.925442 0.483
-0.925798 0.484
-0.925938 0.485
-0.926306 0.486
-0.926527 0.487
-0.926849 0.488
-0.927105 0.489
-0.927294 0.49
-0.927496 0.491
-0.927652 0.492
-0.927764 0.493
-0.928109 0.494
-0.928254 0.495
-0.928602 0.496
-0.928843 0.497
-0.929231 0.498
-0.92923 0.499
-0.92939 0.5
-0.929516 0.501
-0.929702 0.502
-0.929831 0.503
-0.929124 0.504
-0.92955 0.505
-0.929707 0.506
-0.929835 0.507
-0.93005 0.508
-0.930429 0.509
-0.930555 0.51
-0.930712 0.511
-0.930922 0.512
-0.93111 0.513
-0.931372 0.514
-0.93151 0.515
-0.931691 0.516
-0.931763 0.517
-0.931808 0.518
-0.931994 0.519
-0.932232 0.52
-0.932576 0.521
-0.932697 0.522
-0.932863 0.523
-0.933091 0.524
-0.933095 0.525
-0.933307 0.526
-0.933612 0.527
-0.933896 0.528
-0.934248 0.529
-0.934493 0.53
-0.934691 0.531
-0.934929 0.532
-0.934995 0.533
-0.935185 0.534
-0.935342 0.535
-0.935409 0.536
-0.935728 0.537
-0.93586 0.538
-0.93602 0.539
-0.936084 0.54
-0.936342 0.541
-0.936441 0.542
-0.936717 0.543
-0.936915 0.544
-0.937196 0.545
-0.93735 0.546
-0.937598 0.547
-0.937799 0.548
-0.937961 0.549
-0.938064 0.55
-0.938212 0.551
-0.9383 0.552
-0.938525 0.553
-0.93856 0.554
-0.938612 0.555
-0.938793 0.556
-0.938956 0.557
-0.939207 0.558
-0.939387 0.559
-0.939481 0.56
-0.939658 0.561
-0.939934 0.562
-0.940097 0.563
-0.94032 0.564
-0.940527 0.565
-0.940565 0.566
-0.940705 0.567
-0.940726 0.568
-0.940966 0.569
-0.941129 0.57
-0.941266 0.571
-0.941543 0.572
-0.941764 0.573
-0.941934 0.574
-0.94219 0.575
-0.94237 0.576
-0.942522 0.577
-0.942762 0.578
-0.942937 0.579
-0.943104 0.58
-0.9433 0.581
-0.943434 0.582
-0.943461 0.583
-0.943592 0.584
-0.943867 0.585
-0.943963 0.586
-0.944142 0.587
-0.944263 0.588
-0.944456 0.589
-0.944676 0.59
-0.944837 0.591
-0.944949 0.592
-0.944987 0.593
-0.945194 0.594
-0.945344 0.595
-0.945452 0.596
-0.945601 0.597
-0.945783 0.598
-0.945912 0.599
-0.946025 0.6
-0.94611 0.601
-0.946195 0.602
-0.946251 0.603
-0.946401 0.604
-0.946589 0.605
-0.946642 0.606
-0.946744 0.607
-0.94697 0.608
-0.947153 0.609
-0.947286 0.61
-0.947467 0.611
-0.947533 0.612
-0.947664 0.613
-0.947752 0.614
-0.9478 0.615
-0.947858 0.616
-0.947961 0.617
-0.948078 0.618
-0.948067 0.619
-0.948157 0.62
-0.948307 0.621
-0.948413 0.622
-0.948587 0.623
-0.948677 0.624
-0.948812 0.625
-0.948924 0.626
-0.949056 0.627
-0.949172 0.628
-0.949264 0.629
-0.949361 0.63
-0.949553 0.631
-0.949645 0.632
-0.949915 0.633
-0.950125 0.634
-0.950386 0.635
-0.950492 0.636
-0.950681 0.637
-0.950851 0.638
-0.95095 0.639
-0.951029 0.64
-0.951137 0.641
-0.951402 0.642
-0.95142 0.643
-0.951534 0.644
-0.95162 0.645
-0.951712 0.646
-0.951809 0.647
-0.952101 0.648
-0.952243 0.649
-0.952256 0.65
-0.952295 0.651
-0.952333 0.652
-0.952537 0.653
-0.952583 0.654
-0.952662 0.655
-0.952802 0.656
-0.952855 0.657
-0.952932 0.658
-0.953131 0.659
-0.953252 0.66
-0.953462 0.661
-0.953703 0.662
-0.953725 0.663
-0.953929 0.664
-0.954074 0.665
-0.954189 0.666
-0.954333 0.667
-0.954498 0.668
-0.954636 0.669
-0.954674 0.67
-0.954771 0.671
-0.954998 0.672
-0.955069 0.673
-0.955295 0.674
-0.955395 0.675
-0.955476 0.676
-0.955622 0.677
-0.955762 0.678
-0.955867 0.679
-0.95611 0.68
-0.956311 0.681
-0.956493 0.682
-0.956571 0.683
-0.956604 0.684
-0.956688 0.685
-0.956832 0.686
-0.956904 0.687
-0.957032 0.688
-0.95728 0.689
-0.957365 0.69
-0.957483 0.691
-0.957701 0.692
-0.957804 0.693
-0.95792 0.694
-0.958069 0.695
-0.958262 0.696
-0.958376 0.697
-0.95853 0.698
-0.958568 0.699
-0.958624 0.7
-0.95878 0.701
-0.962456 0.702
-0.962514 0.703
-0.961646 0.704
-0.96171 0.705
-0.961853 0.706
-0.961971 0.707
-0.962045 0.708
-0.962101 0.709
-0.962273 0.71
-0.962375 0.711
-0.96251 0.712
-0.962266 0.713
-0.962305 0.714
-0.962386 0.715
-0.962477 0.716
-0.962526 0.717
-0.962575 0.718
-0.962644 0.719
-0.962794 0.72
-0.962915 0.721
-0.963024 0.722
-0.963128 0.723
-0.963274 0.724
-0.963278 0.725
-0.963307 0.726
-0.963348 0.727
-0.963371 0.728
-0.963462 0.729
-0.963571 0.73
-0.963661 0.731
-0.963764 0.732
-0.963801 0.733
-0.963905 0.734
-0.964033 0.735
-0.964114 0.736
-0.964276 0.737
-0.964409 0.738
-0.964526 0.739
-0.964588 0.74
-0.964707 0.741
-0.964835 0.742
-0.964925 0.743
-0.965053 0.744
-0.965179 0.745
-0.965249 0.746
-0.966983 0.747
-0.967004 0.748
-0.967096 0.749
-0.967194 0.75
-0.96734 0.751
-0.967394 0.752
-0.970395 0.753
-0.970506 0.754
-0.970517 0.755
-0.970643 0.756
-0.970743 0.757
-0.9708 0.758
-0.9709 0.759
-0.970987 0.76
-0.971102 0.761
-0.971153 0.762
-0.971119 0.763
-0.971242 0.764
-0.971297 0.765
-0.971377 0.766
-0.97151 0.767
-0.971548 0.768
-0.971582 0.769
-0.971651 0.77
-0.971698 0.771
-0.971748 0.772
-0.971848 0.773
-0.971957 0.774
-0.972037 0.775
-0.972141 0.776
-0.972261 0.777
-0.972412 0.778
-0.972549 0.779
-0.972635 0.78
-0.97276 0.781
-0.972807 0.782
-0.972802 0.783
-0.972894 0.784
-0.972957 0.785
-0.973054 0.786
-0.97316 0.787
-0.973203 0.788
-0.973242 0.789
-0.973278 0.79
-0.973297 0.791
-0.973367 0.792
-0.973418 0.793
-0.973509 0.794
-0.973615 0.795
-0.973685 0.796
-0.973754 0.797
-0.973752 0.798
-0.97381 0.799
-0.973823 0.8
-0.97398 0.801
-0.97412 0.802
-0.9742 0.803
-0.974313 0.804
-0.97446 0.805
-0.974535 0.806
-0.974667 0.807
-0.974702 0.808
-0.974748 0.809
-0.97479 0.81
-0.974779 0.811
-0.974798 0.812
-0.974894 0.813
-0.974964 0.814
-0.975033 0.815
-0.975155 0.816
-0.975262 0.817
-0.97534 0.818
-0.975414 0.819
-0.9755 0.82
-0.975653 0.821
-0.975717 0.822
-0.975762 0.823
-0.975827 0.824
-0.975846 0.825
-0.975943 0.826
-0.976045 0.827
-0.976174 0.828
-0.976305 0.829
-0.976279 0.83
-0.976427 0.831
-0.976376 0.832
-0.976502 0.833
-0.976628 0.834
-0.976775 0.835
-0.976889 0.836
-0.977007 0.837
-0.977039 0.838
-0.977059 0.839
-0.977191 0.84
-0.977263 0.841
-0.977373 0.842
-0.977412 0.843
-0.977458 0.844
-0.977591 0.845
-0.977646 0.846
-0.977723 0.847
-0.977788 0.848
-0.977887 0.849
-0.977938 0.85
-0.978046 0.851
-0.978161 0.852
-0.978271 0.853
-0.978352 0.854
-0.978449 0.855
-0.978512 0.856
-0.978539 0.857
-0.978621 0.858
-0.978768 0.859
-0.97888 0.86
-0.978892 0.861
-0.97894 0.862
-0.97898 0.863
-0.979116 0.864
-0.979138 0.865
-0.979113 0.866
-0.979172 0.867
-0.979229 0.868
-0.97924 0.869
-0.979327 0.87
-0.9794 0.871
-0.978182 0.872
-0.978301 0.873
-0.978374 0.874
-0.978538 0.875
-0.97866 0.876
-0.978717 0.877
-0.978834 0.878
-0.978918 0.879
-0.979004 0.88
-0.97908 0.881
-0.9792 0.882
-0.979273 0.883
-0.979355 0.884
-0.979087 0.885
-0.979122 0.886
-0.9791 0.887
-0.9791 0.888
-0.979135 0.889
-0.979172 0.89
-0.97925 0.891
-0.978976 0.892
-0.979139 0.893
-0.97925 0.894
-0.979248 0.895
-0.979297 0.896
-0.979275 0.897
-0.979411 0.898
-0.979427 0.899
-0.979478 0.9
-0.979575 0.901
-0.979587 0.902
-0.979669 0.903
-0.979697 0.904
-0.9797 0.905
-0.979795 0.906
-0.979912 0.907
-0.979956 0.908
-0.980026 0.909
-0.979992 0.91
-0.980066 0.911
-0.980162 0.912
-0.980237 0.913
-0.980312 0.914
-0.980381 0.915
-0.979828 0.916
-0.97983 0.917
-0.97985 0.918
-0.979876 0.919
-0.979903 0.92
-0.979898 0.921
-0.97961 0.922
-0.979608 0.923
-0.979681 0.924
-0.979766 0.925
-0.979794 0.926
-0.97983 0.927
-0.97988 0.928
-0.979874 0.929
-0.979914 0.93
-0.980009 0.931
-0.98006 0.932
-0.98006 0.933
-0.98012 0.934
-0.980252 0.935
-0.980296 0.936
-0.980342 0.937
-0.980453 0.938
-0.980537 0.939
-0.980597 0.94
-0.980609 0.941
-0.980624 0.942
-0.980749 0.943
-0.980862 0.944
-0.980923 0.945
-0.980972 0.946
-0.981054 0.947
-0.9812 0.948
-0.981272 0.949
-0.981256 0.95
-0.981292 0.951
-0.981302 0.952
-0.981351 0.953
-0.981362 0.954
-0.981442 0.955
-0.981448 0.956
-0.981495 0.957
-0.981551 0.958
-0.981636 0.959
-0.981624 0.96
-0.981678 0.961
-0.981766 0.962
-0.983256 0.963
-0.983362 0.964
-0.983366 0.965
-0.983423 0.966
-0.983479 0.967
-0.983492 0.968
-0.983542 0.969
-0.983563 0.97
-0.983648 0.971
-0.983688 0.972
-0.983758 0.973
-0.983825 0.974
-0.983957 0.975
-0.983952 0.976
-0.983999 0.977
-0.984091 0.978
-0.984148 0.979
-0.984179 0.98
-0.984236 0.981
-0.984286 0.982
-0.985683 0.983
-0.985739 0.984
-0.985715 0.985
-0.985798 0.986
-0.985903 0.987
-0.985971 0.988
-0.986003 0.989
-0.986072 0.99
-0.986103 0.991
-0.986114 0.992
-0.986233 0.993
-0.986343 0.994
-0.986366 0.995
-0.986425 0.996
-0.986523 0.997
-0.986583 0.998
-0.986609 0.999
-0.986658 1


Shark
3.14159 1.5
3.13759 1.4995
3.13359 1.499
3.12959 1.4985
3.12559 1.498
3.12159 1.4975
3.11759 1.497
3.11359 1.4965
3.10958 1.496
3.10558 1.4955
3.10157 1.495
3.09756 1.4945
3.09356 1.494
3.08955 1.4935
3.08555 1.493
3.08154 1.4925
3.07748 1.492
3.07348 1.4915
3.06946 1.491
3.06544 1.4905
3.06144 1.49
3.05744 1.4895
3.05336 1.489
3.04934 1.4885
3.04526 1.488
3.04123 1.4875
3.03723 1.487
3.03323 1.4865
3.02921 1.486
3.0252 1.4855
3.02108 1.485
3.01704 1.4845
3.01304 1.484
3.00901 1.4835
3.00483 1.483
3.00079 1.4825
2.9966 1.482
2.99257 1.4815
2.98855 1.481
2.98447 1.4805
2.98017 1.48
2.97617 1.4795
2.97217 1.479
2.96806 1.4785
2.96401 1.478
2.95997 1.4775
2.95594 1.477
2.95189 1.4765
2.94762 1.476
2.9436 1.4755
2.93945 1.475
2.93522 1.4745
2.93112 1.474
2.92702 1.4735
2.92291 1.473
2.91801 1.4725
2.91395 1.472
2.90992 1.4715
2.9059 1.471
2.90189 1.4705
2.89744 1.47
2.89333 1.4695
2.88933 1.469
2.88503 1.4685
2.88098 1.468
2.87692 1.4675
2.87282 1.467
2.86879 1.4665
2.86475 1.466
2.85922 1.4655
2.85517 1.465
2.85095 1.4645
2.84632 1.464
2.84231 1.4635
2.83794 1.463
2.83388 1.4625
2.82953 1.462
2.82509 1.4615
2.82108 1.461
2.81681 1.4605
2.81225 1.46
2.80755 1.4595
2.80299 1.459
2.79896 1.4585
2.79475 1.458
2.79015 1.4575
2.78582 1.457
2.78176 1.4565
2.7765 1.456
2.77136 1.4555
2.76714 1.455
2.76276 1.4545
2.75848 1.454
2.75386 1.4535
2.74986 1.453
2.74584 1.4525
2.74063 1.452
2.73656 1.4515
2.73253 1.451
2.72834 1.4505
2.72338 1.45
2.71776 1.4495
2.71269 1.449
2.70784 1.4485
2.7038 1.448
2.69961 1.4475
2.69559 1.447
2.69128 1.4465
2.68619 1.446
2.68219 1.4455
2.67803 1.445
2.67223 1.4445
2.66762 1.444
2.66356 1.4435
2.6588 1.443
2.65471 1.4425
2.64639 1.442
2.64056 1.4415
2.63553 1.441
2.63103 1.4405
2.62688 1.44
2.62274 1.4395
2.61716 1.439
2.61277 1.4385
2.60829 1.438
2.60429 1.4375
2.60013 1.437
2.59597 1.4365
2.59048 1.436
2.5864 1.4355
2.58026 1.435
2.57522 1.4345
2.57043 1.434
2.5654 1.4335
2.56041 1.433
2.55577 1.4325
2.55159 1.432
2.54668 1.4315
2.54183 1.431
2.5358 1.4305
2.53138 1.43
2.5271 1.4295
2.52229 1.429
2.51686 1.4285
2.51229 1.428
2.50825 1.4275
2.50376 1.427
2.49976 1.4265
2.49549 1.426
2.49123 1.4255
2.48694 1.425
2.48249 1.4245
2.47803 1.424
2.47335 1.4235
2.46647 1.423
2.46182 1.4225
2.45691 1.422
2.4529 1.4215
2.44865 1.421
2.4442 1.4205
2.43983 1.42
2.43575 1.4195
2.43143 1.419
2.42708 1.4185
2.42253 1.418
2.41782 1.4175
2.4134 1.417
2.40927 1.4165
2.40518 1.416
2.40114 1.4155
2.39673 1.415
2.39144 1.4145
2.38728 1.414
2.38279 1.4135
2.37878 1.413
2.37437 1.4125
2.37021 1.412
2.36559 1.4115
2.36131 1.411
2.35681 1.4105
2.35272 1.41
2.34851 1.4095
2.34432 1.409
2.34001 1.4085
2.33558 1.408
2.33107 1.4075
2.3268 1.407
2.32236 1.4065
2.31818 1.406
2.31381 1.4055
2.30946 1.405
2.30505 1.4045
2.30064 1.404
2.29625 1.4035
2.29195 1.403
2.2877 1.4025
2.28335 1.402
2.27907 1.4015
2.27473 1.401
2.27037 1.4005
2.26608 1.4
2.26203 1.3995
2.25779 1.399
2.25356 1.3985
2.24942 1.398
2.24528 1.3975
2.2411 1.397
2.23688 1.3965
2.23276 1.396
2.22862 1.3955
2.22446 1.395
2.22024 1.3945
2.21614 1.394
2.212 1.3935
2.20779 1.393
2.20366 1.3925
2.19953 1.392
2.19542 1.3915
2.19121 1.391
2.18694 1.3905
2.18268 1.39
2.1785 1.3895
2.17438 1.389
2.17029 1.3885
2.16619 1.388
2.162 1.3875
2.15789 1.387
2.15367 1.3865
2.14947 1.386
2.14529 1.3855
2.14118 1.385
2.13703 1.3845
2.13283 1.384
2.12874 1.3835
2.12448 1.383
2.12035 1.3825
2.11618 1.382
2.112 1.3815
2.10784 1.381
2.10371 1.3805
2.09948 1.38
2.0953 1.3795
2.09125 1.379
2.08712 1.3785
2.08295 1.378
2.07881 1.3775
2.07469 1.377
2.07056 1.3765
2.06645 1.376
2.06232 1.3755
2.05822 1.375
2.05406 1.3745
2.05002 1.374
2.04592 1.3735
2.04187 1.373
2.03779 1.3725
2.03372 1.372
2.02963 1.3715
2.02553 1.371
2.02142 1.3705
2.01728 1.37
2.01318 1.3695
2.009 1.369
2.00496 1.3685
2.00088 1.368
1.99678 1.3675
1.99261 1.367
1.98851 1.3665
1.98437 1.366
1.98024 1.3655
1.97617 1.365
1.97209 1.3645
1.96801 1.364
1.9639 1.3635
1.95976 1.363
1.95563 1.3625
1.95155 1.362
1.94745 1.3615
1.94328 1.361
1.93921 1.3605
1.93512 1.36
1.93103 1.3595
1.92695 1.359
1.92294 1.3585
1.9188 1.358
1.91468 1.3575
1.91066 1.357
1.90658 1.3565
1.90251 1.356
1.89845 1.3555
1.89437 1.355
1.89032 1.3545
1.88627 1.354
1.88217 1.3535
1.87812 1.353
1.87407 1.3525
1.87004 1.352
1.86594 1.3515
1.86181 1.351
1.85775 1.3505
1.85372 1.35
1.84968 1.3495
1.84559 1.349
1.8415 1.3485
1.83744 1.348
1.83336 1.3475
1.82929 1.347
1.82526 1.3465
1.8212 1.346
1.81701 1.3455
1.81293 1.345
1.80883 1.3445
1.80474 1.344
1.80061 1.3435
1.79648 1.343
1.79245 1.3425
1.7884 1.342
1.78438 1.3415
1.78031 1.341
1.77624 1.3405
1.77219 1.34
1.76811 1.3395
1.76403 1.339
1.75997 1.3385
1.75596 1.338
1.75192 1.3375
1.7479 1.337
1.74384 1.3365
1.73978 1.336
1.73573 1.3355
1.73169 1.335
1.72764 1.3345
1.7236 1.334
1.71954 1.3335
1.71544 1.333
1.71143 1.3325
1.70739 1.332
1.70334 1.3315
1.69927 1.331
1.69521 1.3305
1.69112 1.33
1.68707 1.3295
1.68302 1.329
1.67896 1.3285
1.67491 1.328
1.67086 1.3275
1.66677 1.327
1.66273 1.3265
1.65859 1.326
1.65457 1.3255
1.65052 1.325
1.64644 1.3245
1.64239 1.324
1.6383 1.3235
1.63425 1.323
1.63019 1.3225
1.62613 1.322
1.62207 1.3215
1.61801 1.321
1.61397 1.3205
1.60994 1.32
1.6059 1.3195
1.60188 1.319
1.59779 1.3185
1.59373 1.318
1.58965 1.3175
1.5856 1.317
1.58158 1.3165
1.57751 1.316
1.57342 1.3155
1.56936 1.315
1.56532 1.3145
1.56127 1.314
1.55726 1.3135
1.55324 1.313
1.54917 1.3125
1.54513 1.312
1.54109 1.3115
1.53705 1.311
1.53298 1.3105
1.52894 1.31
1.52491 1.3095
1.5209 1.309
1.51686 1.3085
1.51283 1.308
1.50881 1.3075
1.50475 1.307
1.5007 1.3065
1.49667 1.306
1.49265 1.3055
1.4886 1.305
1.48458 1.3045
1.48057 1.304
1.47654 1.3035
1.47248 1.303
1.46842 1.3025
1.46441 1.302
1.46036 1.3015
1.45635 1.301
1.45233 1.3005
1.44832 1.3
1.44426 1.2995
1.44025 1.299
1.43617 1.2985
1.43211 1.298
1.42803 1.2975
1.42401 1.297
1.42 1.2965
1.41592 1.296
1.41191 1.2955
1.40785 1.295
1.4038 1.2945
1.39978 1.294
1.39577 1.2935
1.39171 1.293
1.38764 1.2925
1.38362 1.292
1.3796 1.2915
1.37559 1.291
1.37151 1.2905
1.36745 1.29
1.36344 1.2895
1.3594 1.289
1.35538 1.2885
1.35134 1.288
1.34733 1.2875
1.34328 1.287
1.33924 1.2865
1.33522 1.286
1.33119 1.2855
1.32716 1.285
1.32311 1.2845
1.31908 1.284
1.31505 1.2835
1.31101 1.283
1.30696 1.2825
1.30289 1.282
1.29885 1.2815
1.2948 1.281
1.29079 1.2805
1.28676 1.28
1.28273 1.2795
1.27871 1.279
1.27471 1.2785
1.27063 1.278
1.26661 1.2775
1.26258 1.277
1.25854 1.2765
1.25451 1.276
1.25047 1.2755
1.24644 1.275
1.24243 1.2745
1.2384 1.274
1.23435 1.2735
1.23033 1.273
1.22632 1.2725
1.22229 1.272
1.21829 1.2715
1.21426 1.271
1.21022 1.2705
1.20621 1.27
1.20214 1.2695
1.19814 1.269
1.1941 1.2685
1.19009 1.268
1.18606 1.2675
1.182 1.267
1.17798 1.2665
1.17398 1.266
1.16997 1.2655
1.16592 1.265
1.16187 1.2645
1.15785 1.264
1.15384 1.2635
1.14981 1.263
1.14578 1.2625
1.14173 1.262
1.13768 1.2615
1.13363 1.261
1.12961 1.2605
1.12561 1.26
1.12158 1.2595
1.11754 1.259
1.11352 1.2585
1.10946 1.258
1.10545 1.2575
1.10139 1.257
1.09736 1.2565
1.09331 1.256
1.08928 1.2555
1.08527 1.255
1.08125 1.2545
1.07723 1.254
1.07323 1.2535
1.06917 1.253
1.06516 1.2525
1.0611 1.252
1.05707 1.2515
1.053 1.251
1.049 1.2505
1.04499 1.25
1.04098 1.2495
1.03696 1.249
1.03295 1.2485
1.02871 1.248
1.02462 1.2475
1.0206 1.247
1.01659 1.2465
1.01257 1.246
1.0085 1.2455
1.00449 1.245
1.00048 1.2445
0.996453 1.244
0.992434 1.2435
0.988398 1.243
0.984388 1.2425
0.980371 1.242
0.976368 1.2415
0.972367 1.241
0.968348 1.2405
0.964318 1.24
0.960255 1.2395
0.956247 1.239
0.952231 1.2385
0.948203 1.238
0.944203 1.2375
0.940178 1.237
0.936127 1.2365
0.932083 1.236
0.928014 1.2355
0.92398 1.235
0.919958 1.2345
0.915926 1.234
0.911924 1.2335
0.907903 1.233
0.903889 1.2325
0.899887 1.232
0.895829 1.2315
0.891819 1.231
0.887804 1.2305
0.883801 1.23
0.879763 1.2295
0.875757 1.229
0.871713 1.2285
0.86769 1.228
0.863643 1.2275
0.859629 1.227
0.855592 1.2265
0.851568 1.226
0.847552 1.2255
0.843546 1.225
0.839533 1.2245
0.835528 1.224
0.831497 1.2235
0.827497 1.223
0.823495 1.2225
0.819475 1.222
0.815458 1.2215
0.811419 1.221
0.807399 1.2205
0.803394 1.22
0.799374 1.2195
0.795326 1.219
0.79131 1.2185
0.787278 1.218
0.783251 1.2175
0.77925 1.217
0.775237 1.2165
0.771237 1.216
0.7672 1.2155
0.763183 1.215
0.75917 1.2145
0.755121 1.214
0.751089 1.2135
0.74707 1.213
0.743027 1.2125
0.739005 1.212
0.73499 1.2115
0.730952 1.211
0.726931 1.2105
0.722913 1.21
0.718887 1.2095
0.714875 1.209
0.710874 1.2085
0.706862 1.208
0.702811 1.2075
0.698805 1.207
0.694783 1.2065
0.690773 1.206
0.686747 1.2055
0.682713 1.205
0.678695 1.2045
0.674687 1.204
0.670686 1.2035
0.666655 1.203
0.66264 1.2025
0.658631 1.202
0.654616 1.2015
0.650592 1.201
0.64658 1.2005
0.642571 1.2
0.638566 1.1995
0.63456 1.199
0.630558 1.1985
0.626542 1.198
0.622516 1.1975
0.618514 1.197
0.614506 1.1965
0.610469 1.196
0.606444 1.1955
0.602431 1.195
0.598407 1.1945
0.594403 1.194
0.590391 1.1935
0.586385 1.193
0.582383 1.1925
0.57838 1.192
0.574372 1.1915
0.570362 1.191
0.566362 1.1905
0.562355 1.19
0.558338 1.1895
0.554329 1.189
0.550306 1.1885
0.5463 1.188
0.542286 1.1875
0.538276 1.187
0.534262 1.1865
0.530251 1.186
0.526245 1.1855
0.522237 1.185
0.518208 1.1845
0.514201 1.184
0.510144 1.1835
0.506108 1.183
0.502054 1.1825
0.498045 1.182
0.494016 1.1815
0.489992 1.181
0.485985 1.1805
0.481979 1.18
0.47797 1.1795
0.473913 1.179
0.469913 1.1785
0.465902 1.178
0.461896 1.1775
0.457889 1.177
0.453881 1.1765
0.44981 1.176
0.445793 1.1755
0.441793 1.175
0.437792 1.1745
0.43379 1.174
0.429755 1.1735
0.425753 1.173
0.421748 1.1725
0.417731 1.172
0.413729 1.1715
0.409724 1.171
0.405689 1.1705
0.401677 1.17
0.397638 1.1695
0.393588 1.169
0.389587 1.1685
0.385551 1.168
0.381532 1.1675
0.377521 1.167
0.373502 1.1665
0.369478 1.166
0.365461 1.1655
0.36146 1.165
0.357452 1.1645
0.353405 1.164
0.349401 1.1635
0.345355 1.163
0.341345 1.1625
0.33734 1.162
0.33332 1.1615
0.329302 1.161
0.325292 1.1605
0.321238 1.16
0.317201 1.1595
0.31317 1.159
0.309164 1.1585
0.305163 1.158
0.301157 1.1575
0.297137 1.157
0.293132 1.1565
0.289117 1.156
0.285059 1.1555
0.281052 1.155
0.277039 1.1545
0.272994 1.154
0.268984 1.1535
0.264971 1.153
0.260949 1.1525
0.256913 1.152
0.252901 1.1515
0.248878 1.151
0.244877 1.1505
0.240874 1.15
0.23685 1.1495
0.225787 1.149
0.221784 1.1485
0.217098 1.148
0.213094 1.1475
0.209074 1.147
0.20506 1.1465
0.201055 1.146
0.197051 1.1455
0.193022 1.145
0.189011 1.1445
0.184993 1.144
0.180933 1.1435
0.176932 1.143
0.172925 1.1425
0.168916 1.142
0.164914 1.1415
0.160911 1.141
0.156907 1.1405
0.152884 1.14
0.148868 1.1395
0.144856 1.139
0.140845 1.1385
0.136823 1.138
0.132823 1.1375
0.128822 1.137
0.12482 1.1365
0.120819 1.136
0.116811 1.1355
0.112798 1.135
0.108789 1.1345
0.104778 1.134
0.100777 1.1335
0.096765 1.133
0.0927473 1.1325
0.0887403 1.132
0.0847119 1.1315
0.0806927 1.131
0.0766776 1.1305
0.0726735 1.13
0.0686579 1.1295
0.0646399 1.129
0.060631 1.1285
0.056613 1.128
0.0525953 1.1275
0.0485899 1.127
0.0420458 1.1265
0.0380453 1.126
0.034036 1.1255
0.0300251 1.125
0.0260011 1.1245
0.0219978 1.124
0.012121 1.1235
0.00810696 1.123
0.00410682 1.1225
8.86942e-05 1.122
-0.0039228 1.1215
-0.00792645 1.121
-0.0119381 1.1205
-0.0159468 1.12
-0.0199621 1.1195
-0.023965 1.119
-0.0279663 1.1185
-0.0319838 1.118
-0.0359874 1.1175
-0.0399949 1.117
-0.0440158 1.1165
-0.0480174 1.116
-0.0520188 1.1155
-0.0560246 1.115
-0.0600271 1.1145
-0.0640301 1.114
-0.0680419 1.1135
-0.0720561 1.113
-0.0760639 1.1125
-0.0800768 1.112
-0.0840941 1.1115
-0.0881217 1.111
-0.0921443 1.1105
-0.0961533 1.11
-0.100172 1.1095
-0.104175 1.109
-0.108175 1.1085
-0.112185 1.108
-0.11619 1.1075
-0.120202 1.107
-0.124216 1.1065
-0.128218 1.106
-0.13222 1.1055
-0.136221 1.105
-0.140222 1.1045
-0.144228 1.104
-0.148231 1.1035
-0.152241 1.103
-0.156256 1.1025
-0.160262 1.102
-0.164268 1.1015
-0.168268 1.101
-0.172272 1.1005
-0.176272 1.1
-0.180304 1.0995
-0.184329 1.099
-0.188337 1.0985
-0.192354 1.098
-0.196381 1.0975
-0.200389 1.097
-0.204411 1.0965
-0.208413 1.096
-0.212416 1.0955
-0.216418 1.095
-0.220418 1.0945
-0.224419 1.094
-0.228431 1.0935
-0.232437 1.093
-0.236444 1.0925
-0.240463 1.092
-0.244479 1.0915
-0.248487 1.091
-0.252494 1.0905
-0.256504 1.09
-0.260535 1.0895
-0.264541 1.089
-0.268544 1.0885
-0.272549 1.088
-0.27655 1.0875
-0.280563 1.087
-0.284577 1.0865
-0.2886 1.086
-0.292623 1.0855
-0.296624 1.085
-0.300654 1.0845
-0.304657 1.084
-0.308679 1.0835
-0.312701 1.083
-0.316731 1.0825
-0.320749 1.082
-0.324769 1.0815
-0.32877 1.081
-0.332771 1.0805
-0.336795 1.08
-0.340802 1.0795
-0.34482 1.079
-0.348822 1.0785
-0.352825 1.078
-0.35685 1.0775
-0.360854 1.077
-0.364863 1.0765
-0.368869 1.076
-0.372883 1.0755
-0.376887 1.075
-0.380904 1.0745
-0.384923 1.074
-0.38894 1.0735
-0.39295 1.073
-0.396964 1.0725
-0.400969 1.072
-0.40497 1.0715
-0.40898 1.071
-0.413012 1.0705
-0.417031 1.07
-0.421031 1.0695
-0.425034 1.069
-0.429037 1.0685
-0.433064 1.068
-0.437065 1.0675
-0.441066 1.067
-0.445071 1.0665
-0.449076 1.066
-0.453076 1.0655
-0.457088 1.065
-0.461096 1.0645
-0.46693 1.064
-0.470951 1.0635
-0.474959 1.063
-0.479 1.0625
-0.483023 1.062
-0.487028 1.0615
-0.491049 1.061
-0.49506 1.0605
-0.499071 1.06
-0.50308 1.0595
-0.507103 1.059
-0.511111 1.0585
-0.515121 1.058
-0.519232 1.0575
-0.523234 1.057
-0.527235 1.0565
-0.531235 1.056
-0.535237 1.0555
-0.539239 1.055
-0.543249 1.0545
-0.547367 1.054
-0.551409 1.0535
-0.555428 1.053
-0.559428 1.0525
-0.563432 1.052
-0.567433 1.0515
-0.571463 1.051
-0.575463 1.0505
-0.579467 1.05
-0.583483 1.0495
-0.587483 1.049
-0.591494 1.0485
-0.595495 1.048
-0.599495 1.0475
-0.60351 1.047
-0.607533 1.0465
-0.611536 1.046
-0.615544 1.0455
-0.619546 1.045
-0.623555 1.0445
-0.62757 1.044
-0.631579 1.0435
-0.635589 1.043
-0.639597 1.0425
-0.644081 1.042
-0.648081 1.0415
-0.652082 1.041
-0.656083 1.0405
-0.660084 1.04
-0.664084 1.0395
-0.668223 1.039
-0.672223 1.0385
-0.676232 1.038
-0.680244 1.0375
-0.684246 1.037
-0.688248 1.0365
-0.692252 1.036
-0.696252 1.0355
-0.700255 1.035
-0.70427 1.0345
-0.708275 1.034
-0.712275 1.0335
-0.716281 1.033
-0.720311 1.0325
-0.724315 1.032
-0.728319 1.0315
-0.73234 1.031
-0.736352 1.0305
-0.740359 1.03
-0.744359 1.0295
-0.748359 1.029
-0.752387 1.0285
-0.75641 1.028
-0.760416 1.0275
-0.764421 1.027
-0.768433 1.0265
-0.772471 1.026
-0.77648 1.0255
-0.780481 1.025
-0.784483 1.0245
-0.788483 1.024
-0.792488 1.0235
-0.796488 1.023
-0.8005 1.0225
-0.8045 1.022
-0.808504 1.0215
-0.812509 1.021
-0.816523 1.0205
-0.820523 1.02
-0.824528 1.0195
-0.828543 1.019
-0.835538 1.0185
-0.839559 1.018
-0.843559 1.0175
-0.847565 1.017
-0.851571 1.0165
-0.855571 1.016
-0.859576 1.0155
-0.863577 1.015
-0.86759 1.0145
-0.871593 1.014
-0.875603 1.0135
-0.879611 1.013
-0.883644 1.0125
-0.887644 1.012
-0.891648 1.0115
-0.895664 1.011
-0.899671 1.0105
-0.903673 1.01
-0.907679 1.0095
-0.911684 1.009
-0.918476 1.0085
-0.922482 1.008
-0.926483 1.0075
-0.930496 1.007
-0.934518 1.0065
-0.938527 1.006
-0.942529 1.0055
-0.946538 1.005
-0.95054 1.0045
-0.95454 1.004
-0.958568 1.0035
-0.962591 1.003
-0.966592 1.0025
-0.970599 1.002
-0.974618 1.0015
-0.978625 1.001
-0.982627 1.0005
-0.986631 1
