Man
0 0
0.00209161 0.001
0.00384985 0.002
0.00333393 0.003
0.00133524 0.004
0.00108242 0.005
-0.00193619 0.006
-0.00311066 0.007
-0.00491193 0.008
-0.0056238 0.009
-0.00587637 0.01
-0.0048617 0.011
-0.0072075 0.012
-0.00810237 0.013
-0.0109195 0.014
-0.0126693 0.015
-0.012599 0.016
-0.0163482 0.017
-0.0208868 0.018
-0.0205469 0.019
-0.0194084 0.02
-0.0183463 0.021
-0.0188602 0.022
-0.0204722 0.023
-0.0211618 0.024
-0.0213434 0.025
-0.0251218 0.026
-0.0290175 0.027
-0.0298891 0.028
-0.0303952 0.029
-0.0317791 0.03
-0.036049 0.031
-0.0359148 0.032
-0.0381832 0.033
-0.0385643 0.034
-0.0420904 0.035
-0.0431312 0.036
-0.0469636 0.037
-0.0463419 0.038
-0.0456892 0.039
-0.0446471 0.04
-0.04616 0.041
-0.0481146 0.042
-0.0505332 0.043
-0.0527108 0.044
-0.0549838 0.045
-0.0569895 0.046
-0.0563053 0.047
-0.0580439 0.048
-0.0576671 0.049
-0.059811 0.05
-0.0612047 0.051
-0.0618333 0.052
-0.0606799 0.053
-0.0628871 0.054
-0.0672891 0.055
-0.0674491 0.056
-0.0661935 0.057
-0.0677578 0.058
-0.0677377 0.059
-0.0670574 0.06
-0.0719902 0.061
-0.0738538 0.062
-0.0762597 0.063
-0.0765771 0.064
-0.0728628 0.065
-0.0731187 0.066
-0.0723002 0.067
-0.0711494 0.068
-0.0725252 0.069
-0.0748412 0.07
-0.0782024 0.071
-0.0802069 0.072
-0.0824683 0.073
-0.0814402 0.074
-0.0794396 0.075
-0.0816157 0.076
-0.0817609 0.077
-0.0824028 0.078
-0.0835227 0.079
-0.0833494 0.08
-0.084566 0.081
-0.0859283 0.082
-0.0869102 0.083
-0.0889037 0.084
-0.0903358 0.085
-0.0932117 0.086
-0.0943109 0.087
-0.0951365 0.088
-0.0956569 0.089
-0.0936235 0.09
-0.0930905 0.091
-0.092481 0.092
-0.0936524 0.093
-0.094958 0.094
-0.0949898 0.095
-0.0976885 0.096
-0.098314 0.097
-0.0989634 0.098
-0.101351 0.099
-0.103521 0.1
-0.105799 0.101
-0.105583 0.102
-0.108038 0.103
-0.109862 0.104
-0.109307 0.105
-0.108547 0.106
-0.110771 0.107
-0.112302 0.108
-0.113882 0.109
-0.115596 0.11
-0.115195 0.111
-0.114162 0.112
-0.114909 0.113
-0.116986 0.114
-0.116561 0.115
-0.117514 0.116
-0.119296 0.117
-0.119526 0.118
-0.121579 0.119
-0.120888 0.12
-0.1217 0.121
-0.122993 0.122
-0.122779 0.123
-0.124249 0.124
-0.124633 0.125
-0.125126 0.126
-0.125897 0.127
-0.126698 0.128
-0.128613 0.129
-0.130495 0.13
-0.130702 0.131
-0.132475 0.132
-0.132236 0.133
-0.133299 0.134
-0.133397 0.135
-0.133753 0.136
-0.135357 0.137
-0.13538 0.138
-0.13591 0.139
-0.137194 0.14
-0.134938 0.141
-0.135134 0.142
-0.136464 0.143
-0.136941 0.144
-0.13888 0.145
-0.140325 0.146
-0.139982 0.147
-0.139369 0.148
-0.140353 0.149
-0.142504 0.15
-0.142275 0.151
-0.142443 0.152
-0.14619 0.153
-0.147391 0.154
-0.14806 0.155
-0.150284 0.156
-0.148682 0.157
-0.149395 0.158
-0.148396 0.159
-0.148032 0.16
-0.148441 0.161
-0.149978 0.162
-0.149296 0.163
-0.15033 0.164
-0.153038 0.165
-0.154425 0.166
-0.15462 0.167
-0.154869 0.168
-0.155293 0.169
-0.156061 0.17
-0.156627 0.171
-0.15761 0.172
-0.158768 0.173
-0.159743 0.174
-0.161029 0.175
-0.162445 0.176
-0.163159 0.177
-0.162936 0.178
-0.16512 0.179
-0.165735 0.18
-0.166285 0.181
-0.167314 0.182
-0.167947 0.183
-0.167564 0.184
-0.168165 0.185
-0.167787 0.186
-0.16875 0.187
-0.169106 0.188
-0.17006 0.189
-0.170522 0.19
-0.170355 0.191
-0.170926 0.192
-0.171657 0.193
-0.171618 0.194
-0.171601 0.195
-0.172465 0.196
-0.172027 0.197
-0.172646 0.198
-0.172855 0.199
-0.172962 0.2
-0.173994 0.201
-0.173714 0.202
-0.173378 0.203
-0.173719 0.204
-0.173989 0.205
-0.174181 0.206
-0.175003 0.207
-0.175542 0.208
-0.175846 0.209
-0.17634 0.21
-0.176263 0.211
-0.176499 0.212
-0.176613 0.213
-0.176805 0.214
-0.175598 0.215
-0.175672 0.216
-0.175973 0.217
-0.176204 0.218
-0.176764 0.219
-0.177606 0.22
-0.178134 0.221
-0.178421 0.222
-0.178357 0.223
-0.178786 0.224
-0.178757 0.225
-0.178759 0.226
-0.179066 0.227
-0.179818 0.228
-0.180111 0.229
-0.18062 0.23
-0.180945 0.231
-0.181517 0.232
-0.181874 0.233
-0.182178 0.234
-0.182401 0.235
-0.182633 0.236
-0.18289 0.237
-0.182589 0.238
-0.182688 0.239
-0.182695 0.24
-0.183084 0.241
-0.182973 0.242
-0.183289 0.243
-0.182845 0.244
-0.182901 0.245
-0.182543 0.246
-0.183036 0.247
-0.18352 0.248
-0.183704 0.249
-0.183744 0.25
-0.183439 0.251
-0.183016 0.252
-0.183495 0.253
-0.183463 0.254
-0.183175 0.255
-0.183157 0.256
-0.183094 0.257
-0.182412 0.258
-0.181935 0.259
-0.18233 0.26
-0.182255 0.261
-0.182488 0.262
-0.182408 0.263
-0.182855 0.264
-0.183241 0.265
-0.183588 0.266
-0.183723 0.267
-0.183862 0.268
-0.183831 0.269
-0.183641 0.27
-0.183727 0.271
-0.183814 0.272
-0.183996 0.273
-0.18419 0.274
-0.184219 0.275
-0.184661 0.276
-0.184647 0.277
-0.184841 0.278
-0.184847 0.279
-0.18497 0.28
-0.184796 0.281
-0.184784 0.282
-0.185023 0.283
-0.185171 0.284
-0.185031 0.285
-0.185165 0.286
-0.185483 0.287
-0.185628 0.288
-0.185685 0.289
-0.185857 0.29
-0.186131 0.291
-0.185268 0.292
-0.185321 0.293
-0.185404 0.294
-0.185507 0.295
-0.185637 0.296
-0.185612 0.297
-0.185826 0.298
-0.186312 0.299
-0.186429 0.3
-0.186722 0.301
-0.186119 0.302
-0.186327 0.303
-0.186314 0.304
-0.186591 0.305
-0.186807 0.306
-0.187126 0.307
-0.186145 0.308
-0.186173 0.309
-0.1862 0.31
-0.186529 0.311
-0.186814 0.312
-0.187009 0.313
-0.187253 0.314
-0.187517 0.315
-0.187669 0.316
-0.18801 0.317
-0.187981 0.318
-0.188205 0.319
-0.188041 0.32
-0.188349 0.321
-0.188407 0.322
-0.188432 0.323
-0.188066 0.324
-0.188162 0.325
-0.187976 0.326
-0.188054 0.327
-0.188162 0.328
-0.188187 0.329
-0.188043 0.33
-0.188042 0.331
-0.18808 0.332
-0.188288 0.333
-0.188356 0.334
-0.18852 0.335
-0.187756 0.336
-0.187996 0.337
-0.18818 0.338
-0.188202 0.339
-0.188151 0.34
-0.187966 0.341
-0.188208 0.342
-0.188233 0.343
-0.188549 0.344
-0.188534 0.345
-0.187925 0.346
-0.188177 0.347
-0.188373 0.348
-0.188529 0.349
-0.188557 0.35
-0.1887 0.351
-0.188667 0.352
-0.188708 0.353
-0.188884 0.354
-0.188966 0.355
-0.189058 0.356
-0.189375 0.357
-0.189655 0.358
-0.18984 0.359
-0.189987 0.36
-0.18971 0.361
-0.189801 0.362
-0.190032 0.363
-0.190102 0.364
-0.190177 0.365
-0.190322 0.366
-0.190175 0.367
-0.190437 0.368
-0.190578 0.369
-0.190211 0.37
-0.190232 0.371
-0.190086 0.372
-0.190065 0.373
-0.190219 0.374
-0.190296 0.375
-0.190097 0.376
-0.18997 0.377
-0.190152 0.378
-0.190066 0.379
-0.190056 0.38
-0.190057 0.381
-0.189857 0.382
-0.189999 0.383
-0.189855 0.384
-0.189818 0.385
-0.189953 0.386
-0.18989 0.387
-0.190031 0.388
-0.189914 0.389
-0.190226 0.39
-0.190381 0.391
-0.190277 0.392
-0.19027 0.393
-0.190299 0.394
-0.190364 0.395
-0.190347 0.396
-0.190317 0.397
-0.190343 0.398
-0.190473 0.399
-0.190477 0.4
-0.190721 0.401
-0.190748 0.402
-0.190877 0.403
-0.19101 0.404
-0.190715 0.405
-0.190757 0.406
-0.190437 0.407
-0.190607 0.408
-0.190546 0.409
-0.190622 0.41
-0.190421 0.411
-0.190554 0.412
-0.19026 0.413
-0.190023 0.414
-0.189868 0.415
-0.189881 0.416
-0.189961 0.417
-0.189965 0.418
-0.189883 0.419
-0.189777 0.42
-0.189677 0.421
-0.189877 0.422
-0.18985 0.423
-0.18992 0.424
-0.190044 0.425
-0.189973 0.426
-0.190245 0.427
-0.190169 0.428
-0.190293 0.429
-0.190334 0.43
-0.190459 0.431
-0.190436 0.432
-0.189594 0.433
-0.188049 0.434
-0.187972 0.435
-0.187014 0.436
-0.187147 0.437
-0.187211 0.438
-0.18729 0.439
-0.1874 0.44
-0.187364 0.441
-0.187332 0.442
-0.187354 0.443
-0.187142 0.444
-0.187068 0.445
-0.187143 0.446
-0.187291 0.447
-0.187397 0.448
-0.187479 0.449
-0.187396 0.45
-0.187264 0.451
-0.18732 0.452
-0.187344 0.453
-0.18744 0.454
-0.187549 0.455
-0.187782 0.456
-0.1876 0.457
-0.187696 0.458
-0.187616 0.459
-0.187385 0.46
-0.187383 0.461
-0.187273 0.462
-0.187353 0.463
-0.187206 0.464
-0.187318 0.465
-0.187319 0.466
-0.187417 0.467
-0.187384 0.468
-0.187449 0.469
-0.186949 0.47
-0.186993 0.471
-0.18694 0.472
-0.186922 0.473
-0.186972 0.474
-0.1868 0.475
-0.186952 0.476
-0.186775 0.477
-0.186849 0.478
-0.186935 0.479
-0.186843 0.48
-0.186854 0.481
-0.186861 0.482
-0.186839 0.483
-0.186628 0.484
-0.186446 0.485
-0.186643 0.486
-0.186554 0.487
-0.186411 0.488
-0.186528 0.489
-0.186505 0.49
-0.186544 0.491
-0.186442 0.492
-0.186342 0.493
-0.18634 0.494
-0.18645 0.495
-0.186433 0.496
-0.186266 0.497
-0.186294 0.498
-0.186301 0.499
-0.186498 0.5
-0.186648 0.501
-0.186621 0.502
-0.186491 0.503
-0.18679 0.504
-0.186946 0.505
-0.18706 0.506
-0.186165 0.507
-0.186251 0.508
-0.186169 0.509
-0.186189 0.51
-0.186082 0.511
-0.186024 0.512
-0.185949 0.513
-0.185856 0.514
-0.185798 0.515
-0.185803 0.516
-0.185861 0.517
-0.185722 0.518
-0.185742 0.519
-0.184715 0.52
-0.184701 0.521
-0.184722 0.522
-0.184723 0.523
-0.184614 0.524
-0.184648 0.525
-0.184587 0.526
-0.184614 0.527
-0.184634 0.528
-0.184467 0.529
-0.184484 0.53
-0.184519 0.531
-0.184716 0.532
-0.184694 0.533
-0.184645 0.534
-0.184736 0.535
-0.18482 0.536
-0.184877 0.537
-0.184769 0.538
-0.18476 0.539
-0.184705 0.54
-0.184627 0.541
-0.184632 0.542
-0.184673 0.543
-0.184706 0.544
-0.18461 0.545
-0.184671 0.546
-0.18448 0.547
-0.184452 0.548
-0.184517 0.549
-0.184599 0.55
-0.184419 0.551
-0.184327 0.552
-0.18442 0.553
-0.184346 0.554
-0.184208 0.555
-0.184142 0.556
-0.184064 0.557
-0.184148 0.558
-0.18409 0.559
-0.184273 0.56
-0.184192 0.561
-0.184244 0.562
-0.184171 0.563
-0.184159 0.564
-0.184215 0.565
-0.184304 0.566
-0.184322 0.567
-0.184282 0.568
-0.184277 0.569
-0.184348 0.57
-0.184305 0.571
-0.184206 0.572
-0.184268 0.573
-0.183864 0.574
-0.183961 0.575
-0.18399 0.576
-0.184017 0.577
-0.184108 0.578
-0.184175 0.579
-0.183627 0.58
-0.183643 0.581
-0.18366 0.582
-0.183692 0.583
-0.183578 0.584
-0.183623 0.585
-0.183685 0.586
-0.183634 0.587
-0.183182 0.588
-0.183111 0.589
-0.183117 0.59
-0.183143 0.591
-0.183229 0.592
-0.183249 0.593
-0.18336 0.594
-0.183313 0.595
-0.182841 0.596
-0.182901 0.597
-0.182782 0.598
-0.182747 0.599
-0.182648 0.6
-0.18263 0.601
-0.182711 0.602
-0.182726 0.603
-0.182654 0.604
-0.182716 0.605
-0.182726 0.606
-0.182943 0.607
-0.182826 0.608
-0.182839 0.609
-0.182818 0.61
-0.182864 0.611
-0.182861 0.612
-0.182747 0.613
-0.182737 0.614
-0.182774 0.615
-0.182806 0.616
-0.182777 0.617
-0.182739 0.618
-0.182661 0.619
-0.182711 0.62
-0.182707 0.621
-0.182058 0.622
-0.181931 0.623
-0.181985 0.624
-0.18206 0.625
-0.18208 0.626
-0.182202 0.627
-0.181958 0.628
-0.182039 0.629
-0.182021 0.63
-0.182044 0.631
-0.182115 0.632
-0.182171 0.633
-0.182125 0.634
-0.182213 0.635
-0.182292 0.636
-0.182468 0.637
-0.182677 0.638
-0.182756 0.639
-0.182848 0.64
-0.182777 0.641
-0.18287 0.642
-0.182913 0.643
-0.182956 0.644
-0.182312 0.645
-0.182326 0.646
-0.182317 0.647
-0.182343 0.648
-0.182462 0.649
-0.182417 0.65
-0.182358 0.651
-0.182417 0.652
-0.182175 0.653
-0.182287 0.654
-0.182225 0.655
-0.182275 0.656
-0.182351 0.657
-0.182249 0.658
-0.1823 0.659
-0.182353 0.66
-0.182421 0.661
-0.182417 0.662
-0.182538 0.663
-0.182473 0.664
-0.182557 0.665
-0.182563 0.666
-0.182545 0.667
-0.182635 0.668
-0.182587 0.669
-0.182537 0.67
-0.182537 0.671
-0.182549 0.672
-0.182555 0.673
-0.18254 0.674
-0.182693 0.675
-0.182746 0.676
-0.182734 0.677
-0.182807 0.678
-0.182867 0.679
-0.182841 0.68
-0.18287 0.681
-0.182787 0.682
-0.182673 0.683
-0.182697 0.684
-0.182793 0.685
-0.18283 0.686
-0.18276 0.687
-0.182601 0.688
-0.182631 0.689
-0.182622 0.69
-0.182634 0.691
-0.182613 0.692
-0.182631 0.693
-0.182642 0.694
-0.182713 0.695
-0.18267 0.696
-0.182517 0.697
-0.18248 0.698
-0.18251 0.699
-0.1825 0.7
-0.182554 0.701
-0.182444 0.702
-0.182499 0.703
-0.182439 0.704
-0.182364 0.705
-0.18237 0.706
-0.182438 0.707
-0.182491 0.708
-0.182497 0.709
-0.182464 0.71
-0.182406 0.711
-0.1824 0.712
-0.182326 0.713
-0.182416 0.714
-0.182424 0.715
-0.182526 0.716
-0.182622 0.717
-0.182723 0.718
-0.182707 0.719
-0.182665 0.72
-0.182682 0.721
-0.182793 0.722
-0.182844 0.723
-0.182867 0.724
-0.18292 0.725
-0.18296 0.726
-0.182952 0.727
-0.182959 0.728
-0.182627 0.729
-0.182676 0.73
-0.182734 0.731
-0.182757 0.732
-0.182751 0.733
-0.182708 0.734
-0.182752 0.735
-0.182859 0.736
-0.182856 0.737
-0.18291 0.738
-0.182751 0.739
-0.182792 0.74
-0.182698 0.741
-0.182716 0.742
-0.182647 0.743
-0.182634 0.744
-0.182754 0.745
-0.182715 0.746
-0.182787 0.747
-0.182783 0.748
-0.182722 0.749
-0.182747 0.75
-0.182769 0.751
-0.182775 0.752
-0.182716 0.753
-0.182683 0.754
-0.182666 0.755
-0.182496 0.756
-0.182392 0.757
-0.182401 0.758
-0.182397 0.759
-0.182238 0.76
-0.182206 0.761
-0.182203 0.762
-0.18227 0.763
-0.182305 0.764
-0.182288 0.765
-0.182216 0.766
-0.18222 0.767
-0.182189 0.768
-0.182166 0.769
-0.182224 0.77
-0.1823 0.771
-0.182365 0.772
-0.182333 0.773
-0.18231 0.774
-0.182366 0.775
-0.182291 0.776
-0.18238 0.777
-0.182512 0.778
-0.182454 0.779
-0.182369 0.78
-0.182498 0.781
-0.182396 0.782
-0.182451 0.783
-0.182455 0.784
-0.182334 0.785
-0.182306 0.786
-0.182406 0.787
-0.182425 0.788
-0.18251 0.789
-0.182522 0.79
-0.182442 0.791
-0.182457 0.792
-0.182394 0.793
-0.182394 0.794
-0.183839 0.795
-0.18383 0.796
-0.183764 0.797
-0.183794 0.798
-0.183798 0.799
-0.183809 0.8
-0.183869 0.801
-0.182583 0.802
-0.182571 0.803
-0.182458 0.804
-0.182523 0.805
-0.182627 0.806
-0.182565 0.807
-0.182564 0.808
-0.182593 0.809
-0.182414 0.81
-0.182317 0.811
-0.182334 0.812
-0.182316 0.813
-0.182345 0.814
-0.18225 0.815
-0.182175 0.816
-0.182247 0.817
-0.182198 0.818
-0.182257 0.819
-0.182242 0.82
-0.182196 0.821
-0.182161 0.822
-0.18229 0.823
-0.182241 0.824
-0.182255 0.825
-0.182263 0.826
-0.182264 0.827
-0.182219 0.828
-0.182348 0.829
-0.182295 0.83
-0.182298 0.831
-0.182359 0.832
-0.182436 0.833
-0.182499 0.834
-0.182622 0.835
-0.182709 0.836
-0.182701 0.837
-0.182794 0.838
-0.18279 0.839
-0.182778 0.84
-0.182839 0.841
-0.182869 0.842
-0.182859 0.843
-0.182825 0.844
-0.1823 0.845
-0.182292 0.846
-0.182254 0.847
-0.182191 0.848
-0.182231 0.849
-0.182275 0.85
-0.182257 0.851
-0.182315 0.852
-0.182248 0.853
-0.182286 0.854
-0.182311 0.855
-0.182308 0.856
-0.182301 0.857
-0.182296 0.858
-0.181485 0.859
-0.181471 0.86
-0.181439 0.861
-0.181516 0.862
-0.181502 0.863
-0.181491 0.864
-0.181429 0.865
-0.181434 0.866
-0.181346 0.867
-0.181407 0.868
-0.181359 0.869
-0.181399 0.87
-0.181365 0.871
-0.181373 0.872
-0.180418 0.873
-0.180385 0.874
-0.180359 0.875
-0.180396 0.876
-0.180403 0.877
-0.180316 0.878
-0.180313 0.879
-0.179885 0.88
-0.179946 0.881
-0.179854 0.882
-0.179768 0.883
-0.179781 0.884
-0.179724 0.885
-0.179672 0.886
-0.179618 0.887
-0.179683 0.888
-0.179704 0.889
-0.179698 0.89
-0.179752 0.891
-0.179793 0.892
-0.179732 0.893
-0.179733 0.894
-0.17983 0.895
-0.179838 0.896
-0.179828 0.897
-0.179792 0.898
-0.17975 0.899
-0.179753 0.9
-0.179711 0.901
-0.179734 0.902
-0.179716 0.903
-0.179676 0.904
-0.179693 0.905
-0.17965 0.906
-0.17969 0.907
-0.179623 0.908
-0.179665 0.909
-0.179586 0.91
-0.179619 0.911
-0.17962 0.912
-0.179617 0.913
-0.179702 0.914
-0.179655 0.915
-0.179746 0.916
-0.179129 0.917
-0.179104 0.918
-0.179157 0.919
-0.179166 0.92
-0.17912 0.921
-0.179097 0.922
-0.179006 0.923
-0.178996 0.924
-0.179019 0.925
-0.179074 0.926
-0.179149 0.927
-0.179185 0.928
-0.179037 0.929
-0.179097 0.93
-0.179118 0.931
-0.179145 0.932
-0.179139 0.933
-0.179149 0.934
-0.179118 0.935
-0.179107 0.936
-0.179126 0.937
-0.179168 0.938
-0.179188 0.939
-0.179228 0.94
-0.179229 0.941
-0.179267 0.942
-0.179356 0.943
-0.179307 0.944
-0.179287 0.945
-0.17929 0.946
-0.179355 0.947
-0.179469 0.948
-0.179479 0.949
-0.179507 0.95
-0.179523 0.951
-0.179544 0.952
-0.179548 0.953
-0.179164 0.954
-0.179241 0.955
-0.179163 0.956
-0.179179 0.957
-0.179195 0.958
-0.179157 0.959
-0.179093 0.96
-0.179042 0.961
-0.179128 0.962
-0.179173 0.963
-0.179224 0.964
-0.179218 0.965
-0.179219 0.966
-0.179239 0.967
-0.179191 0.968
-0.179259 0.969
-0.179213 0.97
-0.179235 0.971
-0.1793 0.972
-0.179 0.973
-0.179056 0.974
-0.179 0.975
-0.179003 0.976
-0.178921 0.977
-0.178891 0.978
-0.178881 0.979
-0.178917 0.98
-0.178935 0.981
-0.178909 0.982
-0.17888 0.983
-0.178851 0.984
-0.178826 0.985
-0.178777 0.986
-0.178803 0.987
-0.178853 0.988
-0.178793 0.989
-0.178886 0.99
-0.178901 0.991
-0.178824 0.992
-0.178782 0.993
-0.178718 0.994
-0.178714 0.995
-0.178722 0.996
-0.178734 0.997
-0.178758 0.998
-0.178825 0.999
-0.178806 1


Shark
3.14159 1.5
3.13829 1.4995
3.13499 1.499
3.13169 1.4985
3.12839 1.498
3.12509 1.4975
3.12179 1.497
3.11849 1.4965
3.11519 1.496
3.11189 1.4955
3.10859 1.495
3.10529 1.4945
3.10199 1.494
3.09869 1.4935
3.09539 1.493
3.09209 1.4925
3.08879 1.492
3.08548 1.4915
3.08217 1.491
3.07887 1.4905
3.07557 1.49
3.07227 1.4895
3.06897 1.489
3.06567 1.4885
3.06237 1.488
3.05907 1.4875
3.05575 1.487
3.05243 1.4865
3.04913 1.486
3.04583 1.4855
3.04253 1.485
3.0392 1.4845
3.0359 1.484
3.03259 1.4835
3.02929 1.483
3.02597 1.4825
3.02266 1.482
3.01933 1.4815
3.01603 1.481
3.01273 1.4805
3.00943 1.48
3.00612 1.4795
3.00281 1.479
2.99949 1.4785
2.99618 1.478
2.99286 1.4775
2.98955 1.477
2.98625 1.4765
2.98294 1.476
2.97963 1.4755
2.97632 1.475
2.97301 1.4745
2.96971 1.474
2.9664 1.4735
2.96308 1.473
2.95968 1.4725
2.95638 1.472
2.95308 1.4715
2.94976 1.471
2.94646 1.4705
2.94316 1.47
2.93972 1.4695
2.93639 1.469
2.93306 1.4685
2.92976 1.468
2.92636 1.4675
2.92306 1.467
2.91976 1.4665
2.91645 1.466
2.91313 1.4655
2.90979 1.465
2.9064 1.4645
2.90307 1.464
2.89972 1.4635
2.89641 1.463
2.89308 1.4625
2.88973 1.462
2.88643 1.4615
2.88313 1.461
2.87981 1.4605
2.87651 1.46
2.8732 1.4595
2.86988 1.459
2.86657 1.4585
2.86322 1.458
2.8599 1.4575
2.8565 1.457
2.85318 1.4565
2.84988 1.456
2.84657 1.4555
2.84322 1.455
2.83991 1.4545
2.83661 1.454
2.83329 1.4535
2.82997 1.453
2.82667 1.4525
2.82326 1.452
2.81995 1.4515
2.81664 1.451
2.81325 1.4505
2.80988 1.45
2.80649 1.4495
2.80319 1.449
2.79979 1.4485
2.79643 1.448
2.79313 1.4475
2.78982 1.447
2.78642 1.4465
2.78308 1.446
2.77973 1.4455
2.77637 1.445
2.77307 1.4445
2.76975 1.444
2.76644 1.4435
2.76305 1.443
2.75974 1.4425
2.75642 1.442
2.75305 1.4415
2.74975 1.441
2.74636 1.4405
2.74304 1.44
2.73973 1.4395
2.73639 1.439
2.73309 1.4385
2.72973 1.438
2.72643 1.4375
2.72312 1.437
2.71981 1.4365
2.71649 1.436
2.71309 1.4355
2.70969 1.435
2.70639 1.4345
2.703 1.434
2.6997 1.4335
2.69637 1.433
2.69307 1.4325
2.68977 1.432
2.68639 1.4315
2.68309 1.431
2.67978 1.4305
2.67643 1.43
2.67296 1.4295
2.66966 1.429
2.6663 1.4285
2.663 1.428
2.65957 1.4275
2.6562 1.427
2.65289 1.4265
2.64958 1.426
2.64624 1.4255
2.64278 1.425
2.63948 1.4245
2.63618 1.424
2.63237 1.4235
2.62902 1.423
2.6257 1.4225
2.62221 1.422
2.61881 1.4215
2.61549 1.421
2.61215 1.4205
2.60884 1.42
2.60553 1.4195
2.60213 1.419
2.59881 1.4185
2.59547 1.418
2.59185 1.4175
2.58847 1.417
2.58517 1.4165
2.58186 1.416
2.57855 1.4155
2.57523 1.415
2.57191 1.4145
2.56857 1.414
2.5652 1.4135
2.56185 1.413
2.55847 1.4125
2.55507 1.412
2.55174 1.4115
2.54844 1.411
2.5449 1.4105
2.54158 1.41
2.53826 1.4095
2.53491 1.409
2.53158 1.4085
2.52828 1.408
2.52496 1.4075
2.52165 1.407
2.5183 1.4065
2.51499 1.406
2.51164 1.4055
2.50832 1.405
2.50502 1.4045
2.5017 1.404
2.49837 1.4035
2.49507 1.403
2.49177 1.4025
2.48842 1.402
2.48511 1.4015
2.48178 1.401
2.47848 1.4005
2.47518 1.4
2.47181 1.3995
2.46851 1.399
2.4652 1.3985
2.46189 1.398
2.45859 1.3975
2.45528 1.397
2.45194 1.3965
2.44862 1.396
2.44531 1.3955
2.44199 1.395
2.43869 1.3945
2.43539 1.394
2.43209 1.3935
2.42878 1.393
2.42537 1.3925
2.42207 1.392
2.41877 1.3915
2.41546 1.391
2.41214 1.3905
2.40878 1.39
2.40546 1.3895
2.40215 1.389
2.39885 1.3885
2.39554 1.388
2.39224 1.3875
2.38894 1.387
2.38563 1.3865
2.38228 1.386
2.37897 1.3855
2.37565 1.385
2.37234 1.3845
2.36901 1.384
2.3657 1.3835
2.36239 1.383
2.35909 1.3825
2.35578 1.382
2.35248 1.3815
2.34917 1.381
2.34587 1.3805
2.34257 1.38
2.33925 1.3795
2.33595 1.379
2.33264 1.3785
2.32932 1.378
2.32602 1.3775
2.32271 1.377
2.31939 1.3765
2.31606 1.376
2.31276 1.3755
2.30946 1.375
2.30615 1.3745
2.30283 1.374
2.29951 1.3735
2.29621 1.373
2.2929 1.3725
2.2896 1.372
2.2863 1.3715
2.28295 1.371
2.27962 1.3705
2.27631 1.37
2.273 1.3695
2.2697 1.369
2.2664 1.3685
2.26308 1.368
2.25976 1.3675
2.25644 1.367
2.25314 1.3665
2.24984 1.366
2.24654 1.3655
2.24324 1.365
2.23993 1.3645
2.23663 1.364
2.23333 1.3635
2.23002 1.363
2.22672 1.3625
2.2234 1.362
2.2201 1.3615
2.2168 1.361
2.2135 1.3605
2.21019 1.36
2.20689 1.3595
2.20359 1.359
2.20028 1.3585
2.19698 1.358
2.19368 1.3575
2.19037 1.357
2.18706 1.3565
2.18376 1.356
2.18046 1.3555
2.17715 1.355
2.17384 1.3545
2.17044 1.354
2.16714 1.3535
2.16384 1.353
2.16054 1.3525
2.15723 1.352
2.15393 1.3515
2.15063 1.351
2.14729 1.3505
2.14399 1.35
2.14068 1.3495
2.13732 1.349
2.13402 1.3485
2.13072 1.348
2.12741 1.3475
2.1241 1.347
2.12078 1.3465
2.11734 1.346
2.11404 1.3455
2.11074 1.345
2.10742 1.3445
2.10411 1.344
2.1008 1.3435
2.09749 1.343
2.09418 1.3425
2.09087 1.342
2.08756 1.3415
2.08426 1.341
2.08095 1.3405
2.07764 1.34
2.07433 1.3395
2.07103 1.339
2.06773 1.3385
2.0644 1.338
2.0611 1.3375
2.05779 1.337
2.05449 1.3365
2.05119 1.336
2.04789 1.3355
2.04459 1.335
2.04129 1.3345
2.03799 1.334
2.03468 1.3335
2.03138 1.333
2.02807 1.3325
2.02467 1.332
2.02136 1.3315
2.01805 1.331
2.01475 1.3305
2.01145 1.33
2.00814 1.3295
2.00483 1.329
2.00153 1.3285
1.99821 1.328
1.99491 1.3275
1.99154 1.327
1.98823 1.3265
1.98492 1.326
1.98161 1.3255
1.97831 1.325
1.97501 1.3245
1.97171 1.324
1.96841 1.3235
1.9651 1.323
1.9618 1.3225
1.9585 1.322
1.95518 1.3215
1.95186 1.321
1.94856 1.3205
1.94525 1.32
1.94193 1.3195
1.93863 1.319
1.93532 1.3185
1.93202 1.318
1.92872 1.3175
1.92541 1.317
1.92211 1.3165
1.91879 1.316
1.91549 1.3155
1.91216 1.315
1.90886 1.3145
1.90555 1.314
1.90225 1.3135
1.89895 1.313
1.89565 1.3125
1.89234 1.312
1.88903 1.3115
1.88573 1.311
1.88242 1.3105
1.87912 1.31
1.87582 1.3095
1.87252 1.309
1.86921 1.3085
1.86591 1.308
1.86261 1.3075
1.8593 1.307
1.856 1.3065
1.85269 1.306
1.84939 1.3055
1.84607 1.305
1.84276 1.3045
1.83946 1.304
1.83616 1.3035
1.83286 1.303
1.82956 1.3025
1.82626 1.302
1.82296 1.3015
1.81966 1.301
1.81635 1.3005
1.81305 1.3
1.80974 1.2995
1.80644 1.299
1.80313 1.2985
1.79983 1.298
1.7965 1.2975
1.7932 1.297
1.78988 1.2965
1.78657 1.296
1.78327 1.2955
1.77996 1.295
1.77665 1.2945
1.77335 1.294
1.77002 1.2935
1.76671 1.293
1.7634 1.2925
1.7601 1.292
1.7568 1.2915
1.7535 1.291
1.7502 1.2905
1.74689 1.29
1.74359 1.2895
1.74028 1.289
1.73698 1.2885
1.73368 1.288
1.73037 1.2875
1.72707 1.287
1.72375 1.2865
1.72045 1.286
1.71714 1.2855
1.71384 1.285
1.71054 1.2845
1.70724 1.284
1.70373 1.2835
1.69975 1.283
1.69645 1.2825
1.69288 1.282
1.68957 1.2815
1.68627 1.281
1.68297 1.2805
1.67966 1.28
1.67636 1.2795
1.67306 1.279
1.66976 1.2785
1.66645 1.278
1.66315 1.2775
1.65984 1.277
1.65654 1.2765
1.65323 1.276
1.64993 1.2755
1.64663 1.275
1.64332 1.2745
1.64002 1.274
1.63672 1.2735
1.63342 1.273
1.63012 1.2725
1.6268 1.272
1.62349 1.2715
1.62018 1.271
1.61688 1.2705
1.61356 1.27
1.61026 1.2695
1.60696 1.269
1.60365 1.2685
1.60035 1.268
1.59704 1.2675
1.59374 1.267
1.59044 1.2665
1.58714 1.266
1.58384 1.2655
1.58045 1.265
1.57715 1.2645
1.57385 1.264
1.57055 1.2635
1.56725 1.263
1.56393 1.2625
1.56063 1.262
1.55731 1.2615
1.55401 1.261
1.55071 1.2605
1.54741 1.26
1.54411 1.2595
1.54081 1.259
1.53751 1.2585
1.53419 1.258
1.53088 1.2575
1.52756 1.257
1.52426 1.2565
1.52095 1.256
1.51764 1.2555
1.51434 1.255
1.51104 1.2545
1.50774 1.254
1.50444 1.2535
1.50114 1.253
1.49783 1.2525
1.49453 1.252
1.49122 1.2515
1.48792 1.251
1.48462 1.2505
1.4813 1.25
1.47799 1.2495
1.47469 1.249
1.47139 1.2485
1.46805 1.248
1.46474 1.2475
1.46143 1.247
1.45781 1.2465
1.45451 1.246
1.4512 1.2455
1.4479 1.245
1.4446 1.2445
1.4413 1.244
1.43799 1.2435
1.43469 1.243
1.43139 1.2425
1.42809 1.242
1.42479 1.2415
1.42148 1.241
1.41818 1.2405
1.41444 1.24
1.41114 1.2395
1.40784 1.239
1.40454 1.2385
1.40123 1.238
1.39793 1.2375
1.39463 1.237
1.39133 1.2365
1.38803 1.236
1.38472 1.2355
1.38142 1.235
1.37812 1.2345
1.3748 1.234
1.3715 1.2335
1.3682 1.233
1.36489 1.2325
1.36159 1.232
1.35829 1.2315
1.35498 1.231
1.35168 1.2305
1.34838 1.23
1.34508 1.2295
1.34178 1.229
1.33848 1.2285
1.33518 1.228
1.33187 1.2275
1.32857 1.227
1.32525 1.2265
1.32195 1.226
1.31865 1.2255
1.31535 1.225
1.31203 1.2245
1.30873 1.224
1.30542 1.2235
1.30212 1.223
1.29881 1.2225
1.29551 1.222
1.2922 1.2215
1.2889 1.221
1.2856 1.2205
1.28228 1.22
1.27898 1.2195
1.27568 1.219
1.27237 1.2185
1.26907 1.218
1.26577 1.2175
1.26247 1.217
1.25917 1.2165
1.25587 1.216
1.25257 1.2155
1.24926 1.215
1.24596 1.2145
1.24266 1.214
1.23936 1.2135
1.23597 1.213
1.23266 1.2125
1.22936 1.212
1.22606 1.2115
1.22276 1.211
1.21946 1.2105
1.21599 1.21
1.21269 1.2095
1.20939 1.209
1.20609 1.2085
1.20279 1.208
1.19948 1.2075
1.19618 1.207
1.19288 1.2065
1.18947 1.206
1.18616 1.2055
1.18286 1.205
1.17956 1.2045
1.17626 1.204
1.17296 1.2035
1.16965 1.203
1.16635 1.2025
1.16292 1.202
1.15962 1.2015
1.15631 1.201
1.15301 1.2005
1.1497 1.2
1.1464 1.1995
1.1431 1.199
1.1398 1.1985
1.1365 1.198
1.13319 1.1975
1.12989 1.197
1.12657 1.1965
1.12326 1.196
1.11996 1.1955
1.11666 1.195
1.11336 1.1945
1.11006 1.194
1.10675 1.1935
1.10345 1.193
1.10015 1.1925
1.09685 1.192
1.09355 1.1915
1.09025 1.191
1.08694 1.1905
1.08364 1.19
1.08034 1.1895
1.07678 1.189
1.07347 1.1885
1.07017 1.188
1.06687 1.1875
1.06357 1.187
1.06026 1.1865
1.05692 1.186
1.05361 1.1855
1.05031 1.185
1.04701 1.1845
1.04371 1.184
1.04041 1.1835
1.03711 1.183
1.0338 1.1825
1.0305 1.182
1.02718 1.1815
1.02385 1.181
1.02054 1.1805
1.01724 1.18
1.01393 1.1795
1.01063 1.179
1.00733 1.1785
1.00402 1.178
1.00045 1.1775
0.997151 1.177
0.993851 1.1765
0.990551 1.176
0.987241 1.1755
0.98394 1.175
0.980637 1.1745
0.977335 1.174
0.973994 1.1735
0.970685 1.173
0.967382 1.1725
0.964081 1.172
0.960776 1.1715
0.957469 1.171
0.954167 1.1705
0.950865 1.17
0.947562 1.1695
0.944262 1.169
0.940951 1.1685
0.937648 1.168
0.934343 1.1675
0.931043 1.167
0.927743 1.1665
0.924437 1.166
0.921135 1.1655
0.917833 1.165
0.914533 1.1645
0.911233 1.164
0.907933 1.1635
0.904633 1.163
0.901315 1.1625
0.898013 1.162
0.894713 1.1615
0.891409 1.161
0.888106 1.1605
0.884806 1.16
0.881505 1.1595
0.8782 1.159
0.87489 1.1585
0.871589 1.158
0.868282 1.1575
0.864981 1.157
0.861677 1.1565
0.858358 1.156
0.855057 1.1555
0.851757 1.155
0.848457 1.1545
0.845157 1.154
0.841856 1.1535
0.838556 1.153
0.835252 1.1525
0.831951 1.152
0.828632 1.1515
0.825331 1.151
0.82203 1.1505
0.81873 1.15
0.815428 1.1495
0.812118 1.149
0.808816 1.1485
0.805513 1.148
0.802208 1.1475
0.798908 1.147
0.795604 1.1465
0.792302 1.146
0.789002 1.1455
0.785701 1.145
0.782398 1.1445
0.779098 1.144
0.775794 1.1435
0.772487 1.143
0.769187 1.1425
0.765878 1.142
0.76257 1.1415
0.759261 1.141
0.755961 1.1405
0.75266 1.14
0.749359 1.1395
0.746049 1.139
0.742747 1.1385
0.739446 1.138
0.736144 1.1375
0.732842 1.137
0.729542 1.1365
0.726242 1.136
0.722847 1.1355
0.719545 1.135
0.716242 1.1345
0.712942 1.134
0.709642 1.1335
0.70634 1.133
0.703038 1.1325
0.699728 1.132
0.696428 1.1315
0.693126 1.131
0.689803 1.1305
0.686501 1.13
0.683193 1.1295
0.679893 1.129
0.676589 1.1285
0.673288 1.128
0.669975 1.1275
0.666674 1.127
0.663369 1.1265
0.660069 1.126
0.656766 1.1255
0.653465 1.125
0.650165 1.1245
0.646865 1.124
0.643562 1.1235
0.64026 1.123
0.63696 1.1225
0.633633 1.122
0.630323 1.1215
0.627023 1.121
0.623723 1.1205
0.620399 1.12
0.617098 1.1195
0.613798 1.119
0.610494 1.1185
0.607192 1.118
0.603892 1.1175
0.600587 1.117
0.597287 1.1165
0.593986 1.116
0.590686 1.1155
0.587382 1.115
0.584077 1.1145
0.580773 1.114
0.577472 1.1135
0.574171 1.113
0.570868 1.1125
0.567563 1.112
0.564255 1.1115
0.560938 1.111
0.557634 1.1105
0.554327 1.11
0.55101 1.1095
0.5477 1.109
0.544397 1.1085
0.541097 1.108
0.537782 1.1075
0.534481 1.107
0.531171 1.1065
0.527871 1.106
0.524563 1.1055
0.521263 1.105
0.517956 1.1045
0.514656 1.104
0.511352 1.1035
0.508052 1.103
0.503028 1.1025
0.499728 1.102
0.496424 1.1015
0.493123 1.101
0.489823 1.1005
0.486523 1.1
0.483219 1.0995
0.47848 1.099
0.47518 1.0985
0.471866 1.098
0.468562 1.0975
0.46525 1.097
0.461946 1.0965
0.458646 1.096
0.455345 1.0955
0.45201 1.095
0.4487 1.0945
0.4454 1.094
0.4421 1.0935
0.438799 1.093
0.435489 1.0925
0.432183 1.092
0.428877 1.0915
0.425574 1.091
0.422271 1.0905
0.41897 1.09
0.415668 1.0895
0.412367 1.089
0.409048 1.0885
0.405745 1.088
0.402445 1.0875
0.399145 1.087
0.395845 1.0865
0.392543 1.086
0.389224 1.0855
0.385921 1.085
0.382621 1.0845
0.379317 1.084
0.37601 1.0835
0.372705 1.083
0.369388 1.0825
0.366079 1.082
0.362779 1.0815
0.359469 1.081
0.356169 1.0805
0.352869 1.08
0.349565 1.0795
0.346264 1.079
0.342964 1.0785
0.339662 1.078
0.336052 1.0775
0.332752 1.077
0.329451 1.0765
0.326146 1.076
0.322844 1.0755
0.319542 1.075
0.316241 1.0745
0.312937 1.074
0.309632 1.0735
0.30633 1.073
0.303029 1.0725
0.299729 1.072
0.296429 1.0715
0.293129 1.071
0.289107 1.0705
0.285807 1.07
0.282506 1.0695
0.279199 1.069
0.275898 1.0685
0.272598 1.068
0.269293 1.0675
0.265993 1.067
0.262684 1.0665
0.259379 1.066
0.256076 1.0655
0.252774 1.065
0.249473 1.0645
0.246173 1.064
0.241878 1.0635
0.238577 1.063
0.235276 1.0625
0.231974 1.062
0.228674 1.0615
0.225364 1.061
0.222064 1.0605
0.218538 1.06
0.215233 1.0595
0.211922 1.059
0.208612 1.0585
0.205312 1.058
0.202008 1.0575
0.198704 1.057
0.195401 1.0565
0.192095 1.056
0.188795 1.0555
0.185495 1.055
0.182191 1.0545
0.178888 1.054
0.175584 1.0535
0.172284 1.053
0.168971 1.0525
0.165671 1.052
0.162371 1.0515
0.159069 1.051
0.155767 1.0505
0.152467 1.05
0.149164 1.0495
0.145864 1.049
0.142563 1.0485
0.139261 1.048
0.135961 1.0475
0.132658 1.047
0.129356 1.0465
0.12605 1.046
0.122747 1.0455
0.119439 1.045
0.116137 1.0445
0.112837 1.044
0.109537 1.0435
0.106227 1.043
0.102924 1.0425
0.0996127 1.042
0.0958208 1.0415
0.09252 1.041
0.0892161 1.0405
0.085916 1.04
0.082613 1.0395
0.0793123 1.039
0.0760007 1.0385
0.0727006 1.038
0.0693999 1.0375
0.0660956 1.037
0.0627877 1.0365
0.0594859 1.036
0.0561548 1.0355
0.0528495 1.035
0.0495489 1.0345
0.0462479 1.034
0.0429478 1.0335
0.0396477 1.033
0.0363463 1.0325
0.0330461 1.032
0.0297456 1.0315
0.026443 1.031
0.0231424 1.0305
0.01984 1.03
0.01654 1.0295
0.0132379 1.029
0.00992639 1.0285
0.00662297 1.028
0.00332238 1.0275
2.23729e-05 1.027
-0.00328379 1.0265
-0.00660311 1.026
-0.00990327 1.0255
-0.0132044 1.025
-0.0165048 1.0245
-0.0198055 1.024
-0.0231055 1.0235
-0.0266199 1.023
-0.0299287 1.0225
-0.0332379 1.022
-0.0365383 1.0215
-0.0398386 1.021
-0.0431409 1.0205
-0.046447 1.02
-0.0497509 1.0195
-0.053062 1.019
-0.0563652 1.0185
-0.0596692 1.018
-0.0629692 1.0175
-0.0662692 1.017
-0.0695698 1.0165
-0.0728735 1.016
-0.0761808 1.0155
-0.0794842 1.015
-0.0827849 1.0145
-0.0860916 1.014
-0.0895294 1.0135
-0.0928342 1.013
-0.0961391 1.0125
-0.0994391 1.012
-0.10275 1.0115
-0.106051 1.011
-0.109351 1.0105
-0.112653 1.01
-0.115954 1.0095
-0.119255 1.009
-0.122556 1.0085
-0.125858 1.008
-0.129159 1.0075
-0.132462 1.007
-0.135763 1.0065
-0.139068 1.006
-0.142373 1.0055
-0.145687 1.005
-0.148987 1.0045
-0.152297 1.004
-0.1556 1.0035
-0.158907 1.003
-0.162207 1.0025
-0.165507 1.002
-0.168807 1.0015
-0.172108 1.001
-0.175415 1.0005
-0.178716 1
