Man
0 0
0.0068701 0.00100301
0.00208235 0.00200602
-0.000786903 0.00300903
-0.00823997 0.00401204
-0.0124339 0.00501505
-0.0169644 0.00601805
-0.0178145 0.00702106
-0.0236645 0.00802407
-0.0285698 0.00902708
-0.0298684 0.0100301
-0.0353569 0.0110331
-0.0423043 0.0120361
-0.0413382 0.0130391
-0.0397963 0.0140421
-0.0418943 0.0150451
-0.0393873 0.0160481
-0.0416916 0.0170512
-0.0441028 0.0180542
-0.0530684 0.0190572
-0.0573591 0.0200602
-0.0616018 0.0210632
-0.064484 0.0220662
-0.0696873 0.0230692
-0.074331 0.0240722
-0.0837041 0.0250752
-0.0845179 0.0260782
-0.0904563 0.0270812
-0.0947837 0.0280843
-0.0989829 0.0290873
-0.104385 0.0300903
-0.109421 0.0310933
-0.109671 0.0320963
-0.116232 0.0330993
-0.120989 0.0341023
-0.130086 0.0351053
-0.130936 0.0361083
-0.135469 0.0371113
-0.138368 0.0381143
-0.14271 0.0391174
-0.15235 0.0401204
-0.154086 0.0411234
-0.156699 0.0421264
-0.162747 0.0431294
-0.166485 0.0441324
-0.167713 0.0451354
-0.169535 0.0461384
-0.179489 0.0471414
-0.184203 0.0481444
-0.187962 0.0491474
-0.191656 0.0501505
-0.202352 0.0511535
-0.205677 0.0521565
-0.209177 0.0531595
-0.205259 0.0541625
-0.212598 0.0551655
-0.211087 0.0561685
-0.215426 0.0571715
-0.218795 0.0581745
-0.225843 0.0591775
-0.233802 0.0601805
-0.234782 0.0611836
-0.23988 0.0621866
-0.244524 0.0631896
-0.247828 0.0641926
-0.251927 0.0651956
-0.252905 0.0661986
-0.255024 0.0672016
-0.257297 0.0682046
-0.261235 0.0692076
-0.265639 0.0702106
-0.274921 0.0712136
-0.282949 0.0722166
-0.288949 0.0732197
-0.296344 0.0742227
-0.298837 0.0752257
-0.308351 0.0762287
-0.311872 0.0772317
-0.313607 0.0782347
-0.319512 0.0792377
-0.315457 0.0802407
-0.320363 0.0812437
-0.326077 0.0822467
-0.3259 0.0832497
-0.330187 0.0842528
-0.335315 0.0852558
-0.33771 0.0862588
-0.348174 0.0872618
-0.357298 0.0882648
-0.361336 0.0892678
-0.362406 0.0902708
-0.367453 0.0912738
-0.371467 0.0922768
-0.373599 0.0932798
-0.380078 0.0942828
-0.384519 0.0952859
-0.389812 0.0962889
-0.394527 0.0972919
-0.401217 0.0982949
-0.403035 0.0992979
-0.412528 0.100301
-0.417121 0.101304
-0.419604 0.102307
-0.423247 0.10331
-0.427149 0.104313
-0.433626 0.105316
-0.439499 0.106319
-0.445074 0.107322
-0.448458 0.108325
-0.451038 0.109328
-0.458157 0.110331
-0.457427 0.111334
-0.46271 0.112337
-0.468905 0.11334
-0.47467 0.114343
-0.477003 0.115346
-0.487062 0.116349
-0.489762 0.117352
-0.493723 0.118355
-0.500092 0.119358
-0.502441 0.120361
-0.510327 0.121364
-0.516391 0.122367
-0.521273 0.12337
-0.523635 0.124373
-0.527517 0.125376
-0.532575 0.126379
-0.53184 0.127382
-0.540051 0.128385
-0.546075 0.129388
-0.551448 0.130391
-0.555971 0.131394
-0.559665 0.132397
-0.564653 0.1334
-0.568258 0.134403
-0.573587 0.135406
-0.574439 0.136409
-0.578445 0.137412
-0.583187 0.138415
-0.586863 0.139418
-0.589612 0.140421
-0.593128 0.141424
-0.602555 0.142427
-0.610036 0.14343
-0.612024 0.144433
-0.618166 0.145436
-0.621133 0.146439
-0.621949 0.147442
-0.627747 0.148445
-0.629215 0.149448
-0.629397 0.150451
-0.634685 0.151454
-0.637818 0.152457
-0.641021 0.15346
-0.644676 0.154463
-0.6503 0.155466
-0.655659 0.156469
-0.656455 0.157472
-0.658366 0.158475
-0.662071 0.159478
-0.665562 0.160481
-0.668641 0.161484
-0.67264 0.162487
-0.675303 0.16349
-0.67889 0.164493
-0.682033 0.165496
-0.685225 0.166499
-0.688494 0.167503
-0.689783 0.168506
-0.689949 0.169509
-0.691531 0.170512
-0.694818 0.171515
-0.69731 0.172518
-0.699416 0.173521
-0.701845 0.174524
-0.704605 0.175527
-0.707177 0.17653
-0.709959 0.177533
-0.712953 0.178536
-0.715092 0.179539
-0.717424 0.180542
-0.71986 0.181545
-0.722885 0.182548
-0.725736 0.183551
-0.728933 0.184554
-0.73139 0.185557
-0.733642 0.18656
-0.735928 0.187563
-0.737675 0.188566
-0.740806 0.189569
-0.743046 0.190572
-0.745374 0.191575
-0.748095 0.192578
-0.750178 0.193581
-0.752518 0.194584
-0.754769 0.195587
-0.757284 0.19659
-0.759774 0.197593
-0.760853 0.198596
-0.76321 0.199599
-0.763624 0.200602
-0.764672 0.201605
-0.766719 0.202608
-0.768538 0.203611
-0.770081 0.204614
-0.771611 0.205617
-0.773404 0.20662
-0.772934 0.207623
-0.77352 0.208626
-0.774745 0.209629
-0.776303 0.210632
-0.777402 0.211635
-0.778781 0.212638
-0.780269 0.213641
-0.781734 0.214644
-0.782794 0.215647
-0.784153 0.21665
-0.786093 0.217653
-0.787268 0.218656
-0.788787 0.219659
-0.790117 0.220662
-0.792059 0.221665
-0.793325 0.222668
-0.794202 0.223671
-0.795344 0.224674
-0.796444 0.225677
-0.797619 0.22668
-0.798752 0.227683
-0.799834 0.228686
-0.801207 0.229689
-0.802349 0.230692
-0.803342 0.231695
-0.80469 0.232698
-0.806407 0.233701
-0.807101 0.234704
-0.80808 0.235707
-0.809493 0.23671
-0.810647 0.237713
-0.811493 0.238716
-0.812627 0.239719
-0.81388 0.240722
-0.81464 0.241725
-0.815934 0.242728
-0.817078 0.243731
-0.818109 0.244734
-0.81939 0.245737
-0.819927 0.24674
-0.820889 0.247743
-0.821975 0.248746
-0.823205 0.249749
-0.824093 0.250752
-0.824698 0.251755
-0.825594 0.252758
-0.826511 0.253761
-0.827411 0.254764
-0.828372 0.255767
-0.82947 0.25677
-0.830211 0.257773
-0.831099 0.258776
-0.832003 0.259779
-0.83248 0.260782
-0.833516 0.261785
-0.834161 0.262788
-0.834821 0.263791
-0.835816 0.264794
-0.836815 0.265797
-0.837933 0.2668
-0.838807 0.267803
-0.839799 0.268806
-0.840724 0.269809
-0.841562 0.270812
-0.842267 0.271815
-0.842935 0.272818
-0.844085 0.273821
-0.844833 0.274824
-0.845492 0.275827
-0.846467 0.27683
-0.847476 0.277834
-0.848107 0.278837
-0.848774 0.27984
-0.84954 0.280843
-0.850404 0.281846
-0.850997 0.282849
-0.851898 0.283852
-0.85255 0.284855
-0.853025 0.285858
-0.853747 0.286861
-0.854565 0.287864
-0.855113 0.288867
-0.855668 0.28987
-0.856516 0.290873
-0.857122 0.291876
-0.857937 0.292879
-0.858657 0.293882
-0.859154 0.294885
-0.859802 0.295888
-0.860262 0.296891
-0.858403 0.297894
-0.858952 0.298897
-0.859674 0.2999
-0.860212 0.300903
-0.860889 0.301906
-0.861387 0.302909
-0.86223 0.303912
-0.862707 0.304915
-0.863646 0.305918
-0.864393 0.306921
-0.864915 0.307924
-0.865533 0.308927
-0.865952 0.30993
-0.866683 0.310933
-0.867225 0.311936
-0.867979 0.312939
-0.868903 0.313942
-0.869383 0.314945
-0.869986 0.315948
-0.870657 0.316951
-0.871549 0.317954
-0.871997 0.318957
-0.872481 0.31996
-0.873025 0.320963
-0.87373 0.321966
-0.874209 0.322969
-0.874572 0.323972
-0.874984 0.324975
-0.875633 0.325978
-0.876267 0.326981
-0.876916 0.327984
-0.877382 0.328987
-0.877562 0.32999
-0.878217 0.330993
-0.878779 0.331996
-0.879242 0.332999
-0.879714 0.334002
-0.880279 0.335005
-0.880644 0.336008
-0.879756 0.337011
-0.880046 0.338014
-0.880561 0.339017
-0.881189 0.34002
-0.881563 0.341023
-0.882053 0.342026
-0.882625 0.343029
-0.883222 0.344032
-0.883642 0.345035
-0.884024 0.346038
-0.884627 0.347041
-0.885176 0.348044
-0.885497 0.349047
-0.885782 0.35005
-0.886317 0.351053
-0.886852 0.352056
-0.887445 0.353059
-0.887929 0.354062
-0.888296 0.355065
-0.8889 0.356068
-0.889397 0.357071
-0.88981 0.358074
-0.890239 0.359077
-0.890824 0.36008
-0.891221 0.361083
-0.89158 0.362086
-0.892136 0.363089
-0.892618 0.364092
-0.893125 0.365095
-0.893495 0.366098
-0.8942 0.367101
-0.894686 0.368104
-0.894922 0.369107
-0.895385 0.37011
-0.895821 0.371113
-0.896409 0.372116
-0.896729 0.373119
-0.897171 0.374122
-0.897671 0.375125
-0.898003 0.376128
-0.898401 0.377131
-0.898917 0.378134
-0.899435 0.379137
-0.899782 0.38014
-0.90021 0.381143
-0.900422 0.382146
-0.900764 0.383149
-0.901096 0.384152
-0.901549 0.385155
-0.901947 0.386158
-0.902326 0.387161
-0.902685 0.388164
-0.903193 0.389168
-0.903518 0.390171
-0.903681 0.391174
-0.90428 0.392177
-0.904677 0.39318
-0.905138 0.394183
-0.905543 0.395186
-0.90576 0.396189
-0.905975 0.397192
-0.906217 0.398195
-0.906623 0.399198
-0.906844 0.400201
-0.907347 0.401204
-0.907672 0.402207
-0.907904 0.40321
-0.908273 0.404213
-0.908375 0.405216
-0.90856 0.406219
-0.908958 0.407222
-0.909331 0.408225
-0.909666 0.409228
-0.909988 0.410231
-0.910235 0.411234
-0.910578 0.412237
-0.911008 0.41324
-0.911183 0.414243
-0.911337 0.415246
-0.911732 0.416249
-0.911916 0.417252
-0.912385 0.418255
-0.912801 0.419258
-0.913241 0.420261
-0.913394 0.421264
-0.913874 0.422267
-0.914202 0.42327
-0.914608 0.424273
-0.914999 0.425276
-0.915314 0.426279
-0.915623 0.427282
-0.914912 0.428285
-0.914695 0.429288
-0.914947 0.430291
-0.915221 0.431294
-0.91535 0.432297
-0.915462 0.4333
-0.915847 0.434303
-0.916141 0.435306
-0.916522 0.436309
-0.916904 0.437312
-0.917168 0.438315
-0.917522 0.439318
-0.917735 0.440321
-0.91785 0.441324
-0.917952 0.442327
-0.918146 0.44333
-0.918432 0.444333
-0.918609 0.445336
-0.918936 0.446339
-0.919158 0.447342
-0.919485 0.448345
-0.919816 0.449348
-0.920211 0.450351
-0.920554 0.451354
-0.920634 0.452357
-0.920743 0.45336
-0.920762 0.454363
-0.920979 0.455366
-0.921195 0.456369
-0.921437 0.457372
-0.921658 0.458375
-0.921899 0.459378
-0.922149 0.460381
-0.922354 0.461384
-0.922623 0.462387
-0.922923 0.46339
-0.923267 0.464393
-0.923526 0.465396
-0.92369 0.466399
-0.923827 0.467402
-0.924089 0.468405
-0.924367 0.469408
-0.924767 0.470411
-0.925085 0.471414
-0.925292 0.472417
-0.925561 0.47342
-0.925802 0.474423
-0.926007 0.475426
-0.926174 0.476429
-0.926522 0.477432
-0.926688 0.478435
-0.926884 0.479438
-0.927074 0.480441
-0.927263 0.481444
-0.927574 0.482447
-0.927711 0.48345
-0.927793 0.484453
-0.92805 0.485456
-0.928379 0.486459
-0.928597 0.487462
-0.928995 0.488465
-0.929238 0.489468
-0.929443 0.490471
-0.92955 0.491474
-0.929718 0.492477
-0.930142 0.49348
-0.930449 0.494483
-0.930715 0.495486
-0.930897 0.496489
-0.931067 0.497492
-0.93123 0.498495
-0.931364 0.499498
-0.931661 0.500502
-0.931806 0.501505
-0.932059 0.502508
-0.932239 0.503511
-0.932555 0.504514
-0.93282 0.505517
-0.932903 0.50652
-0.933116 0.507523
-0.933254 0.508526
-0.933374 0.509529
-0.933475 0.510532
-0.933681 0.511535
-0.93379 0.512538
-0.934075 0.513541
-0.934259 0.514544
-0.934517 0.515547
-0.934612 0.51655
-0.934775 0.517553
-0.934988 0.518556
-0.93525 0.519559
-0.935585 0.520562
-0.93582 0.521565
-0.935912 0.522568
-0.936197 0.523571
-0.936261 0.524574
-0.936566 0.525577
-0.936801 0.52658
-0.937024 0.527583
-0.937091 0.528586
-0.937418 0.529589
-0.937637 0.530592
-0.937951 0.531595
-0.938186 0.532598
-0.938296 0.533601
-0.938527 0.534604
-0.938662 0.535607
-0.938782 0.53661
-0.939045 0.537613
-0.939186 0.538616
-0.939421 0.539619
-0.939531 0.540622
-0.939722 0.541625
-0.940036 0.542628
-0.940197 0.543631
-0.940469 0.544634
-0.940655 0.545637
-0.940699 0.54664
-0.940777 0.547643
-0.941034 0.548646
-0.941209 0.549649
-0.941446 0.550652
-0.941621 0.551655
-0.941868 0.552658
-0.941971 0.553661
-0.941969 0.554664
-0.942127 0.555667
-0.942261 0.55667
-0.942435 0.557673
-0.94266 0.558676
-0.942758 0.559679
-0.942965 0.560682
-0.943156 0.561685
-0.94339 0.562688
-0.943557 0.563691
-0.943747 0.564694
-0.943988 0.565697
-0.94416 0.5667
-0.944199 0.567703
-0.944319 0.568706
-0.944494 0.569709
-0.944773 0.570712
-0.945007 0.571715
-0.945297 0.572718
-0.945587 0.573721
-0.945762 0.574724
-0.946077 0.575727
-0.94615 0.57673
-0.946329 0.577733
-0.946422 0.578736
-0.946661 0.579739
-0.946828 0.580742
-0.94698 0.581745
-0.947097 0.582748
-0.947205 0.583751
-0.947358 0.584754
-0.947554 0.585757
-0.947637 0.58676
-0.947658 0.587763
-0.947845 0.588766
-0.948041 0.589769
-0.94838 0.590772
-0.94851 0.591775
-0.948643 0.592778
-0.94878 0.593781
-0.948928 0.594784
-0.949006 0.595787
-0.949307 0.59679
-0.949482 0.597793
-0.949472 0.598796
-0.949625 0.599799
-0.949749 0.600802
-0.949855 0.601805
-0.949965 0.602808
-0.949965 0.603811
-0.950048 0.604814
-0.950165 0.605817
-0.950183 0.60682
-0.950378 0.607823
-0.950467 0.608826
-0.95067 0.609829
-0.950801 0.610832
-0.950936 0.611836
-0.95116 0.612839
-0.951346 0.613842
-0.951457 0.614845
-0.951516 0.615848
-0.951639 0.616851
-0.951808 0.617854
-0.951978 0.618857
-0.95217 0.61986
-0.952286 0.620863
-0.952419 0.621866
-0.952647 0.622869
-0.952725 0.623872
-0.952793 0.624875
-0.953027 0.625878
-0.953154 0.626881
-0.953305 0.627884
-0.95341 0.628887
-0.953474 0.62989
-0.953669 0.630893
-0.953837 0.631896
-0.953921 0.632899
-0.95408 0.633902
-0.95428 0.634905
-0.954414 0.635908
-0.954557 0.636911
-0.95454 0.637914
-0.954659 0.638917
-0.954822 0.63992
-0.954847 0.640923
-0.954908 0.641926
-0.955161 0.642929
-0.955332 0.643932
-0.955503 0.644935
-0.955591 0.645938
-0.955794 0.646941
-0.955969 0.647944
-0.956082 0.648947
-0.956178 0.64995
-0.956211 0.650953
-0.956424 0.651956
-0.95655 0.652959
-0.956612 0.653962
-0.956721 0.654965
-0.95685 0.655968
-0.956952 0.656971
-0.957097 0.657974
-0.957217 0.658977
-0.957364 0.65998
-0.957377 0.660983
-0.957489 0.661986
-0.957728 0.662989
-0.957868 0.663992
-0.95793 0.664995
-0.958095 0.665998
-0.958163 0.667001
-0.958244 0.668004
-0.958382 0.669007
-0.958457 0.67001
-0.958636 0.671013
-0.958862 0.672016
-0.957839 0.673019
-0.958054 0.674022
-0.958151 0.675025
-0.958293 0.676028
-0.958397 0.677031
-0.958541 0.678034
-0.958624 0.679037
-0.95868 0.68004
-0.958849 0.681043
-0.958181 0.682046
-0.958285 0.683049
-0.958384 0.684052
-0.958542 0.685055
-0.958663 0.686058
-0.958726 0.687061
-0.958301 0.688064
-0.958404 0.689067
-0.958479 0.69007
-0.958576 0.691073
-0.958631 0.692076
-0.958811 0.693079
-0.958929 0.694082
-0.959001 0.695085
-0.959139 0.696088
-0.959251 0.697091
-0.95949 0.698094
-0.959661 0.699097
-0.959659 0.7001
-0.959845 0.701103
-0.95989 0.702106
-0.959978 0.703109
-0.96011 0.704112
-0.960233 0.705115
-0.960331 0.706118
-0.960477 0.707121
-0.960567 0.708124
-0.960781 0.709127
-0.960935 0.71013
-0.960997 0.711133
-0.961121 0.712136
-0.961257 0.713139
-0.96134 0.714142
-0.961475 0.715145
-0.961614 0.716148
-0.961595 0.717151
-0.96173 0.718154
-0.961823 0.719157
-0.962021 0.72016
-0.96214 0.721163
-0.962256 0.722166
-0.962428 0.72317
-0.962536 0.724173
-0.962574 0.725176
-0.962597 0.726179
-0.96271 0.727182
-0.962899 0.728185
-0.962988 0.729188
-0.962977 0.730191
-0.963087 0.731194
-0.96316 0.732197
-0.962229 0.7332
-0.96228 0.734203
-0.962365 0.735206
-0.96242 0.736209
-0.962422 0.737212
-0.962505 0.738215
-0.962486 0.739218
-0.96254 0.740221
-0.962563 0.741224
-0.962731 0.742227
-0.962921 0.74323
-0.962968 0.744233
-0.96316 0.745236
-0.963263 0.746239
-0.963431 0.747242
-0.963485 0.748245
-0.963558 0.749248
-0.963653 0.750251
-0.963751 0.751254
-0.963856 0.752257
-0.964021 0.75326
-0.964145 0.754263
-0.964113 0.755266
-0.964227 0.756269
-0.96382 0.757272
-0.963928 0.758275
-0.963939 0.759278
-0.964052 0.760281
-0.96407 0.761284
-0.964135 0.762287
-0.964165 0.76329
-0.9643 0.764293
-0.964263 0.765296
-0.964392 0.766299
-0.964443 0.767302
-0.964533 0.768305
-0.964596 0.769308
-0.964762 0.770311
-0.964844 0.771314
-0.964913 0.772317
-0.964909 0.77332
-0.964971 0.774323
-0.965024 0.775326
-0.965108 0.776329
-0.965194 0.777332
-0.965201 0.778335
-0.96525 0.779338
-0.965424 0.780341
-0.965518 0.781344
-0.965559 0.782347
-0.965805 0.78335
-0.965843 0.784353
-0.965887 0.785356
-0.965982 0.786359
-0.966025 0.787362
-0.966099 0.788365
-0.966077 0.789368
-0.966149 0.790371
-0.966198 0.791374
-0.966256 0.792377
-0.966256 0.79338
-0.966323 0.794383
-0.966408 0.795386
-0.966551 0.796389
-0.96664 0.797392
-0.966678 0.798395
-0.966815 0.799398
-0.966871 0.800401
-0.966989 0.801404
-0.96708 0.802407
-0.967185 0.80341
-0.967276 0.804413
-0.967417 0.805416
-0.967396 0.806419
-0.967445 0.807422
-0.967625 0.808425
-0.967722 0.809428
-0.967781 0.810431
-0.967911 0.811434
-0.967954 0.812437
-0.968056 0.81344
-0.968084 0.814443
-0.968114 0.815446
-0.968306 0.816449
-0.967298 0.817452
-0.967492 0.818455
-0.967588 0.819458
-0.967614 0.820461
-0.967631 0.821464
-0.967778 0.822467
-0.970247 0.82347
-0.970247 0.824473
-0.970287 0.825476
-0.970257 0.826479
-0.971538 0.827482
-0.971636 0.828485
-0.971625 0.829488
-0.971652 0.830491
-0.971795 0.831494
-0.971856 0.832497
-0.971909 0.833501
-0.97209 0.834504
-0.972118 0.835507
-0.97219 0.83651
-0.972313 0.837513
-0.972349 0.838516
-0.972322 0.839519
-0.972429 0.840522
-0.972473 0.841525
-0.972519 0.842528
-0.972671 0.843531
-0.972686 0.844534
-0.972702 0.845537
-0.972865 0.84654
-0.973069 0.847543
-0.973142 0.848546
-0.97328 0.849549
-0.973301 0.850552
-0.973373 0.851555
-0.973445 0.852558
-0.973549 0.853561
-0.973628 0.854564
-0.973705 0.855567
-0.973771 0.85657
-0.973813 0.857573
-0.973976 0.858576
-0.973993 0.859579
-0.974086 0.860582
-0.974121 0.861585
-0.974233 0.862588
-0.974373 0.863591
-0.974455 0.864594
-0.974276 0.865597
-0.974356 0.8666
-0.974396 0.867603
-0.974554 0.868606
-0.974678 0.869609
-0.974738 0.870612
-0.974883 0.871615
-0.974985 0.872618
-0.975083 0.873621
-0.97503 0.874624
-0.975132 0.875627
-0.975132 0.87663
-0.975217 0.877633
-0.975273 0.878636
-0.975401 0.879639
-0.974315 0.880642
-0.974465 0.881645
-0.97452 0.882648
-0.974639 0.883651
-0.974733 0.884654
-0.974759 0.885657
-0.974795 0.88666
-0.974839 0.887663
-0.974837 0.888666
-0.9749 0.889669
-0.97498 0.890672
-0.975039 0.891675
-0.975092 0.892678
-0.975216 0.893681
-0.975243 0.894684
-0.975231 0.895687
-0.975378 0.89669
-0.97549 0.897693
-0.975526 0.898696
-0.975594 0.899699
-0.975608 0.900702
-0.975627 0.901705
-0.975673 0.902708
-0.975718 0.903711
-0.97573 0.904714
-0.975872 0.905717
-0.976005 0.90672
-0.976101 0.907723
-0.976188 0.908726
-0.976277 0.909729
-0.976373 0.910732
-0.976472 0.911735
-0.976601 0.912738
-0.976733 0.913741
-0.976806 0.914744
-0.976814 0.915747
-0.976818 0.91675
-0.976818 0.917753
-0.976862 0.918756
-0.97692 0.919759
-0.976965 0.920762
-0.976975 0.921765
-0.976818 0.922768
-0.976869 0.923771
-0.976927 0.924774
-0.976963 0.925777
-0.976943 0.92678
-0.977016 0.927783
-0.977098 0.928786
-0.9772 0.929789
-0.977161 0.930792
-0.977231 0.931795
-0.977217 0.932798
-0.97635 0.933801
-0.976395 0.934804
-0.976561 0.935807
-0.976601 0.93681
-0.976708 0.937813
-0.976807 0.938816
-0.976883 0.939819
-0.97694 0.940822
-0.97697 0.941825
-0.977113 0.942828
-0.977179 0.943831
-0.977245 0.944835
-0.977338 0.945838
-0.977433 0.946841
-0.977535 0.947844
-0.977518 0.948847
-0.977533 0.94985
-0.977579 0.950853
-0.977608 0.951856
-0.977577 0.952859
-0.977629 0.953862
-0.97762 0.954865
-0.977626 0.955868
-0.977607 0.956871
-0.9776 0.957874
-0.977648 0.958877
-0.977715 0.95988
-0.977744 0.960883
-0.977824 0.961886
-0.977808 0.962889
-0.977938 0.963892
-0.977884 0.964895
-0.977926 0.965898
-0.977943 0.966901
-0.977954 0.967904
-0.97802 0.968907
-0.978007 0.96991
-0.978067 0.970913
-0.978121 0.971916
-0.978152 0.972919
-0.978224 0.973922
-0.978325 0.974925
-0.978394 0.975928
-0.978457 0.976931
-0.978505 0.977934
-0.978529 0.978937
-0.978583 0.97994
-0.978639 0.980943
-0.978631 0.981946
-0.980242 0.982949
-0.980274 0.983952
-0.97963 0.984955
-0.979688 0.985958
-0.97979 0.986961
-0.979167 0.987964
-0.979231 0.988967
-0.979271 0.98997
-0.979336 0.990973
-0.979387 0.991976
-0.979466 0.992979
-0.979494 0.993982
-0.979466 0.994985
-0.979448 0.995988
-0.979504 0.996991
-0.979585 0.997994
-0.979634 0.998997
-0.979688 1


Shark
3.14159 1.5
3.13758 1.4995
3.13357 1.499
3.12956 1.4985
3.12554 1.49799
3.12153 1.49749
3.11752 1.49699
3.1135 1.49649
3.10949 1.49599
3.10547 1.49549
3.10146 1.49498
3.09744 1.49448
3.09342 1.49398
3.08941 1.49348
3.08539 1.49298
3.08138 1.49248
3.07736 1.49198
3.07335 1.49147
3.06933 1.49097
3.06527 1.49047
3.06124 1.48997
3.05721 1.48947
3.05319 1.48897
3.04915 1.48847
3.04512 1.48796
3.041 1.48746
3.03699 1.48696
3.03293 1.48646
3.02889 1.48596
3.02485 1.48546
3.02078 1.48495
3.01672 1.48445
3.01271 1.48395
3.00861 1.48345
3.00455 1.48295
3.00034 1.48245
2.99633 1.48195
2.99226 1.48144
2.98823 1.48094
2.98416 1.48044
2.97987 1.47994
2.97584 1.47944
2.97181 1.47894
2.96767 1.47844
2.9636 1.47793
2.95958 1.47743
2.95556 1.47693
2.95114 1.47643
2.94702 1.47593
2.94295 1.47543
2.93887 1.47492
2.93431 1.47442
2.93024 1.47392
2.92616 1.47342
2.92206 1.47292
2.91774 1.47242
2.91371 1.47192
2.90958 1.47141
2.90549 1.47091
2.90116 1.47041
2.89672 1.46991
2.8927 1.46941
2.88849 1.46891
2.88431 1.46841
2.88022 1.4679
2.87607 1.4674
2.87205 1.4669
2.86799 1.4664
2.86393 1.4659
2.85978 1.4654
2.85558 1.46489
2.85079 1.46439
2.84616 1.46389
2.84179 1.46339
2.83722 1.46289
2.83314 1.46239
2.8282 1.46189
2.82405 1.46138
2.82 1.46088
2.81558 1.46038
2.81136 1.45988
2.80705 1.45938
2.80262 1.45888
2.79861 1.45838
2.79435 1.45787
2.78997 1.45737
2.78588 1.45687
2.78047 1.45637
2.77533 1.45587
2.77107 1.45537
2.76704 1.45486
2.76263 1.45436
2.75836 1.45386
2.75427 1.45336
2.74958 1.45286
2.74523 1.45236
2.74073 1.45186
2.73632 1.45135
2.73153 1.45085
2.72746 1.45035
2.72194 1.44985
2.71752 1.44935
2.71338 1.44885
2.7091 1.44835
2.70477 1.44784
2.69993 1.44734
2.69521 1.44684
2.69054 1.44634
2.68627 1.44584
2.68211 1.44534
2.67702 1.44483
2.673 1.44433
2.66834 1.44383
2.66345 1.44333
2.65865 1.44283
2.6545 1.44233
2.64835 1.44183
2.64415 1.44132
2.63972 1.44082
2.63469 1.44032
2.63053 1.43982
2.62499 1.43932
2.62001 1.43882
2.61533 1.43831
2.61116 1.43781
2.6067 1.43731
2.60195 1.43681
2.59792 1.43631
2.59211 1.43581
2.58704 1.43531
2.58215 1.4348
2.57749 1.4343
2.57303 1.4338
2.56822 1.4333
2.56377 1.4328
2.55883 1.4323
2.55479 1.4318
2.55022 1.43129
2.54543 1.43079
2.54093 1.43029
2.53663 1.42979
2.53216 1.42929
2.52547 1.42879
2.5196 1.42828
2.51543 1.42778
2.51007 1.42728
2.5057 1.42678
2.50166 1.42628
2.49638 1.42578
2.49227 1.42528
2.48826 1.42477
2.48313 1.42427
2.47869 1.42377
2.47422 1.42327
2.46962 1.42277
2.46431 1.42227
2.45909 1.42177
2.45504 1.42126
2.45085 1.42076
2.4462 1.42026
2.44161 1.41976
2.43713 1.41926
2.43236 1.41876
2.42799 1.41825
2.42334 1.41775
2.41882 1.41725
2.41428 1.41675
2.40971 1.41625
2.40561 1.41575
2.4016 1.41525
2.39744 1.41474
2.39284 1.41424
2.38848 1.41374
2.38421 1.41324
2.37986 1.41274
2.3754 1.41224
2.371 1.41174
2.36653 1.41123
2.36199 1.41073
2.35769 1.41023
2.35335 1.40973
2.34896 1.40923
2.34439 1.40873
2.33986 1.40822
2.33521 1.40772
2.33081 1.40722
2.32646 1.40672
2.3221 1.40622
2.31788 1.40572
2.31322 1.40522
2.30886 1.40471
2.30447 1.40421
2.29995 1.40371
2.29562 1.40321
2.29122 1.40271
2.28684 1.40221
2.28237 1.40171
2.2779 1.4012
2.2738 1.4007
2.26937 1.4002
2.26534 1.3997
2.26124 1.3992
2.2569 1.3987
2.25263 1.39819
2.24842 1.39769
2.24422 1.39719
2.23994 1.39669
2.23591 1.39619
2.23187 1.39569
2.22773 1.39519
2.22351 1.39468
2.21939 1.39418
2.21521 1.39368
2.21101 1.39318
2.2068 1.39268
2.20269 1.39218
2.19851 1.39168
2.19416 1.39117
2.19001 1.39067
2.18579 1.39017
2.18161 1.38967
2.17724 1.38917
2.17308 1.38867
2.16899 1.38816
2.16485 1.38766
2.16072 1.38716
2.15656 1.38666
2.15242 1.38616
2.14829 1.38566
2.14409 1.38516
2.13994 1.38465
2.13582 1.38415
2.13162 1.38365
2.1273 1.38315
2.12324 1.38265
2.11912 1.38215
2.11489 1.38164
2.11073 1.38114
2.10664 1.38064
2.10248 1.38014
2.0983 1.37964
2.09422 1.37914
2.09001 1.37864
2.08585 1.37813
2.08171 1.37763
2.07751 1.37713
2.07346 1.37663
2.06934 1.37613
2.06518 1.37563
2.06099 1.37513
2.05688 1.37462
2.05282 1.37412
2.04871 1.37362
2.04459 1.37312
2.04048 1.37262
2.03635 1.37212
2.03218 1.37161
2.0281 1.37111
2.02398 1.37061
2.01986 1.37011
2.01582 1.36961
2.01166 1.36911
2.00759 1.36861
2.00352 1.3681
1.99937 1.3676
1.99522 1.3671
1.99104 1.3666
1.98692 1.3661
1.98277 1.3656
1.97863 1.3651
1.97452 1.36459
1.97044 1.36409
1.96636 1.36359
1.96215 1.36309
1.95806 1.36259
1.95398 1.36209
1.94983 1.36158
1.94566 1.36108
1.94159 1.36058
1.93751 1.36008
1.93341 1.35958
1.92928 1.35908
1.92521 1.35858
1.92107 1.35807
1.91699 1.35757
1.91294 1.35707
1.90885 1.35657
1.90472 1.35607
1.90066 1.35557
1.8966 1.35507
1.89247 1.35456
1.8884 1.35406
1.88427 1.35356
1.88017 1.35306
1.87612 1.35256
1.87203 1.35206
1.86798 1.35155
1.8634 1.35105
1.85934 1.35055
1.85523 1.35005
1.85117 1.34955
1.84707 1.34905
1.84302 1.34855
1.83888 1.34804
1.83482 1.34754
1.83065 1.34704
1.82654 1.34654
1.82247 1.34604
1.81839 1.34554
1.81434 1.34504
1.81023 1.34453
1.80616 1.34403
1.80204 1.34353
1.79786 1.34303
1.79381 1.34253
1.78972 1.34203
1.78562 1.34152
1.78145 1.34102
1.7774 1.34052
1.77334 1.34002
1.76927 1.33952
1.76516 1.33902
1.7611 1.33852
1.75706 1.33801
1.75301 1.33751
1.74891 1.33701
1.74481 1.33651
1.74071 1.33601
1.73665 1.33551
1.73263 1.33501
1.72853 1.3345
1.72445 1.334
1.72039 1.3335
1.71633 1.333
1.71225 1.3325
1.70821 1.332
1.70402 1.33149
1.69999 1.33099
1.69592 1.33049
1.69181 1.32999
1.68777 1.32949
1.6837 1.32899
1.67961 1.32849
1.67552 1.32798
1.67147 1.32748
1.66742 1.32698
1.66332 1.32648
1.65924 1.32598
1.6552 1.32548
1.65117 1.32497
1.64709 1.32447
1.643 1.32397
1.63891 1.32347
1.63484 1.32297
1.63079 1.32247
1.62669 1.32197
1.62261 1.32146
1.61856 1.32096
1.6145 1.32046
1.6104 1.31996
1.60635 1.31946
1.6023 1.31896
1.59821 1.31846
1.59414 1.31795
1.59006 1.31745
1.58601 1.31695
1.58187 1.31645
1.57779 1.31595
1.57376 1.31545
1.56969 1.31494
1.56563 1.31444
1.56152 1.31394
1.55748 1.31344
1.55342 1.31294
1.54934 1.31244
1.54529 1.31194
1.54124 1.31143
1.53715 1.31093
1.53306 1.31043
1.52901 1.30993
1.52495 1.30943
1.52093 1.30893
1.51688 1.30843
1.51283 1.30792
1.50876 1.30742
1.5047 1.30692
1.50065 1.30642
1.4966 1.30592
1.49251 1.30542
1.48847 1.30491
1.48445 1.30441
1.48033 1.30391
1.47627 1.30341
1.47219 1.30291
1.46813 1.30241
1.4641 1.30191
1.46007 1.3014
1.45604 1.3009
1.45198 1.3004
1.44795 1.2999
1.44386 1.2994
1.43981 1.2989
1.43578 1.2984
1.43173 1.29789
1.42771 1.29739
1.42369 1.29689
1.41962 1.29639
1.41557 1.29589
1.41152 1.29539
1.40747 1.29488
1.40344 1.29438
1.39939 1.29388
1.39531 1.29338
1.39129 1.29288
1.38727 1.29238
1.3832 1.29188
1.37918 1.29137
1.37509 1.29087
1.37102 1.29037
1.36694 1.28987
1.36292 1.28937
1.35883 1.28887
1.35478 1.28837
1.35071 1.28786
1.34664 1.28736
1.34259 1.28686
1.33855 1.28636
1.33435 1.28586
1.33032 1.28536
1.32629 1.28485
1.32225 1.28435
1.31823 1.28385
1.31421 1.28335
1.31015 1.28285
1.3061 1.28235
1.30203 1.28185
1.29797 1.28134
1.29393 1.28084
1.28987 1.28034
1.28584 1.27984
1.28182 1.27934
1.27781 1.27884
1.27378 1.27834
1.26974 1.27783
1.26571 1.27733
1.26166 1.27683
1.25763 1.27633
1.25357 1.27583
1.24952 1.27533
1.24544 1.27482
1.24138 1.27432
1.23737 1.27382
1.23335 1.27332
1.22934 1.27282
1.22531 1.27232
1.22127 1.27182
1.21724 1.27131
1.21321 1.27081
1.20917 1.27031
1.20513 1.26981
1.2011 1.26931
1.19706 1.26881
1.19301 1.2683
1.18895 1.2678
1.18491 1.2673
1.18088 1.2668
1.17686 1.2663
1.17282 1.2658
1.16877 1.2653
1.16469 1.26479
1.16064 1.26429
1.1566 1.26379
1.15256 1.26329
1.14852 1.26279
1.14449 1.26229
1.14047 1.26179
1.1364 1.26128
1.13238 1.26078
1.12835 1.26028
1.12432 1.25978
1.12029 1.25928
1.11623 1.25878
1.11221 1.25827
1.1082 1.25777
1.10415 1.25727
1.10009 1.25677
1.09606 1.25627
1.09197 1.25577
1.08793 1.25527
1.0839 1.25476
1.07988 1.25426
1.07585 1.25376
1.07176 1.25326
1.0677 1.25276
1.06365 1.25226
1.05962 1.25176
1.0556 1.25125
1.05157 1.25075
1.04755 1.25025
1.0435 1.24975
1.03947 1.24925
1.03543 1.24875
1.0314 1.24824
1.02734 1.24774
1.02329 1.24724
1.01928 1.24674
1.01524 1.24624
1.01122 1.24574
1.0072 1.24524
1.00318 1.24473
0.999147 1.24423
0.995129 1.24373
0.991075 1.24323
0.987045 1.24273
0.982998 1.24223
0.978981 1.24173
0.974955 1.24122
0.970918 1.24072
0.966869 1.24022
0.962797 1.23972
0.958755 1.23922
0.954739 1.23872
0.950683 1.23821
0.946669 1.23771
0.942606 1.23721
0.938563 1.23671
0.934524 1.23621
0.930509 1.23571
0.926438 1.23521
0.922399 1.2347
0.918332 1.2342
0.914289 1.2337
0.91027 1.2332
0.906228 1.2327
0.902205 1.2322
0.898185 1.2317
0.894134 1.23119
0.89011 1.23069
0.886066 1.23019
0.882047 1.22969
0.878014 1.22919
0.873944 1.22869
0.869917 1.22818
0.865862 1.22768
0.861829 1.22718
0.857816 1.22668
0.8538 1.22618
0.849749 1.22568
0.845719 1.22518
0.841673 1.22467
0.837642 1.22417
0.833593 1.22367
0.829575 1.22317
0.825563 1.22267
0.821535 1.22217
0.817512 1.22166
0.813481 1.22116
0.809438 1.22066
0.80542 1.22016
0.801381 1.21966
0.797347 1.21916
0.7933 1.21866
0.789271 1.21815
0.785236 1.21765
0.781187 1.21715
0.777156 1.21665
0.773143 1.21615
0.769121 1.21565
0.76509 1.21515
0.761027 1.21464
0.75698 1.21414
0.752914 1.21364
0.748847 1.21314
0.744815 1.21264
0.740738 1.21214
0.736722 1.21163
0.732689 1.21113
0.728671 1.21063
0.724621 1.21013
0.72059 1.20963
0.716563 1.20913
0.712541 1.20863
0.708521 1.20812
0.704493 1.20762
0.700455 1.20712
0.696439 1.20662
0.692426 1.20612
0.68839 1.20562
0.684351 1.20512
0.680261 1.20461
0.676237 1.20411
0.672212 1.20361
0.668187 1.20311
0.66416 1.20261
0.660143 1.20211
0.656068 1.2016
0.652034 1.2011
0.648022 1.2006
0.643993 1.2001
0.63997 1.1996
0.63595 1.1991
0.631929 1.1986
0.627917 1.19809
0.6239 1.19759
0.619878 1.19709
0.615866 1.19659
0.611826 1.19609
0.607808 1.19559
0.603765 1.19509
0.599741 1.19458
0.595715 1.19408
0.591665 1.19358
0.587628 1.19308
0.583606 1.19258
0.579592 1.19208
0.575568 1.19157
0.571535 1.19107
0.5675 1.19057
0.56346 1.19007
0.559438 1.18957
0.555412 1.18907
0.55136 1.18857
0.547344 1.18806
0.543328 1.18756
0.539273 1.18706
0.535249 1.18656
0.531219 1.18606
0.527198 1.18556
0.523183 1.18506
0.519141 1.18455
0.515106 1.18405
0.511089 1.18355
0.507056 1.18305
0.503012 1.18255
0.498986 1.18205
0.494957 1.18154
0.490945 1.18104
0.486921 1.18054
0.482888 1.18004
0.478875 1.17954
0.47486 1.17904
0.470796 1.17854
0.46676 1.17803
0.462724 1.17753
0.458705 1.17703
0.454659 1.17653
0.450621 1.17603
0.446599 1.17553
0.442579 1.17503
0.438566 1.17452
0.434516 1.17402
0.43049 1.17352
0.426475 1.17302
0.422453 1.17252
0.418426 1.17202
0.414405 1.17151
0.410375 1.17101
0.406351 1.17051
0.40232 1.17001
0.398308 1.16951
0.394285 1.16901
0.390223 1.16851
0.386194 1.168
0.382178 1.1675
0.378142 1.167
0.374126 1.1665
0.370108 1.166
0.366079 1.1655
0.362062 1.16499
0.358022 1.16449
0.353964 1.16399
0.3491 1.16349
0.345046 1.16299
0.341026 1.16249
0.336995 1.16199
0.332973 1.16148
0.328943 1.16098
0.324924 1.16048
0.320909 1.15998
0.316871 1.15948
0.312465 1.15898
0.308443 1.15848
0.304422 1.15797
0.300386 1.15747
0.29636 1.15697
0.292345 1.15647
0.288166 1.15597
0.284144 1.15547
0.280127 1.15496
0.276106 1.15446
0.272091 1.15396
0.268048 1.15346
0.264022 1.15296
0.260005 1.15246
0.255975 1.15196
0.251951 1.15145
0.247884 1.15095
0.243843 1.15045
0.239831 1.14995
0.235786 1.14945
0.231772 1.14895
0.227752 1.14845
0.223723 1.14794
0.219696 1.14744
0.215674 1.14694
0.211641 1.14644
0.207621 1.14594
0.203563 1.14544
0.199527 1.14493
0.195512 1.14443
0.191484 1.14393
0.187453 1.14343
0.183434 1.14293
0.179404 1.14243
0.175372 1.14193
0.171359 1.14142
0.167329 1.14092
0.163308 1.14042
0.159255 1.13992
0.155229 1.13942
0.151203 1.13892
0.14716 1.13842
0.143136 1.13791
0.139122 1.13741
0.13511 1.13691
0.131084 1.13641
0.127035 1.13591
0.123014 1.13541
0.119002 1.1349
0.114977 1.1344
0.110959 1.1339
0.106107 1.1334
0.102092 1.1329
0.0980724 1.1324
0.094057 1.1319
0.090045 1.13139
0.0860256 1.13089
0.0820132 1.13039
0.0779979 1.12989
0.0739853 1.12939
0.0699424 1.12889
0.065891 1.12839
0.0618765 1.12788
0.0578238 1.12738
0.0538001 1.12688
0.0497569 1.12638
0.0457416 1.12588
0.0417237 1.12538
0.0377014 1.12487
0.0336787 1.12437
0.0296541 1.12387
0.0256117 1.12337
0.0215821 1.12287
0.0175689 1.12237
0.0135422 1.12187
0.00934564 1.12136
0.00532035 1.12086
0.00130815 1.12036
-0.00271857 1.11986
-0.00673096 1.11936
-0.0107479 1.11886
-0.014761 1.11836
-0.0187942 1.11785
-0.0228079 1.11735
-0.0268394 1.11685
-0.0308545 1.11635
-0.0348761 1.11585
-0.0388928 1.11535
-0.0429373 1.11484
-0.0469573 1.11434
-0.050975 1.11384
-0.0549871 1.11334
-0.0590038 1.11284
-0.0630191 1.11234
-0.0670397 1.11184
-0.0710606 1.11133
-0.0750727 1.11083
-0.0790876 1.11033
-0.083136 1.10983
-0.0871589 1.10933
-0.091173 1.10883
-0.0952582 1.10832
-0.099272 1.10782
-0.103286 1.10732
-0.10731 1.10682
-0.111324 1.10632
-0.115343 1.10582
-0.119356 1.10532
-0.123374 1.10481
-0.127389 1.10431
-0.131405 1.10381
-0.135417 1.10331
-0.139435 1.10281
-0.143456 1.10231
-0.147494 1.10181
-0.151516 1.1013
-0.15553 1.1008
-0.159566 1.1003
-0.163582 1.0998
-0.167612 1.0993
-0.171634 1.0988
-0.175661 1.09829
-0.179683 1.09779
-0.183721 1.09729
-0.187734 1.09679
-0.191749 1.09629
-0.195803 1.09579
-0.199827 1.09529
-0.203844 1.09478
-0.207878 1.09428
-0.211892 1.09378
-0.215918 1.09328
-0.219931 1.09278
-0.223944 1.09228
-0.228005 1.09178
-0.233197 1.09127
-0.237259 1.09077
-0.241283 1.09027
-0.245296 1.08977
-0.249309 1.08927
-0.25335 1.08877
-0.262413 1.08826
-0.266425 1.08776
-0.27044 1.08726
-0.274453 1.08676
-0.280288 1.08626
-0.284314 1.08576
-0.288326 1.08526
-0.292339 1.08475
-0.296379 1.08425
-0.300396 1.08375
-0.304412 1.08325
-0.308469 1.08275
-0.312483 1.08225
-0.316502 1.08175
-0.320535 1.08124
-0.324549 1.08074
-0.328562 1.08024
-0.33259 1.07974
-0.336605 1.07924
-0.34062 1.07874
-0.344665 1.07823
-0.348677 1.07773
-0.352689 1.07723
-0.356739 1.07673
-0.36081 1.07623
-0.36483 1.07573
-0.368869 1.07523
-0.372882 1.07472
-0.376901 1.07422
-0.380921 1.07372
-0.384948 1.07322
-0.38897 1.07272
-0.39299 1.07222
-0.397009 1.07172
-0.401023 1.07121
-0.405074 1.07071
-0.409087 1.07021
-0.413112 1.06971
-0.417125 1.06921
-0.421156 1.06871
-0.425197 1.0682
-0.429219 1.0677
-0.433279 1.0672
-0.4373 1.0667
-0.441315 1.0662
-0.445364 1.0657
-0.449399 1.0652
-0.453417 1.06469
-0.45746 1.06419
-0.461488 1.06369
-0.465515 1.06319
-0.469531 1.06269
-0.473559 1.06219
-0.477571 1.06169
-0.481594 1.06118
-0.485611 1.06068
-0.489648 1.06018
-0.49519 1.05968
-0.499237 1.05918
-0.503253 1.05868
-0.507287 1.05817
-0.511313 1.05767
-0.515326 1.05717
-0.51934 1.05667
-0.523355 1.05617
-0.527367 1.05567
-0.531386 1.05517
-0.535408 1.05466
-0.539425 1.05416
-0.543442 1.05366
-0.547478 1.05316
-0.551492 1.05266
-0.555504 1.05216
-0.55955 1.05165
-0.563583 1.05115
-0.567597 1.05065
-0.571616 1.05015
-0.575628 1.04965
-0.579641 1.04915
-0.583656 1.04865
-0.587672 1.04814
-0.591684 1.04764
-0.595729 1.04714
-0.59977 1.04664
-0.603797 1.04614
-0.607821 1.04564
-0.611846 1.04514
-0.615874 1.04463
-0.619902 1.04413
-0.623941 1.04363
-0.627982 1.04313
-0.632003 1.04263
-0.636015 1.04213
-0.640027 1.04162
-0.644039 1.04112
-0.648055 1.04062
-0.652072 1.04012
-0.656088 1.03962
-0.6601 1.03912
-0.664153 1.03862
-0.66817 1.03811
-0.672188 1.03761
-0.676202 1.03711
-0.680215 1.03661
-0.684236 1.03611
-0.68826 1.03561
-0.692289 1.03511
-0.696304 1.0346
-0.700325 1.0341
-0.704337 1.0336
-0.709492 1.0331
-0.713508 1.0326
-0.717568 1.0321
-0.721583 1.03159
-0.725615 1.03109
-0.729644 1.03059
-0.733666 1.03009
-0.737684 1.02959
-0.741697 1.02909
-0.745746 1.02859
-0.749765 1.02808
-0.753785 1.02758
-0.757813 1.02708
-0.761841 1.02658
-0.765871 1.02608
-0.769884 1.02558
-0.773896 1.02508
-0.777912 1.02457
-0.781926 1.02407
-0.785939 1.02357
-0.789956 1.02307
-0.793968 1.02257
-0.797981 1.02207
-0.801993 1.02156
-0.806005 1.02106
-0.810022 1.02056
-0.814042 1.02006
-0.818056 1.01956
-0.822079 1.01906
-0.826092 1.01856
-0.830135 1.01805
-0.834152 1.01755
-0.838168 1.01705
-0.84218 1.01655
-0.846193 1.01605
-0.850213 1.01555
-0.854225 1.01505
-0.858244 1.01454
-0.862262 1.01404
-0.866275 1.01354
-0.870297 1.01304
-0.874329 1.01254
-0.878349 1.01204
-0.882369 1.01153
-0.886386 1.01103
-0.890399 1.01053
-0.894416 1.01003
-0.898434 1.00953
-0.902447 1.00903
-0.909941 1.00853
-0.913955 1.00802
-0.9187 1.00752
-0.922719 1.00702
-0.926751 1.00652
-0.931458 1.00602
-0.935478 1.00552
-0.939494 1.00502
-0.943514 1.00451
-0.947531 1.00401
-0.951555 1.00351
-0.955569 1.00301
-0.959582 1.00251
-0.963595 1.00201
-0.967613 1.0015
-0.971638 1.001
-0.975655 1.0005
-0.979673 1
