Man
0 0
0.00803541 0.00333333
-0.00107184 0.00666667
-0.00963625 0.01
-0.00659989 0.0133333
-0.0115384 0.0166667
-0.0307479 0.02
-0.0464085 0.0233333
-0.0495505 0.0266667
-0.0762769 0.03
-0.102267 0.0333333
-0.112003 0.0366667
-0.127227 0.04
-0.139035 0.0433333
-0.140978 0.0466667
-0.133527 0.05
-0.146222 0.0533333
-0.164543 0.0566667
-0.161132 0.06
-0.192973 0.0633333
-0.210476 0.0666667
-0.22031 0.07
-0.237418 0.0733333
-0.255572 0.0766667
-0.269271 0.08
-0.281256 0.0833333
-0.30276 0.0866667
-0.30848 0.09
-0.337685 0.0933333
-0.374432 0.0966667
-0.405541 0.1
-0.421752 0.103333
-0.439969 0.106667
-0.451331 0.11
-0.459594 0.113333
-0.471399 0.116667
-0.480935 0.12
-0.511869 0.123333
-0.526276 0.126667
-0.545856 0.13
-0.550473 0.133333
-0.566255 0.136667
-0.585133 0.14
-0.601386 0.143333
-0.622584 0.146667
-0.629621 0.15
-0.645316 0.153333
-0.657257 0.156667
-0.663472 0.16
-0.678897 0.163333
-0.703208 0.166667
-0.704557 0.17
-0.715841 0.173333
-0.729116 0.176667
-0.743322 0.18
-0.752744 0.183333
-0.764539 0.186667
-0.774036 0.19
-0.777745 0.193333
-0.787942 0.196667
-0.793077 0.2
-0.797562 0.203333
-0.804812 0.206667
-0.801687 0.21
-0.810014 0.213333
-0.818877 0.216667
-0.827871 0.22
-0.835788 0.223333
-0.843794 0.226667
-0.845509 0.23
-0.851253 0.233333
-0.856859 0.236667
-0.86243 0.24
-0.866509 0.243333
-0.87222 0.246667
-0.876622 0.25
-0.881401 0.253333
-0.885448 0.256667
-0.889652 0.26
-0.893734 0.263333
-0.898663 0.266667
-0.902388 0.27
-0.905753 0.273333
-0.90991 0.276667
-0.91432 0.28
-0.917055 0.283333
-0.920715 0.286667
-0.923408 0.29
-0.926491 0.293333
-0.92972 0.296667
-0.933035 0.3
-0.936187 0.303333
-0.937687 0.306667
-0.940117 0.31
-0.941892 0.313333
-0.944167 0.316667
-0.946279 0.32
-0.947996 0.323333
-0.949673 0.326667
-0.951547 0.33
-0.952235 0.333333
-0.954014 0.336667
-0.956304 0.34
-0.958028 0.343333
-0.959841 0.346667
-0.961009 0.35
-0.962406 0.353333
-0.964288 0.356667
-0.965736 0.36
-0.967469 0.363333
-0.96867 0.366667
-0.970498 0.37
-0.972203 0.373333
-0.974266 0.376667
-0.975563 0.38
-0.976898 0.383333
-0.978555 0.386667
-0.979437 0.39
-0.980978 0.393333
-0.982296 0.396667
-0.983447 0.4
-0.984808 0.403333
-0.986032 0.406667
-0.986949 0.41
-0.988299 0.413333
-0.989329 0.416667
-0.990288 0.42
-0.991359 0.423333
-0.992295 0.426667
-0.993779 0.43
-0.994849 0.433333
-0.99588 0.436667
-0.996949 0.44
-0.997533 0.443333
-0.998744 0.446667
-0.999312 0.45
-1.00027 0.453333
-1.00123 0.456667
-1.00139 0.46
-1.00228 0.463333
-1.00266 0.466667
-1.00353 0.47
-1.00434 0.473333
-1.00514 0.476667
-1.00596 0.48
-1.00688 0.483333
-1.00764 0.486667
-1.00313 0.49
-1.00367 0.493333
-1.00391 0.496667
-1.00263 0.5
-1.00078 0.503333
-1.00166 0.506667
-1.0023 0.51
-1.00299 0.513333
-1.00346 0.516667
-1.00374 0.52
-1.00462 0.523333
-1.00393 0.526667
-1.00473 0.53
-1.00526 0.533333
-1.00569 0.536667
-1.00627 0.54
-1.00685 0.543333
-1.0075 0.546667
-1.00812 0.55
-1.00868 0.553333
-1.01695 0.556667
-1.01737 0.56
-1.01797 0.563333
-1.01842 0.566667
-1.01878 0.57
-1.01935 0.573333
-1.0198 0.576667
-1.01985 0.58
-1.02023 0.583333
-1.01983 0.586667
-1.02036 0.59
-1.02107 0.593333
-1.02177 0.596667
-1.01973 0.6
-1.02027 0.603333
-1.0209 0.606667
-1.02139 0.61
-1.02203 0.613333
-1.0225 0.616667
-1.02283 0.62
-1.02314 0.623333
-1.02345 0.626667
-1.0238 0.63
-1.02405 0.633333
-1.02447 0.636667
-1.02512 0.64
-1.02551 0.643333
-1.03263 0.646667
-1.03282 0.65
-1.03214 0.653333
-1.03252 0.656667
-1.03306 0.66
-1.03349 0.663333
-1.03378 0.666667
-1.03408 0.67
-1.03427 0.673333
-1.0346 0.676667
-1.0349 0.68
-1.03513 0.683333
-1.0354 0.686667
-1.03546 0.69
-1.03569 0.693333
-1.0361 0.696667
-1.03618 0.7
-1.03662 0.703333
-1.03689 0.706667
-1.03726 0.71
-1.03765 0.713333
-1.0374 0.716667
-1.03772 0.72
-1.03803 0.723333
-1.03818 0.726667
-1.03849 0.73
-1.03877 0.733333
-1.03884 0.736667
-1.039 0.74
-1.03911 0.743333
-1.0394 0.746667
-1.04467 0.75
-1.04503 0.753333
-1.05088 0.756667
-1.05116 0.76
-1.04869 0.763333
-1.05465 0.766667
-1.05472 0.77
-1.0551 0.773333
-1.0552 0.776667
-1.05544 0.78
-1.05569 0.783333
-1.05538 0.786667
-1.05545 0.79
-1.05584 0.793333
-1.05607 0.796667
-1.05634 0.8
-1.05668 0.803333
-1.05698 0.806667
-1.05702 0.81
-1.05698 0.813333
-1.05734 0.816667
-1.05753 0.82
-1.05788 0.823333
-1.05814 0.826667
-1.05825 0.83
-1.05859 0.833333
-1.05899 0.836667
-1.05915 0.84
-1.05932 0.843333
-1.05894 0.846667
-1.0591 0.85
-1.05924 0.853333
-1.05932 0.856667
-1.05813 0.86
-1.05797 0.863333
-1.05825 0.866667
-1.05757 0.87
-1.05702 0.873333
-1.05594 0.876667
-1.0562 0.88
-1.0564 0.883333
-1.05656 0.886667
-1.05489 0.89
-1.05507 0.893333
-1.05515 0.896667
-1.05534 0.9
-1.05542 0.903333
-1.05417 0.906667
-1.05431 0.91
-1.05947 0.913333
-1.05971 0.916667
-1.05996 0.92
-1.06025 0.923333
-1.06007 0.926667
-1.06014 0.93
-1.0604 0.933333
-1.0606 0.936667
-1.06072 0.94
-1.06091 0.943333
-1.061 0.946667
-1.06119 0.95
-1.06138 0.953333
-1.05823 0.956667
-1.05782 0.96
-1.05795 0.963333
-1.05815 0.966667
-1.05834 0.97
-1.05853 0.973333
-1.05865 0.976667
-1.05834 0.98
-1.05854 0.983333
-1.05854 0.986667
-1.05873 0.99
-1.05892 0.993333
-1.05915 0.996667
-1.05939 1


Shark
3.14159 1.5
3.12826 1.49833
3.11492 1.49667
3.10159 1.495
3.08825 1.49333
3.07492 1.49167
3.06151 1.49
3.04811 1.48833
3.03477 1.48667
3.0211 1.485
3.00737 1.48333
2.99397 1.48167
2.98043 1.48
2.96695 1.47833
2.95361 1.47667
2.9402 1.475
2.92661 1.47333
2.91269 1.47167
2.89933 1.47
2.88386 1.46833
2.86977 1.46667
2.85617 1.465
2.84196 1.46333
2.82756 1.46167
2.81355 1.46
2.79965 1.45833
2.78445 1.45667
2.77096 1.455
2.75386 1.45333
2.73456 1.45167
2.71646 1.45
2.70159 1.44833
2.68622 1.44667
2.672 1.445
2.65817 1.44333
2.64377 1.44167
2.6297 1.44
2.60959 1.43833
2.59443 1.43667
2.57774 1.435
2.56418 1.43333
2.54836 1.43167
2.53142 1.43
2.51522 1.42833
2.49708 1.42667
2.48311 1.425
2.46673 1.42333
2.45148 1.42167
2.43757 1.42
2.42092 1.41833
2.40006 1.41667
2.3867 1.415
2.37128 1.41333
2.35502 1.41167
2.33828 1.41
2.32329 1.40833
2.30735 1.40667
2.29222 1.405
2.27859 1.40333
2.26306 1.40167
2.24912 1.4
2.23531 1.39833
2.22071 1.39667
2.20712 1.395
2.19204 1.39333
2.17668 1.39167
2.16121 1.39
2.14614 1.38833
2.13098 1.38667
2.11756 1.385
2.1032 1.38333
2.08886 1.38167
2.07451 1.38
2.06061 1.37833
2.04615 1.37667
2.03212 1.375
2.01794 1.37333
2.00398 1.37167
1.98996 1.37
1.97596 1.36833
1.96164 1.36667
1.94772 1.365
1.93389 1.36333
1.9198 1.36167
1.90559 1.36
1.89191 1.35833
1.87793 1.35667
1.86424 1.355
1.85043 1.35333
1.83657 1.35167
1.82266 1.35
1.80879 1.34833
1.79534 1.34667
1.78167 1.345
1.76815 1.34333
1.75452 1.34167
1.74091 1.34
1.7274 1.33833
1.71389 1.33667
1.70033 1.335
1.68697 1.33333
1.67342 1.33167
1.65973 1.33
1.64619 1.32833
1.63263 1.32667
1.61919 1.325
1.60572 1.32333
1.59212 1.32167
1.57862 1.32
1.56506 1.31833
1.55161 1.31667
1.53801 1.315
1.52443 1.31333
1.51075 1.31167
1.49727 1.31
1.48378 1.30833
1.47021 1.30667
1.4568 1.305
1.44325 1.30333
1.42976 1.30167
1.4163 1.3
1.40279 1.29833
1.38931 1.29667
1.37589 1.295
1.36237 1.29333
1.34893 1.29167
1.3355 1.29
1.32204 1.28833
1.30862 1.28667
1.29504 1.285
1.28158 1.28333
1.26813 1.28167
1.25466 1.28
1.24129 1.27833
1.22778 1.27667
1.21441 1.275
1.20097 1.27333
1.18752 1.27167
1.17418 1.27
1.16075 1.26833
1.1474 1.26667
1.13397 1.265
1.12054 1.26333
1.10712 1.26167
1.0937 1.26
1.08025 1.25833
1.06683 1.25667
1.05086 1.255
1.03748 1.25333
1.02414 1.25167
1.01057 1.25
0.996721 1.24833
0.983268 1.24667
0.969872 1.245
0.956464 1.24333
0.943095 1.24167
0.929749 1.24
0.916292 1.23833
0.902882 1.23667
0.889442 1.235
0.876062 1.23333
0.862696 1.23167
0.849304 1.23
0.835912 1.22833
0.822503 1.22667
0.809102 1.225
0.795711 1.22333
0.773028 1.22167
0.759661 1.22
0.74626 1.21833
0.732887 1.21667
0.719528 1.215
0.706132 1.21333
0.692759 1.21167
0.679425 1.21
0.666063 1.20833
0.652697 1.20667
0.639307 1.205
0.62587 1.20333
0.612432 1.20167
0.598236 1.2
0.58484 1.19833
0.571422 1.19667
0.558035 1.195
0.544609 1.19333
0.531226 1.19167
0.517868 1.19
0.504512 1.18833
0.491157 1.18667
0.477793 1.185
0.464445 1.18333
0.451071 1.18167
0.437632 1.18
0.424263 1.17833
0.40155 1.17667
0.388208 1.175
0.374758 1.17333
0.361387 1.17167
0.347979 1.17
0.334597 1.16833
0.321241 1.16667
0.307883 1.165
0.29454 1.16333
0.281177 1.16167
0.26782 1.16
0.254472 1.15833
0.241117 1.15667
0.227783 1.155
0.214435 1.15333
0.201052 1.15167
0.187716 1.15
0.174327 1.14833
0.160971 1.14667
0.147597 1.145
0.134218 1.14333
0.120864 1.14167
0.107499 1.14
0.0941353 1.13833
0.0807946 1.13667
0.0674322 1.135
0.0540735 1.13333
0.0407384 1.13167
0.027397 1.13
0.0140593 1.12833
0.000699315 1.12667
-0.0199688 1.125
-0.0333454 1.12333
-0.0554738 1.12167
-0.068835 1.12
-0.0841509 1.11833
-0.106735 1.11667
-0.12007 1.115
-0.133455 1.11333
-0.146792 1.11167
-0.160146 1.11
-0.173502 1.10833
-0.186871 1.10667
-0.200207 1.105
-0.213598 1.10333
-0.22695 1.10167
-0.240312 1.1
-0.253689 1.09833
-0.267059 1.09667
-0.280393 1.095
-0.293727 1.09333
-0.307112 1.09167
-0.320459 1.09
-0.333844 1.08833
-0.347203 1.08667
-0.360542 1.085
-0.373923 1.08333
-0.387322 1.08167
-0.400666 1.08
-0.414012 1.07833
-0.427406 1.07667
-0.44075 1.075
-0.454092 1.07333
-0.467428 1.07167
-0.481373 1.07
-0.494717 1.06833
-0.508084 1.06667
-0.521624 1.065
-0.535094 1.06333
-0.548959 1.06167
-0.562325 1.06
-0.575677 1.05833
-0.589022 1.05667
-0.603618 1.055
-0.616967 1.05333
-0.630304 1.05167
-0.643654 1.05
-0.65699 1.04833
-0.671063 1.04667
-0.684405 1.045
-0.707483 1.04333
-0.720844 1.04167
-0.734208 1.04
-0.747586 1.03833
-0.760937 1.03667
-0.774273 1.035
-0.787641 1.03333
-0.800994 1.03167
-0.814336 1.03
-0.827687 1.02833
-0.841025 1.02667
-0.854378 1.025
-0.867731 1.02333
-0.885694 1.02167
-0.899119 1.02
-0.912461 1.01833
-0.925817 1.01667
-0.939171 1.015
-0.952525 1.01333
-0.965866 1.01167
-0.979251 1.01
-0.992606 1.00833
-1.00594 1.00667
-1.01929 1.005
-1.03265 1.00333
-1.04601 1.00167
-1.05938 1
