Man
0 0
0.0010115 0.001
0.00152563 0.002
-0.0036379 0.003
-0.00989646 0.004
-0.012198 0.005
-0.0144561 0.006
-0.0152198 0.007
-0.0182943 0.008
-0.0193215 0.009
-0.0209911 0.01
-0.0230648 0.011
-0.0260867 0.012
-0.0283198 0.013
-0.0286838 0.014
-0.0319263 0.015
-0.0330152 0.016
-0.0358404 0.017
-0.0371296 0.018
-0.042466 0.019
-0.0448605 0.02
-0.0464499 0.021
-0.0513359 0.022
-0.0540535 0.023
-0.055499 0.024
-0.055133 0.025
-0.0582371 0.026
-0.0599551 0.027
-0.0620813 0.028
-0.0662473 0.029
-0.065262 0.03
-0.0686349 0.031
-0.0724592 0.032
-0.0747162 0.033
-0.0780516 0.034
-0.0820781 0.035
-0.0819921 0.036
-0.0811507 0.037
-0.0796489 0.038
-0.079265 0.039
-0.0818342 0.04
-0.0837962 0.041
-0.0851288 0.042
-0.0900791 0.043
-0.0917148 0.044
-0.0896752 0.045
-0.0962972 0.046
-0.0962751 0.047
-0.0980995 0.048
-0.101816 0.049
-0.107537 0.05
-0.112294 0.051
-0.113532 0.052
-0.115796 0.053
-0.118759 0.054
-0.123662 0.055
-0.125716 0.056
-0.130461 0.057
-0.130161 0.058
-0.13003 0.059
-0.132842 0.06
-0.136187 0.061
-0.137962 0.062
-0.141057 0.063
-0.143453 0.064
-0.141497 0.065
-0.143323 0.066
-0.148027 0.067
-0.151231 0.068
-0.153933 0.069
-0.152926 0.07
-0.156493 0.071
-0.162816 0.072
-0.167408 0.073
-0.17066 0.074
-0.170534 0.075
-0.173801 0.076
-0.178025 0.077
-0.179492 0.078
-0.183641 0.079
-0.183781 0.08
-0.185052 0.081
-0.189449 0.082
-0.189599 0.083
-0.191028 0.084
-0.195212 0.085
-0.201091 0.086
-0.204115 0.087
-0.20943 0.088
-0.210142 0.089
-0.209807 0.09
-0.212078 0.091
-0.215772 0.092
-0.218029 0.093
-0.218826 0.094
-0.219723 0.095
-0.226298 0.096
-0.230058 0.097
-0.232257 0.098
-0.234085 0.099
-0.235042 0.1
-0.237331 0.101
-0.241653 0.102
-0.245344 0.103
-0.248327 0.104
-0.246869 0.105
-0.249909 0.106
-0.252827 0.107
-0.253648 0.108
-0.256074 0.109
-0.259544 0.11
-0.259747 0.111
-0.261151 0.112
-0.262104 0.113
-0.262173 0.114
-0.260772 0.115
-0.264776 0.116
-0.265595 0.117
-0.26485 0.118
-0.265952 0.119
-0.26869 0.12
-0.268693 0.121
-0.271345 0.122
-0.272159 0.123
-0.273417 0.124
-0.272598 0.125
-0.274589 0.126
-0.275265 0.127
-0.277276 0.128
-0.27979 0.129
-0.280597 0.13
-0.281906 0.131
-0.282206 0.132
-0.284496 0.133
-0.287213 0.134
-0.287034 0.135
-0.28796 0.136
-0.290735 0.137
-0.293143 0.138
-0.295476 0.139
-0.296575 0.14
-0.297438 0.141
-0.298256 0.142
-0.30018 0.143
-0.300524 0.144
-0.301592 0.145
-0.302763 0.146
-0.304463 0.147
-0.303395 0.148
-0.305009 0.149
-0.305256 0.15
-0.30678 0.151
-0.307359 0.152
-0.308742 0.153
-0.309034 0.154
-0.310244 0.155
-0.311869 0.156
-0.311059 0.157
-0.312895 0.158
-0.313421 0.159
-0.313805 0.16
-0.315457 0.161
-0.315791 0.162
-0.317414 0.163
-0.318074 0.164
-0.319757 0.165
-0.320578 0.166
-0.322325 0.167
-0.32326 0.168
-0.324622 0.169
-0.326404 0.17
-0.328905 0.171
-0.330099 0.172
-0.330679 0.173
-0.332866 0.174
-0.333171 0.175
-0.333983 0.176
-0.334727 0.177
-0.335521 0.178
-0.337159 0.179
-0.338997 0.18
-0.340041 0.181
-0.341255 0.182
-0.341563 0.183
-0.342195 0.184
-0.343103 0.185
-0.344465 0.186
-0.345517 0.187
-0.344822 0.188
-0.344893 0.189
-0.345779 0.19
-0.34569 0.191
-0.347009 0.192
-0.347859 0.193
-0.348288 0.194
-0.348942 0.195
-0.35095 0.196
-0.352002 0.197
-0.353279 0.198
-0.353717 0.199
-0.354799 0.2
-0.355049 0.201
-0.355406 0.202
-0.356106 0.203
-0.357493 0.204
-0.35888 0.205
-0.360183 0.206
-0.360719 0.207
-0.361364 0.208
-0.361839 0.209
-0.362296 0.21
-0.362845 0.211
-0.363468 0.212
-0.364272 0.213
-0.36519 0.214
-0.366022 0.215
-0.366678 0.216
-0.367323 0.217
-0.367907 0.218
-0.369133 0.219
-0.370132 0.22
-0.370665 0.221
-0.371045 0.222
-0.371605 0.223
-0.372475 0.224
-0.372633 0.225
-0.372979 0.226
-0.373342 0.227
-0.373957 0.228
-0.374466 0.229
-0.374809 0.23
-0.375423 0.231
-0.375635 0.232
-0.376248 0.233
-0.37644 0.234
-0.37636 0.235
-0.376636 0.236
-0.376864 0.237
-0.377149 0.238
-0.377453 0.239
-0.377871 0.24
-0.377763 0.241
-0.378083 0.242
-0.37888 0.243
-0.379136 0.244
-0.379499 0.245
-0.379949 0.246
-0.38039 0.247
-0.38043 0.248
-0.381028 0.249
-0.381447 0.25
-0.381715 0.251
-0.381528 0.252
-0.381818 0.253
-0.382129 0.254
-0.382308 0.255
-0.382516 0.256
-0.382128 0.257
-0.382263 0.258
-0.382369 0.259
-0.382658 0.26
-0.382126 0.261
-0.382659 0.262
-0.382762 0.263
-0.383013 0.264
-0.38332 0.265
-0.384193 0.266
-0.384382 0.267
-0.384672 0.268
-0.3852 0.269
-0.384806 0.27
-0.384816 0.271
-0.385113 0.272
-0.385096 0.273
-0.385218 0.274
-0.385237 0.275
-0.385504 0.276
-0.385572 0.277
-0.386219 0.278
-0.386284 0.279
-0.386572 0.28
-0.386825 0.281
-0.38653 0.282
-0.386763 0.283
-0.387245 0.284
-0.387335 0.285
-0.387651 0.286
-0.387901 0.287
-0.388149 0.288
-0.388299 0.289
-0.388446 0.29
-0.388689 0.291
-0.388569 0.292
-0.388545 0.293
-0.38882 0.294
-0.388757 0.295
-0.3886 0.296
-0.38899 0.297
-0.389129 0.298
-0.38928 0.299
-0.389126 0.3
-0.389551 0.301
-0.389846 0.302
-0.390014 0.303
-0.39004 0.304
-0.390166 0.305
-0.390497 0.306
-0.390694 0.307
-0.390879 0.308
-0.391248 0.309
-0.390026 0.31
-0.39024 0.311
-0.390416 0.312
-0.390737 0.313
-0.391145 0.314
-0.391303 0.315
-0.391663 0.316
-0.391965 0.317
-0.392174 0.318
-0.392464 0.319
-0.392527 0.32
-0.392651 0.321
-0.392958 0.322
-0.393213 0.323
-0.393573 0.324
-0.393889 0.325
-0.394051 0.326
-0.394589 0.327
-0.394592 0.328
-0.394807 0.329
-0.394771 0.33
-0.395125 0.331
-0.395466 0.332
-0.395733 0.333
-0.396067 0.334
-0.396251 0.335
-0.396378 0.336
-0.396371 0.337
-0.396371 0.338
-0.39644 0.339
-0.396517 0.34
-0.39669 0.341
-0.396741 0.342
-0.39686 0.343
-0.397224 0.344
-0.397437 0.345
-0.397406 0.346
-0.397366 0.347
-0.397334 0.348
-0.396968 0.349
-0.397068 0.35
-0.397352 0.351
-0.397552 0.352
-0.3978 0.353
-0.397754 0.354
-0.397812 0.355
-0.396784 0.356
-0.396883 0.357
-0.39702 0.358
-0.396817 0.359
-0.396917 0.36
-0.397053 0.361
-0.397193 0.362
-0.397543 0.363
-0.397503 0.364
-0.397611 0.365
-0.397909 0.366
-0.398082 0.367
-0.39849 0.368
-0.398713 0.369
-0.398724 0.37
-0.398465 0.371
-0.39861 0.372
-0.39863 0.373
-0.398932 0.374
-0.399123 0.375
-0.399206 0.376
-0.399405 0.377
-0.399623 0.378
-0.399725 0.379
-0.399646 0.38
-0.399857 0.381
-0.399898 0.382
-0.39992 0.383
-0.399996 0.384
-0.39796 0.385
-0.398187 0.386
-0.398025 0.387
-0.398061 0.388
-0.398075 0.389
-0.398194 0.39
-0.398262 0.391
-0.398266 0.392
-0.398501 0.393
-0.398741 0.394
-0.398861 0.395
-0.398947 0.396
-0.399141 0.397
-0.399172 0.398
-0.399255 0.399
-0.399398 0.4
-0.399409 0.401
-0.399603 0.402
-0.399696 0.403
-0.399839 0.404
-0.399899 0.405
-0.399737 0.406
-0.399925 0.407
-0.40009 0.408
-0.400112 0.409
-0.400193 0.41
-0.400079 0.411
-0.400278 0.412
-0.400312 0.413
-0.398016 0.414
-0.398081 0.415
-0.398164 0.416
-0.398353 0.417
-0.398447 0.418
-0.39854 0.419
-0.398682 0.42
-0.398763 0.421
-0.398717 0.422
-0.398754 0.423
-0.39865 0.424
-0.398619 0.425
-0.398611 0.426
-0.398668 0.427
-0.398639 0.428
-0.398802 0.429
-0.398821 0.43
-0.399029 0.431
-0.399139 0.432
-0.399226 0.433
-0.399272 0.434
-0.396714 0.435
-0.396879 0.436
-0.397092 0.437
-0.397165 0.438
-0.397361 0.439
-0.397521 0.44
-0.397446 0.441
-0.397378 0.442
-0.397401 0.443
-0.397633 0.444
-0.397716 0.445
-0.397817 0.446
-0.397798 0.447
-0.397885 0.448
-0.397869 0.449
-0.397307 0.45
-0.397428 0.451
-0.39755 0.452
-0.397588 0.453
-0.397604 0.454
-0.397681 0.455
-0.397823 0.456
-0.397892 0.457
-0.397968 0.458
-0.397921 0.459
-0.397896 0.46
-0.398057 0.461
-0.398223 0.462
-0.398385 0.463
-0.398531 0.464
-0.398595 0.465
-0.39866 0.466
-0.398685 0.467
-0.39885 0.468
-0.399021 0.469
-0.399083 0.47
-0.399118 0.471
-0.398379 0.472
-0.398573 0.473
-0.398497 0.474
-0.398551 0.475
-0.397505 0.476
-0.397526 0.477
-0.397272 0.478
-0.397261 0.479
-0.397334 0.48
-0.397368 0.481
-0.39745 0.482
-0.397491 0.483
-0.397567 0.484
-0.3976 0.485
-0.397888 0.486
-0.397987 0.487
-0.398224 0.488
-0.398285 0.489
-0.398271 0.49
-0.398573 0.491
-0.39856 0.492
-0.398545 0.493
-0.39861 0.494
-0.398663 0.495
-0.398647 0.496
-0.398657 0.497
-0.398645 0.498
-0.398769 0.499
-0.398929 0.5
-0.398995 0.501
-0.399069 0.502
-0.398729 0.503
-0.398888 0.504
-0.398867 0.505
-0.398314 0.506
-0.398305 0.507
-0.39832 0.508
-0.398351 0.509
-0.398407 0.51
-0.398493 0.511
-0.398563 0.512
-0.398512 0.513
-0.398601 0.514
-0.398577 0.515
-0.397521 0.516
-0.397617 0.517
-0.397804 0.518
-0.397619 0.519
-0.397523 0.52
-0.397634 0.521
-0.397754 0.522
-0.397812 0.523
-0.397878 0.524
-0.397965 0.525
-0.398037 0.526
-0.397999 0.527
-0.398046 0.528
-0.398154 0.529
-0.398187 0.53
-0.39817 0.531
-0.398087 0.532
-0.398151 0.533
-0.398228 0.534
-0.398279 0.535
-0.398325 0.536
-0.398289 0.537
-0.398306 0.538
-0.398302 0.539
-0.398218 0.54
-0.398263 0.541
-0.398305 0.542
-0.398414 0.543
-0.39851 0.544
-0.398484 0.545
-0.398447 0.546
-0.39854 0.547
-0.398607 0.548
-0.398727 0.549
-0.398841 0.55
-0.398913 0.551
-0.398941 0.552
-0.399008 0.553
-0.399001 0.554
-0.398932 0.555
-0.398929 0.556
-0.398887 0.557
-0.398897 0.558
-0.398896 0.559
-0.39893 0.56
-0.398907 0.561
-0.399004 0.562
-0.398976 0.563
-0.398999 0.564
-0.399036 0.565
-0.399058 0.566
-0.398965 0.567
-0.398948 0.568
-0.398977 0.569
-0.398913 0.57
-0.399032 0.571
-0.399036 0.572
-0.39916 0.573
-0.399212 0.574
-0.399231 0.575
-0.399263 0.576
-0.399322 0.577
-0.399333 0.578
-0.399342 0.579
-0.399285 0.58
-0.399207 0.581
-0.399339 0.582
-0.399313 0.583
-0.399438 0.584
-0.399335 0.585
-0.399409 0.586
-0.398661 0.587
-0.398674 0.588
-0.398665 0.589
-0.398731 0.59
-0.398711 0.591
-0.398671 0.592
-0.397426 0.593
-0.397406 0.594
-0.397411 0.595
-0.396781 0.596
-0.396921 0.597
-0.39707 0.598
-0.397054 0.599
-0.396933 0.6
-0.396948 0.601
-0.396904 0.602
-0.396847 0.603
-0.396858 0.604
-0.396873 0.605
-0.396967 0.606
-0.397102 0.607
-0.39719 0.608
-0.397157 0.609
-0.397282 0.61
-0.397384 0.611
-0.397458 0.612
-0.397516 0.613
-0.397588 0.614
-0.397634 0.615
-0.3976 0.616
-0.397564 0.617
-0.397666 0.618
-0.397663 0.619
-0.39772 0.62
-0.39772 0.621
-0.397789 0.622
-0.39779 0.623
-0.397792 0.624
-0.397753 0.625
-0.397882 0.626
-0.397906 0.627
-0.39785 0.628
-0.397841 0.629
-0.397888 0.63
-0.397873 0.631
-0.397808 0.632
-0.397813 0.633
-0.397872 0.634
-0.397944 0.635
-0.398057 0.636
-0.398168 0.637
-0.39779 0.638
-0.397858 0.639
-0.397902 0.64
-0.397944 0.641
-0.398037 0.642
-0.398175 0.643
-0.398151 0.644
-0.398278 0.645
-0.398309 0.646
-0.398298 0.647
-0.398346 0.648
-0.398461 0.649
-0.398362 0.65
-0.398328 0.651
-0.398345 0.652
-0.398367 0.653
-0.398473 0.654
-0.398504 0.655
-0.398613 0.656
-0.398693 0.657
-0.398656 0.658
-0.398775 0.659
-0.398858 0.66
-0.398927 0.661
-0.398862 0.662
-0.398825 0.663
-0.398869 0.664
-0.398943 0.665
-0.399057 0.666
-0.399059 0.667
-0.399144 0.668
-0.399231 0.669
-0.399116 0.67
-0.399064 0.671
-0.398951 0.672
-0.398916 0.673
-0.398988 0.674
-0.398953 0.675
-0.398936 0.676
-0.39779 0.677
-0.397988 0.678
-0.397984 0.679
-0.398014 0.68
-0.396475 0.681
-0.396421 0.682
-0.39638 0.683
-0.396458 0.684
-0.396507 0.685
-0.396488 0.686
-0.396529 0.687
-0.396512 0.688
-0.396568 0.689
-0.396458 0.69
-0.396438 0.691
-0.396544 0.692
-0.396609 0.693
-0.396582 0.694
-0.396616 0.695
-0.396718 0.696
-0.396666 0.697
-0.396748 0.698
-0.39679 0.699
-0.396817 0.7
-0.396905 0.701
-0.397027 0.702
-0.397117 0.703
-0.397116 0.704
-0.397107 0.705
-0.397136 0.706
-0.397179 0.707
-0.397176 0.708
-0.397228 0.709
-0.397239 0.71
-0.397233 0.711
-0.397389 0.712
-0.39744 0.713
-0.397495 0.714
-0.397529 0.715
-0.396346 0.716
-0.39633 0.717
-0.396367 0.718
-0.396369 0.719
-0.396401 0.72
-0.396372 0.721
-0.396411 0.722
-0.396417 0.723
-0.39643 0.724
-0.39653 0.725
-0.396645 0.726
-0.396756 0.727
-0.396767 0.728
-0.396808 0.729
-0.396653 0.73
-0.396601 0.731
-0.396685 0.732
-0.396761 0.733
-0.396837 0.734
-0.39687 0.735
-0.396964 0.736
-0.397033 0.737
-0.396984 0.738
-0.396952 0.739
-0.396953 0.74
-0.396982 0.741
-0.397154 0.742
-0.397154 0.743
-0.397198 0.744
-0.39724 0.745
-0.397293 0.746
-0.397261 0.747
-0.397407 0.748
-0.397347 0.749
-0.397323 0.75
-0.397246 0.751
-0.397357 0.752
-0.397432 0.753
-0.39741 0.754
-0.397454 0.755
-0.397508 0.756
-0.397513 0.757
-0.397516 0.758
-0.397507 0.759
-0.397542 0.76
-0.397436 0.761
-0.397498 0.762
-0.397428 0.763
-0.39743 0.764
-0.397447 0.765
-0.397387 0.766
-0.397396 0.767
-0.397307 0.768
-0.397374 0.769
-0.39739 0.77
-0.397418 0.771
-0.39745 0.772
-0.397301 0.773
-0.397424 0.774
-0.397506 0.775
-0.397501 0.776
-0.397535 0.777
-0.397638 0.778
-0.397627 0.779
-0.397712 0.78
-0.397758 0.781
-0.397785 0.782
-0.397856 0.783
-0.397955 0.784
-0.398158 0.785
-0.398161 0.786
-0.398244 0.787
-0.398185 0.788
-0.398186 0.789
-0.398163 0.79
-0.398157 0.791
-0.39813 0.792
-0.398239 0.793
-0.3982 0.794
-0.39816 0.795
-0.40032 0.796
-0.400424 0.797
-0.40034 0.798
-0.400396 0.799
-0.400318 0.8
-0.400441 0.801
-0.400473 0.802
-0.400532 0.803
-0.400477 0.804
-0.40058 0.805
-0.400602 0.806
-0.400536 0.807
-0.40053 0.808
-0.400494 0.809
-0.400549 0.81
-0.400544 0.811
-0.400639 0.812
-0.400695 0.813
-0.40077 0.814
-0.400747 0.815
-0.400675 0.816
-0.399676 0.817
-0.399634 0.818
-0.399731 0.819
-0.399843 0.82
-0.399891 0.821
-0.39993 0.822
-0.400004 0.823
-0.399975 0.824
-0.399564 0.825
-0.399576 0.826
-0.399591 0.827
-0.399629 0.828
-0.399593 0.829
-0.39956 0.83
-0.39956 0.831
-0.399506 0.832
-0.399599 0.833
-0.399527 0.834
-0.399555 0.835
-0.399578 0.836
-0.399646 0.837
-0.399691 0.838
-0.399647 0.839
-0.399633 0.84
-0.399599 0.841
-0.399603 0.842
-0.399703 0.843
-0.399681 0.844
-0.399749 0.845
-0.39973 0.846
-0.399816 0.847
-0.399569 0.848
-0.3996 0.849
-0.399656 0.85
-0.399685 0.851
-0.39966 0.852
-0.399306 0.853
-0.399288 0.854
-0.399311 0.855
-0.401194 0.856
-0.402829 0.857
-0.40286 0.858
-0.402095 0.859
-0.402062 0.86
-0.402056 0.861
-0.402156 0.862
-0.402138 0.863
-0.402185 0.864
-0.402185 0.865
-0.402206 0.866
-0.40222 0.867
-0.402174 0.868
-0.402249 0.869
-0.402256 0.87
-0.402201 0.871
-0.402201 0.872
-0.402238 0.873
-0.402327 0.874
-0.402316 0.875
-0.402274 0.876
-0.402325 0.877
-0.40237 0.878
-0.402488 0.879
-0.402462 0.88
-0.402628 0.881
-0.402705 0.882
-0.402706 0.883
-0.402259 0.884
-0.40229 0.885
-0.402303 0.886
-0.402293 0.887
-0.402269 0.888
-0.402334 0.889
-0.402338 0.89
-0.402324 0.891
-0.402296 0.892
-0.402354 0.893
-0.402441 0.894
-0.40249 0.895
-0.40246 0.896
-0.402501 0.897
-0.402482 0.898
-0.402403 0.899
-0.40243 0.9
-0.402459 0.901
-0.402444 0.902
-0.402339 0.903
-0.402339 0.904
-0.402341 0.905
-0.402333 0.906
-0.40233 0.907
-0.402288 0.908
-0.402365 0.909
-0.402347 0.91
-0.402376 0.911
-0.402369 0.912
-0.40238 0.913
-0.402415 0.914
-0.402369 0.915
-0.402312 0.916
-0.402391 0.917
-0.402465 0.918
-0.402513 0.919
-0.402534 0.92
-0.402513 0.921
-0.402515 0.922
-0.401746 0.923
-0.401854 0.924
-0.401905 0.925
-0.401855 0.926
-0.401869 0.927
-0.401827 0.928
-0.401859 0.929
-0.401916 0.93
-0.401948 0.931
-0.402082 0.932
-0.402078 0.933
-0.402058 0.934
-0.402046 0.935
-0.402102 0.936
-0.402212 0.937
-0.402184 0.938
-0.401771 0.939
-0.401777 0.94
-0.401718 0.941
-0.40167 0.942
-0.401734 0.943
-0.401706 0.944
-0.401709 0.945
-0.40173 0.946
-0.401819 0.947
-0.401854 0.948
-0.401913 0.949
-0.40196 0.95
-0.401935 0.951
-0.402037 0.952
-0.402004 0.953
-0.401951 0.954
-0.401966 0.955
-0.401946 0.956
-0.401957 0.957
-0.401904 0.958
-0.401934 0.959
-0.402004 0.96
-0.401991 0.961
-0.402032 0.962
-0.402034 0.963
-0.402018 0.964
-0.402091 0.965
-0.402154 0.966
-0.402154 0.967
-0.402137 0.968
-0.402157 0.969
-0.402196 0.97
-0.402191 0.971
-0.402172 0.972
-0.40221 0.973
-0.402203 0.974
-0.401764 0.975
-0.401773 0.976
-0.401744 0.977
-0.401769 0.978
-0.40179 0.979
-0.401813 0.98
-0.401794 0.981
-0.401721 0.982
-0.401627 0.983
-0.401625 0.984
-0.401559 0.985
-0.401532 0.986
-0.401508 0.987
-0.401484 0.988
-0.401502 0.989
-0.401519 0.99
-0.401517 0.991
-0.401522 0.992
-0.401543 0.993
-0.401555 0.994
-0.401558 0.995
-0.401549 0.996
-0.401641 0.997
-0.401652 0.998
-0.40159 0.999
-0.401703 1


Shark
3.14159 1.5
3.13809 1.4995
3.13459 1.499
3.13109 1.4985
3.12759 1.498
3.12409 1.4975
3.12059 1.497
3.11709 1.4965
3.11359 1.496
3.11009 1.4955
3.10659 1.495
3.10309 1.4945
3.09959 1.494
3.09609 1.4935
3.09259 1.493
3.08908 1.4925
3.08558 1.492
3.08208 1.4915
3.07858 1.491
3.07506 1.4905
3.07156 1.49
3.06805 1.4895
3.06453 1.489
3.06103 1.4885
3.05753 1.488
3.05403 1.4875
3.05051 1.487
3.04701 1.4865
3.04351 1.486
3.03998 1.4855
3.03648 1.485
3.03296 1.4845
3.02944 1.484
3.02593 1.4835
3.0224 1.483
3.01887 1.4825
3.01537 1.482
3.01187 1.4815
3.00836 1.481
3.00486 1.4805
3.00134 1.48
2.99783 1.4795
2.99433 1.479
2.99075 1.4785
2.98724 1.478
2.98373 1.4775
2.98007 1.477
2.97657 1.4765
2.97306 1.476
2.9695 1.4755
2.96587 1.475
2.96227 1.4745
2.95876 1.474
2.95523 1.4735
2.95169 1.473
2.94807 1.4725
2.94455 1.472
2.94092 1.4715
2.93742 1.471
2.93392 1.4705
2.93037 1.47
2.9268 1.4695
2.92328 1.469
2.91972 1.4685
2.91618 1.468
2.91265 1.4675
2.90912 1.467
2.90546 1.4665
2.90188 1.466
2.89832 1.4655
2.89481 1.465
2.8912 1.4645
2.88736 1.464
2.88367 1.4635
2.88007 1.463
2.87657 1.4625
2.87296 1.462
2.86929 1.4615
2.86576 1.461
2.86208 1.4605
2.85858 1.46
2.85506 1.4595
2.85135 1.459
2.84785 1.4585
2.84432 1.458
2.84061 1.4575
2.83669 1.457
2.83307 1.4565
2.82921 1.456
2.82571 1.4555
2.82221 1.455
2.81863 1.4545
2.81494 1.454
2.81136 1.4535
2.80785 1.453
2.80434 1.4525
2.80021 1.452
2.79648 1.4515
2.7929 1.451
2.78935 1.4505
2.78583 1.45
2.78224 1.4495
2.77842 1.449
2.77468 1.4485
2.77101 1.448
2.76747 1.4475
2.7638 1.447
2.76013 1.4465
2.75662 1.446
2.753 1.4455
2.74926 1.445
2.74576 1.4445
2.74221 1.444
2.73869 1.4435
2.73519 1.443
2.73165 1.4425
2.72779 1.442
2.72428 1.4415
2.72076 1.441
2.71723 1.4405
2.71355 1.44
2.71005 1.4395
2.70637 1.439
2.70286 1.4385
2.69931 1.438
2.6958 1.4375
2.69219 1.437
2.68868 1.4365
2.68506 1.436
2.68138 1.4355
2.67786 1.435
2.67431 1.4345
2.67081 1.434
2.66715 1.4335
2.66343 1.433
2.65993 1.4325
2.6564 1.432
2.65266 1.4315
2.64897 1.431
2.64529 1.4305
2.64175 1.43
2.63823 1.4295
2.6347 1.429
2.63108 1.4285
2.62757 1.428
2.62403 1.4275
2.62048 1.427
2.61687 1.4265
2.61333 1.426
2.60973 1.4255
2.60623 1.425
2.60264 1.4245
2.59912 1.424
2.59555 1.4235
2.59204 1.423
2.58848 1.4225
2.58487 1.422
2.58134 1.4215
2.5777 1.421
2.57419 1.4205
2.57068 1.42
2.56706 1.4195
2.56356 1.419
2.55994 1.4185
2.55642 1.418
2.55278 1.4175
2.54925 1.417
2.54561 1.4165
2.54206 1.416
2.53847 1.4155
2.53482 1.415
2.53101 1.4145
2.52744 1.414
2.52392 1.4135
2.52018 1.413
2.51667 1.4125
2.51314 1.412
2.50961 1.4115
2.50607 1.411
2.50243 1.4105
2.49874 1.41
2.49518 1.4095
2.4916 1.409
2.48809 1.4085
2.48457 1.408
2.48102 1.4075
2.47741 1.407
2.47384 1.4065
2.47031 1.406
2.46681 1.4055
2.46326 1.405
2.45976 1.4045
2.45615 1.404
2.45261 1.4035
2.44909 1.403
2.44557 1.4025
2.44181 1.402
2.43823 1.4015
2.43462 1.401
2.43111 1.4005
2.42753 1.4
2.42402 1.3995
2.42051 1.399
2.41698 1.3985
2.41334 1.398
2.4097 1.3975
2.40608 1.397
2.40256 1.3965
2.39903 1.396
2.39551 1.3955
2.392 1.395
2.38847 1.3945
2.38494 1.394
2.38139 1.3935
2.37782 1.393
2.37427 1.3925
2.37073 1.392
2.3672 1.3915
2.36367 1.391
2.36005 1.3905
2.35647 1.39
2.35294 1.3895
2.34943 1.389
2.3459 1.3885
2.34234 1.388
2.33883 1.3875
2.33532 1.387
2.33181 1.3865
2.32828 1.386
2.32475 1.3855
2.32124 1.385
2.31771 1.3845
2.3142 1.384
2.31067 1.3835
2.30717 1.383
2.30367 1.3825
2.30016 1.382
2.29665 1.3815
2.29314 1.381
2.28964 1.3805
2.28612 1.38
2.28262 1.3795
2.27911 1.379
2.27554 1.3785
2.27204 1.378
2.26852 1.3775
2.265 1.377
2.26148 1.3765
2.25798 1.376
2.25444 1.3755
2.25092 1.375
2.24741 1.3745
2.24391 1.374
2.2404 1.3735
2.23689 1.373
2.23339 1.3725
2.22988 1.372
2.22636 1.3715
2.22286 1.371
2.21936 1.3705
2.21585 1.37
2.21232 1.3695
2.20878 1.369
2.20528 1.3685
2.20177 1.368
2.19826 1.3675
2.19467 1.367
2.19117 1.3665
2.18766 1.366
2.18412 1.3655
2.1806 1.365
2.1771 1.3645
2.17359 1.364
2.17009 1.3635
2.16659 1.363
2.16309 1.3625
2.15958 1.362
2.15608 1.3615
2.15252 1.361
2.14902 1.3605
2.14551 1.36
2.142 1.3595
2.13849 1.359
2.13498 1.3585
2.13145 1.358
2.12795 1.3575
2.12443 1.357
2.12092 1.3565
2.11742 1.356
2.11391 1.3555
2.11041 1.355
2.1069 1.3545
2.1034 1.354
2.0999 1.3535
2.09639 1.353
2.09289 1.3525
2.08938 1.352
2.08586 1.3515
2.08236 1.351
2.07885 1.3505
2.07535 1.35
2.07182 1.3495
2.06831 1.349
2.0648 1.3485
2.0613 1.348
2.0578 1.3475
2.05428 1.347
2.05077 1.3465
2.04727 1.346
2.04375 1.3455
2.04 1.345
2.0365 1.3445
2.03299 1.344
2.02947 1.3435
2.02595 1.343
2.02244 1.3425
2.01892 1.342
2.0154 1.3415
2.0119 1.341
2.00838 1.3405
2.00488 1.34
2.00138 1.3395
1.99786 1.339
1.99435 1.3385
1.99082 1.338
1.98731 1.3375
1.9838 1.337
1.98025 1.3365
1.97675 1.336
1.97324 1.3355
1.96974 1.335
1.96621 1.3345
1.96269 1.334
1.95918 1.3335
1.95566 1.333
1.95215 1.3325
1.94865 1.332
1.94515 1.3315
1.94165 1.331
1.93815 1.3305
1.93465 1.33
1.93114 1.3295
1.92764 1.329
1.92414 1.3285
1.92061 1.328
1.9171 1.3275
1.9136 1.327
1.9101 1.3265
1.9066 1.326
1.90307 1.3255
1.89957 1.325
1.89605 1.3245
1.89254 1.324
1.88903 1.3235
1.88553 1.323
1.88203 1.3225
1.8783 1.322
1.8748 1.3215
1.87129 1.321
1.86779 1.3205
1.86428 1.32
1.86078 1.3195
1.85727 1.319
1.85375 1.3185
1.85025 1.318
1.84674 1.3175
1.84322 1.317
1.83972 1.3165
1.83618 1.316
1.83266 1.3155
1.82916 1.315
1.82565 1.3145
1.82214 1.314
1.81864 1.3135
1.81512 1.313
1.81161 1.3125
1.80811 1.312
1.8046 1.3115
1.80109 1.311
1.79759 1.3105
1.79408 1.31
1.79057 1.3095
1.78707 1.309
1.78357 1.3085
1.78007 1.308
1.77563 1.3075
1.77211 1.307
1.76861 1.3065
1.76511 1.306
1.76161 1.3055
1.7581 1.305
1.7546 1.3045
1.7511 1.304
1.74759 1.3035
1.74407 1.303
1.74057 1.3025
1.73706 1.302
1.73355 1.3015
1.73005 1.301
1.72655 1.3005
1.72305 1.3
1.71955 1.2995
1.71604 1.299
1.71253 1.2985
1.70903 1.298
1.70553 1.2975
1.70202 1.297
1.69851 1.2965
1.695 1.296
1.6915 1.2955
1.688 1.295
1.6845 1.2945
1.68098 1.294
1.67748 1.2935
1.67266 1.293
1.66916 1.2925
1.66565 1.292
1.66214 1.2915
1.65864 1.291
1.65514 1.2905
1.65163 1.29
1.64813 1.2895
1.64463 1.289
1.64113 1.2885
1.63762 1.288
1.63412 1.2875
1.63062 1.287
1.62712 1.2865
1.62362 1.286
1.62011 1.2855
1.61661 1.285
1.6131 1.2845
1.6096 1.284
1.60609 1.2835
1.60259 1.283
1.59736 1.2825
1.59385 1.282
1.59034 1.2815
1.58683 1.281
1.58332 1.2805
1.57981 1.28
1.57631 1.2795
1.57281 1.279
1.56931 1.2785
1.56579 1.278
1.56229 1.2775
1.55879 1.277
1.55529 1.2765
1.55178 1.276
1.54828 1.2755
1.54467 1.275
1.54117 1.2745
1.53766 1.274
1.53416 1.2735
1.53066 1.273
1.52716 1.2725
1.52365 1.272
1.52015 1.2715
1.51665 1.271
1.51315 1.2705
1.50965 1.27
1.50614 1.2695
1.50263 1.269
1.49912 1.2685
1.49561 1.268
1.49211 1.2675
1.48861 1.267
1.48511 1.2665
1.4816 1.266
1.47808 1.2655
1.47458 1.265
1.47108 1.2645
1.46738 1.264
1.46386 1.2635
1.46036 1.263
1.45686 1.2625
1.45295 1.262
1.44945 1.2615
1.44592 1.261
1.44242 1.2605
1.43892 1.26
1.43542 1.2595
1.43192 1.259
1.42842 1.2585
1.42491 1.258
1.42141 1.2575
1.41788 1.257
1.41438 1.2565
1.41085 1.256
1.40735 1.2555
1.40385 1.255
1.40031 1.2545
1.39681 1.254
1.39331 1.2535
1.38981 1.253
1.38631 1.2525
1.38281 1.252
1.37931 1.2515
1.37581 1.251
1.3723 1.2505
1.36879 1.25
1.36529 1.2495
1.36179 1.249
1.35824 1.2485
1.35472 1.248
1.35122 1.2475
1.34759 1.247
1.34409 1.2465
1.34059 1.246
1.33709 1.2455
1.33359 1.245
1.33008 1.2445
1.32658 1.244
1.32308 1.2435
1.31958 1.243
1.31608 1.2425
1.31209 1.242
1.30859 1.2415
1.30507 1.241
1.30156 1.2405
1.29805 1.24
1.29455 1.2395
1.29104 1.239
1.28754 1.2385
1.28403 1.238
1.28053 1.2375
1.27703 1.237
1.27353 1.2365
1.27003 1.236
1.26652 1.2355
1.26302 1.235
1.25952 1.2345
1.25602 1.234
1.25251 1.2335
1.24901 1.233
1.24551 1.2325
1.24201 1.232
1.23851 1.2315
1.23501 1.231
1.23151 1.2305
1.22801 1.23
1.2245 1.2295
1.221 1.229
1.2175 1.2285
1.21399 1.228
1.21049 1.2275
1.20699 1.227
1.20349 1.2265
1.19998 1.226
1.19648 1.2255
1.19297 1.225
1.18947 1.2245
1.18597 1.224
1.18246 1.2235
1.17896 1.223
1.17546 1.2225
1.17196 1.222
1.16846 1.2215
1.16496 1.221
1.16146 1.2205
1.15796 1.22
1.15446 1.2195
1.15095 1.219
1.14745 1.2185
1.14395 1.218
1.14045 1.2175
1.13695 1.217
1.13345 1.2165
1.12995 1.216
1.12645 1.2155
1.12295 1.215
1.11944 1.2145
1.11594 1.214
1.11243 1.2135
1.10893 1.213
1.10543 1.2125
1.10193 1.212
1.09842 1.2115
1.09492 1.211
1.09142 1.2105
1.08792 1.21
1.08442 1.2095
1.08091 1.209
1.07741 1.2085
1.0739 1.208
1.07039 1.2075
1.06689 1.207
1.06307 1.2065
1.05957 1.206
1.05607 1.2055
1.05256 1.205
1.04906 1.2045
1.04556 1.204
1.04121 1.2035
1.03771 1.203
1.03421 1.2025
1.03047 1.202
1.02696 1.2015
1.02345 1.201
1.01995 1.2005
1.01644 1.2
1.01294 1.1995
1.00944 1.199
1.00594 1.1985
1.00244 1.198
0.998936 1.1975
0.99543 1.197
0.991918 1.1965
0.988413 1.196
0.984912 1.1955
0.981402 1.195
0.977896 1.1945
0.974392 1.194
0.97089 1.1935
0.967386 1.193
0.963885 1.1925
0.960384 1.192
0.956883 1.1915
0.953376 1.191
0.949876 1.1905
0.946374 1.19
0.942874 1.1895
0.939371 1.189
0.935871 1.1885
0.932371 1.188
0.92887 1.1875
0.925359 1.187
0.921858 1.1865
0.918356 1.186
0.914856 1.1855
0.911354 1.185
0.907854 1.1845
0.904351 1.184
0.900851 1.1835
0.897349 1.183
0.893845 1.1825
0.890336 1.182
0.886828 1.1815
0.883227 1.181
0.879724 1.1805
0.876223 1.18
0.872721 1.1795
0.869215 1.179
0.865701 1.1785
0.862201 1.178
0.858689 1.1775
0.855189 1.177
0.851688 1.1765
0.848187 1.176
0.844677 1.1755
0.84117 1.175
0.837669 1.1745
0.834169 1.174
0.830669 1.1735
0.82716 1.173
0.823659 1.1725
0.820151 1.172
0.816646 1.1715
0.813145 1.171
0.809634 1.1705
0.806129 1.17
0.802625 1.1695
0.799122 1.169
0.795621 1.1685
0.792119 1.168
0.788615 1.1675
0.785105 1.167
0.781605 1.1665
0.778099 1.166
0.774594 1.1655
0.771083 1.165
0.767581 1.1645
0.764071 1.164
0.76057 1.1635
0.757066 1.163
0.753565 1.1625
0.750065 1.162
0.745636 1.1615
0.742104 1.161
0.738604 1.1605
0.735104 1.16
0.730035 1.1595
0.726532 1.159
0.723031 1.1585
0.719526 1.158
0.716024 1.1575
0.712524 1.157
0.709022 1.1565
0.705522 1.156
0.702019 1.1555
0.698509 1.155
0.695009 1.1545
0.6915 1.154
0.687996 1.1535
0.684495 1.153
0.680994 1.1525
0.677486 1.152
0.673983 1.1515
0.670478 1.151
0.666976 1.1505
0.663475 1.15
0.659969 1.1495
0.656456 1.149
0.652949 1.1485
0.649449 1.148
0.645949 1.1475
0.642448 1.147
0.638947 1.1465
0.635447 1.146
0.631944 1.1455
0.628444 1.145
0.624944 1.1445
0.621423 1.144
0.61792 1.1435
0.614418 1.143
0.610917 1.1425
0.606331 1.142
0.602831 1.1415
0.59933 1.141
0.59583 1.1405
0.592329 1.14
0.588828 1.1395
0.585327 1.139
0.581827 1.1385
0.578327 1.138
0.574817 1.1375
0.571305 1.137
0.567794 1.1365
0.564294 1.136
0.560792 1.1355
0.55727 1.135
0.553767 1.1345
0.550261 1.134
0.546755 1.1335
0.54325 1.133
0.539749 1.1325
0.53624 1.132
0.532736 1.1315
0.529233 1.131
0.525733 1.1305
0.522233 1.13
0.518732 1.1295
0.515203 1.129
0.511703 1.1285
0.508201 1.128
0.5047 1.1275
0.501197 1.127
0.497696 1.1265
0.494175 1.126
0.490671 1.1255
0.487171 1.125
0.483665 1.1245
0.480153 1.124
0.476648 1.1235
0.473147 1.123
0.469645 1.1225
0.466142 1.122
0.462642 1.1215
0.459142 1.121
0.455642 1.1205
0.452141 1.12
0.44863 1.1195
0.445126 1.119
0.441621 1.1185
0.438121 1.118
0.43462 1.1175
0.431117 1.117
0.427617 1.1165
0.424108 1.116
0.420604 1.1155
0.417104 1.115
0.413603 1.1145
0.410102 1.114
0.406579 1.1135
0.403063 1.113
0.399556 1.1125
0.396056 1.112
0.392555 1.1115
0.389044 1.111
0.385544 1.1105
0.382036 1.11
0.378534 1.1095
0.375033 1.109
0.371527 1.1085
0.368017 1.108
0.364473 1.1075
0.360973 1.107
0.357466 1.1065
0.353962 1.106
0.350462 1.1055
0.346961 1.105
0.343461 1.1045
0.33996 1.104
0.336447 1.1035
0.332946 1.103
0.329444 1.1025
0.322485 1.102
0.318973 1.1015
0.315465 1.101
0.311962 1.1005
0.308455 1.1
0.304938 1.0995
0.301437 1.099
0.297933 1.0985
0.294429 1.098
0.290917 1.0975
0.287417 1.097
0.283912 1.0965
0.280412 1.096
0.27691 1.0955
0.273407 1.095
0.269906 1.0945
0.266396 1.094
0.262892 1.0935
0.259386 1.093
0.255885 1.0925
0.252379 1.092
0.247862 1.0915
0.24436 1.091
0.240849 1.0905
0.237334 1.09
0.233831 1.0895
0.230329 1.089
0.226823 1.0885
0.223322 1.088
0.219627 1.0875
0.216127 1.087
0.212626 1.0865
0.209124 1.086
0.205623 1.0855
0.202122 1.085
0.198622 1.0845
0.195118 1.084
0.191608 1.0835
0.188101 1.083
0.1846 1.0825
0.1811 1.082
0.177594 1.0815
0.174091 1.081
0.170589 1.0805
0.167089 1.08
0.163587 1.0795
0.160087 1.079
0.156575 1.0785
0.153074 1.078
0.149569 1.0775
0.146068 1.077
0.142559 1.0765
0.138983 1.076
0.135482 1.0755
0.131978 1.075
0.128477 1.0745
0.124976 1.074
0.12132 1.0735
0.117819 1.073
0.114319 1.0725
0.107685 1.072
0.101661 1.0715
0.0981601 1.071
0.0939728 1.0705
0.0904714 1.07
0.0869714 1.0695
0.0834583 1.069
0.0799579 1.0685
0.0764551 1.068
0.0729551 1.0675
0.0694545 1.067
0.0659543 1.0665
0.0624514 1.066
0.0589439 1.0655
0.0554438 1.065
0.0519399 1.0645
0.0484399 1.064
0.044938 1.0635
0.0414274 1.063
0.0379273 1.0625
0.0344249 1.062
0.0309215 1.0615
0.0274188 1.061
0.0239 1.0605
0.0203991 1.06
0.0168619 1.0595
0.0133537 1.059
0.00985374 1.0585
0.00609031 1.058
0.00258897 1.0575
-0.000911278 1.057
-0.00441142 1.0565
-0.00791222 1.056
-0.011418 1.0555
-0.014918 1.055
-0.0184182 1.0545
-0.0219193 1.054
-0.025424 1.0535
-0.0289345 1.053
-0.0324379 1.0525
-0.0359392 1.052
-0.0394416 1.0515
-0.0429421 1.051
-0.046451 1.0505
-0.049952 1.05
-0.0534532 1.0495
-0.0569535 1.049
-0.0604691 1.0485
-0.0639691 1.048
-0.0674691 1.0475
-0.0709692 1.047
-0.0744692 1.0465
-0.0779718 1.046
-0.0814803 1.0455
-0.0849807 1.045
-0.0884819 1.0445
-0.0919819 1.044
-0.0954821 1.0435
-0.0989839 1.043
-0.102487 1.0425
-0.105992 1.042
-0.109501 1.0415
-0.113009 1.041
-0.116512 1.0405
-0.120013 1.04
-0.123514 1.0395
-0.127014 1.039
-0.131305 1.0385
-0.134822 1.038
-0.138326 1.0375
-0.14183 1.037
-0.14533 1.0365
-0.148833 1.036
-0.152334 1.0355
-0.155839 1.035
-0.159341 1.0345
-0.162868 1.034
-0.166368 1.0335
-0.169869 1.033
-0.173369 1.0325
-0.176874 1.032
-0.180392 1.0315
-0.183893 1.031
-0.187646 1.0305
-0.191146 1.03
-0.194651 1.0295
-0.198155 1.029
-0.201662 1.0285
-0.205163 1.028
-0.208663 1.0275
-0.212163 1.027
-0.215676 1.0265
-0.219178 1.026
-0.222683 1.0255
-0.226187 1.025
-0.229688 1.0245
-0.233204 1.024
-0.236706 1.0235
-0.24021 1.023
-0.243711 1.0225
-0.247211 1.022
-0.250711 1.0215
-0.254216 1.021
-0.257718 1.0205
-0.261225 1.02
-0.264726 1.0195
-0.268228 1.019
-0.271728 1.0185
-0.275229 1.018
-0.278737 1.0175
-0.282244 1.017
-0.285744 1.0165
-0.289244 1.016
-0.292745 1.0155
-0.296247 1.015
-0.299747 1.0145
-0.303248 1.014
-0.30675 1.0135
-0.31025 1.013
-0.314058 1.0125
-0.317558 1.012
-0.32106 1.0115
-0.324561 1.011
-0.328061 1.0105
-0.331562 1.01
-0.335063 1.0095
-0.338572 1.009
-0.342087 1.0085
-0.345587 1.008
-0.349094 1.0075
-0.352595 1.007
-0.356096 1.0065
-0.359597 1.006
-0.363098 1.0055
-0.366598 1.005
-0.370098 1.0045
-0.373598 1.004
-0.377099 1.0035
-0.380599 1.003
-0.384099 1.0025
-0.3876 1.002
-0.391114 1.0015
-0.394615 1.001
-0.398121 1.0005
-0.401644 1
