Man
0 0
0.00519263 0.00142857
0.00123891 0.00285714
-0.00638287 0.00428571
-0.00991144 0.00571429
-0.011322 0.00714286
-0.0167452 0.00857143
-0.0211863 0.01
-0.0230123 0.0114286
-0.0379309 0.0128571
-0.0343344 0.0142857
-0.0408711 0.0157143
-0.0521861 0.0171429
-0.0610422 0.0185714
-0.0742256 0.02
-0.0729616 0.0214286
-0.0760063 0.0228571
-0.0825125 0.0242857
-0.0797027 0.0257143
-0.0814766 0.0271429
-0.0778867 0.0285714
-0.0854206 0.03
-0.096325 0.0314286
-0.101698 0.0328571
-0.117044 0.0342857
-0.131578 0.0357143
-0.130396 0.0371429
-0.139589 0.0385714
-0.15159 0.04
-0.151373 0.0414286
-0.15808 0.0428571
-0.167616 0.0442857
-0.171579 0.0457143
-0.171868 0.0471429
-0.174196 0.0485714
-0.175872 0.05
-0.181997 0.0514286
-0.187125 0.0528571
-0.184814 0.0542857
-0.198748 0.0557143
-0.207706 0.0571429
-0.206159 0.0585714
-0.21792 0.06
-0.225764 0.0614286
-0.22664 0.0628571
-0.23223 0.0642857
-0.238732 0.0657143
-0.251823 0.0671429
-0.252713 0.0685714
-0.253282 0.07
-0.25583 0.0714286
-0.274986 0.0728571
-0.285202 0.0742857
-0.287347 0.0757143
-0.297695 0.0771429
-0.301762 0.0785714
-0.303283 0.08
-0.320826 0.0814286
-0.316432 0.0828571
-0.319797 0.0842857
-0.325024 0.0857143
-0.339433 0.0871429
-0.354454 0.0885714
-0.360995 0.09
-0.377174 0.0914286
-0.377735 0.0928571
-0.382083 0.0942857
-0.386271 0.0957143
-0.398978 0.0971429
-0.401998 0.0985714
-0.408143 0.1
-0.418144 0.101429
-0.428967 0.102857
-0.427534 0.104286
-0.429031 0.105714
-0.437337 0.107143
-0.455019 0.108571
-0.463624 0.11
-0.46849 0.111429
-0.472572 0.112857
-0.474427 0.114286
-0.485573 0.115714
-0.492198 0.117143
-0.503431 0.118571
-0.504353 0.12
-0.509894 0.121429
-0.51615 0.122857
-0.521389 0.124286
-0.524802 0.125714
-0.52563 0.127143
-0.530905 0.128571
-0.538661 0.13
-0.551413 0.131429
-0.561784 0.132857
-0.565845 0.134286
-0.566722 0.135714
-0.578314 0.137143
-0.590927 0.138571
-0.59378 0.14
-0.601289 0.141429
-0.61717 0.142857
-0.617694 0.144286
-0.620327 0.145714
-0.627357 0.147143
-0.635673 0.148571
-0.63756 0.15
-0.642023 0.151429
-0.653028 0.152857
-0.660473 0.154286
-0.668075 0.155714
-0.674462 0.157143
-0.677962 0.158571
-0.685767 0.16
-0.690237 0.161429
-0.697059 0.162857
-0.700259 0.164286
-0.707333 0.165714
-0.713725 0.167143
-0.717896 0.168571
-0.72395 0.17
-0.730502 0.171429
-0.730585 0.172857
-0.736939 0.174286
-0.739867 0.175714
-0.744885 0.177143
-0.748107 0.178571
-0.753534 0.18
-0.758611 0.181429
-0.764437 0.182857
-0.769768 0.184286
-0.775409 0.185714
-0.777162 0.187143
-0.779046 0.188571
-0.782935 0.19
-0.785699 0.191429
-0.790166 0.192857
-0.79452 0.194286
-0.79815 0.195714
-0.802293 0.197143
-0.804483 0.198571
-0.80645 0.2
-0.806789 0.201429
-0.80937 0.202857
-0.811827 0.204286
-0.815024 0.205714
-0.816568 0.207143
-0.818553 0.208571
-0.821779 0.21
-0.824696 0.211429
-0.827008 0.212857
-0.829162 0.214286
-0.831745 0.215714
-0.833397 0.217143
-0.835167 0.218571
-0.837713 0.22
-0.840268 0.221429
-0.842183 0.222857
-0.844138 0.224286
-0.846543 0.225714
-0.848791 0.227143
-0.851096 0.228571
-0.853123 0.23
-0.855198 0.231429
-0.856963 0.232857
-0.858651 0.234286
-0.860537 0.235714
-0.861927 0.237143
-0.863944 0.238571
-0.865694 0.24
-0.867105 0.241429
-0.868919 0.242857
-0.870591 0.244286
-0.872391 0.245714
-0.873839 0.247143
-0.875737 0.248571
-0.877408 0.25
-0.879294 0.251429
-0.880706 0.252857
-0.881665 0.254286
-0.882607 0.255714
-0.883798 0.257143
-0.885312 0.258571
-0.886685 0.26
-0.888222 0.261429
-0.88958 0.262857
-0.890644 0.264286
-0.892924 0.265714
-0.894492 0.267143
-0.895955 0.268571
-0.897727 0.27
-0.898793 0.271429
-0.900358 0.272857
-0.901397 0.274286
-0.902445 0.275714
-0.903729 0.277143
-0.905193 0.278571
-0.906389 0.28
-0.907309 0.281429
-0.907805 0.282857
-0.90898 0.284286
-0.908985 0.285714
-0.909654 0.287143
-0.910674 0.288571
-0.911365 0.29
-0.912222 0.291429
-0.913358 0.292857
-0.914035 0.294286
-0.914916 0.295714
-0.916032 0.297143
-0.917291 0.298571
-0.918234 0.3
-0.91909 0.301429
-0.919851 0.302857
-0.92098 0.304286
-0.921495 0.305714
-0.922489 0.307143
-0.92334 0.308571
-0.923953 0.31
-0.924927 0.311429
-0.925812 0.312857
-0.926899 0.314286
-0.927755 0.315714
-0.928592 0.317143
-0.929666 0.318571
-0.930226 0.32
-0.931239 0.321429
-0.931985 0.322857
-0.932637 0.324286
-0.933331 0.325714
-0.934209 0.327143
-0.935043 0.328571
-0.935641 0.33
-0.936119 0.331429
-0.936983 0.332857
-0.937613 0.334286
-0.938238 0.335714
-0.93896 0.337143
-0.939951 0.338571
-0.940946 0.34
-0.941513 0.341429
-0.942298 0.342857
-0.942945 0.344286
-0.943626 0.345714
-0.944031 0.347143
-0.944856 0.348571
-0.945481 0.35
-0.946192 0.351429
-0.946796 0.352857
-0.947344 0.354286
-0.947676 0.355714
-0.948414 0.357143
-0.949245 0.358571
-0.949835 0.36
-0.945833 0.361429
-0.946444 0.362857
-0.94702 0.364286
-0.947463 0.365714
-0.948305 0.367143
-0.94902 0.368571
-0.949787 0.37
-0.950208 0.371429
-0.95074 0.372857
-0.951297 0.374286
-0.951829 0.375714
-0.952618 0.377143
-0.953263 0.378571
-0.95393 0.38
-0.954269 0.381429
-0.950909 0.382857
-0.951606 0.384286
-0.95225 0.385714
-0.952797 0.387143
-0.953239 0.388571
-0.953822 0.39
-0.954233 0.391429
-0.954829 0.392857
-0.953895 0.394286
-0.954378 0.395714
-0.955021 0.397143
-0.955449 0.398571
-0.955961 0.4
-0.95667 0.401429
-0.957275 0.402857
-0.957895 0.404286
-0.958406 0.405714
-0.958856 0.407143
-0.959516 0.408571
-0.960046 0.41
-0.960301 0.411429
-0.960907 0.412857
-0.961242 0.414286
-0.961548 0.415714
-0.962097 0.417143
-0.962466 0.418571
-0.96298 0.42
-0.963365 0.421429
-0.963595 0.422857
-0.96398 0.424286
-0.964352 0.425714
-0.964488 0.427143
-0.964993 0.428571
-0.965518 0.43
-0.965901 0.431429
-0.966343 0.432857
-0.966872 0.434286
-0.967355 0.435714
-0.967766 0.437143
-0.968402 0.438571
-0.968907 0.44
-0.969318 0.441429
-0.969567 0.442857
-0.970229 0.444286
-0.970485 0.445714
-0.970781 0.447143
-0.971261 0.448571
-0.971637 0.45
-0.972067 0.451429
-0.972255 0.452857
-0.972616 0.454286
-0.973115 0.455714
-0.973435 0.457143
-0.973433 0.458571
-0.973673 0.46
-0.974134 0.461429
-0.974671 0.462857
-0.974995 0.464286
-0.975431 0.465714
-0.975848 0.467143
-0.976392 0.468571
-0.973604 0.47
-0.97412 0.471429
-0.974244 0.472857
-0.974578 0.474286
-0.974934 0.475714
-0.975449 0.477143
-0.97581 0.478571
-0.976236 0.48
-0.976417 0.481429
-0.976763 0.482857
-0.976985 0.484286
-0.977315 0.485714
-0.97749 0.487143
-0.978019 0.488571
-0.97833 0.49
-0.978735 0.491429
-0.979153 0.492857
-0.979559 0.494286
-0.979796 0.495714
-0.980006 0.497143
-0.980242 0.498571
-0.980557 0.5
-0.980858 0.501429
-0.981113 0.502857
-0.981523 0.504286
-0.981772 0.505714
-0.98204 0.507143
-0.982351 0.508571
-0.982775 0.51
-0.983044 0.511429
-0.983222 0.512857
-0.98365 0.514286
-0.983953 0.515714
-0.984332 0.517143
-0.984514 0.518571
-0.984735 0.52
-0.985034 0.521429
-0.985261 0.522857
-0.983614 0.524286
-0.983781 0.525714
-0.983985 0.527143
-0.984394 0.528571
-0.984638 0.53
-0.984816 0.531429
-0.985144 0.532857
-0.985476 0.534286
-0.985851 0.535714
-0.986093 0.537143
-0.986331 0.538571
-0.986679 0.54
-0.986854 0.541429
-0.987073 0.542857
-0.987463 0.544286
-0.987701 0.545714
-0.98773 0.547143
-0.988071 0.548571
-0.988318 0.55
-0.988574 0.551429
-0.988931 0.552857
-0.989174 0.554286
-0.989267 0.555714
-0.98953 0.557143
-0.989607 0.558571
-0.989902 0.56
-0.990019 0.561429
-0.990245 0.562857
-0.990541 0.564286
-0.990847 0.565714
-0.990993 0.567143
-0.991168 0.568571
-0.991438 0.57
-0.991753 0.571429
-0.991983 0.572857
-0.992368 0.574286
-0.992652 0.575714
-0.99288 0.577143
-0.993157 0.578571
-0.993391 0.58
-0.993642 0.581429
-0.993907 0.582857
-0.994147 0.584286
-0.994396 0.585714
-0.994518 0.587143
-0.994795 0.588571
-0.99517 0.59
-0.995477 0.591429
-0.995664 0.592857
-0.995946 0.594286
-0.996159 0.595714
-0.996262 0.597143
-0.996358 0.598571
-0.996609 0.6
-0.996772 0.601429
-0.99689 0.602857
-0.997091 0.604286
-0.997275 0.605714
-0.9975 0.607143
-0.996393 0.608571
-0.996658 0.61
-0.996945 0.611429
-0.997125 0.612857
-0.997193 0.614286
-0.997358 0.615714
-0.997561 0.617143
-0.997763 0.618571
-0.997998 0.62
-0.998305 0.621429
-0.998505 0.622857
-0.998913 0.624286
-0.999043 0.625714
-0.999074 0.627143
-0.999463 0.628571
-0.999817 0.63
-0.99996 0.631429
-1.0001 0.632857
-1.00028 0.634286
-1.00058 0.635714
-1.00089 0.637143
-1.00109 0.638571
-1.00137 0.64
-1.00177 0.641429
-1.002 0.642857
-1.00207 0.644286
-1.0023 0.645714
-1.0026 0.647143
-1.00284 0.648571
-1.00306 0.65
-1.00337 0.651429
-1.00339 0.652857
-1.00349 0.654286
-1.0036 0.655714
-1.00365 0.657143
-1.00383 0.658571
-1.00395 0.66
-1.00399 0.661429
-1.00409 0.662857
-1.0043 0.664286
-1.00449 0.665714
-1.00463 0.667143
-1.00477 0.668571
-1.00491 0.67
-1.00509 0.671429
-1.00523 0.672857
-1.0053 0.674286
-1.00554 0.675714
-1.00567 0.677143
-1.00576 0.678571
-1.00588 0.68
-1.00608 0.681429
-1.00627 0.682857
-1.00641 0.684286
-1.00649 0.685714
-1.00663 0.687143
-1.00659 0.688571
-1.00682 0.69
-1.00706 0.691429
-1.00722 0.692857
-1.00735 0.694286
-1.00754 0.695714
-1.00768 0.697143
-1.00771 0.698571
-1.00785 0.7
-1.00799 0.701429
-1.0082 0.702857
-1.00827 0.704286
-1.00835 0.705714
-1.00853 0.707143
-1.00872 0.708571
-1.00894 0.71
-1.0091 0.711429
-1.00921 0.712857
-1.0094 0.714286
-1.00959 0.715714
-1.00983 0.717143
-1.0086 0.718571
-1.00887 0.72
-1.00901 0.721429
-1.00917 0.722857
-1.00933 0.724286
-1.00944 0.725714
-1.00959 0.727143
-1.00968 0.728571
-1.00988 0.73
-1.01012 0.731429
-1.01013 0.732857
-1.01033 0.734286
-1.01041 0.735714
-1.01048 0.737143
-1.01048 0.738571
-1.01027 0.74
-1.01036 0.741429
-1.01049 0.742857
-1.0106 0.744286
-1.01088 0.745714
-1.01101 0.747143
-1.01121 0.748571
-1.01134 0.75
-1.01145 0.751429
-1.01156 0.752857
-1.01163 0.754286
-1.01179 0.755714
-1.01186 0.757143
-1.01192 0.758571
-1.01217 0.76
-1.01228 0.761429
-1.01235 0.762857
-1.01115 0.764286
-1.01126 0.765714
-1.01136 0.767143
-1.01138 0.768571
-1.01154 0.77
-1.01167 0.771429
-1.01189 0.772857
-1.01134 0.774286
-1.01148 0.775714
-1.01159 0.777143
-1.01178 0.778571
-1.01193 0.78
-1.01206 0.781429
-1.01224 0.782857
-1.01238 0.784286
-1.01243 0.785714
-1.01253 0.787143
-1.01263 0.788571
-1.01274 0.79
-1.01292 0.791429
-1.01301 0.792857
-1.01306 0.794286
-1.01318 0.795714
-1.01332 0.797143
-1.01345 0.798571
-1.01363 0.8
-1.0138 0.801429
-1.01377 0.802857
-1.01398 0.804286
-1.01407 0.805714
-1.01412 0.807143
-1.01419 0.808571
-1.01432 0.81
-1.01445 0.811429
-1.01461 0.812857
-1.01464 0.814286
-1.01472 0.815714
-1.01486 0.817143
-1.01493 0.818571
-1.01509 0.82
-1.0152 0.821429
-1.01516 0.822857
-1.01521 0.824286
-1.01528 0.825714
-1.01531 0.827143
-1.01543 0.828571
-1.01559 0.83
-1.01582 0.831429
-1.0159 0.832857
-1.01607 0.834286
-1.0162 0.835714
-1.01633 0.837143
-1.01635 0.838571
-1.01641 0.84
-1.01654 0.841429
-1.0166 0.842857
-1.01677 0.844286
-1.01684 0.845714
-1.01692 0.847143
-1.01695 0.848571
-1.01704 0.85
-1.01717 0.851429
-1.01722 0.852857
-1.0173 0.854286
-1.01735 0.855714
-1.01746 0.857143
-1.01758 0.858571
-1.01757 0.86
-1.01583 0.861429
-1.01593 0.862857
-1.01611 0.864286
-1.01634 0.865714
-1.01644 0.867143
-1.01662 0.868571
-1.01672 0.87
-1.01681 0.871429
-1.01689 0.872857
-1.01697 0.874286
-1.01716 0.875714
-1.01725 0.877143
-1.0174 0.878571
-1.01593 0.88
-1.01617 0.881429
-1.01634 0.882857
-1.01645 0.884286
-1.01566 0.885714
-1.01579 0.887143
-1.01585 0.888571
-1.01596 0.89
-1.01606 0.891429
-1.01846 0.892857
-1.01861 0.894286
-1.01866 0.895714
-1.01819 0.897143
-1.01831 0.898571
-1.01797 0.9
-1.01798 0.901429
-1.01812 0.902857
-1.01821 0.904286
-1.0182 0.905714
-1.0182 0.907143
-1.01666 0.908571
-1.01674 0.91
-1.01685 0.911429
-1.017 0.912857
-1.01713 0.914286
-1.01721 0.915714
-1.01728 0.917143
-1.01737 0.918571
-1.01746 0.92
-1.01756 0.921429
-1.01758 0.922857
-1.01769 0.924286
-1.0178 0.925714
-1.01784 0.927143
-1.01789 0.928571
-1.01792 0.93
-1.01801 0.931429
-1.01811 0.932857
-1.01814 0.934286
-1.01825 0.935714
-1.01763 0.937143
-1.01769 0.938571
-1.01779 0.94
-1.0179 0.941429
-1.01806 0.942857
-1.01812 0.944286
-1.01816 0.945714
-1.0183 0.947143
-1.01838 0.948571
-1.01841 0.95
-1.01851 0.951429
-1.01862 0.952857
-1.01875 0.954286
-1.01885 0.955714
-1.02142 0.957143
-1.02111 0.958571
-1.02034 0.96
-1.02034 0.961429
-1.02049 0.962857
-1.02057 0.964286
-1.02068 0.965714
-1.02072 0.967143
-1.02084 0.968571
-1.02086 0.97
-1.02095 0.971429
-1.02101 0.972857
-1.02109 0.974286
-1.02119 0.975714
-1.02003 0.977143
-1.02007 0.978571
-1.02014 0.98
-1.02024 0.981429
-1.02024 0.982857
-1.0203 0.984286
-1.0203 0.985714
-1.02035 0.987143
-1.02049 0.988571
-1.02063 0.99
-1.02069 0.991429
-1.02076 0.992857
-1.02082 0.994286
-1.01964 0.995714
-1.01972 0.997143
-1.01982 0.998571
-1.01995 1


Shark
3.14159 1.5
3.13588 1.49929
3.13016 1.49857
3.12445 1.49786
3.11873 1.49714
3.11302 1.49643
3.1073 1.49571
3.10159 1.495
3.09587 1.49429
3.09011 1.49357
3.08439 1.49286
3.07867 1.49214
3.0729 1.49143
3.06715 1.49071
3.06135 1.49
3.05564 1.48929
3.04991 1.48857
3.04417 1.48786
3.03845 1.48714
3.03273 1.48643
3.027 1.48571
3.02122 1.485
3.01535 1.48429
3.00959 1.48357
3.00352 1.48286
2.99745 1.48214
2.99174 1.48143
2.98586 1.48071
2.97984 1.48
2.97412 1.47929
2.9683 1.47857
2.96235 1.47786
2.95659 1.47714
2.95087 1.47643
2.94514 1.47571
2.93942 1.475
2.93357 1.47429
2.92776 1.47357
2.92202 1.47286
2.91554 1.47214
2.90948 1.47143
2.90375 1.47071
2.89739 1.47
2.89137 1.46929
2.88565 1.46857
2.87976 1.46786
2.8738 1.46714
2.86711 1.46643
2.86139 1.46571
2.85568 1.465
2.84992 1.46429
2.84197 1.46357
2.83551 1.46286
2.82976 1.46214
2.82323 1.46143
2.81738 1.46071
2.81164 1.46
2.8036 1.45929
2.7977 1.45857
2.79188 1.45786
2.78589 1.45714
2.77831 1.45643
2.77053 1.45571
2.76436 1.455
2.75617 1.45429
2.75045 1.45357
2.74451 1.45286
2.73858 1.45214
2.73105 1.45143
2.72521 1.45071
2.719 1.45
2.71201 1.44929
2.70478 1.44857
2.69904 1.44786
2.69329 1.44714
2.68657 1.44643
2.67704 1.44571
2.6702 1.445
2.66409 1.44429
2.65809 1.44357
2.65231 1.44286
2.64464 1.44214
2.63814 1.44143
2.63035 1.44071
2.62462 1.44
2.61831 1.43929
2.61183 1.43857
2.60556 1.43786
2.59959 1.43714
2.59386 1.43643
2.58754 1.43571
2.58056 1.435
2.57178 1.43429
2.56386 1.43357
2.55775 1.43286
2.55202 1.43214
2.54349 1.43143
2.53449 1.43071
2.52856 1.43
2.52145 1.42929
2.51077 1.42857
2.50504 1.42786
2.49913 1.42714
2.49209 1.42643
2.48455 1.42571
2.47872 1.425
2.47241 1.42429
2.4636 1.42357
2.45628 1.42286
2.44888 1.42214
2.4419 1.42143
2.43578 1.42071
2.4282 1.42
2.42181 1.41929
2.41458 1.41857
2.40849 1.41786
2.40111 1.41714
2.39399 1.41643
2.38763 1.41571
2.38059 1.415
2.37334 1.41429
2.36762 1.41357
2.3604 1.41286
2.35433 1.41214
2.34761 1.41143
2.34145 1.41071
2.33454 1.41
2.32775 1.40929
2.32063 1.40857
2.3137 1.40786
2.30662 1.40714
2.30076 1.40643
2.29488 1.40571
2.28845 1.405
2.28236 1.40429
2.27569 1.40357
2.26906 1.40286
2.26268 1.40214
2.2561 1.40143
2.25013 1.40071
2.24421 1.4
2.23848 1.39929
2.2324 1.39857
2.22635 1.39786
2.22006 1.39714
2.2142 1.39643
2.20826 1.39571
2.20194 1.395
2.19572 1.39429
2.18967 1.39357
2.18367 1.39286
2.17754 1.39214
2.17165 1.39143
2.16573 1.39071
2.1596 1.39
2.15345 1.38929
2.14749 1.38857
2.14151 1.38786
2.1354 1.38714
2.12934 1.38643
2.12325 1.38571
2.11724 1.385
2.11121 1.38429
2.10527 1.38357
2.09934 1.38286
2.09336 1.38214
2.08749 1.38143
2.08147 1.38071
2.07551 1.38
2.06964 1.37929
2.06366 1.37857
2.05772 1.37786
2.05174 1.37714
2.04585 1.37643
2.03983 1.37571
2.03388 1.375
2.02786 1.37429
2.02197 1.37357
2.01617 1.37286
2.01038 1.37214
2.00454 1.37143
1.99861 1.37071
1.99272 1.37
1.98679 1.36929
1.9809 1.36857
1.97508 1.36786
1.96887 1.36714
1.96292 1.36643
1.95699 1.36571
1.95097 1.365
1.94514 1.36429
1.93918 1.36357
1.93335 1.36286
1.92752 1.36214
1.92163 1.36143
1.91569 1.36071
1.90982 1.36
1.90402 1.35929
1.89827 1.35857
1.89241 1.35786
1.88669 1.35714
1.88093 1.35643
1.87509 1.35571
1.86932 1.355
1.86352 1.35429
1.85766 1.35357
1.85189 1.35286
1.84608 1.35214
1.84021 1.35143
1.83431 1.35071
1.82848 1.35
1.82267 1.34929
1.81689 1.34857
1.81101 1.34786
1.80526 1.34714
1.79942 1.34643
1.79361 1.34571
1.78784 1.345
1.782 1.34429
1.77618 1.34357
1.77031 1.34286
1.76449 1.34214
1.75868 1.34143
1.75281 1.34071
1.74705 1.34
1.74119 1.33929
1.73539 1.33857
1.72962 1.33786
1.72383 1.33714
1.718 1.33643
1.71219 1.33571
1.70642 1.335
1.70067 1.33429
1.69484 1.33357
1.68906 1.33286
1.68329 1.33214
1.67749 1.33143
1.67162 1.33071
1.66575 1.33
1.65999 1.32929
1.65417 1.32857
1.64839 1.32786
1.6426 1.32714
1.63685 1.32643
1.63103 1.32571
1.62525 1.325
1.61945 1.32429
1.61367 1.32357
1.6079 1.32286
1.60217 1.32214
1.59636 1.32143
1.59052 1.32071
1.58474 1.32
1.57662 1.31929
1.57084 1.31857
1.56506 1.31786
1.55931 1.31714
1.55347 1.31643
1.54766 1.31571
1.54183 1.315
1.53608 1.31429
1.53031 1.31357
1.52454 1.31286
1.51877 1.31214
1.51293 1.31143
1.50714 1.31071
1.50133 1.31
1.49559 1.30929
1.48791 1.30857
1.4821 1.30786
1.4763 1.30714
1.47052 1.30643
1.46477 1.30571
1.45898 1.305
1.45323 1.30429
1.44744 1.30357
1.44154 1.30286
1.43577 1.30214
1.42997 1.30143
1.42421 1.30071
1.41844 1.3
1.41262 1.29929
1.40682 1.29857
1.40102 1.29786
1.39524 1.29714
1.38948 1.29643
1.38367 1.29571
1.37789 1.295
1.37216 1.29429
1.36636 1.29357
1.36062 1.29286
1.35488 1.29214
1.34909 1.29143
1.34335 1.29071
1.33757 1.29
1.33182 1.28929
1.32609 1.28857
1.32034 1.28786
1.31459 1.28714
1.30887 1.28643
1.30309 1.28571
1.2973 1.285
1.29155 1.28429
1.28579 1.28357
1.28 1.28286
1.27422 1.28214
1.26847 1.28143
1.26264 1.28071
1.25686 1.28
1.2511 1.27929
1.24537 1.27857
1.23954 1.27786
1.2338 1.27714
1.22806 1.27643
1.22229 1.27571
1.21653 1.275
1.21076 1.27429
1.20504 1.27357
1.19929 1.27286
1.1935 1.27214
1.18776 1.27143
1.18204 1.27071
1.17631 1.27
1.17054 1.26929
1.16474 1.26857
1.15899 1.26786
1.15322 1.26714
1.14745 1.26643
1.14165 1.26571
1.1339 1.265
1.1281 1.26429
1.12238 1.26357
1.11663 1.26286
1.11088 1.26214
1.10508 1.26143
1.09933 1.26071
1.09355 1.26
1.08783 1.25929
1.08208 1.25857
1.07635 1.25786
1.0706 1.25714
1.06487 1.25643
1.05906 1.25571
1.05332 1.255
1.04755 1.25429
1.04178 1.25357
1.036 1.25286
1.03027 1.25214
1.02454 1.25143
1.01881 1.25071
1.01306 1.25
1.00731 1.24929
1.00158 1.24857
0.995802 1.24786
0.990066 1.24714
0.984326 1.24643
0.978577 1.24571
0.972798 1.245
0.967057 1.24429
0.961331 1.24357
0.95555 1.24286
0.949801 1.24214
0.944034 1.24143
0.938307 1.24071
0.932574 1.24
0.926826 1.23929
0.921092 1.23857
0.914418 1.23786
0.908693 1.23714
0.902963 1.23643
0.897184 1.23571
0.891446 1.235
0.885719 1.23429
0.879962 1.23357
0.874204 1.23286
0.868434 1.23214
0.862696 1.23143
0.856959 1.23071
0.851195 1.23
0.845469 1.22929
0.839735 1.22857
0.833958 1.22786
0.82822 1.22714
0.822505 1.22643
0.816742 1.22571
0.811003 1.225
0.80526 1.22429
0.799492 1.22357
0.793752 1.22286
0.788034 1.22214
0.78229 1.22143
0.776573 1.22071
0.770821 1.22
0.765101 1.21929
0.759364 1.21857
0.753611 1.21786
0.747855 1.21714
0.742131 1.21643
0.736403 1.21571
0.730656 1.215
0.724897 1.21429
0.719158 1.21357
0.713376 1.21286
0.707624 1.21214
0.701886 1.21143
0.696136 1.21071
0.690396 1.21
0.684652 1.20929
0.678904 1.20857
0.673163 1.20786
0.667419 1.20714
0.661698 1.20643
0.655946 1.20571
0.650164 1.205
0.644404 1.20429
0.638672 1.20357
0.632919 1.20286
0.627182 1.20214
0.621463 1.20143
0.615744 1.20071
0.609998 1.2
0.60427 1.19929
0.598549 1.19857
0.592814 1.19786
0.587082 1.19714
0.581342 1.19643
0.575026 1.19571
0.569275 1.195
0.563518 1.19429
0.557787 1.19357
0.55207 1.19286
0.546341 1.19214
0.540605 1.19143
0.534869 1.19071
0.529126 1.19
0.523361 1.18929
0.517625 1.18857
0.51182 1.18786
0.506097 1.18714
0.500382 1.18643
0.494585 1.18571
0.488802 1.185
0.483076 1.18429
0.477351 1.18357
0.471619 1.18286
0.465853 1.18214
0.460083 1.18143
0.454346 1.18071
0.448589 1.18
0.442783 1.17929
0.437037 1.17857
0.43132 1.17786
0.425574 1.17714
0.419807 1.17643
0.414061 1.17571
0.408316 1.175
0.402547 1.17429
0.396832 1.17357
0.391112 1.17286
0.385391 1.17214
0.379675 1.17143
0.373941 1.17071
0.368217 1.17
0.362502 1.16929
0.356783 1.16857
0.351041 1.16786
0.345303 1.16714
0.339577 1.16643
0.33385 1.16571
0.328124 1.165
0.322389 1.16429
0.316662 1.16357
0.310945 1.16286
0.305193 1.16214
0.299469 1.16143
0.29375 1.16071
0.288026 1.16
0.282284 1.15929
0.276548 1.15857
0.270821 1.15786
0.265102 1.15714
0.259375 1.15643
0.25366 1.15571
0.247911 1.155
0.242156 1.15429
0.236426 1.15357
0.230699 1.15286
0.224962 1.15214
0.219233 1.15143
0.213519 1.15071
0.20779 1.15
0.202063 1.14929
0.196319 1.14857
0.190601 1.14786
0.184882 1.14714
0.179147 1.14643
0.173407 1.14571
0.167659 1.145
0.161926 1.14429
0.156203 1.14357
0.150462 1.14286
0.144722 1.14214
0.138969 1.14143
0.132253 1.14071
0.126485 1.14
0.120757 1.13929
0.115022 1.13857
0.10929 1.13786
0.103567 1.13714
0.0978355 1.13643
0.0921152 1.13571
0.0863712 1.135
0.0806145 1.13429
0.0749001 1.13357
0.0691566 1.13286
0.0634375 1.13214
0.0577196 1.13143
0.0520053 1.13071
0.0462566 1.13
0.0405364 1.12929
0.0348095 1.12857
0.0290848 1.12786
0.0233105 1.12714
0.0175835 1.12643
0.0118396 1.12571
0.00611207 1.125
0.000387148 1.12429
-0.00533575 1.12357
-0.0110545 1.12286
-0.0167896 1.12214
-0.0225079 1.12143
-0.0282246 1.12071
-0.0339912 1.12
-0.0397144 1.11929
-0.0454333 1.11857
-0.0522224 1.11786
-0.0579465 1.11714
-0.0636691 1.11643
-0.0693836 1.11571
-0.0751194 1.115
-0.0808473 1.11429
-0.0866013 1.11357
-0.0925636 1.11286
-0.0982937 1.11214
-0.104019 1.11143
-0.109764 1.11071
-0.115497 1.11
-0.121225 1.10929
-0.126968 1.10857
-0.1327 1.10786
-0.138416 1.10714
-0.144139 1.10643
-0.149863 1.10571
-0.155588 1.105
-0.161331 1.10429
-0.167052 1.10357
-0.172768 1.10286
-0.178495 1.10214
-0.184228 1.10143
-0.189957 1.10071
-0.195702 1.1
-0.201442 1.09929
-0.207157 1.09857
-0.212909 1.09786
-0.218632 1.09714
-0.224348 1.09643
-0.230067 1.09571
-0.235798 1.095
-0.241526 1.09429
-0.247265 1.09357
-0.25298 1.09286
-0.258701 1.09214
-0.264433 1.09143
-0.270152 1.09071
-0.27589 1.09
-0.281617 1.08929
-0.287333 1.08857
-0.29305 1.08786
-0.298769 1.08714
-0.304484 1.08643
-0.310211 1.08571
-0.315952 1.085
-0.321716 1.08429
-0.327437 1.08357
-0.333177 1.08286
-0.338908 1.08214
-0.344638 1.08143
-0.350353 1.08071
-0.356071 1.08
-0.361802 1.07929
-0.36752 1.07857
-0.373264 1.07786
-0.378982 1.07714
-0.384702 1.07643
-0.390418 1.07571
-0.396141 1.075
-0.401871 1.07429
-0.407588 1.07357
-0.413308 1.07286
-0.419025 1.07214
-0.424752 1.07143
-0.430481 1.07071
-0.436195 1.07
-0.444468 1.06929
-0.450192 1.06857
-0.455938 1.06786
-0.46171 1.06714
-0.467435 1.06643
-0.47318 1.06571
-0.478906 1.065
-0.484629 1.06429
-0.49035 1.06357
-0.496071 1.06286
-0.501826 1.06214
-0.507548 1.06143
-0.513289 1.06071
-0.521 1.06
-0.526775 1.05929
-0.532523 1.05857
-0.538249 1.05786
-0.544603 1.05714
-0.550334 1.05643
-0.556053 1.05571
-0.56178 1.055
-0.567506 1.05429
-0.577814 1.05357
-0.583552 1.05286
-0.589268 1.05214
-0.595227 1.05143
-0.600959 1.05071
-0.606807 1.05
-0.612521 1.04929
-0.618256 1.04857
-0.62398 1.04786
-0.629694 1.04714
-0.635409 1.04643
-0.643398 1.04571
-0.64912 1.045
-0.65485 1.04429
-0.66059 1.04357
-0.666324 1.04286
-0.672045 1.04214
-0.677765 1.04143
-0.68349 1.04071
-0.689212 1.04
-0.694939 1.03929
-0.700654 1.03857
-0.706383 1.03786
-0.71211 1.03714
-0.717826 1.03643
-0.723543 1.03571
-0.729259 1.035
-0.734983 1.03429
-0.740708 1.03357
-0.746424 1.03286
-0.752152 1.03214
-0.758323 1.03143
-0.764042 1.03071
-0.769768 1.03
-0.775496 1.02929
-0.781243 1.02857
-0.786963 1.02786
-0.792679 1.02714
-0.798417 1.02643
-0.804139 1.02571
-0.809855 1.025
-0.815581 1.02429
-0.821309 1.02357
-0.827045 1.02286
-0.832773 1.02214
-0.844132 1.02143
-0.849965 1.02071
-0.856409 1.02
-0.862123 1.01929
-0.867866 1.01857
-0.873588 1.01786
-0.879318 1.01714
-0.885035 1.01643
-0.890766 1.01571
-0.896481 1.015
-0.902205 1.01429
-0.907925 1.01357
-0.913646 1.01286
-0.919373 1.01214
-0.92666 1.01143
-0.932377 1.01071
-0.938097 1.01
-0.943825 1.00929
-0.94954 1.00857
-0.955259 1.00786
-0.960973 1.00714
-0.96669 1.00643
-0.972434 1.00571
-0.978172 1.005
-0.983892 1.00429
-0.989614 1.00357
-0.995333 1.00286
-1.00274 1.00214
-1.00847 1.00143
-1.01419 1.00071
-1.01993 1
