Man
0 0
0.00104656 0.001
0.0360053 0.002
0.0163606 0.003
0.00402096 0.004
0.0189467 0.005
0.0445623 0.006
0.0320385 0.007
0.0264677 0.008
0.0412429 0.009
0.0531291 0.01
0.0637953 0.011
0.0510018 0.012
0.0929964 0.013
0.100214 0.014
0.116016 0.015
0.116096 0.016
0.128512 0.017
0.111903 0.018
0.116975 0.019
0.121792 0.02
0.129519 0.021
0.12852 0.022
0.104151 0.023
0.101966 0.024
0.0727522 0.025
0.0761207 0.026
0.0493885 0.027
0.0366292 0.028
0.0458794 0.029
0.0346728 0.03
0.0356323 0.031
0.0241641 0.032
0.0239609 0.033
-0.000601828 0.034
-0.0235591 0.035
-0.0147567 0.036
-0.0614898 0.037
-0.0797347 0.038
-0.0895823 0.039
-0.0693722 0.04
-0.0824796 0.041
-0.0777244 0.042
-0.0772414 0.043
-0.0741545 0.044
-0.0575118 0.045
-0.0455937 0.046
-0.0444011 0.047
-0.0473082 0.048
-0.0525731 0.049
-0.0830037 0.05
-0.0969958 0.051
-0.100535 0.052
-0.0846723 0.053
-0.0820185 0.054
-0.101795 0.055
-0.10783 0.056
-0.129964 0.057
-0.151993 0.058
-0.168063 0.059
-0.184055 0.06
-0.212447 0.061
-0.22334 0.062
-0.238598 0.063
-0.24984 0.064
-0.285312 0.065
-0.292462 0.066
-0.323942 0.067
-0.325366 0.068
-0.317996 0.069
-0.339864 0.07
-0.356168 0.071
-0.376053 0.072
-0.365765 0.073
-0.363333 0.074
-0.351453 0.075
-0.372764 0.076
-0.367311 0.077
-0.369807 0.078
-0.363922 0.079
-0.359149 0.08
-0.344813 0.081
-0.342185 0.082
-0.326292 0.083
-0.316802 0.084
-0.32022 0.085
-0.318233 0.086
-0.328317 0.087
-0.347385 0.088
-0.346471 0.089
-0.343868 0.09
-0.37802 0.091
-0.386504 0.092
-0.422347 0.093
-0.403573 0.094
-0.397091 0.095
-0.390417 0.096
-0.391703 0.097
-0.393292 0.098
-0.39493 0.099
-0.406985 0.1
-0.413577 0.101
-0.454324 0.102
-0.452479 0.103
-0.476354 0.104
-0.506149 0.105
-0.519889 0.106
-0.496164 0.107
-0.513106 0.108
-0.515503 0.109
-0.541663 0.11
-0.53755 0.111
-0.549291 0.112
-0.565151 0.113
-0.590277 0.114
-0.609773 0.115
-0.610496 0.116
-0.625871 0.117
-0.64566 0.118
-0.687189 0.119
-0.733622 0.12
-0.7516 0.121
-0.750778 0.122
-0.753743 0.123
-0.760991 0.124
-0.75864 0.125
-0.76474 0.126
-0.766286 0.127
-0.765419 0.128
-0.771645 0.129
-0.766392 0.13
-0.769873 0.131
-0.786652 0.132
-0.799401 0.133
-0.812167 0.134
-0.819182 0.135
-0.827211 0.136
-0.829084 0.137
-0.859848 0.138
-0.903773 0.139
-0.92929 0.14
-0.921988 0.141
-0.911606 0.142
-0.92273 0.143
-0.943306 0.144
-0.976813 0.145
-1.00486 0.146
-0.994654 0.147
-0.992744 0.148
-0.999198 0.149
-1.02772 0.15
-1.04486 0.151
-1.05343 0.152
-1.06387 0.153
-1.07282 0.154
-1.07757 0.155
-1.08629 0.156
-1.09748 0.157
-1.10512 0.158
-1.10032 0.159
-1.13196 0.16
-1.12492 0.161
-1.16151 0.162
-1.1714 0.163
-1.19162 0.164
-1.18024 0.165
-1.19205 0.166
-1.19715 0.167
-1.18751 0.168
-1.19854 0.169
-1.23502 0.17
-1.24 0.171
-1.24678 0.172
-1.25364 0.173
-1.30182 0.174
-1.315 0.175
-1.32484 0.176
-1.34059 0.177
-1.35272 0.178
-1.35542 0.179
-1.36129 0.18
-1.3677 0.181
-1.38819 0.182
-1.39736 0.183
-1.41857 0.184
-1.43371 0.185
-1.43036 0.186
-1.43845 0.187
-1.44736 0.188
-1.45617 0.189
-1.46372 0.19
-1.47205 0.191
-1.479 0.192
-1.48605 0.193
-1.4919 0.194
-1.49848 0.195
-1.50463 0.196
-1.51038 0.197
-1.51683 0.198
-1.52278 0.199
-1.52804 0.2
-1.53403 0.201
-1.53909 0.202
-1.54405 0.203
-1.54983 0.204
-1.55482 0.205
-1.56038 0.206
-1.56518 0.207
-1.57028 0.208
-1.57462 0.209
-1.57992 0.21
-1.58477 0.211
-1.58919 0.212
-1.5942 0.213
-1.59906 0.214
-1.60327 0.215
-1.60742 0.216
-1.61134 0.217
-1.61543 0.218
-1.62041 0.219
-1.62422 0.22
-1.62822 0.221
-1.63256 0.222
-1.63649 0.223
-1.64079 0.224
-1.64428 0.225
-1.64821 0.226
-1.65217 0.227
-1.65654 0.228
-1.66074 0.229
-1.66418 0.23
-1.66789 0.231
-1.67181 0.232
-1.67532 0.233
-1.67958 0.234
-1.6833 0.235
-1.68706 0.236
-1.69032 0.237
-1.69363 0.238
-1.6968 0.239
-1.7001 0.24
-1.70317 0.241
-1.70642 0.242
-1.70986 0.243
-1.71253 0.244
-1.71542 0.245
-1.71842 0.246
-1.72184 0.247
-1.72481 0.248
-1.72772 0.249
-1.73039 0.25
-1.73348 0.251
-1.73637 0.252
-1.73926 0.253
-1.742 0.254
-1.74464 0.255
-1.74763 0.256
-1.75005 0.257
-1.753 0.258
-1.75598 0.259
-1.75852 0.26
-1.76116 0.261
-1.764 0.262
-1.76659 0.263
-1.76915 0.264
-1.77178 0.265
-1.77442 0.266
-1.77719 0.267
-1.77962 0.268
-1.78201 0.269
-1.78432 0.27
-1.78687 0.271
-1.78899 0.272
-1.79145 0.273
-1.79381 0.274
-1.79574 0.275
-1.79837 0.276
-1.80109 0.277
-1.80335 0.278
-1.80536 0.279
-1.80758 0.28
-1.80974 0.281
-1.81184 0.282
-1.81383 0.283
-1.81622 0.284
-1.81837 0.285
-1.82082 0.286
-1.82304 0.287
-1.82517 0.288
-1.82715 0.289
-1.82878 0.29
-1.83068 0.291
-1.8325 0.292
-1.83455 0.293
-1.83635 0.294
-1.83834 0.295
-1.84032 0.296
-1.84222 0.297
-1.84458 0.298
-1.84652 0.299
-1.84826 0.3
-1.85033 0.301
-1.85225 0.302
-1.85413 0.303
-1.85595 0.304
-1.8575 0.305
-1.85933 0.306
-1.86121 0.307
-1.86302 0.308
-1.86499 0.309
-1.86684 0.31
-1.86862 0.311
-1.87008 0.312
-1.87204 0.313
-1.87356 0.314
-1.87515 0.315
-1.87683 0.316
-1.87839 0.317
-1.88022 0.318
-1.88176 0.319
-1.88346 0.32
-1.88518 0.321
-1.88689 0.322
-1.88854 0.323
-1.89009 0.324
-1.89153 0.325
-1.893 0.326
-1.89456 0.327
-1.89601 0.328
-1.89752 0.329
-1.89893 0.33
-1.90052 0.331
-1.90199 0.332
-1.90362 0.333
-1.9052 0.334
-1.90683 0.335
-1.90808 0.336
-1.90948 0.337
-1.91091 0.338
-1.91227 0.339
-1.91381 0.34
-1.91508 0.341
-1.91638 0.342
-1.9178 0.343
-1.91913 0.344
-1.92047 0.345
-1.92188 0.346
-1.92327 0.347
-1.92461 0.348
-1.9259 0.349
-1.92732 0.35
-1.92881 0.351
-1.93021 0.352
-1.9315 0.353
-1.93293 0.354
-1.93424 0.355
-1.9355 0.356
-1.93676 0.357
-1.93796 0.358
-1.93927 0.359
-1.94027 0.36
-1.94153 0.361
-1.94276 0.362
-1.94384 0.363
-1.94521 0.364
-1.94654 0.365
-1.94768 0.366
-1.94884 0.367
-1.94999 0.368
-1.951 0.369
-1.95215 0.37
-1.95332 0.371
-1.95461 0.372
-1.95557 0.373
-1.9567 0.374
-1.95792 0.375
-1.95917 0.376
-1.96019 0.377
-1.96141 0.378
-1.96253 0.379
-1.96371 0.38
-1.96482 0.381
-1.96593 0.382
-1.96704 0.383
-1.96785 0.384
-1.96898 0.385
-1.97005 0.386
-1.971 0.387
-1.97208 0.388
-1.97316 0.389
-1.97426 0.39
-1.97516 0.391
-1.97622 0.392
-1.97732 0.393
-1.9783 0.394
-1.97927 0.395
-1.98024 0.396
-1.98142 0.397
-1.98245 0.398
-1.98357 0.399
-1.98446 0.4
-1.98549 0.401
-1.98643 0.402
-1.98751 0.403
-1.98844 0.404
-1.98928 0.405
-1.99032 0.406
-1.9914 0.407
-1.99229 0.408
-1.99321 0.409
-1.9941 0.41
-1.99499 0.411
-1.99587 0.412
-1.9967 0.413
-1.99766 0.414
-1.99866 0.415
-1.99965 0.416
-2.00061 0.417
-2.00138 0.418
-2.00237 0.419
-2.00324 0.42
-2.00417 0.421
-2.00503 0.422
-2.00593 0.423
-2.00667 0.424
-2.00752 0.425
-2.00821 0.426
-2.00906 0.427
-2.00992 0.428
-2.01076 0.429
-2.01171 0.43
-2.0124 0.431
-2.01323 0.432
-2.0141 0.433
-2.01489 0.434
-2.01568 0.435
-2.01651 0.436
-2.01727 0.437
-2.01824 0.438
-2.01906 0.439
-2.02003 0.44
-2.02078 0.441
-2.02148 0.442
-2.02229 0.443
-2.02311 0.444
-2.024 0.445
-2.02476 0.446
-2.02575 0.447
-2.02648 0.448
-2.02726 0.449
-2.02788 0.45
-2.02864 0.451
-2.02942 0.452
-2.03014 0.453
-2.03087 0.454
-2.03158 0.455
-2.03227 0.456
-2.03296 0.457
-2.03363 0.458
-2.03423 0.459
-2.03487 0.46
-2.0356 0.461
-2.03627 0.462
-2.03692 0.463
-2.03763 0.464
-2.03832 0.465
-2.03903 0.466
-2.03972 0.467
-2.0404 0.468
-2.04115 0.469
-2.04178 0.47
-2.04243 0.471
-2.04307 0.472
-2.04366 0.473
-2.04444 0.474
-2.04502 0.475
-2.04578 0.476
-2.0464 0.477
-2.047 0.478
-2.04751 0.479
-2.04823 0.48
-2.04882 0.481
-2.04961 0.482
-2.05027 0.483
-2.05089 0.484
-2.05163 0.485
-2.05232 0.486
-2.05301 0.487
-2.05364 0.488
-2.05434 0.489
-2.05504 0.49
-2.05562 0.491
-2.05627 0.492
-2.05691 0.493
-2.05759 0.494
-2.05826 0.495
-2.05882 0.496
-2.05942 0.497
-2.06005 0.498
-2.06073 0.499
-2.06133 0.5
-2.06197 0.501
-2.06257 0.502
-2.06305 0.503
-2.06359 0.504
-2.06419 0.505
-2.06478 0.506
-2.0653 0.507
-2.06579 0.508
-2.06633 0.509
-2.06692 0.51
-2.06753 0.511
-2.06801 0.512
-2.06853 0.513
-2.0691 0.514
-2.06968 0.515
-2.07027 0.516
-2.07094 0.517
-2.07139 0.518
-2.07199 0.519
-2.07251 0.52
-2.07309 0.521
-2.07376 0.522
-2.07433 0.523
-2.07482 0.524
-2.07531 0.525
-2.07574 0.526
-2.07624 0.527
-2.07687 0.528
-2.07744 0.529
-2.07794 0.53
-2.07848 0.531
-2.079 0.532
-2.07961 0.533
-2.08018 0.534
-2.08076 0.535
-2.08125 0.536
-2.08179 0.537
-2.08236 0.538
-2.08297 0.539
-2.0835 0.54
-2.08402 0.541
-2.08451 0.542
-2.08507 0.543
-2.08561 0.544
-2.08609 0.545
-2.08663 0.546
-2.08716 0.547
-2.08759 0.548
-2.08807 0.549
-2.08859 0.55
-2.08908 0.551
-2.08954 0.552
-2.09001 0.553
-2.09059 0.554
-2.09116 0.555
-2.09162 0.556
-2.09222 0.557
-2.09266 0.558
-2.09314 0.559
-2.09352 0.56
-2.09397 0.561
-2.09448 0.562
-2.09511 0.563
-2.09554 0.564
-2.09603 0.565
-2.09658 0.566
-2.09707 0.567
-2.09753 0.568
-2.09796 0.569
-2.09834 0.57
-2.09877 0.571
-2.09925 0.572
-2.09969 0.573
-2.10017 0.574
-2.10068 0.575
-2.10114 0.576
-2.10171 0.577
-2.10218 0.578
-2.10266 0.579
-2.10313 0.58
-2.10353 0.581
-2.10389 0.582
-2.10429 0.583
-2.1048 0.584
-2.10527 0.585
-2.10577 0.586
-2.10621 0.587
-2.10669 0.588
-2.10723 0.589
-2.1077 0.59
-2.10813 0.591
-2.10853 0.592
-2.1089 0.593
-2.10934 0.594
-2.10975 0.595
-2.11021 0.596
-2.11063 0.597
-2.11111 0.598
-2.11155 0.599
-2.11208 0.6
-2.1125 0.601
-2.11297 0.602
-2.1134 0.603
-2.11379 0.604
-2.11434 0.605
-2.11466 0.606
-2.1151 0.607
-2.1155 0.608
-2.116 0.609
-2.11646 0.61
-2.11685 0.611
-2.11721 0.612
-2.11758 0.613
-2.11796 0.614
-2.11829 0.615
-2.11872 0.616
-2.11909 0.617
-2.11949 0.618
-2.1199 0.619
-2.12029 0.62
-2.12064 0.621
-2.12103 0.622
-2.12143 0.623
-2.12184 0.624
-2.12231 0.625
-2.1227 0.626
-2.12305 0.627
-2.12333 0.628
-2.12368 0.629
-2.12408 0.63
-2.12448 0.631
-2.12483 0.632
-2.12518 0.633
-2.12557 0.634
-2.12594 0.635
-2.12636 0.636
-2.12672 0.637
-2.12706 0.638
-2.12752 0.639
-2.12786 0.64
-2.12819 0.641
-2.12853 0.642
-2.1289 0.643
-2.12924 0.644
-2.12963 0.645
-2.13003 0.646
-2.1303 0.647
-2.1306 0.648
-2.13093 0.649
-2.13126 0.65
-2.13162 0.651
-2.13194 0.652
-2.13226 0.653
-2.13261 0.654
-2.13298 0.655
-2.13335 0.656
-2.13367 0.657
-2.13399 0.658
-2.13437 0.659
-2.13478 0.66
-2.1351 0.661
-2.13548 0.662
-2.13583 0.663
-2.13621 0.664
-2.13657 0.665
-2.1369 0.666
-2.1373 0.667
-2.13761 0.668
-2.13801 0.669
-2.13833 0.67
-2.13859 0.671
-2.13896 0.672
-2.13932 0.673
-2.13966 0.674
-2.13996 0.675
-2.14025 0.676
-2.1406 0.677
-2.14092 0.678
-2.14116 0.679
-2.1415 0.68
-2.14186 0.681
-2.14215 0.682
-2.14253 0.683
-2.14283 0.684
-2.14319 0.685
-2.14352 0.686
-2.14382 0.687
-2.14418 0.688
-2.14447 0.689
-2.14475 0.69
-2.14502 0.691
-2.14534 0.692
-2.14557 0.693
-2.14594 0.694
-2.14623 0.695
-2.14657 0.696
-2.14691 0.697
-2.14717 0.698
-2.14752 0.699
-2.14779 0.7
-2.14805 0.701
-2.14838 0.702
-2.14872 0.703
-2.14911 0.704
-2.14948 0.705
-2.14971 0.706
-2.15 0.707
-2.15022 0.708
-2.15056 0.709
-2.15087 0.71
-2.15114 0.711
-2.15143 0.712
-2.15176 0.713
-2.15208 0.714
-2.15235 0.715
-2.15272 0.716
-2.15297 0.717
-2.15326 0.718
-2.15356 0.719
-2.15384 0.72
-2.15418 0.721
-2.15449 0.722
-2.15477 0.723
-2.15509 0.724
-2.15524 0.725
-2.15553 0.726
-2.15582 0.727
-2.15612 0.728
-2.1564 0.729
-2.1566 0.73
-2.1569 0.731
-2.15722 0.732
-2.15747 0.733
-2.15773 0.734
-2.15805 0.735
-2.15831 0.736
-2.15854 0.737
-2.1588 0.738
-2.15904 0.739
-2.15929 0.74
-2.15955 0.741
-2.15986 0.742
-2.16012 0.743
-2.16039 0.744
-2.16072 0.745
-2.16099 0.746
-2.16129 0.747
-2.16153 0.748
-2.16175 0.749
-2.16201 0.75
-2.16225 0.751
-2.16253 0.752
-2.16278 0.753
-2.16303 0.754
-2.16333 0.755
-2.16361 0.756
-2.16388 0.757
-2.16418 0.758
-2.16444 0.759
-2.16474 0.76
-2.16503 0.761
-2.16525 0.762
-2.16552 0.763
-2.16582 0.764
-2.16608 0.765
-2.16632 0.766
-2.1666 0.767
-2.1668 0.768
-2.16705 0.769
-2.16732 0.77
-2.16764 0.771
-2.16785 0.772
-2.16812 0.773
-2.1684 0.774
-2.16866 0.775
-2.16889 0.776
-2.16914 0.777
-2.16938 0.778
-2.16961 0.779
-2.16984 0.78
-2.17006 0.781
-2.17031 0.782
-2.17061 0.783
-2.17087 0.784
-2.17112 0.785
-2.17131 0.786
-2.17154 0.787
-2.17174 0.788
-2.17198 0.789
-2.17219 0.79
-2.17244 0.791
-2.17271 0.792
-2.17295 0.793
-2.17322 0.794
-2.17347 0.795
-2.17365 0.796
-2.17393 0.797
-2.17411 0.798
-2.17433 0.799
-2.17457 0.8
-2.17477 0.801
-2.17498 0.802
-2.17526 0.803
-2.17553 0.804
-2.17583 0.805
-2.17608 0.806
-2.17628 0.807
-2.17661 0.808
-2.17684 0.809
-2.17706 0.81
-2.17722 0.811
-2.17741 0.812
-2.17761 0.813
-2.17781 0.814
-2.17807 0.815
-2.17828 0.816
-2.17854 0.817
-2.17874 0.818
-2.1789 0.819
-2.17915 0.82
-2.17934 0.821
-2.17958 0.822
-2.17975 0.823
-2.18004 0.824
-2.18025 0.825
-2.18047 0.826
-2.18066 0.827
-2.18088 0.828
-2.18108 0.829
-2.18129 0.83
-2.18156 0.831
-2.18182 0.832
-2.18205 0.833
-2.18221 0.834
-2.1824 0.835
-2.18257 0.836
-2.18281 0.837
-2.18304 0.838
-2.18323 0.839
-2.18345 0.84
-2.18371 0.841
-2.18395 0.842
-2.18419 0.843
-2.18435 0.844
-2.18457 0.845
-2.18476 0.846
-2.18502 0.847
-2.18518 0.848
-2.18541 0.849
-2.18568 0.85
-2.18587 0.851
-2.18602 0.852
-2.18624 0.853
-2.18638 0.854
-2.18654 0.855
-2.18679 0.856
-2.18701 0.857
-2.18718 0.858
-2.18741 0.859
-2.18755 0.86
-2.18773 0.861
-2.18798 0.862
-2.18817 0.863
-2.18835 0.864
-2.18856 0.865
-2.18878 0.866
-2.18901 0.867
-2.18916 0.868
-2.18936 0.869
-2.18959 0.87
-2.18975 0.871
-2.18997 0.872
-2.1902 0.873
-2.1904 0.874
-2.19047 0.875
-2.19065 0.876
-2.19091 0.877
-2.19114 0.878
-2.19135 0.879
-2.19158 0.88
-2.19177 0.881
-2.19197 0.882
-2.19209 0.883
-2.19231 0.884
-2.19247 0.885
-2.19267 0.886
-2.19286 0.887
-2.193 0.888
-2.19316 0.889
-2.19337 0.89
-2.19362 0.891
-2.19386 0.892
-2.19409 0.893
-2.19426 0.894
-2.19445 0.895
-2.19466 0.896
-2.19485 0.897
-2.19501 0.898
-2.19522 0.899
-2.19538 0.9
-2.19557 0.901
-2.19571 0.902
-2.19591 0.903
-2.19605 0.904
-2.19622 0.905
-2.19641 0.906
-2.1966 0.907
-2.19674 0.908
-2.19694 0.909
-2.19713 0.91
-2.19735 0.911
-2.1975 0.912
-2.19774 0.913
-2.19791 0.914
-2.19808 0.915
-2.19827 0.916
-2.1985 0.917
-2.19874 0.918
-2.19894 0.919
-2.19911 0.92
-2.19927 0.921
-2.19937 0.922
-2.19954 0.923
-2.19969 0.924
-2.19984 0.925
-2.20004 0.926
-2.20018 0.927
-2.20037 0.928
-2.2005 0.929
-2.20066 0.93
-2.20086 0.931
-2.20101 0.932
-2.20115 0.933
-2.20123 0.934
-2.20136 0.935
-2.20149 0.936
-2.20164 0.937
-2.20181 0.938
-2.20196 0.939
-2.20211 0.94
-2.20224 0.941
-2.20238 0.942
-2.20256 0.943
-2.20271 0.944
-2.20285 0.945
-2.20302 0.946
-2.2032 0.947
-2.2034 0.948
-2.20355 0.949
-2.20373 0.95
-2.2039 0.951
-2.20409 0.952
-2.20424 0.953
-2.20442 0.954
-2.20457 0.955
-2.20476 0.956
-2.20492 0.957
-2.20507 0.958
-2.20522 0.959
-2.20539 0.96
-2.2056 0.961
-2.20575 0.962
-2.20591 0.963
-2.20608 0.964
-2.2062 0.965
-2.20632 0.966
-2.20646 0.967
-2.20664 0.968
-2.20683 0.969
-2.20703 0.97
-2.20721 0.971
-2.20734 0.972
-2.20749 0.973
-2.20766 0.974
-2.20781 0.975
-2.208 0.976
-2.20818 0.977
-2.20829 0.978
-2.20842 0.979
-2.20857 0.98
-2.2087 0.981
-2.20884 0.982
-2.20898 0.983
-2.20911 0.984
-2.20921 0.985
-2.20939 0.986
-2.20959 0.987
-2.20972 0.988
-2.20987 0.989
-2.21001 0.99
-2.21014 0.991
-2.21029 0.992
-2.21045 0.993
-2.21063 0.994
-2.21077 0.995
-2.21088 0.996
-2.21103 0.997
-2.21114 0.998
-2.21127 0.999
-2.21143 1


Shark
3.14159 1.5
3.13716 1.4995
3.13273 1.499
3.12829 1.4985
3.12386 1.498
3.11942 1.4975
3.11494 1.497
3.1105 1.4965
3.10607 1.496
3.1016 1.4955
3.09714 1.495
3.09269 1.4945
3.08821 1.494
3.08321 1.4935
3.07876 1.493
3.07421 1.4925
3.06978 1.492
3.06526 1.4915
3.06065 1.491
3.0562 1.4905
3.05175 1.49
3.04726 1.4895
3.04283 1.489
3.03778 1.4885
3.03334 1.488
3.0279 1.4875
3.02345 1.487
3.01802 1.4865
3.01333 1.486
3.00874 1.4855
3.00408 1.485
2.99965 1.4845
2.99494 1.484
2.99051 1.4835
2.98477 1.483
2.97912 1.4825
2.97448 1.482
2.96572 1.4815
2.96035 1.481
2.95561 1.4805
2.94995 1.48
2.94493 1.4795
2.94042 1.479
2.93598 1.4785
2.93151 1.478
2.926 1.4775
2.92096 1.477
2.91653 1.4765
2.91205 1.476
2.90748 1.4755
2.89947 1.475
2.89405 1.4745
2.88955 1.474
2.88378 1.4735
2.87931 1.473
2.87279 1.4725
2.86812 1.472
2.86103 1.4715
2.85388 1.471
2.8478 1.4705
2.84168 1.47
2.83288 1.4695
2.82755 1.469
2.82143 1.4685
2.81598 1.468
2.80492 1.4675
2.80003 1.467
2.78975 1.4665
2.7853 1.466
2.78034 1.4655
2.77228 1.465
2.76553 1.4645
2.75783 1.464
2.75231 1.4635
2.74781 1.463
2.74189 1.4625
2.7335 1.462
2.7287 1.4615
2.72419 1.461
2.71931 1.4605
2.71457 1.46
2.7078 1.4595
2.70327 1.459
2.69597 1.4585
2.69032 1.458
2.6857 1.4575
2.68121 1.457
2.67533 1.4565
2.66672 1.456
2.66227 1.4555
2.65772 1.455
2.64333 1.4545
2.63772 1.454
2.62238 1.4535
2.61344 1.453
2.60824 1.4525
2.60299 1.452
2.59852 1.4515
2.59404 1.451
2.58955 1.4505
2.58263 1.45
2.57732 1.4495
2.55847 1.449
2.55396 1.4485
2.54216 1.448
2.52767 1.4475
2.51987 1.447
2.50783 1.4465
2.49863 1.446
2.49405 1.4455
2.48061 1.445
2.47574 1.4445
2.46844 1.444
2.45938 1.4435
2.446 1.443
2.43516 1.4425
2.43072 1.442
2.42163 1.4415
2.41041 1.441
2.38817 1.4405
2.3632 1.44
2.35263 1.4395
2.34817 1.439
2.34346 1.4385
2.33752 1.438
2.3329 1.4375
2.32732 1.437
2.32281 1.4365
2.31835 1.436
2.31268 1.4355
2.30732 1.435
2.30245 1.4345
2.29172 1.434
2.28303 1.4335
2.27427 1.433
2.26818 1.4325
2.26163 1.432
2.25706 1.4315
2.23781 1.431
2.2105 1.4305
2.19412 1.43
2.18777 1.4295
2.1799 1.429
2.1716 1.4285
2.15779 1.428
2.13589 1.4275
2.11727 1.427
2.1093 1.4265
2.1047 1.426
2.09857 1.4255
2.07916 1.425
2.06691 1.4245
2.05965 1.424
2.05132 1.4235
2.04379 1.423
2.0383 1.4225
2.03083 1.422
2.0219 1.4215
2.01497 1.421
2.0094 1.4205
1.98661 1.42
1.97993 1.4195
1.95339 1.419
1.945 1.4185
1.9297 1.418
1.92029 1.4175
1.91056 1.417
1.90475 1.4165
1.89633 1.416
1.88698 1.4155
1.85923 1.415
1.85342 1.4145
1.84663 1.414
1.83977 1.4135
1.80247 1.413
1.79136 1.4125
1.78252 1.412
1.76943 1.4115
1.75892 1.411
1.754 1.4105
1.74756 1.41
1.74079 1.4095
1.72373 1.409
1.7151 1.4085
1.69729 1.408
1.68415 1.4075
1.67894 1.407
1.67092 1.4065
1.66229 1.406
1.6537 1.4055
1.64597 1.405
1.63766 1.4045
1.63029 1.404
1.62282 1.4035
1.61613 1.403
1.60893 1.4025
1.60201 1.402
1.59532 1.4015
1.58815 1.401
1.58129 1.4005
1.57487 1.4
1.56795 1.3995
1.56162 1.399
1.55534 1.3985
1.5485 1.398
1.54217 1.3975
1.53545 1.397
1.52921 1.3965
1.52276 1.396
1.51678 1.3955
1.51016 1.395
1.50383 1.3945
1.49777 1.394
1.4913 1.3935
1.48491 1.393
1.47894 1.3925
1.473 1.392
1.46719 1.3915
1.46127 1.391
1.45472 1.3905
1.44894 1.39
1.44303 1.3895
1.43689 1.389
1.431 1.3885
1.42486 1.388
1.41923 1.3875
1.41331 1.387
1.40736 1.3865
1.40112 1.386
1.39497 1.3855
1.38933 1.385
1.3835 1.3845
1.37752 1.384
1.37181 1.3835
1.36556 1.383
1.35967 1.3825
1.35376 1.382
1.34816 1.3815
1.34253 1.381
1.33698 1.3805
1.33133 1.38
1.32582 1.3795
1.32019 1.379
1.31442 1.3785
1.30914 1.378
1.30372 1.3775
1.29821 1.377
1.29242 1.3765
1.28692 1.376
1.28146 1.3755
1.27613 1.375
1.27053 1.3745
1.26505 1.374
1.25956 1.3735
1.25417 1.373
1.24884 1.3725
1.24326 1.372
1.23805 1.3715
1.23249 1.371
1.22689 1.3705
1.22158 1.37
1.21621 1.3695
1.21069 1.369
1.20533 1.3685
1.19999 1.368
1.19459 1.3675
1.18919 1.367
1.18368 1.3665
1.1784 1.366
1.17313 1.3655
1.16791 1.365
1.16253 1.3645
1.15742 1.364
1.15209 1.3635
1.14681 1.363
1.1418 1.3625
1.13633 1.362
1.13079 1.3615
1.12556 1.361
1.12048 1.3605
1.11527 1.36
1.11009 1.3595
1.10494 1.359
1.09986 1.3585
1.09451 1.358
1.08931 1.3575
1.08391 1.357
1.07866 1.3565
1.07346 1.356
1.06836 1.3555
1.06346 1.355
1.05841 1.3545
1.05339 1.354
1.04822 1.3535
1.04321 1.353
1.03808 1.3525
1.03295 1.352
1.02786 1.3515
1.02245 1.351
1.01733 1.3505
1.01234 1.35
1.00712 1.3495
1.002 1.349
0.996903 1.3485
0.991845 1.348
0.986942 1.3475
0.981871 1.347
0.976758 1.3465
0.971688 1.346
0.966499 1.3455
0.961395 1.345
0.956337 1.3445
0.95147 1.344
0.946274 1.3435
0.941367 1.343
0.936414 1.3425
0.931398 1.342
0.926461 1.3415
0.921334 1.341
0.916398 1.3405
0.91136 1.34
0.906304 1.3395
0.901246 1.339
0.896227 1.3385
0.89127 1.338
0.886384 1.3375
0.881469 1.337
0.876499 1.3365
0.871597 1.336
0.866652 1.3355
0.861764 1.335
0.856759 1.3345
0.851832 1.334
0.846792 1.3335
0.841786 1.333
0.836739 1.3325
0.831937 1.332
0.827042 1.3315
0.822122 1.331
0.817247 1.3305
0.812248 1.33
0.80742 1.3295
0.802575 1.329
0.797644 1.3285
0.792773 1.328
0.787894 1.3275
0.78297 1.327
0.778048 1.3265
0.773165 1.326
0.768306 1.3255
0.763362 1.325
0.758365 1.3245
0.753428 1.324
0.748559 1.3235
0.743595 1.323
0.738713 1.3225
0.73386 1.322
0.729 1.3215
0.724179 1.321
0.71929 1.3205
0.714582 1.32
0.709715 1.3195
0.704869 1.319
0.700111 1.3185
0.695159 1.318
0.690233 1.3175
0.685438 1.317
0.680622 1.3165
0.675815 1.316
0.671087 1.3155
0.66627 1.315
0.661447 1.3145
0.656531 1.314
0.651827 1.3135
0.647018 1.313
0.642148 1.3125
0.637255 1.312
0.632512 1.3115
0.627631 1.311
0.622823 1.3105
0.617964 1.31
0.613156 1.3095
0.608349 1.309
0.603536 1.3085
0.598897 1.308
0.594065 1.3075
0.589271 1.307
0.584553 1.3065
0.579748 1.306
0.574949 1.3055
0.570128 1.305
0.56543 1.3045
0.560637 1.304
0.555807 1.3035
0.55106 1.303
0.546317 1.3025
0.541571 1.302
0.536685 1.3015
0.531895 1.301
0.527043 1.3005
0.522346 1.3
0.51755 1.2995
0.512814 1.299
0.507986 1.2985
0.503252 1.298
0.498575 1.2975
0.493769 1.297
0.488932 1.2965
0.48422 1.296
0.479483 1.2955
0.47477 1.295
0.470052 1.2945
0.46534 1.294
0.460662 1.2935
0.45589 1.293
0.4511 1.2925
0.44631 1.292
0.441537 1.2915
0.436885 1.291
0.432087 1.2905
0.427369 1.29
0.422613 1.2895
0.417905 1.289
0.413165 1.2885
0.408522 1.288
0.403812 1.2875
0.399194 1.287
0.394485 1.2865
0.389765 1.286
0.385055 1.2855
0.380267 1.285
0.37565 1.2845
0.37094 1.284
0.366209 1.2835
0.361523 1.283
0.356845 1.2825
0.352131 1.282
0.347465 1.2815
0.34265 1.281
0.337944 1.2805
0.33313 1.28
0.328466 1.2795
0.323824 1.279
0.31912 1.2785
0.314404 1.278
0.309643 1.2775
0.304963 1.277
0.300126 1.2765
0.295463 1.276
0.290772 1.2755
0.286172 1.275
0.281489 1.2745
0.276793 1.274
0.272136 1.2735
0.267467 1.273
0.262809 1.2725
0.258171 1.272
0.253523 1.2715
0.248891 1.271
0.244294 1.2705
0.239676 1.27
0.235004 1.2695
0.230367 1.269
0.225742 1.2685
0.221081 1.268
0.216427 1.2675
0.21176 1.267
0.207105 1.2665
0.202457 1.266
0.19776 1.2655
0.19314 1.265
0.188508 1.2645
0.183883 1.264
0.179284 1.2635
0.174564 1.263
0.169967 1.2625
0.165258 1.262
0.16064 1.2615
0.156032 1.261
0.151471 1.2605
0.146782 1.26
0.142179 1.2595
0.13744 1.259
0.132789 1.2585
0.128162 1.258
0.123461 1.2575
0.118787 1.257
0.114116 1.2565
0.10948 1.256
0.104797 1.2555
0.100117 1.255
0.0955085 1.2545
0.0908592 1.254
0.0862168 1.2535
0.0815404 1.253
0.0768759 1.2525
0.0722779 1.252
0.0676583 1.2515
0.0630105 1.251
0.0583349 1.2505
0.0537117 1.25
0.0490606 1.2495
0.0444352 1.249
0.0398779 1.2485
0.0352878 1.248
0.030653 1.2475
0.0260314 1.247
0.0214548 1.2465
0.0168869 1.246
0.0122938 1.2455
0.00766623 1.245
0.00302872 1.2445
-0.00153125 1.244
-0.00611929 1.2435
-0.010734 1.243
-0.0153567 1.2425
-0.0199889 1.242
-0.0246745 1.2415
-0.0292259 1.241
-0.0338617 1.2405
-0.0384519 1.24
-0.0430803 1.2395
-0.0477713 1.239
-0.0523929 1.2385
-0.056969 1.238
-0.0615385 1.2375
-0.0660838 1.237
-0.0706651 1.2365
-0.0753338 1.236
-0.0799549 1.2355
-0.0845428 1.235
-0.0891453 1.2345
-0.0937466 1.234
-0.0984012 1.2335
-0.103033 1.233
-0.107669 1.2325
-0.11225 1.232
-0.11686 1.2315
-0.121494 1.231
-0.126156 1.2305
-0.130765 1.23
-0.135366 1.2295
-0.139948 1.229
-0.144582 1.2285
-0.149195 1.228
-0.153778 1.2275
-0.158392 1.227
-0.163006 1.2265
-0.167556 1.226
-0.172138 1.2255
-0.176743 1.225
-0.181335 1.2245
-0.185905 1.224
-0.190481 1.2235
-0.195135 1.223
-0.199781 1.2225
-0.204351 1.222
-0.20902 1.2215
-0.213582 1.221
-0.218171 1.2205
-0.222699 1.22
-0.227271 1.2195
-0.231878 1.219
-0.236574 1.2185
-0.241131 1.218
-0.245727 1.2175
-0.250369 1.217
-0.254964 1.2165
-0.259547 1.216
-0.264107 1.2155
-0.268638 1.215
-0.273201 1.2145
-0.277794 1.214
-0.282361 1.2135
-0.286954 1.213
-0.291576 1.2125
-0.296158 1.212
-0.300816 1.2115
-0.305412 1.211
-0.310006 1.2105
-0.314599 1.21
-0.319144 1.2095
-0.323674 1.209
-0.32822 1.2085
-0.332841 1.208
-0.337437 1.2075
-0.342055 1.207
-0.346626 1.2065
-0.351227 1.206
-0.35588 1.2055
-0.360473 1.205
-0.365047 1.2045
-0.369597 1.204
-0.374133 1.2035
-0.378711 1.203
-0.38327 1.2025
-0.387865 1.202
-0.392435 1.2015
-0.397037 1.201
-0.40162 1.2005
-0.406271 1.2
-0.410837 1.1995
-0.415442 1.199
-0.420019 1.1985
-0.424571 1.198
-0.429236 1.1975
-0.433748 1.197
-0.438338 1.1965
-0.442897 1.196
-0.447528 1.1955
-0.452127 1.195
-0.45668 1.1945
-0.461215 1.194
-0.46576 1.1935
-0.470307 1.193
-0.474829 1.1925
-0.479411 1.192
-0.483955 1.1915
-0.488519 1.191
-0.493089 1.1905
-0.497643 1.19
-0.502176 1.1895
-0.506735 1.189
-0.511299 1.1885
-0.515873 1.188
-0.520487 1.1875
-0.525046 1.187
-0.529587 1.1865
-0.534083 1.186
-0.538617 1.1855
-0.543187 1.185
-0.547755 1.1845
-0.552291 1.184
-0.55683 1.1835
-0.561394 1.183
-0.565944 1.1825
-0.570529 1.182
-0.575072 1.1815
-0.579608 1.181
-0.584223 1.1805
-0.588757 1.18
-0.593283 1.1795
-0.597822 1.179
-0.602372 1.1785
-0.606904 1.178
-0.611474 1.1775
-0.616051 1.177
-0.620548 1.1765
-0.625058 1.176
-0.629589 1.1755
-0.634119 1.175
-0.638674 1.1745
-0.643199 1.174
-0.647723 1.1735
-0.652268 1.173
-0.656825 1.1725
-0.661385 1.172
-0.665908 1.1715
-0.670436 1.171
-0.675004 1.1705
-0.679592 1.17
-0.684123 1.1695
-0.688686 1.169
-0.693237 1.1685
-0.697807 1.168
-0.702361 1.1675
-0.706896 1.167
-0.711479 1.1665
-0.716004 1.166
-0.720591 1.1655
-0.725117 1.165
-0.729615 1.1645
-0.734183 1.164
-0.738737 1.1635
-0.743287 1.163
-0.747803 1.1625
-0.752316 1.162
-0.756872 1.1615
-0.761407 1.161
-0.765895 1.1605
-0.770439 1.16
-0.774999 1.1595
-0.779516 1.159
-0.784096 1.1585
-0.788618 1.158
-0.793178 1.1575
-0.797721 1.157
-0.802244 1.1565
-0.806809 1.156
-0.811326 1.1555
-0.815833 1.155
-0.820342 1.1545
-0.824882 1.154
-0.829365 1.1535
-0.83394 1.153
-0.838456 1.1525
-0.843012 1.152
-0.847562 1.1515
-0.852067 1.151
-0.856627 1.1505
-0.861136 1.15
-0.865637 1.1495
-0.870181 1.149
-0.874738 1.1485
-0.879332 1.148
-0.883912 1.1475
-0.8884 1.147
-0.892921 1.1465
-0.897406 1.146
-0.90196 1.1455
-0.906495 1.145
-0.911007 1.1445
-0.915529 1.144
-0.920083 1.1435
-0.924624 1.143
-0.929139 1.1425
-0.93372 1.142
-0.938221 1.1415
-0.942747 1.141
-0.947277 1.1405
-0.951793 1.14
-0.956354 1.1395
-0.960893 1.139
-0.965413 1.1385
-0.969965 1.138
-0.974421 1.1375
-0.978945 1.137
-0.983476 1.1365
-0.988006 1.136
-0.992527 1.1355
-0.997006 1.135
-1.00154 1.1345
-1.00609 1.134
-1.01059 1.1335
-1.01511 1.133
-1.01966 1.1325
-1.02416 1.132
-1.02866 1.1315
-1.03317 1.131
-1.03767 1.1305
-1.04217 1.13
-1.04668 1.1295
-1.05123 1.129
-1.05574 1.1285
-1.06026 1.128
-1.06482 1.1275
-1.06934 1.127
-1.07388 1.1265
-1.07838 1.126
-1.08287 1.1255
-1.08738 1.125
-1.09188 1.1245
-1.09641 1.124
-1.10092 1.1235
-1.10543 1.123
-1.10997 1.1225
-1.1145 1.122
-1.11902 1.1215
-1.12356 1.121
-1.12808 1.1205
-1.13262 1.12
-1.13716 1.1195
-1.14165 1.119
-1.14617 1.1185
-1.15071 1.118
-1.15524 1.1175
-1.15974 1.117
-1.16427 1.1165
-1.16875 1.116
-1.17326 1.1155
-1.17779 1.115
-1.18235 1.1145
-1.18684 1.114
-1.19136 1.1135
-1.19589 1.113
-1.20041 1.1125
-1.20492 1.112
-1.20943 1.1115
-1.21393 1.111
-1.21843 1.1105
-1.22293 1.11
-1.22743 1.1095
-1.23194 1.109
-1.23649 1.1085
-1.24101 1.108
-1.24553 1.1075
-1.25001 1.107
-1.25451 1.1065
-1.259 1.106
-1.2635 1.1055
-1.268 1.105
-1.27251 1.1045
-1.27704 1.104
-1.28155 1.1035
-1.28608 1.103
-1.29059 1.1025
-1.29507 1.102
-1.29961 1.1015
-1.30409 1.101
-1.30858 1.1005
-1.3131 1.1
-1.31758 1.0995
-1.32208 1.099
-1.32661 1.0985
-1.33115 1.098
-1.3357 1.0975
-1.34022 1.097
-1.34471 1.0965
-1.3493 1.096
-1.3538 1.0955
-1.3583 1.095
-1.36277 1.0945
-1.36725 1.094
-1.37174 1.0935
-1.37623 1.093
-1.38075 1.0925
-1.38525 1.092
-1.38978 1.0915
-1.39427 1.091
-1.39874 1.0905
-1.40326 1.09
-1.40774 1.0895
-1.41226 1.089
-1.41673 1.0885
-1.42128 1.088
-1.42577 1.0875
-1.43028 1.087
-1.43477 1.0865
-1.43926 1.086
-1.44376 1.0855
-1.44825 1.085
-1.45279 1.0845
-1.45732 1.084
-1.46183 1.0835
-1.4663 1.083
-1.47079 1.0825
-1.47526 1.082
-1.47978 1.0815
-1.48429 1.081
-1.48878 1.0805
-1.49328 1.08
-1.49782 1.0795
-1.50234 1.079
-1.50685 1.0785
-1.51133 1.078
-1.51583 1.0775
-1.52032 1.077
-1.52485 1.0765
-1.52933 1.076
-1.53384 1.0755
-1.53839 1.075
-1.54287 1.0745
-1.54734 1.074
-1.55184 1.0735
-1.55631 1.073
-1.56078 1.0725
-1.56531 1.072
-1.56982 1.0715
-1.57429 1.071
-1.57881 1.0705
-1.58327 1.07
-1.58776 1.0695
-1.59228 1.069
-1.59677 1.0685
-1.60126 1.068
-1.60576 1.0675
-1.61027 1.067
-1.61478 1.0665
-1.61925 1.066
-1.62375 1.0655
-1.62826 1.065
-1.63274 1.0645
-1.63725 1.064
-1.64177 1.0635
-1.64626 1.063
-1.6507 1.0625
-1.65518 1.062
-1.65973 1.0615
-1.66425 1.061
-1.66875 1.0605
-1.67327 1.06
-1.67777 1.0595
-1.68226 1.059
-1.68672 1.0585
-1.69123 1.058
-1.6957 1.0575
-1.7002 1.057
-1.70469 1.0565
-1.70915 1.056
-1.71363 1.0555
-1.71814 1.055
-1.72268 1.0545
-1.72721 1.054
-1.73173 1.0535
-1.73621 1.053
-1.7407 1.0525
-1.74521 1.052
-1.74971 1.0515
-1.75418 1.051
-1.75869 1.0505
-1.76316 1.05
-1.76766 1.0495
-1.77213 1.049
-1.77662 1.0485
-1.78109 1.048
-1.78557 1.0475
-1.79006 1.047
-1.79456 1.0465
-1.79903 1.046
-1.80353 1.0455
-1.80803 1.045
-1.81255 1.0445
-1.81702 1.044
-1.82155 1.0435
-1.82603 1.043
-1.83051 1.0425
-1.83502 1.042
-1.83954 1.0415
-1.84408 1.041
-1.84858 1.0405
-1.85306 1.04
-1.85754 1.0395
-1.86199 1.039
-1.86648 1.0385
-1.87095 1.038
-1.87542 1.0375
-1.87993 1.037
-1.8844 1.0365
-1.88889 1.036
-1.89335 1.0355
-1.89783 1.035
-1.90234 1.0345
-1.90681 1.034
-1.91128 1.0335
-1.91572 1.033
-1.92018 1.0325
-1.92464 1.032
-1.92912 1.0315
-1.93361 1.031
-1.93808 1.0305
-1.94256 1.03
-1.94702 1.0295
-1.95149 1.029
-1.95598 1.0285
-1.96045 1.028
-1.96492 1.0275
-1.96941 1.027
-1.9739 1.0265
-1.97841 1.026
-1.98289 1.0255
-1.98738 1.025
-1.99187 1.0245
-1.99637 1.024
-2.00084 1.0235
-2.00534 1.023
-2.00981 1.0225
-2.01432 1.022
-2.0188 1.0215
-2.02328 1.021
-2.02775 1.0205
-2.03224 1.02
-2.03675 1.0195
-2.04123 1.019
-2.04571 1.0185
-2.0502 1.018
-2.05466 1.0175
-2.05912 1.017
-2.06359 1.0165
-2.06809 1.016
-2.07259 1.0155
-2.0771 1.015
-2.0816 1.0145
-2.08607 1.014
-2.09054 1.0135
-2.09503 1.013
-2.09951 1.0125
-2.10402 1.012
-2.10852 1.0115
-2.11297 1.011
-2.11744 1.0105
-2.12192 1.01
-2.12638 1.0095
-2.13085 1.009
-2.13532 1.0085
-2.13979 1.008
-2.14424 1.0075
-2.14874 1.007
-2.15325 1.0065
-2.15772 1.006
-2.1622 1.0055
-2.16667 1.005
-2.17114 1.0045
-2.17562 1.004
-2.1801 1.0035
-2.1846 1.003
-2.18908 1.0025
-2.19353 1.002
-2.19801 1.0015
-2.20247 1.001
-2.20693 1.0005
-2.21142 1
