Man
0 0
0.00323216 0.0005
0.00478953 0.001
0.00258555 0.0015
0.000374882 0.002
-0.000244557 0.0025
-0.00281348 0.003
-0.000282697 0.0035
-0.00299632 0.004
-0.00555801 0.0045
-0.00919997 0.005
-0.0120026 0.0055
-0.0106162 0.006
-0.0144399 0.0065
-0.0155104 0.007
-0.0185549 0.0075
-0.0220326 0.008
-0.0254959 0.0085
-0.0259453 0.009
-0.0311941 0.0095
-0.0336657 0.01
-0.0365834 0.0105
-0.0380964 0.011
-0.0421551 0.0115
-0.0434189 0.012
-0.046131 0.0125
-0.0487601 0.013
-0.0476958 0.0135
-0.048627 0.014
-0.0501619 0.0145
-0.0556765 0.015
-0.0585109 0.0155
-0.0607794 0.016
-0.0617748 0.0165
-0.0654427 0.017
-0.0636158 0.0175
-0.0617746 0.018
-0.0638189 0.0185
-0.0696734 0.019
-0.0676494 0.0195
-0.0675185 0.02
-0.0694384 0.0205
-0.0688353 0.021
-0.0678254 0.0215
-0.0719034 0.022
-0.0760878 0.0225
-0.0774425 0.023
-0.0826134 0.0235
-0.0835014 0.024
-0.0845277 0.0245
-0.0872645 0.025
-0.0903138 0.0255
-0.0917133 0.026
-0.0930159 0.0265
-0.0937078 0.027
-0.09895 0.0275
-0.105042 0.028
-0.107242 0.0285
-0.110121 0.029
-0.113719 0.0295
-0.116136 0.03
-0.120054 0.0305
-0.122475 0.031
-0.122872 0.0315
-0.119617 0.032
-0.119038 0.0325
-0.118667 0.033
-0.125243 0.0335
-0.127729 0.034
-0.129225 0.0345
-0.132158 0.035
-0.133477 0.0355
-0.136134 0.036
-0.137033 0.0365
-0.138064 0.037
-0.139831 0.0375
-0.14073 0.038
-0.142827 0.0385
-0.143952 0.039
-0.149725 0.0395
-0.154723 0.04
-0.155643 0.0405
-0.157128 0.041
-0.160308 0.0415
-0.160798 0.042
-0.164328 0.0425
-0.167592 0.043
-0.169621 0.0435
-0.174678 0.044
-0.173807 0.0445
-0.175461 0.045
-0.178493 0.0455
-0.182638 0.046
-0.18439 0.0465
-0.185165 0.047
-0.188335 0.0475
-0.189444 0.048
-0.191559 0.0485
-0.193505 0.049
-0.195257 0.0495
-0.197312 0.05
-0.201398 0.0505
-0.202631 0.051
-0.205633 0.0515
-0.208049 0.052
-0.208236 0.0525
-0.211351 0.053
-0.211449 0.0535
-0.212627 0.054
-0.214044 0.0545
-0.220932 0.055
-0.222574 0.0555
-0.224078 0.056
-0.227443 0.0565
-0.227768 0.057
-0.230298 0.0575
-0.228659 0.058
-0.229659 0.0585
-0.231616 0.059
-0.236844 0.0595
-0.238048 0.06
-0.239389 0.0605
-0.244458 0.061
-0.243907 0.0615
-0.244783 0.062
-0.24495 0.0625
-0.248146 0.063
-0.250948 0.0635
-0.250672 0.064
-0.253178 0.0645
-0.256359 0.065
-0.258579 0.0655
-0.265002 0.066
-0.265198 0.0665
-0.265519 0.067
-0.266746 0.0675
-0.269241 0.068
-0.271241 0.0685
-0.273846 0.069
-0.274851 0.0695
-0.280262 0.07
-0.283914 0.0705
-0.284587 0.071
-0.286043 0.0715
-0.290077 0.072
-0.292185 0.0725
-0.292365 0.073
-0.29758 0.0735
-0.30066 0.074
-0.300623 0.0745
-0.303456 0.075
-0.307981 0.0755
-0.309519 0.076
-0.312203 0.0765
-0.31229 0.077
-0.313191 0.0775
-0.314376 0.078
-0.317562 0.0785
-0.319793 0.079
-0.322329 0.0795
-0.324977 0.08
-0.327181 0.0805
-0.32883 0.081
-0.333711 0.0815
-0.334458 0.082
-0.337713 0.0825
-0.338786 0.083
-0.341501 0.0835
-0.343706 0.084
-0.346856 0.0845
-0.34864 0.085
-0.350837 0.0855
-0.351436 0.086
-0.352836 0.0865
-0.354963 0.087
-0.357052 0.0875
-0.360943 0.088
-0.364141 0.0885
-0.365171 0.089
-0.366865 0.0895
-0.368196 0.09
-0.370141 0.0905
-0.370429 0.091
-0.37283 0.0915
-0.376268 0.092
-0.378957 0.0925
-0.380141 0.093
-0.381951 0.0935
-0.385823 0.094
-0.384553 0.0945
-0.384149 0.095
-0.387358 0.0955
-0.388324 0.096
-0.39208 0.0965
-0.393279 0.097
-0.396046 0.0975
-0.397844 0.098
-0.401717 0.0985
-0.402556 0.099
-0.404543 0.0995
-0.40725 0.1
-0.4105 0.1005
-0.413671 0.101
-0.415264 0.1015
-0.417379 0.102
-0.419816 0.1025
-0.423175 0.103
-0.423808 0.1035
-0.424201 0.104
-0.426768 0.1045
-0.429703 0.105
-0.43475 0.1055
-0.437632 0.106
-0.440437 0.1065
-0.442208 0.107
-0.444454 0.1075
-0.449945 0.108
-0.453372 0.1085
-0.452585 0.109
-0.456655 0.1095
-0.459911 0.11
-0.463201 0.1105
-0.464776 0.111
-0.467932 0.1115
-0.470278 0.112
-0.471668 0.1125
-0.472688 0.113
-0.475335 0.1135
-0.478502 0.114
-0.480686 0.1145
-0.482256 0.115
-0.484574 0.1155
-0.487114 0.116
-0.488062 0.1165
-0.490868 0.117
-0.49239 0.1175
-0.495828 0.118
-0.49804 0.1185
-0.500027 0.119
-0.501806 0.1195
-0.504331 0.12
-0.506762 0.1205
-0.509409 0.121
-0.512639 0.1215
-0.514913 0.122
-0.517103 0.1225
-0.517874 0.123
-0.522793 0.1235
-0.525429 0.124
-0.528153 0.1245
-0.530051 0.125
-0.53216 0.1255
-0.533638 0.126
-0.535392 0.1265
-0.537746 0.127
-0.539223 0.1275
-0.541122 0.128
-0.542884 0.1285
-0.54446 0.129
-0.547717 0.1295
-0.549241 0.13
-0.551452 0.1305
-0.553089 0.131
-0.555773 0.1315
-0.557308 0.132
-0.559307 0.1325
-0.561915 0.133
-0.564125 0.1335
-0.566103 0.134
-0.568305 0.1345
-0.568215 0.135
-0.569674 0.1355
-0.571746 0.136
-0.57382 0.1365
-0.57694 0.137
-0.578997 0.1375
-0.581333 0.138
-0.584859 0.1385
-0.586531 0.139
-0.589103 0.1395
-0.590321 0.14
-0.591562 0.1405
-0.594606 0.141
-0.595773 0.1415
-0.597582 0.142
-0.599417 0.1425
-0.601422 0.143
-0.603873 0.1435
-0.605384 0.144
-0.606274 0.1445
-0.607775 0.145
-0.609377 0.1455
-0.610717 0.146
-0.612185 0.1465
-0.613647 0.147
-0.614955 0.1475
-0.61668 0.148
-0.61893 0.1485
-0.62088 0.149
-0.622423 0.1495
-0.623725 0.15
-0.625055 0.1505
-0.626955 0.151
-0.628586 0.1515
-0.630172 0.152
-0.631983 0.1525
-0.633966 0.153
-0.635501 0.1535
-0.636635 0.154
-0.637999 0.1545
-0.639254 0.155
-0.640615 0.1555
-0.642279 0.156
-0.643819 0.1565
-0.644873 0.157
-0.646588 0.1575
-0.648007 0.158
-0.649092 0.1585
-0.650589 0.159
-0.651868 0.1595
-0.653482 0.16
-0.653881 0.1605
-0.654414 0.161
-0.655862 0.1615
-0.657002 0.162
-0.658162 0.1625
-0.659736 0.163
-0.660563 0.1635
-0.66136 0.164
-0.662381 0.1645
-0.664067 0.165
-0.664954 0.1655
-0.665943 0.166
-0.666931 0.1665
-0.668302 0.167
-0.669702 0.1675
-0.671241 0.168
-0.672575 0.1685
-0.673636 0.169
-0.675186 0.1695
-0.676851 0.17
-0.678305 0.1705
-0.680089 0.171
-0.681032 0.1715
-0.682321 0.172
-0.683664 0.1725
-0.684919 0.173
-0.686207 0.1735
-0.686932 0.174
-0.68806 0.1745
-0.689332 0.175
-0.6904 0.1755
-0.69128 0.176
-0.692034 0.1765
-0.693217 0.177
-0.694158 0.1775
-0.695533 0.178
-0.696679 0.1785
-0.697739 0.179
-0.698652 0.1795
-0.699753 0.18
-0.700633 0.1805
-0.701672 0.181
-0.702636 0.1815
-0.703344 0.182
-0.704372 0.1825
-0.705205 0.183
-0.706307 0.1835
-0.707316 0.184
-0.708048 0.1845
-0.708587 0.185
-0.709089 0.1855
-0.70995 0.186
-0.710922 0.1865
-0.711667 0.187
-0.712346 0.1875
-0.71318 0.188
-0.7136 0.1885
-0.714492 0.189
-0.715334 0.1895
-0.716065 0.19
-0.716723 0.1905
-0.717575 0.191
-0.718253 0.1915
-0.718965 0.192
-0.720259 0.1925
-0.721077 0.193
-0.721986 0.1935
-0.722981 0.194
-0.723611 0.1945
-0.724509 0.195
-0.725414 0.1955
-0.726244 0.196
-0.726813 0.1965
-0.727591 0.197
-0.728351 0.1975
-0.72899 0.198
-0.72985 0.1985
-0.730389 0.199
-0.731219 0.1995
-0.731603 0.2
-0.732765 0.2005
-0.733442 0.201
-0.734417 0.2015
-0.734916 0.202
-0.735449 0.2025
-0.736509 0.203
-0.737171 0.2035
-0.738096 0.204
-0.738883 0.2045
-0.739547 0.205
-0.740482 0.2055
-0.741446 0.206
-0.742133 0.2065
-0.742781 0.207
-0.743168 0.2075
-0.743769 0.208
-0.744376 0.2085
-0.744816 0.209
-0.745565 0.2095
-0.746025 0.21
-0.746427 0.2105
-0.746867 0.211
-0.747661 0.2115
-0.748135 0.212
-0.748809 0.2125
-0.749393 0.213
-0.750003 0.2135
-0.750423 0.214
-0.751175 0.2145
-0.751861 0.215
-0.752279 0.2155
-0.752823 0.216
-0.753921 0.2165
-0.754742 0.217
-0.755506 0.2175
-0.755989 0.218
-0.756628 0.2185
-0.757199 0.219
-0.757931 0.2195
-0.758516 0.22
-0.759225 0.2205
-0.759999 0.221
-0.760564 0.2215
-0.761253 0.222
-0.761915 0.2225
-0.762585 0.223
-0.763062 0.2235
-0.763431 0.224
-0.763887 0.2245
-0.764442 0.225
-0.765082 0.2255
-0.765914 0.226
-0.766301 0.2265
-0.76685 0.227
-0.767267 0.2275
-0.767801 0.228
-0.76862 0.2285
-0.769335 0.229
-0.769783 0.2295
-0.770159 0.23
-0.770686 0.2305
-0.771226 0.231
-0.77181 0.2315
-0.772371 0.232
-0.773111 0.2325
-0.773566 0.233
-0.773901 0.2335
-0.774473 0.234
-0.774988 0.2345
-0.775336 0.235
-0.775796 0.2355
-0.77627 0.236
-0.776731 0.2365
-0.777277 0.237
-0.777762 0.2375
-0.778262 0.238
-0.778636 0.2385
-0.778999 0.239
-0.779731 0.2395
-0.780113 0.24
-0.780543 0.2405
-0.781015 0.241
-0.781338 0.2415
-0.781774 0.242
-0.782273 0.2425
-0.782635 0.243
-0.783323 0.2435
-0.783744 0.244
-0.784294 0.2445
-0.784597 0.245
-0.785412 0.2455
-0.786034 0.246
-0.786508 0.2465
-0.787181 0.247
-0.787719 0.2475
-0.788175 0.248
-0.788588 0.2485
-0.789018 0.249
-0.789355 0.2495
-0.789617 0.25
-0.789926 0.2505
-0.790427 0.251
-0.790661 0.2515
-0.790925 0.252
-0.791333 0.2525
-0.791874 0.253
-0.792275 0.2535
-0.792789 0.254
-0.793135 0.2545
-0.793436 0.255
-0.793798 0.2555
-0.794221 0.256
-0.794503 0.2565
-0.794977 0.257
-0.795392 0.2575
-0.795972 0.258
-0.796548 0.2585
-0.796831 0.259
-0.79732 0.2595
-0.797807 0.26
-0.798206 0.2605
-0.798472 0.261
-0.798792 0.2615
-0.799298 0.262
-0.799567 0.2625
-0.800004 0.263
-0.800518 0.2635
-0.800745 0.264
-0.80137 0.2645
-0.801595 0.265
-0.802011 0.2655
-0.802493 0.266
-0.803033 0.2665
-0.803526 0.267
-0.803879 0.2675
-0.804431 0.268
-0.804963 0.2685
-0.805668 0.269
-0.806166 0.2695
-0.806532 0.27
-0.806441 0.2705
-0.806853 0.271
-0.807183 0.2715
-0.807691 0.272
-0.807879 0.2725
-0.80837 0.273
-0.80874 0.2735
-0.809203 0.274
-0.809504 0.2745
-0.809934 0.275
-0.810345 0.2755
-0.810608 0.276
-0.81107 0.2765
-0.811428 0.277
-0.81198 0.2775
-0.812329 0.278
-0.812765 0.2785
-0.813073 0.279
-0.81336 0.2795
-0.813701 0.28
-0.814173 0.2805
-0.814578 0.281
-0.81506 0.2815
-0.815357 0.282
-0.815634 0.2825
-0.816197 0.283
-0.816469 0.2835
-0.816681 0.284
-0.817171 0.2845
-0.817531 0.285
-0.81795 0.2855
-0.818208 0.286
-0.81853 0.2865
-0.818925 0.287
-0.819296 0.2875
-0.819697 0.288
-0.820058 0.2885
-0.820304 0.289
-0.82063 0.2895
-0.820876 0.29
-0.821209 0.2905
-0.821463 0.291
-0.821744 0.2915
-0.821918 0.292
-0.822182 0.2925
-0.822469 0.293
-0.822818 0.2935
-0.823162 0.294
-0.823534 0.2945
-0.823655 0.295
-0.824018 0.2955
-0.824426 0.296
-0.82479 0.2965
-0.825217 0.297
-0.825414 0.2975
-0.825794 0.298
-0.826164 0.2985
-0.826483 0.299
-0.826922 0.2995
-0.827386 0.3
-0.827752 0.3005
-0.828131 0.301
-0.828201 0.3015
-0.828631 0.302
-0.829047 0.3025
-0.8293 0.303
-0.829629 0.3035
-0.829972 0.304
-0.830222 0.3045
-0.830594 0.305
-0.830903 0.3055
-0.831176 0.306
-0.831367 0.3065
-0.831678 0.307
-0.832235 0.3075
-0.832522 0.308
-0.83279 0.3085
-0.833148 0.309
-0.833427 0.3095
-0.833364 0.31
-0.833613 0.3105
-0.833917 0.311
-0.834055 0.3115
-0.83438 0.312
-0.834706 0.3125
-0.835066 0.313
-0.835352 0.3135
-0.835663 0.314
-0.836123 0.3145
-0.836321 0.315
-0.83658 0.3155
-0.836962 0.316
-0.837287 0.3165
-0.837664 0.317
-0.838071 0.3175
-0.838309 0.318
-0.838758 0.3185
-0.838991 0.319
-0.839294 0.3195
-0.839665 0.32
-0.839928 0.3205
-0.840189 0.321
-0.840456 0.3215
-0.840834 0.322
-0.841113 0.3225
-0.841403 0.323
-0.841734 0.3235
-0.842048 0.324
-0.842265 0.3245
-0.842326 0.325
-0.842514 0.3255
-0.84275 0.326
-0.843094 0.3265
-0.843395 0.327
-0.843654 0.3275
-0.843881 0.328
-0.844209 0.3285
-0.844572 0.329
-0.844801 0.3295
-0.845105 0.33
-0.845211 0.3305
-0.845344 0.331
-0.845725 0.3315
-0.84587 0.332
-0.846105 0.3325
-0.846208 0.333
-0.84636 0.3335
-0.846642 0.334
-0.84693 0.3345
-0.847264 0.335
-0.84755 0.3355
-0.847767 0.336
-0.848045 0.3365
-0.848215 0.337
-0.848475 0.3375
-0.848581 0.338
-0.848674 0.3385
-0.8489 0.339
-0.849196 0.3395
-0.849394 0.34
-0.849622 0.3405
-0.849119 0.341
-0.849387 0.3415
-0.849551 0.342
-0.849766 0.3425
-0.850031 0.343
-0.850502 0.3435
-0.850716 0.344
-0.850944 0.3445
-0.851071 0.345
-0.851357 0.3455
-0.851501 0.346
-0.851857 0.3465
-0.85198 0.347
-0.852072 0.3475
-0.852233 0.348
-0.852545 0.3485
-0.852787 0.349
-0.852903 0.3495
-0.853037 0.35
-0.853191 0.3505
-0.8534 0.351
-0.853626 0.3515
-0.853722 0.352
-0.853952 0.3525
-0.854211 0.353
-0.854427 0.3535
-0.854873 0.354
-0.855107 0.3545
-0.855257 0.355
-0.855488 0.3555
-0.855831 0.356
-0.856074 0.3565
-0.856375 0.357
-0.856717 0.3575
-0.856953 0.358
-0.857171 0.3585
-0.857334 0.359
-0.8576 0.3595
-0.85776 0.36
-0.858004 0.3605
-0.858216 0.361
-0.858299 0.3615
-0.858527 0.362
-0.858752 0.3625
-0.85898 0.363
-0.859211 0.3635
-0.859471 0.364
-0.859695 0.3645
-0.860018 0.365
-0.860154 0.3655
-0.860422 0.366
-0.860668 0.3665
-0.860881 0.367
-0.861082 0.3675
-0.861273 0.368
-0.861451 0.3685
-0.861596 0.369
-0.861732 0.3695
-0.861993 0.37
-0.862331 0.3705
-0.862584 0.371
-0.862841 0.3715
-0.862939 0.372
-0.863107 0.3725
-0.863334 0.373
-0.863595 0.3735
-0.86392 0.374
-0.864136 0.3745
-0.864248 0.375
-0.864389 0.3755
-0.864789 0.376
-0.864942 0.3765
-0.86507 0.377
-0.865167 0.3775
-0.865244 0.378
-0.865366 0.3785
-0.865419 0.379
-0.86564 0.3795
-0.865725 0.38
-0.865911 0.3805
-0.866133 0.381
-0.866319 0.3815
-0.866565 0.382
-0.866746 0.3825
-0.866953 0.383
-0.867129 0.3835
-0.867265 0.384
-0.867421 0.3845
-0.86751 0.385
-0.867795 0.3855
-0.8681 0.386
-0.868268 0.3865
-0.868603 0.387
-0.868733 0.3875
-0.869041 0.388
-0.869045 0.3885
-0.86912 0.389
-0.869462 0.3895
-0.869668 0.39
-0.869787 0.3905
-0.86982 0.391
-0.869946 0.3915
-0.870075 0.392
-0.870184 0.3925
-0.870388 0.393
-0.870545 0.3935
-0.870784 0.394
-0.870905 0.3945
-0.87101 0.395
-0.871168 0.3955
-0.871461 0.396
-0.871576 0.3965
-0.871795 0.397
-0.871922 0.3975
-0.87221 0.398
-0.872476 0.3985
-0.872786 0.399
-0.872878 0.3995
-0.873072 0.4
-0.873353 0.4005
-0.873551 0.401
-0.873773 0.4015
-0.873963 0.402
-0.87417 0.4025
-0.874454 0.403
-0.874557 0.4035
-0.874701 0.404
-0.874876 0.4045
-0.875106 0.405
-0.875234 0.4055
-0.875425 0.406
-0.875559 0.4065
-0.875793 0.407
-0.87599 0.4075
-0.876163 0.408
-0.876333 0.4085
-0.876451 0.409
-0.87655 0.4095
-0.876695 0.41
-0.876829 0.4105
-0.876849 0.411
-0.876888 0.4115
-0.877044 0.412
-0.87708 0.4125
-0.877346 0.413
-0.877529 0.4135
-0.877656 0.414
-0.877894 0.4145
-0.878037 0.415
-0.878276 0.4155
-0.878462 0.416
-0.878576 0.4165
-0.878749 0.417
-0.878824 0.4175
-0.879029 0.418
-0.879236 0.4185
-0.879441 0.419
-0.879469 0.4195
-0.879743 0.42
-0.879853 0.4205
-0.880024 0.421
-0.880208 0.4215
-0.880407 0.422
-0.880678 0.4225
-0.880801 0.423
-0.880967 0.4235
-0.881162 0.424
-0.881332 0.4245
-0.881456 0.425
-0.881635 0.4255
-0.88163 0.426
-0.881852 0.4265
-0.881941 0.427
-0.882143 0.4275
-0.882273 0.428
-0.88245 0.4285
-0.882606 0.429
-0.882798 0.4295
-0.883105 0.43
-0.88326 0.4305
-0.88346 0.431
-0.88361 0.4315
-0.883696 0.432
-0.883935 0.4325
-0.883993 0.433
-0.884145 0.4335
-0.884337 0.434
-0.884622 0.4345
-0.884802 0.435
-0.884937 0.4355
-0.885075 0.436
-0.88532 0.4365
-0.88547 0.437
-0.884958 0.4375
-0.885088 0.438
-0.885183 0.4385
-0.885352 0.439
-0.885556 0.4395
-0.885652 0.44
-0.885774 0.4405
-0.885968 0.441
-0.886044 0.4415
-0.886203 0.442
-0.886295 0.4425
-0.886403 0.443
-0.886626 0.4435
-0.886698 0.444
-0.886827 0.4445
-0.886893 0.445
-0.88714 0.4455
-0.887288 0.446
-0.88729 0.4465
-0.887456 0.447
-0.887561 0.4475
-0.887369 0.448
-0.887634 0.4485
-0.887701 0.449
-0.887897 0.4495
-0.888053 0.45
-0.888181 0.4505
-0.888282 0.451
-0.888276 0.4515
-0.888312 0.452
-0.88848 0.4525
-0.888696 0.453
-0.888855 0.4535
-0.888974 0.454
-0.889085 0.4545
-0.889213 0.455
-0.889364 0.4555
-0.889409 0.456
-0.889548 0.4565
-0.889692 0.457
-0.889784 0.4575
-0.889892 0.458
-0.889999 0.4585
-0.890185 0.459
-0.890325 0.4595
-0.890578 0.46
-0.890797 0.4605
-0.890877 0.461
-0.890893 0.4615
-0.890995 0.462
-0.891141 0.4625
-0.891276 0.463
-0.891337 0.4635
-0.891359 0.464
-0.891441 0.4645
-0.891596 0.465
-0.891624 0.4655
-0.891768 0.466
-0.891942 0.4665
-0.892063 0.467
-0.892217 0.4675
-0.89244 0.468
-0.892565 0.4685
-0.892773 0.469
-0.892918 0.4695
-0.893003 0.47
-0.893084 0.4705
-0.893221 0.471
-0.893403 0.4715
-0.893582 0.472
-0.893698 0.4725
-0.893844 0.473
-0.893991 0.4735
-0.894105 0.474
-0.894242 0.4745
-0.894423 0.475
-0.894557 0.4755
-0.894573 0.476
-0.894648 0.4765
-0.894758 0.477
-0.894885 0.4775
-0.895023 0.478
-0.895104 0.4785
-0.895183 0.479
-0.895331 0.4795
-0.895483 0.48
-0.895563 0.4805
-0.895708 0.481
-0.895818 0.4815
-0.895985 0.482
-0.896173 0.4825
-0.896335 0.483
-0.896496 0.4835
-0.896593 0.484
-0.896661 0.4845
-0.896699 0.485
-0.896884 0.4855
-0.897041 0.486
-0.897182 0.4865
-0.89726 0.487
-0.897289 0.4875
-0.897488 0.488
-0.897609 0.4885
-0.897603 0.489
-0.897689 0.4895
-0.897754 0.49
-0.897839 0.4905
-0.897976 0.491
-0.898045 0.4915
-0.898151 0.492
-0.89831 0.4925
-0.898341 0.493
-0.898458 0.4935
-0.898515 0.494
-0.898732 0.4945
-0.898783 0.495
-0.898856 0.4955
-0.898917 0.496
-0.898977 0.4965
-0.899012 0.497
-0.89912 0.4975
-0.899179 0.498
-0.899314 0.4985
-0.899466 0.499
-0.899649 0.4995
-0.899727 0.5
-0.899793 0.5005
-0.899966 0.501
-0.900084 0.5015
-0.900073 0.502
-0.900243 0.5025
-0.900334 0.503
-0.900374 0.5035
-0.90048 0.504
-0.90064 0.5045
-0.900778 0.505
-0.900875 0.5055
-0.901022 0.506
-0.901019 0.5065
-0.901154 0.507
-0.901308 0.5075
-0.901349 0.508
-0.901493 0.5085
-0.901732 0.509
-0.901792 0.5095
-0.901911 0.51
-0.902023 0.5105
-0.902079 0.511
-0.902216 0.5115
-0.902389 0.512
-0.90251 0.5125
-0.902581 0.513
-0.902735 0.5135
-0.902873 0.514
-0.903076 0.5145
-0.903214 0.515
-0.903364 0.5155
-0.90351 0.516
-0.903553 0.5165
-0.903672 0.517
-0.903892 0.5175
-0.904 0.518
-0.904093 0.5185
-0.904126 0.519
-0.904249 0.5195
-0.904354 0.52
-0.904526 0.5205
-0.904547 0.521
-0.904599 0.5215
-0.904721 0.522
-0.904794 0.5225
-0.904894 0.523
-0.905043 0.5235
-0.905145 0.524
-0.905229 0.5245
-0.905275 0.525
-0.90538 0.5255
-0.905605 0.526
-0.905754 0.5265
-0.905886 0.527
-0.906146 0.5275
-0.906298 0.528
-0.906378 0.5285
-0.906569 0.529
-0.906581 0.5295
-0.906632 0.53
-0.906656 0.5305
-0.90673 0.531
-0.906761 0.5315
-0.906878 0.532
-0.90706 0.5325
-0.907168 0.533
-0.907259 0.5335
-0.907463 0.534
-0.907534 0.5345
-0.907701 0.535
-0.907751 0.5355
-0.907782 0.536
-0.907927 0.5365
-0.908001 0.537
-0.908052 0.5375
-0.908021 0.538
-0.908132 0.5385
-0.908227 0.539
-0.908411 0.5395
-0.908467 0.54
-0.908539 0.5405
-0.908603 0.541
-0.90864 0.5415
-0.908786 0.542
-0.908869 0.5425
-0.909077 0.543
-0.909164 0.5435
-0.909264 0.544
-0.909326 0.5445
-0.909375 0.545
-0.909435 0.5455
-0.909436 0.546
-0.909472 0.5465
-0.909471 0.547
-0.909535 0.5475
-0.909683 0.548
-0.909748 0.5485
-0.909764 0.549
-0.909815 0.5495
-0.909973 0.55
-0.910026 0.5505
-0.910136 0.551
-0.910221 0.5515
-0.910355 0.552
-0.910412 0.5525
-0.910559 0.553
-0.910695 0.5535
-0.910737 0.554
-0.910884 0.5545
-0.910963 0.555
-0.91109 0.5555
-0.911202 0.556
-0.911312 0.5565
-0.911336 0.557
-0.911347 0.5575
-0.911504 0.558
-0.911576 0.5585
-0.911689 0.559
-0.911772 0.5595
-0.911886 0.56
-0.911939 0.5605
-0.912067 0.561
-0.912233 0.5615
-0.912287 0.562
-0.912357 0.5625
-0.912431 0.563
-0.912523 0.5635
-0.912673 0.564
-0.912802 0.5645
-0.912877 0.565
-0.912979 0.5655
-0.91308 0.566
-0.913095 0.5665
-0.913133 0.567
-0.913226 0.5675
-0.913345 0.568
-0.913447 0.5685
-0.913415 0.569
-0.913434 0.5695
-0.913504 0.57
-0.913614 0.5705
-0.913708 0.571
-0.913793 0.5715
-0.913843 0.572
-0.913904 0.5725
-0.914061 0.573
-0.914153 0.5735
-0.914192 0.574
-0.914372 0.5745
-0.914412 0.575
-0.914465 0.5755
-0.914555 0.576
-0.914732 0.5765
-0.914813 0.577
-0.914772 0.5775
-0.914893 0.578
-0.91499 0.5785
-0.914986 0.579
-0.915083 0.5795
-0.915217 0.58
-0.915371 0.5805
-0.915383 0.581
-0.915432 0.5815
-0.915575 0.582
-0.915542 0.5825
-0.915688 0.583
-0.915781 0.5835
-0.915854 0.584
-0.915832 0.5845
-0.915959 0.585
-0.91606 0.5855
-0.916102 0.586
-0.916132 0.5865
-0.916253 0.587
-0.916358 0.5875
-0.916436 0.588
-0.916469 0.5885
-0.916563 0.589
-0.916687 0.5895
-0.916835 0.59
-0.916876 0.5905
-0.916904 0.591
-0.916849 0.5915
-0.916927 0.592
-0.916956 0.5925
-0.917066 0.593
-0.917205 0.5935
-0.917249 0.594
-0.917319 0.5945
-0.917329 0.595
-0.917393 0.5955
-0.917429 0.596
-0.917492 0.5965
-0.91751 0.597
-0.917534 0.5975
-0.917647 0.598
-0.91771 0.5985
-0.917913 0.599
-0.917946 0.5995
-0.918039 0.6
-0.918022 0.6005
-0.918053 0.601
-0.918177 0.6015
-0.918279 0.602
-0.918407 0.6025
-0.91839 0.603
-0.91848 0.6035
-0.918465 0.604
-0.918511 0.6045
-0.918558 0.605
-0.918698 0.6055
-0.918756 0.606
-0.918839 0.6065
-0.918923 0.607
-0.919019 0.6075
-0.919087 0.608
-0.919174 0.6085
-0.919325 0.609
-0.919393 0.6095
-0.919471 0.61
-0.919572 0.6105
-0.919556 0.611
-0.919605 0.6115
-0.919741 0.612
-0.919794 0.6125
-0.919852 0.613
-0.919877 0.6135
-0.91989 0.614
-0.919964 0.6145
-0.920146 0.615
-0.920265 0.6155
-0.920352 0.616
-0.920384 0.6165
-0.920459 0.617
-0.920542 0.6175
-0.920647 0.618
-0.920684 0.6185
-0.920702 0.619
-0.920758 0.6195
-0.92079 0.62
-0.920908 0.6205
-0.920974 0.621
-0.92105 0.6215
-0.921121 0.622
-0.921212 0.6225
-0.921297 0.623
-0.921428 0.6235
-0.921584 0.624
-0.921637 0.6245
-0.921722 0.625
-0.921719 0.6255
-0.921776 0.626
-0.921841 0.6265
-0.921884 0.627
-0.922026 0.6275
-0.922064 0.628
-0.922105 0.6285
-0.922234 0.629
-0.922296 0.6295
-0.922362 0.63
-0.922425 0.6305
-0.922457 0.631
-0.922484 0.6315
-0.922505 0.632
-0.922577 0.6325
-0.922577 0.633
-0.922638 0.6335
-0.922704 0.634
-0.922752 0.6345
-0.922762 0.635
-0.922815 0.6355
-0.922913 0.636
-0.923007 0.6365
-0.923011 0.637
-0.923049 0.6375
-0.923145 0.638
-0.923217 0.6385
-0.923228 0.639
-0.923283 0.6395
-0.923345 0.64
-0.923409 0.6405
-0.923423 0.641
-0.923467 0.6415
-0.923455 0.642
-0.923493 0.6425
-0.923558 0.643
-0.923605 0.6435
-0.923638 0.644
-0.923726 0.6445
-0.923789 0.645
-0.923855 0.6455
-0.923905 0.646
-0.923963 0.6465
-0.923954 0.647
-0.924005 0.6475
-0.92409 0.648
-0.924208 0.6485
-0.924232 0.649
-0.924329 0.6495
-0.924393 0.65
-0.924418 0.6505
-0.924509 0.651
-0.924613 0.6515
-0.924654 0.652
-0.924656 0.6525
-0.924683 0.653
-0.9247 0.6535
-0.924782 0.654
-0.924837 0.6545
-0.924975 0.655
-0.924977 0.6555
-0.9251 0.656
-0.92518 0.6565
-0.925239 0.657
-0.925284 0.6575
-0.925317 0.658
-0.925377 0.6585
-0.925406 0.659
-0.925507 0.6595
-0.925599 0.66
-0.92567 0.6605
-0.925784 0.661
-0.925948 0.6615
-0.926049 0.662
-0.926022 0.6625
-0.926154 0.663
-0.926227 0.6635
-0.9262 0.664
-0.926309 0.6645
-0.926249 0.665
-0.925898 0.6655
-0.925913 0.666
-0.925971 0.6665
-0.926018 0.667
-0.926023 0.6675
-0.926149 0.668
-0.926275 0.6685
-0.926337 0.669
-0.926412 0.6695
-0.926343 0.67
-0.926371 0.6705
-0.92649 0.671
-0.926511 0.6715
-0.926622 0.672
-0.926678 0.6725
-0.926754 0.673
-0.926784 0.6735
-0.926821 0.674
-0.926906 0.6745
-0.92689 0.675
-0.92695 0.6755
-0.927043 0.676
-0.927054 0.6765
-0.927118 0.677
-0.927145 0.6775
-0.927147 0.678
-0.92722 0.6785
-0.927263 0.679
-0.927307 0.6795
-0.927384 0.68
-0.927446 0.6805
-0.927555 0.681
-0.927565 0.6815
-0.92762 0.682
-0.927763 0.6825
-0.927808 0.683
-0.92789 0.6835
-0.927914 0.684
-0.927945 0.6845
-0.928046 0.685
-0.92819 0.6855
-0.928242 0.686
-0.928332 0.6865
-0.928358 0.687
-0.928345 0.6875
-0.928364 0.688
-0.928432 0.6885
-0.928426 0.689
-0.928457 0.6895
-0.928526 0.69
-0.928621 0.6905
-0.928596 0.691
-0.928618 0.6915
-0.928687 0.692
-0.928716 0.6925
-0.928756 0.693
-0.928848 0.6935
-0.928929 0.694
-0.929027 0.6945
-0.929127 0.695
-0.92921 0.6955
-0.929233 0.696
-0.92919 0.6965
-0.92924 0.697
-0.929371 0.6975
-0.929353 0.698
-0.929413 0.6985
-0.929445 0.699
-0.929489 0.6995
-0.929549 0.7
-0.929579 0.7005
-0.929612 0.701
-0.929713 0.7015
-0.92975 0.702
-0.929843 0.7025
-0.92985 0.703
-0.929955 0.7035
-0.930046 0.704
-0.930111 0.7045
-0.930187 0.705
-0.930282 0.7055
-0.930274 0.706
-0.930321 0.7065
-0.930452 0.707
-0.930547 0.7075
-0.930638 0.708
-0.930701 0.7085
-0.93074 0.709
-0.930812 0.7095
-0.9309 0.71
-0.930957 0.7105
-0.930989 0.711
-0.931034 0.7115
-0.931051 0.712
-0.931139 0.7125
-0.931197 0.713
-0.931283 0.7135
-0.931297 0.714
-0.931378 0.7145
-0.931418 0.715
-0.931449 0.7155
-0.931456 0.716
-0.931508 0.7165
-0.931562 0.717
-0.931666 0.7175
-0.931704 0.718
-0.931788 0.7185
-0.931842 0.719
-0.931889 0.7195
-0.931983 0.72
-0.932078 0.7205
-0.932108 0.721
-0.932236 0.7215
-0.932325 0.722
-0.932421 0.7225
-0.932488 0.723
-0.932564 0.7235
-0.932688 0.724
-0.932713 0.7245
-0.932768 0.725
-0.932789 0.7255
-0.932829 0.726
-0.932937 0.7265
-0.932997 0.727
-0.933084 0.7275
-0.933202 0.728
-0.933227 0.7285
-0.933343 0.729
-0.933437 0.7295
-0.933448 0.73
-0.933466 0.7305
-0.933511 0.731
-0.933623 0.7315
-0.933671 0.732
-0.933648 0.7325
-0.933688 0.733
-0.933727 0.7335
-0.933789 0.734
-0.933885 0.7345
-0.933959 0.735
-0.933942 0.7355
-0.933985 0.736
-0.934005 0.7365
-0.934021 0.737
-0.934063 0.7375
-0.934176 0.738
-0.934203 0.7385
-0.934279 0.739
-0.934271 0.7395
-0.934298 0.74
-0.934339 0.7405
-0.934345 0.741
-0.934355 0.7415
-0.934367 0.742
-0.934437 0.7425
-0.93446 0.743
-0.934504 0.7435
-0.934601 0.744
-0.934597 0.7445
-0.934662 0.745
-0.934708 0.7455
-0.934729 0.746
-0.93479 0.7465
-0.934832 0.747
-0.934906 0.7475
-0.934916 0.748
-0.934919 0.7485
-0.934984 0.749
-0.935063 0.7495
-0.93506 0.75
-0.935102 0.7505
-0.935173 0.751
-0.935273 0.7515
-0.935296 0.752
-0.935373 0.7525
-0.935389 0.753
-0.935382 0.7535
-0.935435 0.754
-0.935484 0.7545
-0.935574 0.755
-0.935631 0.7555
-0.935658 0.756
-0.935759 0.7565
-0.9358 0.757
-0.935843 0.7575
-0.935858 0.758
-0.935933 0.7585
-0.93597 0.759
-0.936058 0.7595
-0.936119 0.76
-0.936136 0.7605
-0.936136 0.761
-0.936166 0.7615
-0.936222 0.762
-0.936266 0.7625
-0.936324 0.763
-0.936344 0.7635
-0.936441 0.764
-0.936446 0.7645
-0.936557 0.765
-0.936607 0.7655
-0.936695 0.766
-0.936698 0.7665
-0.936758 0.767
-0.936808 0.7675
-0.936856 0.768
-0.936921 0.7685
-0.937006 0.769
-0.937053 0.7695
-0.937099 0.77
-0.937181 0.7705
-0.937161 0.771
-0.937116 0.7715
-0.937125 0.772
-0.937132 0.7725
-0.937176 0.773
-0.937283 0.7735
-0.937286 0.774
-0.937302 0.7745
-0.937345 0.775
-0.937398 0.7755
-0.937401 0.776
-0.937482 0.7765
-0.937497 0.777
-0.937552 0.7775
-0.937598 0.778
-0.937601 0.7785
-0.937671 0.779
-0.937725 0.7795
-0.937761 0.78
-0.937764 0.7805
-0.937759 0.781
-0.937829 0.7815
-0.937867 0.782
-0.937907 0.7825
-0.937919 0.783
-0.938036 0.7835
-0.938095 0.784
-0.9381 0.7845
-0.93818 0.785
-0.938185 0.7855
-0.938208 0.786
-0.938203 0.7865
-0.938271 0.787
-0.938342 0.7875
-0.938356 0.788
-0.938443 0.7885
-0.93848 0.789
-0.93853 0.7895
-0.938559 0.79
-0.938583 0.7905
-0.938604 0.791
-0.938659 0.7915
-0.93874 0.792
-0.938743 0.7925
-0.93874 0.793
-0.938831 0.7935
-0.938863 0.794
-0.938896 0.7945
-0.938926 0.795
-0.93897 0.7955
-0.939007 0.796
-0.939035 0.7965
-0.939091 0.797
-0.939137 0.7975
-0.939147 0.798
-0.939157 0.7985
-0.939225 0.799
-0.939228 0.7995
-0.939268 0.8
-0.939287 0.8005
-0.939359 0.801
-0.939375 0.8015
-0.939506 0.802
-0.939511 0.8025
-0.939535 0.803
-0.939602 0.8035
-0.939662 0.804
-0.939751 0.8045
-0.939794 0.805
-0.939885 0.8055
-0.938913 0.806
-0.938958 0.8065
-0.938968 0.807
-0.938998 0.8075
-0.93902 0.808
-0.939064 0.8085
-0.939095 0.809
-0.939122 0.8095
-0.939159 0.81
-0.939215 0.8105
-0.939222 0.811
-0.939233 0.8115
-0.939302 0.812
-0.939286 0.8125
-0.939335 0.813
-0.939368 0.8135
-0.939409 0.814
-0.939441 0.8145
-0.939428 0.815
-0.939421 0.8155
-0.939457 0.816
-0.939574 0.8165
-0.939655 0.817
-0.939707 0.8175
-0.939737 0.818
-0.939806 0.8185
-0.939849 0.819
-0.939884 0.8195
-0.939995 0.82
-0.940051 0.8205
-0.940057 0.821
-0.940103 0.8215
-0.940165 0.822
-0.94022 0.8225
-0.940274 0.823
-0.940274 0.8235
-0.940285 0.824
-0.940336 0.8245
-0.94038 0.825
-0.940409 0.8255
-0.940501 0.826
-0.940544 0.8265
-0.940584 0.827
-0.94067 0.8275
-0.940733 0.828
-0.940795 0.8285
-0.940825 0.829
-0.940907 0.8295
-0.940926 0.83
-0.941011 0.8305
-0.941092 0.831
-0.941158 0.8315
-0.941173 0.832
-0.941237 0.8325
-0.941349 0.833
-0.941395 0.8335
-0.941444 0.834
-0.941506 0.8345
-0.941537 0.835
-0.941483 0.8355
-0.94154 0.836
-0.941615 0.8365
-0.941641 0.837
-0.941746 0.8375
-0.941759 0.838
-0.941734 0.8385
-0.941807 0.839
-0.941821 0.8395
-0.94184 0.84
-0.941833 0.8405
-0.941858 0.841
-0.941857 0.8415
-0.941925 0.842
-0.941909 0.8425
-0.94192 0.843
-0.941934 0.8435
-0.941998 0.844
-0.942037 0.8445
-0.942067 0.845
-0.942203 0.8455
-0.942217 0.846
-0.942271 0.8465
-0.94231 0.847
-0.942345 0.8475
-0.942377 0.848
-0.942454 0.8485
-0.942508 0.849
-0.942531 0.8495
-0.942607 0.85
-0.942726 0.8505
-0.9428 0.851
-0.942837 0.8515
-0.942845 0.852
-0.942838 0.8525
-0.942879 0.853
-0.94297 0.8535
-0.94304 0.854
-0.943066 0.8545
-0.943117 0.855
-0.943098 0.8555
-0.943096 0.856
-0.943128 0.8565
-0.943193 0.857
-0.94326 0.8575
-0.943268 0.858
-0.943264 0.8585
-0.943299 0.859
-0.943349 0.8595
-0.943395 0.86
-0.943409 0.8605
-0.943466 0.861
-0.943466 0.8615
-0.943529 0.862
-0.943594 0.8625
-0.943649 0.863
-0.943706 0.8635
-0.943737 0.864
-0.94377 0.8645
-0.9438 0.865
-0.943779 0.8655
-0.943751 0.866
-0.943804 0.8665
-0.943857 0.867
-0.943842 0.8675
-0.943885 0.868
-0.94392 0.8685
-0.943985 0.869
-0.944024 0.8695
-0.944007 0.87
-0.944102 0.8705
-0.944113 0.871
-0.944222 0.8715
-0.94426 0.872
-0.944319 0.8725
-0.944347 0.873
-0.944352 0.8735
-0.944403 0.874
-0.944397 0.8745
-0.944469 0.875
-0.944567 0.8755
-0.944563 0.876
-0.944645 0.8765
-0.944676 0.877
-0.944704 0.8775
-0.944763 0.878
-0.944813 0.8785
-0.944833 0.879
-0.944902 0.8795
-0.944891 0.88
-0.944921 0.8805
-0.944942 0.881
-0.944951 0.8815
-0.944957 0.882
-0.945038 0.8825
-0.945116 0.883
-0.945137 0.8835
-0.945121 0.884
-0.945109 0.8845
-0.945145 0.885
-0.945117 0.8855
-0.94517 0.886
-0.945217 0.8865
-0.945259 0.887
-0.945224 0.8875
-0.945299 0.888
-0.945334 0.8885
-0.945354 0.889
-0.945421 0.8895
-0.945488 0.89
-0.945484 0.8905
-0.945488 0.891
-0.945527 0.8915
-0.945605 0.892
-0.94558 0.8925
-0.945682 0.893
-0.945749 0.8935
-0.945826 0.894
-0.945824 0.8945
-0.945848 0.895
-0.945838 0.8955
-0.945872 0.896
-0.945939 0.8965
-0.945966 0.897
-0.946043 0.8975
-0.946156 0.898
-0.946152 0.8985
-0.946215 0.899
-0.946249 0.8995
-0.946295 0.9
-0.946273 0.9005
-0.946247 0.901
-0.946233 0.9015
-0.94628 0.902
-0.946316 0.9025
-0.94636 0.903
-0.946392 0.9035
-0.946423 0.904
-0.94647 0.9045
-0.946485 0.905
-0.946527 0.9055
-0.946567 0.906
-0.946614 0.9065
-0.946663 0.907
-0.946664 0.9075
-0.946676 0.908
-0.946736 0.9085
-0.946783 0.909
-0.946791 0.9095
-0.946798 0.91
-0.9468 0.9105
-0.946816 0.911
-0.946874 0.9115
-0.946961 0.912
-0.946958 0.9125
-0.946999 0.913
-0.947019 0.9135
-0.947067 0.914
-0.947125 0.9145
-0.947142 0.915
-0.947154 0.9155
-0.947198 0.916
-0.947223 0.9165
-0.94721 0.917
-0.947245 0.9175
-0.947274 0.918
-0.947286 0.9185
-0.947317 0.919
-0.94736 0.9195
-0.947347 0.92
-0.947407 0.9205
-0.947447 0.921
-0.947481 0.9215
-0.947471 0.922
-0.947506 0.9225
-0.947573 0.923
-0.94761 0.9235
-0.947649 0.924
-0.947719 0.9245
-0.947792 0.925
-0.947827 0.9255
-0.947788 0.926
-0.94781 0.9265
-0.947781 0.927
-0.947768 0.9275
-0.947752 0.928
-0.947791 0.9285
-0.947774 0.929
-0.947783 0.9295
-0.947847 0.93
-0.947857 0.9305
-0.947927 0.931
-0.947966 0.9315
-0.947945 0.932
-0.948008 0.9325
-0.948024 0.933
-0.94808 0.9335
-0.947935 0.934
-0.94792 0.9345
-0.947942 0.935
-0.947965 0.9355
-0.947964 0.936
-0.947989 0.9365
-0.948022 0.937
-0.948039 0.9375
-0.948015 0.938
-0.948032 0.9385
-0.948046 0.939
-0.948093 0.9395
-0.948112 0.94
-0.948099 0.9405
-0.948138 0.941
-0.948172 0.9415
-0.948201 0.942
-0.948266 0.9425
-0.948302 0.943
-0.948312 0.9435
-0.948296 0.944
-0.948311 0.9445
-0.948323 0.945
-0.948304 0.9455
-0.948331 0.946
-0.948397 0.9465
-0.948352 0.947
-0.948345 0.9475
-0.948378 0.948
-0.948435 0.9485
-0.948417 0.949
-0.948444 0.9495
-0.948448 0.95
-0.948465 0.9505
-0.948486 0.951
-0.948531 0.9515
-0.948578 0.952
-0.948611 0.9525
-0.948577 0.953
-0.948607 0.9535
-0.948609 0.954
-0.94866 0.9545
-0.948634 0.955
-0.948604 0.9555
-0.948648 0.956
-0.948723 0.9565
-0.948725 0.957
-0.948808 0.9575
-0.948829 0.958
-0.948823 0.9585
-0.948806 0.959
-0.948857 0.9595
-0.948926 0.96
-0.948927 0.9605
-0.948916 0.961
-0.948936 0.9615
-0.948981 0.962
-0.948988 0.9625
-0.949034 0.963
-0.949034 0.9635
-0.949068 0.964
-0.949086 0.9645
-0.949134 0.965
-0.949211 0.9655
-0.949264 0.966
-0.949331 0.9665
-0.949367 0.967
-0.949433 0.9675
-0.949495 0.968
-0.949517 0.9685
-0.949579 0.969
-0.949646 0.9695
-0.949661 0.97
-0.94969 0.9705
-0.949714 0.971
-0.949802 0.9715
-0.949888 0.972
-0.94989 0.9725
-0.949891 0.973
-0.949958 0.9735
-0.950002 0.974
-0.950061 0.9745
-0.950075 0.975
-0.950051 0.9755
-0.95004 0.976
-0.950063 0.9765
-0.950166 0.977
-0.950204 0.9775
-0.950245 0.978
-0.95033 0.9785
-0.95033 0.979
-0.950344 0.9795
-0.950362 0.98
-0.950382 0.9805
-0.950398 0.981
-0.950416 0.9815
-0.950471 0.982
-0.950446 0.9825
-0.950477 0.983
-0.950463 0.9835
-0.950477 0.984
-0.950464 0.9845
-0.95048 0.985
-0.950512 0.9855
-0.950566 0.986
-0.950667 0.9865
-0.950684 0.987
-0.950724 0.9875
-0.950775 0.988
-0.950616 0.9885
-0.950681 0.989
-0.950772 0.9895
-0.950866 0.99
-0.950863 0.9905
-0.950928 0.991
-0.950964 0.9915
-0.951028 0.992
-0.951064 0.9925
-0.951058 0.993
-0.951096 0.9935
-0.951086 0.994
-0.951169 0.9945
-0.951188 0.995
-0.951184 0.9955
-0.951204 0.996
-0.95123 0.9965
-0.951281 0.997
-0.951291 0.9975
-0.951345 0.998
-0.951323 0.9985
-0.951317 0.999
-0.951365 0.9995
-0.951353 1


Shark
3.14159 1.5
3.13959 1.49975
3.13759 1.4995
3.13559 1.49925
3.13359 1.499
3.13159 1.49875
3.12959 1.4985
3.12759 1.49825
3.12559 1.498
3.12359 1.49775
3.12159 1.4975
3.11959 1.49725
3.11759 1.497
3.11559 1.49675
3.11359 1.4965
3.11158 1.49625
3.10958 1.496
3.10758 1.49575
3.10558 1.4955
3.10357 1.49525
3.10157 1.495
3.09956 1.49475
3.09756 1.4945
3.09555 1.49425
3.09355 1.494
3.09155 1.49375
3.08954 1.4935
3.08754 1.49325
3.08554 1.493
3.08354 1.49275
3.08151 1.4925
3.07951 1.49225
3.0775 1.492
3.0755 1.49175
3.07349 1.4915
3.07148 1.49125
3.06948 1.491
3.06747 1.49075
3.06542 1.4905
3.06342 1.49025
3.06142 1.49
3.05941 1.48975
3.05741 1.4895
3.05541 1.48925
3.05338 1.489
3.05134 1.48875
3.04934 1.4885
3.04728 1.48825
3.04528 1.488
3.04328 1.48775
3.04126 1.4875
3.03924 1.48725
3.03723 1.487
3.03523 1.48675
3.03323 1.4865
3.03115 1.48625
3.02903 1.486
3.02702 1.48575
3.02499 1.4855
3.02295 1.48525
3.02093 1.485
3.01887 1.48475
3.01685 1.4845
3.01485 1.48425
3.01281 1.484
3.01081 1.48375
3.00881 1.4835
3.00662 1.48325
3.00459 1.483
3.00258 1.48275
3.00054 1.4825
2.99853 1.48225
2.9965 1.482
2.99449 1.48175
2.99249 1.4815
2.99047 1.48125
2.98847 1.481
2.98644 1.48075
2.98443 1.4805
2.98224 1.48025
2.98009 1.48
2.97808 1.47975
2.97607 1.4795
2.974 1.47925
2.972 1.479
2.96991 1.47875
2.96783 1.4785
2.9658 1.47825
2.96362 1.478
2.96161 1.47775
2.95959 1.4775
2.95751 1.47725
2.95537 1.477
2.95335 1.47675
2.95134 1.4765
2.94926 1.47625
2.94724 1.476
2.9452 1.47575
2.94317 1.4755
2.94114 1.47525
2.9391 1.475
2.93693 1.47475
2.93492 1.4745
2.93283 1.47425
2.93076 1.474
2.92876 1.47375
2.92666 1.4735
2.92466 1.47325
2.92264 1.473
2.92062 1.47275
2.91811 1.4725
2.91608 1.47225
2.91405 1.472
2.91192 1.47175
2.90991 1.4715
2.90783 1.47125
2.9058 1.471
2.90378 1.47075
2.90173 1.4705
2.89938 1.47025
2.89736 1.47
2.89533 1.46975
2.89298 1.4695
2.89098 1.46925
2.88897 1.469
2.88697 1.46875
2.88481 1.4685
2.88269 1.46825
2.88069 1.468
2.87859 1.46775
2.87642 1.4675
2.87434 1.46725
2.87172 1.467
2.86972 1.46675
2.86772 1.4665
2.86569 1.46625
2.86358 1.466
2.86151 1.46575
2.85938 1.4655
2.85737 1.46525
2.85486 1.465
2.85261 1.46475
2.8506 1.4645
2.84856 1.46425
2.84625 1.464
2.84416 1.46375
2.84216 1.4635
2.83964 1.46325
2.83744 1.463
2.83544 1.46275
2.83327 1.4625
2.83085 1.46225
2.8288 1.462
2.82664 1.46175
2.82464 1.4615
2.82262 1.46125
2.82058 1.461
2.81835 1.46075
2.81623 1.4605
2.81407 1.46025
2.8119 1.46
2.80978 1.45975
2.80771 1.4595
2.80516 1.45925
2.80314 1.459
2.80088 1.45875
2.79884 1.4585
2.79665 1.45825
2.79452 1.458
2.79225 1.45775
2.79016 1.4575
2.78803 1.45725
2.78602 1.457
2.78396 1.45675
2.78183 1.4565
2.7797 1.45625
2.77728 1.456
2.77498 1.45575
2.77295 1.4555
2.77086 1.45525
2.7688 1.455
2.76668 1.45475
2.76468 1.4545
2.7625 1.45425
2.76013 1.454
2.7579 1.45375
2.75585 1.4535
2.75374 1.45325
2.75127 1.453
2.74921 1.45275
2.74721 1.4525
2.74486 1.45225
2.74283 1.452
2.74036 1.45175
2.73831 1.4515
2.73604 1.45125
2.73392 1.451
2.7314 1.45075
2.72938 1.4505
2.72723 1.45025
2.72495 1.45
2.72257 1.44975
2.72019 1.4495
2.71809 1.44925
2.71591 1.449
2.71368 1.44875
2.71125 1.4485
2.70923 1.44825
2.70722 1.448
2.70496 1.44775
2.70261 1.4475
2.69969 1.44725
2.69735 1.447
2.69502 1.44675
2.69288 1.4465
2.69066 1.44625
2.68756 1.446
2.68507 1.44575
2.68304 1.4455
2.68037 1.44525
2.67791 1.445
2.67544 1.44475
2.67332 1.4445
2.67088 1.44425
2.66862 1.444
2.66652 1.44375
2.66447 1.4435
2.66214 1.44325
2.65967 1.443
2.65744 1.44275
2.65531 1.4425
2.65304 1.44225
2.65072 1.442
2.64868 1.44175
2.64629 1.4415
2.64416 1.44125
2.64159 1.441
2.63933 1.44075
2.63712 1.4405
2.63495 1.44025
2.63261 1.44
2.63029 1.43975
2.62792 1.4395
2.62538 1.43925
2.62309 1.439
2.62082 1.43875
2.61879 1.4385
2.61565 1.43825
2.61326 1.438
2.61084 1.43775
2.60863 1.4375
2.60637 1.43725
2.60423 1.437
2.60205 1.43675
2.59972 1.4365
2.59758 1.43625
2.59536 1.436
2.59316 1.43575
2.591 1.4355
2.58839 1.43525
2.58624 1.435
2.58393 1.43475
2.58176 1.4345
2.57931 1.43425
2.57715 1.434
2.57489 1.43375
2.57246 1.4335
2.57014 1.43325
2.56787 1.433
2.56555 1.43275
2.56355 1.4325
2.5614 1.43225
2.5591 1.432
2.55681 1.43175
2.55418 1.4315
2.55188 1.43125
2.5495 1.431
2.54671 1.43075
2.5445 1.4305
2.54204 1.43025
2.53993 1.43
2.53781 1.42975
2.53518 1.4295
2.53307 1.42925
2.53083 1.429
2.52857 1.42875
2.52627 1.4285
2.52382 1.42825
2.52164 1.428
2.51958 1.42775
2.5174 1.4275
2.51519 1.42725
2.51304 1.427
2.51087 1.42675
2.50869 1.4265
2.50655 1.42625
2.5043 1.426
2.5019 1.42575
2.49959 1.4255
2.49738 1.42525
2.49524 1.425
2.49308 1.42475
2.49078 1.4245
2.48855 1.42425
2.48633 1.424
2.48404 1.42375
2.48171 1.4235
2.4795 1.42325
2.47738 1.423
2.47521 1.42275
2.47306 1.4225
2.47089 1.42225
2.46864 1.422
2.46642 1.42175
2.46431 1.4215
2.46204 1.42125
2.45985 1.421
2.45773 1.42075
2.45552 1.4205
2.45336 1.42025
2.45111 1.42
2.44909 1.41975
2.44706 1.4195
2.44486 1.41925
2.44273 1.419
2.44059 1.41875
2.43834 1.4185
2.43627 1.41825
2.4342 1.418
2.43209 1.41775
2.42981 1.4175
2.42772 1.41725
2.42562 1.417
2.42351 1.41675
2.42131 1.4165
2.4191 1.41625
2.41685 1.416
2.41466 1.41575
2.41254 1.4155
2.41028 1.41525
2.40798 1.415
2.40575 1.41475
2.40341 1.4145
2.4013 1.41425
2.39912 1.414
2.39691 1.41375
2.39473 1.4135
2.39254 1.41325
2.39048 1.413
2.38833 1.41275
2.38614 1.4125
2.38401 1.41225
2.38191 1.412
2.37985 1.41175
2.37768 1.4115
2.37557 1.41125
2.37334 1.411
2.37118 1.41075
2.36904 1.4105
2.36694 1.41025
2.36479 1.41
2.36269 1.40975
2.36055 1.4095
2.35843 1.40925
2.35637 1.409
2.35423 1.40875
2.35214 1.4085
2.34999 1.40825
2.34785 1.408
2.34578 1.40775
2.34374 1.4075
2.34171 1.40725
2.33961 1.407
2.33748 1.40675
2.33541 1.4065
2.33334 1.40625
2.33125 1.406
2.32922 1.40575
2.32711 1.4055
2.32501 1.40525
2.32294 1.405
2.32087 1.40475
2.31877 1.4045
2.3167 1.40425
2.31463 1.404
2.3124 1.40375
2.3103 1.4035
2.30818 1.40325
2.30604 1.403
2.30398 1.40275
2.30186 1.4025
2.29974 1.40225
2.29764 1.402
2.29559 1.40175
2.29349 1.4015
2.29141 1.40125
2.28934 1.401
2.28723 1.40075
2.28519 1.4005
2.28308 1.40025
2.28106 1.4
2.27885 1.39975
2.27678 1.3995
2.27463 1.39925
2.27259 1.399
2.27054 1.39875
2.26837 1.3985
2.26629 1.39825
2.26416 1.398
2.26206 1.39775
2.25998 1.3975
2.25784 1.39725
2.25569 1.397
2.25361 1.39675
2.25154 1.3965
2.24951 1.39625
2.24745 1.396
2.24539 1.39575
2.24336 1.3955
2.24126 1.39525
2.23922 1.395
2.2372 1.39475
2.23516 1.3945
2.23305 1.39425
2.23101 1.394
2.22893 1.39375
2.22687 1.3935
2.2248 1.39325
2.22277 1.393
2.22067 1.39275
2.21859 1.3925
2.21655 1.39225
2.2145 1.392
2.21229 1.39175
2.21016 1.3915
2.20806 1.39125
2.20601 1.391
2.20394 1.39075
2.20187 1.3905
2.19977 1.39025
2.19771 1.39
2.19561 1.38975
2.1935 1.3895
2.19144 1.38925
2.18935 1.389
2.18726 1.38875
2.18517 1.3885
2.18313 1.38825
2.1811 1.388
2.17906 1.38775
2.177 1.3875
2.17492 1.38725
2.17278 1.387
2.17075 1.38675
2.16869 1.3865
2.16665 1.38625
2.1646 1.386
2.16246 1.38575
2.16036 1.3855
2.15832 1.38525
2.15629 1.385
2.15423 1.38475
2.15217 1.3845
2.15009 1.38425
2.14803 1.384
2.14591 1.38375
2.14387 1.3835
2.14184 1.38325
2.13977 1.383
2.13772 1.38275
2.13569 1.3825
2.13364 1.38225
2.13159 1.382
2.12955 1.38175
2.12748 1.3815
2.12543 1.38125
2.12337 1.381
2.12134 1.38075
2.11931 1.3805
2.11719 1.38025
2.11516 1.38
2.11312 1.37975
2.11107 1.3795
2.10904 1.37925
2.107 1.379
2.10494 1.37875
2.10291 1.3785
2.1008 1.37825
2.09876 1.378
2.09669 1.37775
2.09467 1.3775
2.09251 1.37725
2.09042 1.377
2.08837 1.37675
2.08626 1.3765
2.08419 1.37625
2.08214 1.376
2.0801 1.37575
2.07805 1.3755
2.07603 1.37525
2.07401 1.375
2.07199 1.37475
2.06992 1.3745
2.06791 1.37425
2.06589 1.374
2.06385 1.37375
2.06178 1.3735
2.05974 1.37325
2.05767 1.373
2.05564 1.37275
2.05361 1.3725
2.05158 1.37225
2.04953 1.372
2.04751 1.37175
2.04546 1.3715
2.04341 1.37125
2.04132 1.371
2.03924 1.37075
2.03721 1.3705
2.03515 1.37025
2.03309 1.37
2.03105 1.36975
2.02903 1.3695
2.027 1.36925
2.02493 1.369
2.02291 1.36875
2.02086 1.3685
2.01879 1.36825
2.01677 1.368
2.01467 1.36775
2.01265 1.3675
2.0106 1.36725
2.00854 1.367
2.00646 1.36675
2.00439 1.3665
2.00235 1.36625
2.00027 1.366
1.99819 1.36575
1.99605 1.3655
1.99398 1.36525
1.99194 1.365
1.98994 1.36475
1.98789 1.3645
1.98586 1.36425
1.98378 1.364
1.98177 1.36375
1.9797 1.3635
1.97766 1.36325
1.9756 1.363
1.97357 1.36275
1.97152 1.3625
1.96946 1.36225
1.96744 1.362
1.96538 1.36175
1.96334 1.3615
1.96125 1.36125
1.95921 1.361
1.95715 1.36075
1.95512 1.3605
1.9531 1.36025
1.95106 1.36
1.94899 1.35975
1.94694 1.3595
1.94487 1.35925
1.94284 1.359
1.94082 1.35875
1.93872 1.3585
1.9367 1.35825
1.93468 1.358
1.93261 1.35775
1.93056 1.3575
1.92851 1.35725
1.92649 1.357
1.92445 1.35675
1.9224 1.3565
1.92036 1.35625
1.9183 1.356
1.91626 1.35575
1.91424 1.3555
1.91221 1.35525
1.91019 1.355
1.90815 1.35475
1.90613 1.3545
1.9041 1.35425
1.90209 1.354
1.90007 1.35375
1.89804 1.3535
1.896 1.35325
1.89396 1.353
1.89191 1.35275
1.8899 1.3525
1.88786 1.35225
1.8858 1.352
1.88376 1.35175
1.88169 1.3515
1.87968 1.35125
1.87763 1.351
1.87558 1.35075
1.87354 1.3505
1.87148 1.35025
1.8694 1.35
1.86735 1.34975
1.8653 1.3495
1.8633 1.34925
1.86123 1.349
1.85917 1.34875
1.85715 1.3485
1.85511 1.34825
1.85307 1.348
1.85104 1.34775
1.84899 1.3475
1.84696 1.34725
1.84493 1.347
1.84291 1.34675
1.84088 1.3465
1.83876 1.34625
1.83673 1.346
1.83471 1.34575
1.83266 1.3455
1.83063 1.34525
1.82863 1.345
1.8266 1.34475
1.82457 1.3445
1.82256 1.34425
1.82052 1.344
1.81848 1.34375
1.81643 1.3435
1.8144 1.34325
1.81236 1.343
1.81028 1.34275
1.80826 1.3425
1.80624 1.34225
1.80418 1.342
1.80214 1.34175
1.80008 1.3415
1.79801 1.34125
1.79599 1.341
1.79391 1.34075
1.79189 1.3405
1.78985 1.34025
1.7878 1.34
1.78577 1.33975
1.78374 1.3395
1.78171 1.33925
1.77965 1.339
1.77762 1.33875
1.77559 1.3385
1.77354 1.33825
1.7715 1.338
1.76948 1.33775
1.76748 1.3375
1.76546 1.33725
1.76344 1.337
1.76139 1.33675
1.75935 1.3365
1.75732 1.33625
1.7553 1.336
1.75326 1.33575
1.7512 1.3355
1.74918 1.33525
1.74714 1.335
1.74513 1.33475
1.74313 1.3345
1.74106 1.33425
1.73905 1.334
1.73703 1.33375
1.73502 1.3335
1.73301 1.33325
1.73098 1.333
1.72894 1.33275
1.72689 1.3325
1.72486 1.33225
1.72284 1.332
1.7208 1.33175
1.71879 1.3315
1.71676 1.33125
1.71475 1.331
1.71275 1.33075
1.71072 1.3305
1.70868 1.33025
1.70667 1.33
1.70464 1.32975
1.70253 1.3295
1.7005 1.32925
1.69848 1.329
1.69646 1.32875
1.69443 1.3285
1.69233 1.32825
1.69031 1.328
1.68828 1.32775
1.68627 1.3275
1.68423 1.32725
1.68222 1.327
1.68017 1.32675
1.67816 1.3265
1.67615 1.32625
1.67414 1.326
1.67209 1.32575
1.67007 1.3255
1.66806 1.32525
1.66605 1.325
1.66404 1.32475
1.66202 1.3245
1.65999 1.32425
1.65799 1.324
1.65596 1.32375
1.65393 1.3235
1.65191 1.32325
1.64981 1.323
1.64778 1.32275
1.64577 1.3225
1.64374 1.32225
1.64168 1.322
1.63966 1.32175
1.63761 1.3215
1.63555 1.32125
1.63352 1.321
1.6315 1.32075
1.62948 1.3205
1.62745 1.32025
1.62544 1.32
1.6234 1.31975
1.62138 1.3195
1.61938 1.31925
1.61735 1.319
1.61532 1.31875
1.6133 1.3185
1.61127 1.31825
1.60923 1.318
1.60721 1.31775
1.60515 1.3175
1.60314 1.31725
1.6011 1.317
1.59907 1.31675
1.59705 1.3165
1.59503 1.31625
1.59301 1.316
1.59099 1.31575
1.58898 1.3155
1.58697 1.31525
1.58493 1.315
1.58287 1.31475
1.58083 1.3145
1.5788 1.31425
1.57679 1.314
1.57478 1.31375
1.57275 1.3135
1.57071 1.31325
1.56865 1.313
1.56663 1.31275
1.56462 1.3125
1.56261 1.31225
1.56052 1.312
1.55851 1.31175
1.5565 1.3115
1.55449 1.31125
1.55249 1.311
1.55048 1.31075
1.54848 1.3105
1.54645 1.31025
1.54445 1.31
1.54243 1.30975
1.5404 1.3095
1.53838 1.30925
1.53634 1.309
1.53432 1.30875
1.5323 1.3085
1.53028 1.30825
1.52827 1.308
1.52626 1.30775
1.52425 1.3075
1.5222 1.30725
1.52015 1.307
1.51813 1.30675
1.51607 1.3065
1.51406 1.30625
1.512 1.306
1.51 1.30575
1.508 1.3055
1.50593 1.30525
1.5039 1.305
1.50189 1.30475
1.49989 1.3045
1.49788 1.30425
1.49587 1.304
1.49387 1.30375
1.49184 1.3035
1.48982 1.30325
1.48779 1.303
1.48578 1.30275
1.48377 1.3025
1.48176 1.30225
1.47971 1.302
1.4777 1.30175
1.47567 1.3015
1.47366 1.30125
1.47161 1.301
1.46956 1.30075
1.4675 1.3005
1.46549 1.30025
1.46347 1.3
1.46142 1.29975
1.4594 1.2995
1.45736 1.29925
1.45534 1.299
1.45331 1.29875
1.45126 1.2985
1.44926 1.29825
1.44724 1.298
1.44522 1.29775
1.44319 1.2975
1.44118 1.29725
1.43915 1.297
1.43714 1.29675
1.43511 1.2965
1.43308 1.29625
1.43106 1.296
1.42904 1.29575
1.42703 1.2955
1.42502 1.29525
1.42301 1.295
1.421 1.29475
1.419 1.2945
1.417 1.29425
1.41498 1.294
1.41298 1.29375
1.41093 1.2935
1.40891 1.29325
1.4069 1.293
1.40486 1.29275
1.40285 1.2925
1.40081 1.29225
1.39878 1.292
1.39677 1.29175
1.39475 1.2915
1.39275 1.29125
1.39072 1.291
1.38869 1.29075
1.38666 1.2905
1.38466 1.29025
1.38261 1.29
1.3806 1.28975
1.37858 1.2895
1.37656 1.28925
1.37453 1.289
1.37248 1.28875
1.37047 1.2885
1.36845 1.28825
1.36642 1.288
1.3644 1.28775
1.36239 1.2875
1.36036 1.28725
1.35836 1.287
1.35633 1.28675
1.35432 1.2865
1.35229 1.28625
1.35028 1.286
1.34826 1.28575
1.34624 1.2855
1.34421 1.28525
1.34214 1.285
1.34013 1.28475
1.3381 1.2845
1.33608 1.28425
1.33408 1.284
1.33203 1.28375
1.33003 1.2835
1.32801 1.28325
1.32599 1.283
1.32393 1.28275
1.3219 1.2825
1.31989 1.28225
1.31787 1.282
1.31583 1.28175
1.31381 1.2815
1.31162 1.28125
1.30961 1.281
1.3076 1.28075
1.30558 1.2805
1.30355 1.28025
1.30154 1.28
1.29953 1.27975
1.2975 1.2795
1.29549 1.27925
1.29347 1.279
1.29147 1.27875
1.28946 1.2785
1.28742 1.27825
1.28542 1.278
1.2834 1.27775
1.2814 1.2775
1.27935 1.27725
1.27733 1.277
1.27533 1.27675
1.27331 1.2765
1.2713 1.27625
1.26927 1.276
1.26722 1.27575
1.26521 1.2755
1.26318 1.27525
1.26116 1.275
1.25915 1.27475
1.25714 1.2745
1.25514 1.27425
1.25314 1.274
1.25112 1.27375
1.24908 1.2735
1.24706 1.27325
1.24505 1.273
1.24304 1.27275
1.24102 1.2725
1.23901 1.27225
1.237 1.272
1.23499 1.27175
1.23297 1.2715
1.23096 1.27125
1.22895 1.271
1.22694 1.27075
1.22492 1.2705
1.2229 1.27025
1.22085 1.27
1.21881 1.26975
1.2168 1.2695
1.2148 1.26925
1.21279 1.269
1.21077 1.26875
1.20876 1.2685
1.20675 1.26825
1.20475 1.268
1.20275 1.26775
1.20073 1.2675
1.19873 1.26725
1.19671 1.267
1.19468 1.26675
1.19267 1.2665
1.19065 1.26625
1.18861 1.266
1.18659 1.26575
1.18456 1.2655
1.18254 1.26525
1.18053 1.265
1.17852 1.26475
1.17651 1.2645
1.17448 1.26425
1.17245 1.264
1.17044 1.26375
1.16842 1.2635
1.1664 1.26325
1.16439 1.263
1.16237 1.26275
1.16034 1.2625
1.15833 1.26225
1.15633 1.262
1.15432 1.26175
1.15231 1.2615
1.1503 1.26125
1.14828 1.261
1.14627 1.26075
1.14427 1.2605
1.14225 1.26025
1.14023 1.26
1.13822 1.25975
1.1362 1.2595
1.13419 1.25925
1.13216 1.259
1.13013 1.25875
1.12811 1.2585
1.12608 1.25825
1.12407 1.258
1.12207 1.25775
1.12007 1.2575
1.11804 1.25725
1.11601 1.257
1.11399 1.25675
1.11199 1.2565
1.10999 1.25625
1.10795 1.256
1.10594 1.25575
1.10394 1.2555
1.10193 1.25525
1.09992 1.255
1.09792 1.25475
1.0959 1.2545
1.0939 1.25425
1.09188 1.254
1.08986 1.25375
1.08786 1.2535
1.08585 1.25325
1.08384 1.253
1.0818 1.25275
1.07979 1.2525
1.07779 1.25225
1.07579 1.252
1.07378 1.25175
1.07178 1.2515
1.06977 1.25125
1.06777 1.251
1.06575 1.25075
1.06373 1.2505
1.06169 1.25025
1.05969 1.25
1.05768 1.24975
1.05565 1.2495
1.05364 1.24925
1.05164 1.249
1.04961 1.24875
1.0476 1.2485
1.0456 1.24825
1.04359 1.248
1.04156 1.24775
1.03954 1.2475
1.03753 1.24725
1.03551 1.247
1.03351 1.24675
1.03149 1.2465
1.02947 1.24625
1.02747 1.246
1.02544 1.24575
1.02339 1.2455
1.02138 1.24525
1.01937 1.245
1.01736 1.24475
1.01535 1.2445
1.01333 1.24425
1.0113 1.244
1.00929 1.24375
1.00728 1.2435
1.00526 1.24325
1.00324 1.243
1.00119 1.24275
0.999173 1.2425
0.997149 1.24225
0.995127 1.242
0.993125 1.24175
0.99111 1.2415
0.989058 1.24125
0.987046 1.241
0.985037 1.24075
0.983035 1.2405
0.981019 1.24025
0.979007 1.24
0.976976 1.23975
0.974975 1.2395
0.972972 1.23925
0.970956 1.239
0.96895 1.23875
0.966939 1.2385
0.964915 1.23825
0.962904 1.238
0.960896 1.23775
0.958894 1.2375
0.956881 1.23725
0.954827 1.237
0.952802 1.23675
0.950783 1.2365
0.948709 1.23625
0.946683 1.236
0.944676 1.23575
0.942636 1.2355
0.940635 1.23525
0.938633 1.235
0.936632 1.23475
0.934626 1.2345
0.932625 1.23425
0.930609 1.234
0.928572 1.23375
0.926559 1.2335
0.924549 1.23325
0.922502 1.233
0.920497 1.23275
0.918465 1.2325
0.916462 1.23225
0.914461 1.232
0.912437 1.23175
0.910431 1.2315
0.908428 1.23125
0.906427 1.231
0.904412 1.23075
0.902402 1.2305
0.900363 1.23025
0.898359 1.23
0.896353 1.22975
0.894349 1.2295
0.892347 1.22925
0.890322 1.229
0.888314 1.22875
0.886264 1.2285
0.884255 1.22825
0.882243 1.228
0.880238 1.22775
0.878235 1.2275
0.876231 1.22725
0.874231 1.227
0.87223 1.22675
0.87023 1.2265
0.868225 1.22625
0.866199 1.226
0.864193 1.22575
0.862193 1.2255
0.86019 1.22525
0.85816 1.225
0.856157 1.22475
0.854142 1.2245
0.852133 1.22425
0.850111 1.224
0.848107 1.22375
0.846081 1.2235
0.844059 1.22325
0.842056 1.223
0.84003 1.22275
0.838023 1.2225
0.836003 1.22225
0.833987 1.222
0.831972 1.22175
0.829972 1.2215
0.827971 1.22125
0.825941 1.221
0.823935 1.22075
0.821919 1.2205
0.81991 1.22025
0.817894 1.22
0.81589 1.21975
0.81387 1.2195
0.811835 1.21925
0.809832 1.219
0.807825 1.21875
0.805818 1.2185
0.803808 1.21825
0.801779 1.218
0.799758 1.21775
0.797751 1.2175
0.795738 1.21725
0.793725 1.217
0.791725 1.21675
0.789723 1.2165
0.787712 1.21625
0.785693 1.216
0.78368 1.21575
0.781679 1.2155
0.779678 1.21525
0.777672 1.215
0.775656 1.21475
0.773645 1.2145
0.771635 1.21425
0.769632 1.214
0.767627 1.21375
0.765595 1.2135
0.763584 1.21325
0.761582 1.213
0.75954 1.21275
0.757537 1.2125
0.755534 1.21225
0.753523 1.212
0.751482 1.21175
0.749473 1.2115
0.747471 1.21125
0.745451 1.211
0.743439 1.21075
0.741439 1.2105
0.739426 1.21025
0.737402 1.21
0.73537 1.20975
0.73337 1.2095
0.731367 1.20925
0.72934 1.209
0.727338 1.20875
0.725309 1.2085
0.723298 1.20825
0.72129 1.208
0.71929 1.20775
0.717268 1.2075
0.715254 1.20725
0.713251 1.207
0.71125 1.20675
0.70923 1.2065
0.707215 1.20625
0.705207 1.206
0.703205 1.20575
0.701193 1.2055
0.699172 1.20525
0.697141 1.205
0.695139 1.20475
0.693138 1.2045
0.691134 1.20425
0.689125 1.204
0.687124 1.20375
0.685107 1.2035
0.68308 1.20325
0.681078 1.203
0.679071 1.20275
0.67707 1.2025
0.675065 1.20225
0.673063 1.202
0.671057 1.20175
0.669057 1.2015
0.667056 1.20125
0.665038 1.201
0.663032 1.20075
0.660974 1.2005
0.658972 1.20025
0.65696 1.2
0.65496 1.19975
0.652958 1.1995
0.650936 1.19925
0.648921 1.199
0.646897 1.19875
0.644897 1.1985
0.642885 1.19825
0.640885 1.198
0.638882 1.19775
0.636878 1.1975
0.63485 1.19725
0.632845 1.197
0.630835 1.19675
0.628825 1.1965
0.626811 1.19625
0.624804 1.196
0.622793 1.19575
0.62076 1.1955
0.618753 1.19525
0.616744 1.195
0.614728 1.19475
0.612728 1.1945
0.610724 1.19425
0.608697 1.194
0.606693 1.19375
0.604688 1.1935
0.602687 1.19325
0.600687 1.193
0.598678 1.19275
0.596629 1.1925
0.594607 1.19225
0.592596 1.192
0.590594 1.19175
0.588586 1.1915
0.586575 1.19125
0.584559 1.191
0.582557 1.19075
0.580556 1.1905
0.578551 1.19025
0.57655 1.19
0.574529 1.18975
0.572522 1.1895
0.570513 1.18925
0.568505 1.189
0.566492 1.18875
0.564481 1.1885
0.562455 1.18825
0.560417 1.188
0.558413 1.18775
0.556401 1.1875
0.554401 1.18725
0.552396 1.187
0.55039 1.18675
0.548387 1.1865
0.546355 1.18625
0.544353 1.186
0.54235 1.18575
0.540325 1.1855
0.538318 1.18525
0.536311 1.185
0.534305 1.18475
0.532303 1.1845
0.530302 1.18425
0.528302 1.184
0.526293 1.18375
0.524293 1.1835
0.522287 1.18325
0.52028 1.183
0.518277 1.18275
0.516276 1.1825
0.514272 1.18225
0.512256 1.182
0.510242 1.18175
0.508242 1.1815
0.50624 1.18125
0.504225 1.181
0.502216 1.18075
0.500216 1.1805
0.498211 1.18025
0.496205 1.18
0.494198 1.17975
0.492198 1.1795
0.490195 1.17925
0.488194 1.179
0.486192 1.17875
0.484185 1.1785
0.482181 1.17825
0.48018 1.178
0.478167 1.17775
0.47616 1.1775
0.474153 1.17725
0.472149 1.177
0.470143 1.17675
0.468143 1.1765
0.466138 1.17625
0.464126 1.176
0.462103 1.17575
0.460102 1.1755
0.458087 1.17525
0.45608 1.175
0.454079 1.17475
0.452064 1.1745
0.450046 1.17425
0.448043 1.174
0.446043 1.17375
0.444042 1.1735
0.442042 1.17325
0.44003 1.173
0.438025 1.17275
0.435993 1.1725
0.433993 1.17225
0.431967 1.172
0.429956 1.17175
0.42795 1.1715
0.425947 1.17125
0.423945 1.171
0.421939 1.17075
0.419937 1.1705
0.417919 1.17025
0.415905 1.17
0.413896 1.16975
0.411873 1.1695
0.409827 1.16925
0.407809 1.169
0.405808 1.16875
0.403778 1.1685
0.401768 1.16825
0.399767 1.168
0.397746 1.16775
0.39574 1.1675
0.393532 1.16725
0.391532 1.167
0.389526 1.16675
0.387522 1.1665
0.385522 1.16625
0.383494 1.166
0.381465 1.16575
0.379459 1.1655
0.377449 1.16525
0.37544 1.165
0.373439 1.16475
0.371414 1.1645
0.369413 1.16425
0.367391 1.164
0.365385 1.16375
0.363375 1.1635
0.361373 1.16325
0.359371 1.163
0.357357 1.16275
0.355357 1.1625
0.35335 1.16225
0.351335 1.162
0.349335 1.16175
0.347327 1.1615
0.345326 1.16125
0.343326 1.161
0.341316 1.16075
0.339313 1.1605
0.337309 1.16025
0.335298 1.16
0.333291 1.15975
0.331269 1.1595
0.329269 1.15925
0.327263 1.159
0.325226 1.15875
0.323222 1.1585
0.32121 1.15825
0.319208 1.158
0.317207 1.15775
0.315188 1.1575
0.313149 1.15725
0.311144 1.157
0.309129 1.15675
0.307128 1.1565
0.305127 1.15625
0.303127 1.156
0.301118 1.15575
0.299118 1.1555
0.297116 1.15525
0.295107 1.155
0.29309 1.15475
0.291089 1.1545
0.289088 1.15425
0.287079 1.154
0.285077 1.15375
0.283074 1.1535
0.281058 1.15325
0.279045 1.153
0.277027 1.15275
0.275007 1.1525
0.272994 1.15225
0.270993 1.152
0.26899 1.15175
0.266985 1.1515
0.264952 1.15125
0.262951 1.151
0.260944 1.15075
0.258942 1.1505
0.256938 1.15025
0.254931 1.15
0.252929 1.14975
0.250927 1.1495
0.248907 1.14925
0.246904 1.149
0.244887 1.14875
0.242887 1.1485
0.240866 1.14825
0.238849 1.148
0.236841 1.14775
0.23483 1.1475
0.232812 1.14725
0.230811 1.147
0.228807 1.14675
0.226773 1.1465
0.224755 1.14625
0.222738 1.146
0.220731 1.14575
0.218727 1.1455
0.216717 1.14525
0.214702 1.145
0.212695 1.14475
0.210693 1.1445
0.208689 1.14425
0.206688 1.144
0.204672 1.14375
0.202666 1.1435
0.200651 1.14325
0.19865 1.143
0.196637 1.14275
0.194634 1.1425
0.192632 1.14225
0.190632 1.142
0.188626 1.14175
0.18662 1.1415
0.184598 1.14125
0.182595 1.141
0.18058 1.14075
0.178574 1.1405
0.17657 1.14025
0.174552 1.14
0.172533 1.13975
0.170531 1.1395
0.168498 1.13925
0.166481 1.139
0.164462 1.13875
0.162452 1.1385
0.16044 1.13825
0.158409 1.138
0.156407 1.13775
0.154401 1.1375
0.1524 1.13725
0.150397 1.137
0.148372 1.13675
0.146365 1.1365
0.144349 1.13625
0.142319 1.136
0.140318 1.13575
0.13829 1.1355
0.136271 1.13525
0.134271 1.135
0.13227 1.13475
0.130266 1.1345
0.128239 1.13425
0.126234 1.134
0.124233 1.13375
0.122229 1.1335
0.120226 1.13325
0.118218 1.133
0.116198 1.13275
0.114186 1.1325
0.112186 1.13225
0.110182 1.132
0.108181 1.13175
0.10618 1.1315
0.104176 1.13125
0.102149 1.131
0.100147 1.13075
0.0981348 1.1305
0.0961346 1.13025
0.094133 1.13
0.0921294 1.12975
0.0901293 1.1295
0.0881291 1.12925
0.0861287 1.129
0.0841178 1.12875
0.0821167 1.1285
0.0801124 1.12825
0.0780918 1.128
0.0760917 1.12775
0.0740825 1.1275
0.0720777 1.12725
0.0700767 1.127
0.0680685 1.12675
0.0660646 1.1265
0.0640524 1.12625
0.0620521 1.126
0.0600521 1.12575
0.0580427 1.1255
0.0560287 1.12525
0.0540287 1.125
0.0520247 1.12475
0.0500135 1.1245
0.0479911 1.12425
0.0459898 1.124
0.0439766 1.12375
0.041976 1.1235
0.0399759 1.12325
0.0379695 1.123
0.0359641 1.12275
0.0339457 1.1225
0.0319384 1.12225
0.0299367 1.122
0.0279136 1.12175
0.0259096 1.1215
0.0239055 1.12125
0.021905 1.121
0.019892 1.12075
0.017889 1.1205
0.0158711 1.12025
0.0138625 1.12
0.0118618 1.11975
0.00986181 1.1195
0.00785972 1.11925
0.00585241 1.119
0.00384797 1.11875
0.00184006 1.1185
-0.000160878 1.11825
-0.00218275 1.118
-0.0041828 1.11775
-0.00621142 1.1175
-0.00821729 1.11725
-0.0102356 1.117
-0.0122357 1.11675
-0.0142441 1.1165
-0.0162501 1.11625
-0.0182556 1.116
-0.0202655 1.11575
-0.0222826 1.1155
-0.0242876 1.11525
-0.0262927 1.115
-0.0283088 1.11475
-0.0303098 1.1145
-0.0323145 1.11425
-0.0343147 1.114
-0.0363148 1.11375
-0.0383193 1.1135
-0.0403467 1.11325
-0.0423468 1.113
-0.0443473 1.11275
-0.0463519 1.1125
-0.0483586 1.11225
-0.0503586 1.112
-0.0523743 1.11175
-0.0543748 1.1115
-0.0563821 1.11125
-0.0583871 1.111
-0.0603872 1.11075
-0.0623989 1.1105
-0.0644062 1.11025
-0.0664093 1.11
-0.0684093 1.10975
-0.0704094 1.1095
-0.0724214 1.10925
-0.074425 1.109
-0.0764289 1.10875
-0.0784292 1.1085
-0.0804625 1.10825
-0.0824708 1.108
-0.0844709 1.10775
-0.0864869 1.1075
-0.0884869 1.10725
-0.0904883 1.107
-0.0924884 1.10675
-0.0945001 1.1065
-0.0965123 1.10625
-0.0985128 1.106
-0.100532 1.10575
-0.102535 1.1055
-0.104541 1.10525
-0.106543 1.105
-0.108545 1.10475
-0.110546 1.1045
-0.112553 1.10425
-0.11457 1.104
-0.11657 1.10375
-0.11857 1.1035
-0.120591 1.10325
-0.122593 1.103
-0.124596 1.10275
-0.126598 1.1025
-0.128603 1.10225
-0.130607 1.102
-0.132609 1.10175
-0.134617 1.1015
-0.136622 1.10125
-0.138622 1.101
-0.140622 1.10075
-0.142634 1.1005
-0.144634 1.10025
-0.146638 1.1
-0.148639 1.09975
-0.150653 1.0995
-0.152653 1.09925
-0.154697 1.099
-0.156697 1.09875
-0.158698 1.0985
-0.16071 1.09825
-0.162719 1.098
-0.164739 1.09775
-0.166744 1.0975
-0.168765 1.09725
-0.172481 1.097
-0.174487 1.09675
-0.176487 1.0965
-0.178489 1.09625
-0.180491 1.096
-0.182496 1.09575
-0.184498 1.0955
-0.1865 1.09525
-0.188504 1.095
-0.190512 1.09475
-0.192512 1.0945
-0.194512 1.09425
-0.196525 1.094
-0.198525 1.09375
-0.200532 1.0935
-0.202535 1.09325
-0.204539 1.093
-0.206542 1.09275
-0.208542 1.0925
-0.210543 1.09225
-0.212546 1.092
-0.214582 1.09175
-0.216599 1.0915
-0.218607 1.09125
-0.220609 1.091
-0.222622 1.09075
-0.224627 1.0905
-0.22663 1.09025
-0.228663 1.09
-0.230671 1.08975
-0.232671 1.0895
-0.234677 1.08925
-0.236687 1.089
-0.238696 1.08875
-0.240703 1.0885
-0.242703 1.08825
-0.244704 1.088
-0.246711 1.08775
-0.248716 1.0875
-0.250718 1.08725
-0.252741 1.087
-0.254746 1.08675
-0.25675 1.0865
-0.25877 1.08625
-0.260781 1.086
-0.262792 1.08575
-0.264794 1.0855
-0.266813 1.08525
-0.268814 1.085
-0.270834 1.08475
-0.272852 1.0845
-0.274864 1.08425
-0.276864 1.084
-0.278876 1.08375
-0.28091 1.0835
-0.282916 1.08325
-0.284922 1.083
-0.286933 1.08275
-0.288936 1.0825
-0.290944 1.08225
-0.292953 1.082
-0.294968 1.08175
-0.29697 1.0815
-0.299001 1.08125
-0.301002 1.081
-0.303003 1.08075
-0.305018 1.0805
-0.307019 1.08025
-0.30902 1.08
-0.31102 1.07975
-0.313022 1.0795
-0.315022 1.07925
-0.317034 1.079
-0.319035 1.07875
-0.321036 1.0785
-0.323036 1.07825
-0.325048 1.078
-0.327052 1.07775
-0.329055 1.0775
-0.331107 1.07725
-0.333108 1.077
-0.335116 1.07675
-0.33712 1.0765
-0.339124 1.07625
-0.341127 1.076
-0.343144 1.07575
-0.345152 1.0755
-0.347154 1.07525
-0.34917 1.075
-0.351211 1.07475
-0.353227 1.0745
-0.355231 1.07425
-0.357231 1.074
-0.359231 1.07375
-0.361236 1.0735
-0.36326 1.07325
-0.365274 1.073
-0.367276 1.07275
-0.369283 1.0725
-0.371284 1.07225
-0.373285 1.072
-0.375288 1.07175
-0.3773 1.0715
-0.379313 1.07125
-0.381313 1.071
-0.383313 1.07075
-0.385317 1.0705
-0.387324 1.07025
-0.389331 1.07
-0.391331 1.06975
-0.39334 1.0695
-0.39534 1.06925
-0.397352 1.069
-0.399365 1.06875
-0.401374 1.0685
-0.403383 1.06825
-0.405386 1.068
-0.407389 1.06775
-0.409392 1.0675
-0.411394 1.06725
-0.413396 1.067
-0.415404 1.06675
-0.417413 1.0665
-0.419414 1.06625
-0.421419 1.066
-0.423423 1.06575
-0.425435 1.0655
-0.42744 1.06525
-0.429441 1.065
-0.431468 1.06475
-0.433468 1.0645
-0.435504 1.06425
-0.437508 1.064
-0.439519 1.06375
-0.441521 1.0635
-0.443521 1.06325
-0.445529 1.063
-0.447529 1.06275
-0.449545 1.0625
-0.451574 1.06225
-0.453574 1.062
-0.455595 1.06175
-0.457598 1.0615
-0.4596 1.06125
-0.46161 1.061
-0.463618 1.06075
-0.465619 1.0605
-0.467634 1.06025
-0.469634 1.06
-0.471637 1.05975
-0.473638 1.0595
-0.475639 1.05925
-0.477639 1.059
-0.479659 1.05875
-0.481678 1.0585
-0.483679 1.05825
-0.48568 1.058
-0.48768 1.05775
-0.489685 1.0575
-0.491687 1.05725
-0.493696 1.057
-0.495703 1.05675
-0.497709 1.0565
-0.499712 1.05625
-0.50173 1.056
-0.503734 1.05575
-0.505735 1.0555
-0.507749 1.05525
-0.509764 1.055
-0.511764 1.05475
-0.513764 1.0545
-0.515769 1.05425
-0.517788 1.054
-0.51979 1.05375
-0.521822 1.0535
-0.523837 1.05325
-0.525855 1.053
-0.527855 1.05275
-0.529857 1.0525
-0.531858 1.05225
-0.533861 1.052
-0.535876 1.05175
-0.537878 1.0515
-0.539897 1.05125
-0.541938 1.051
-0.543938 1.05075
-0.545951 1.0505
-0.547954 1.05025
-0.549961 1.05
-0.551963 1.04975
-0.553965 1.0495
-0.555965 1.04925
-0.557973 1.049
-0.559977 1.04875
-0.561983 1.0485
-0.563987 1.04825
-0.56599 1.048
-0.567997 1.04775
-0.569998 1.0475
-0.572003 1.04725
-0.574009 1.047
-0.576016 1.04675
-0.578024 1.0465
-0.580024 1.04625
-0.582024 1.046
-0.584036 1.04575
-0.586043 1.0455
-0.588044 1.04525
-0.590044 1.045
-0.592044 1.04475
-0.594045 1.0445
-0.596056 1.04425
-0.598081 1.044
-0.600081 1.04375
-0.602087 1.0435
-0.604088 1.04325
-0.606096 1.043
-0.608107 1.04275
-0.610108 1.0425
-0.612108 1.04225
-0.614115 1.042
-0.616117 1.04175
-0.618117 1.0415
-0.620122 1.04125
-0.622125 1.041
-0.624125 1.04075
-0.626128 1.0405
-0.628134 1.04025
-0.630135 1.04
-0.632147 1.03975
-0.634153 1.0395
-0.636157 1.03925
-0.638157 1.039
-0.640161 1.03875
-0.642176 1.0385
-0.644181 1.03825
-0.646186 1.038
-0.648203 1.03775
-0.650221 1.0375
-0.652225 1.03725
-0.65423 1.037
-0.656232 1.03675
-0.658235 1.0365
-0.660235 1.03625
-0.662236 1.036
-0.664241 1.03575
-0.666242 1.0355
-0.668243 1.03525
-0.670257 1.035
-0.672257 1.03475
-0.674274 1.0345
-0.676279 1.03425
-0.67828 1.034
-0.680294 1.03375
-0.682295 1.0335
-0.684306 1.03325
-0.686378 1.033
-0.688379 1.03275
-0.690381 1.0325
-0.692383 1.03225
-0.694383 1.032
-0.696385 1.03175
-0.698389 1.0315
-0.70039 1.03125
-0.702392 1.031
-0.704393 1.03075
-0.706394 1.0305
-0.708401 1.03025
-0.710403 1.03
-0.712403 1.02975
-0.714409 1.0295
-0.716413 1.02925
-0.718416 1.029
-0.720431 1.02875
-0.722435 1.0285
-0.724436 1.02825
-0.726437 1.028
-0.728438 1.02775
-0.730438 1.0275
-0.732439 1.02725
-0.734442 1.027
-0.736458 1.02675
-0.738465 1.0265
-0.740465 1.02625
-0.742469 1.026
-0.744481 1.02575
-0.746482 1.0255
-0.748485 1.02525
-0.750485 1.025
-0.752486 1.02475
-0.754487 1.0245
-0.756495 1.02425
-0.758502 1.024
-0.760506 1.02375
-0.762511 1.0235
-0.764514 1.02325
-0.766514 1.023
-0.768524 1.02275
-0.770526 1.0225
-0.77253 1.02225
-0.774537 1.022
-0.776558 1.02175
-0.778558 1.0215
-0.780583 1.02125
-0.782584 1.021
-0.784584 1.02075
-0.786585 1.0205
-0.788595 1.02025
-0.790612 1.02
-0.792612 1.01975
-0.794613 1.0195
-0.796614 1.01925
-0.798622 1.019
-0.800622 1.01875
-0.80263 1.0185
-0.80463 1.01825
-0.806634 1.018
-0.808635 1.01775
-0.810644 1.0175
-0.812666 1.01725
-0.814676 1.017
-0.816693 1.01675
-0.818698 1.0165
-0.820714 1.01625
-0.822728 1.016
-0.82473 1.01575
-0.826745 1.0155
-0.828761 1.01525
-0.830762 1.015
-0.832765 1.01475
-0.834767 1.0145
-0.836796 1.01425
-0.838824 1.014
-0.840824 1.01375
-0.842824 1.0135
-0.844841 1.01325
-0.846849 1.013
-0.848862 1.01275
-0.850863 1.0125
-0.852865 1.01225
-0.854865 1.012
-0.856867 1.01175
-0.858908 1.0115
-0.860913 1.01125
-0.86292 1.011
-0.864947 1.01075
-0.866947 1.0105
-0.868948 1.01025
-0.870949 1.01
-0.87295 1.00975
-0.874951 1.0095
-0.876953 1.00925
-0.878964 1.009
-0.880967 1.00875
-0.882971 1.0085
-0.884971 1.00825
-0.886972 1.008
-0.888973 1.00775
-0.890974 1.0075
-0.892978 1.00725
-0.894989 1.007
-0.897028 1.00675
-0.899029 1.0065
-0.901035 1.00625
-0.903046 1.006
-0.905142 1.00575
-0.907158 1.0055
-0.909191 1.00525
-0.911225 1.005
-0.913225 1.00475
-0.915241 1.0045
-0.917246 1.00425
-0.919263 1.004
-0.921268 1.00375
-0.923268 1.0035
-0.925274 1.00325
-0.927274 1.003
-0.929301 1.00275
-0.931302 1.0025
-0.933302 1.00225
-0.935304 1.002
-0.937307 1.00175
-0.939317 1.0015
-0.941317 1.00125
-0.943329 1.001
-0.945331 1.00075
-0.947331 1.0005
-0.94934 1.00025
-0.951341 1
