Man
0 0
0.00596916 0.001
0.00592045 0.002
0.000997406 0.003
-0.00767039 0.004
-0.0124397 0.005
-0.0107363 0.006
-0.0103696 0.007
-0.011796 0.008
-0.0157557 0.009
-0.0279407 0.01
-0.0358879 0.011
-0.0384171 0.012
-0.0418082 0.013
-0.0463733 0.014
-0.053281 0.015
-0.0569062 0.016
-0.0589183 0.017
-0.0606519 0.018
-0.0691104 0.019
-0.0684826 0.02
-0.0706905 0.021
-0.0753059 0.022
-0.0835557 0.023
-0.0894616 0.024
-0.0955778 0.025
-0.0978617 0.026
-0.102944 0.027
-0.108295 0.028
-0.104275 0.029
-0.101916 0.03
-0.110219 0.031
-0.102748 0.032
-0.107406 0.033
-0.120386 0.034
-0.124874 0.035
-0.129091 0.036
-0.132957 0.037
-0.135032 0.038
-0.130098 0.039
-0.141964 0.04
-0.142563 0.041
-0.14436 0.042
-0.153356 0.043
-0.159465 0.044
-0.167682 0.045
-0.170521 0.046
-0.17353 0.047
-0.182561 0.048
-0.180067 0.049
-0.187371 0.05
-0.189971 0.051
-0.193788 0.052
-0.200035 0.053
-0.202343 0.054
-0.209719 0.055
-0.214478 0.056
-0.221746 0.057
-0.223251 0.058
-0.228965 0.059
-0.237599 0.06
-0.244767 0.061
-0.245336 0.062
-0.248864 0.063
-0.250443 0.064
-0.255246 0.065
-0.261712 0.066
-0.266792 0.067
-0.264152 0.068
-0.268448 0.069
-0.270015 0.07
-0.272693 0.071
-0.285225 0.072
-0.288517 0.073
-0.29697 0.074
-0.299258 0.075
-0.303944 0.076
-0.307466 0.077
-0.310621 0.078
-0.313923 0.079
-0.318036 0.08
-0.323694 0.081
-0.331372 0.082
-0.333906 0.083
-0.333505 0.084
-0.338454 0.085
-0.345143 0.086
-0.34811 0.087
-0.354295 0.088
-0.360537 0.089
-0.362639 0.09
-0.368661 0.091
-0.371895 0.092
-0.379028 0.093
-0.383228 0.094
-0.384438 0.095
-0.391132 0.096
-0.398906 0.097
-0.399887 0.098
-0.405549 0.099
-0.409815 0.1
-0.414601 0.101
-0.422045 0.102
-0.426426 0.103
-0.431101 0.104
-0.434878 0.105
-0.434519 0.106
-0.437678 0.107
-0.446632 0.108
-0.452113 0.109
-0.456255 0.11
-0.458096 0.111
-0.462602 0.112
-0.466215 0.113
-0.471779 0.114
-0.475652 0.115
-0.482482 0.116
-0.489768 0.117
-0.492184 0.118
-0.49935 0.119
-0.503701 0.12
-0.50553 0.121
-0.51334 0.122
-0.517144 0.123
-0.522474 0.124
-0.525639 0.125
-0.528784 0.126
-0.533646 0.127
-0.540379 0.128
-0.544196 0.129
-0.549444 0.13
-0.555098 0.131
-0.558627 0.132
-0.563571 0.133
-0.567657 0.134
-0.571625 0.135
-0.572365 0.136
-0.576749 0.137
-0.57927 0.138
-0.586117 0.139
-0.589324 0.14
-0.595193 0.141
-0.597277 0.142
-0.602487 0.143
-0.604269 0.144
-0.606916 0.145
-0.612034 0.146
-0.615259 0.147
-0.617448 0.148
-0.621384 0.149
-0.625057 0.15
-0.628648 0.151
-0.632177 0.152
-0.636215 0.153
-0.640721 0.154
-0.64419 0.155
-0.648334 0.156
-0.651247 0.157
-0.653847 0.158
-0.656589 0.159
-0.660341 0.16
-0.665365 0.161
-0.668367 0.162
-0.670629 0.163
-0.673601 0.164
-0.676169 0.165
-0.680495 0.166
-0.682499 0.167
-0.685106 0.168
-0.681179 0.169
-0.683513 0.17
-0.687624 0.171
-0.689975 0.172
-0.692646 0.173
-0.694682 0.174
-0.696841 0.175
-0.698601 0.176
-0.700907 0.177
-0.703047 0.178
-0.705925 0.179
-0.707312 0.18
-0.708837 0.181
-0.710793 0.182
-0.713987 0.183
-0.716638 0.184
-0.719368 0.185
-0.721173 0.186
-0.722878 0.187
-0.724575 0.188
-0.727157 0.189
-0.729576 0.19
-0.73272 0.191
-0.734221 0.192
-0.735613 0.193
-0.73732 0.194
-0.739001 0.195
-0.741067 0.196
-0.743373 0.197
-0.744933 0.198
-0.746251 0.199
-0.748027 0.2
-0.749091 0.201
-0.750817 0.202
-0.753116 0.203
-0.75477 0.204
-0.756448 0.205
-0.758152 0.206
-0.760175 0.207
-0.760986 0.208
-0.76209 0.209
-0.763966 0.21
-0.765345 0.211
-0.766845 0.212
-0.76813 0.213
-0.769948 0.214
-0.771435 0.215
-0.772741 0.216
-0.77397 0.217
-0.775107 0.218
-0.77616 0.219
-0.777113 0.22
-0.778586 0.221
-0.780017 0.222
-0.780951 0.223
-0.782045 0.224
-0.783246 0.225
-0.780723 0.226
-0.782154 0.227
-0.783339 0.228
-0.78496 0.229
-0.786091 0.23
-0.787235 0.231
-0.788118 0.232
-0.789447 0.233
-0.790777 0.234
-0.79145 0.235
-0.792337 0.236
-0.793533 0.237
-0.794391 0.238
-0.795616 0.239
-0.796767 0.24
-0.798184 0.241
-0.799076 0.242
-0.800484 0.243
-0.801523 0.244
-0.802573 0.245
-0.803994 0.246
-0.80493 0.247
-0.805816 0.248
-0.806868 0.249
-0.807731 0.25
-0.808903 0.251
-0.809918 0.252
-0.810923 0.253
-0.812224 0.254
-0.812867 0.255
-0.813724 0.256
-0.814708 0.257
-0.815694 0.258
-0.816568 0.259
-0.817709 0.26
-0.818654 0.261
-0.819594 0.262
-0.820412 0.263
-0.821185 0.264
-0.822163 0.265
-0.82301 0.266
-0.824092 0.267
-0.824984 0.268
-0.826195 0.269
-0.826904 0.27
-0.827781 0.271
-0.828629 0.272
-0.829502 0.273
-0.83043 0.274
-0.831114 0.275
-0.832046 0.276
-0.832706 0.277
-0.833488 0.278
-0.834451 0.279
-0.835336 0.28
-0.83601 0.281
-0.836646 0.282
-0.837219 0.283
-0.83809 0.284
-0.838793 0.285
-0.839571 0.286
-0.840166 0.287
-0.840894 0.288
-0.841271 0.289
-0.841823 0.29
-0.842404 0.291
-0.842932 0.292
-0.843557 0.293
-0.844215 0.294
-0.845097 0.295
-0.845969 0.296
-0.846433 0.297
-0.846532 0.298
-0.847159 0.299
-0.847444 0.3
-0.848083 0.301
-0.848813 0.302
-0.849353 0.303
-0.850098 0.304
-0.850571 0.305
-0.851341 0.306
-0.85221 0.307
-0.852738 0.308
-0.853249 0.309
-0.853981 0.31
-0.854727 0.311
-0.855538 0.312
-0.856214 0.313
-0.856945 0.314
-0.857531 0.315
-0.858088 0.316
-0.858846 0.317
-0.859624 0.318
-0.860223 0.319
-0.860739 0.32
-0.8613 0.321
-0.862056 0.322
-0.862809 0.323
-0.863117 0.324
-0.863566 0.325
-0.864138 0.326
-0.864886 0.327
-0.865358 0.328
-0.865722 0.329
-0.8663 0.33
-0.866844 0.331
-0.867496 0.332
-0.868178 0.333
-0.868847 0.334
-0.869395 0.335
-0.870003 0.336
-0.870484 0.337
-0.870869 0.338
-0.871331 0.339
-0.872039 0.34
-0.869736 0.341
-0.870134 0.342
-0.870446 0.343
-0.870983 0.344
-0.871323 0.345
-0.871617 0.346
-0.872283 0.347
-0.872908 0.348
-0.873349 0.349
-0.873712 0.35
-0.874373 0.351
-0.874927 0.352
-0.87532 0.353
-0.875812 0.354
-0.876294 0.355
-0.876708 0.356
-0.877065 0.357
-0.877645 0.358
-0.878036 0.359
-0.87837 0.36
-0.878619 0.361
-0.879069 0.362
-0.879717 0.363
-0.880062 0.364
-0.880664 0.365
-0.881086 0.366
-0.881708 0.367
-0.882277 0.368
-0.88272 0.369
-0.883071 0.37
-0.883322 0.371
-0.883693 0.372
-0.88419 0.373
-0.884632 0.374
-0.885143 0.375
-0.885529 0.376
-0.885981 0.377
-0.886599 0.378
-0.887149 0.379
-0.887633 0.38
-0.887908 0.381
-0.888078 0.382
-0.888631 0.383
-0.88903 0.384
-0.889416 0.385
-0.889736 0.386
-0.890164 0.387
-0.890627 0.388
-0.890835 0.389
-0.891314 0.39
-0.891689 0.391
-0.892186 0.392
-0.892514 0.393
-0.892898 0.394
-0.893248 0.395
-0.893652 0.396
-0.893906 0.397
-0.894385 0.398
-0.894809 0.399
-0.89496 0.4
-0.89554 0.401
-0.895678 0.402
-0.896071 0.403
-0.896489 0.404
-0.896724 0.405
-0.896986 0.406
-0.897355 0.407
-0.897843 0.408
-0.89824 0.409
-0.898561 0.41
-0.898816 0.411
-0.899305 0.412
-0.899917 0.413
-0.900187 0.414
-0.900352 0.415
-0.900644 0.416
-0.900977 0.417
-0.901278 0.418
-0.901579 0.419
-0.902077 0.42
-0.902306 0.421
-0.90265 0.422
-0.902948 0.423
-0.903173 0.424
-0.903679 0.425
-0.904141 0.426
-0.904589 0.427
-0.904828 0.428
-0.905114 0.429
-0.905333 0.43
-0.905546 0.431
-0.905767 0.432
-0.906125 0.433
-0.906312 0.434
-0.906581 0.435
-0.907096 0.436
-0.907543 0.437
-0.907868 0.438
-0.908246 0.439
-0.908562 0.44
-0.908903 0.441
-0.909232 0.442
-0.909378 0.443
-0.909616 0.444
-0.910032 0.445
-0.910273 0.446
-0.910511 0.447
-0.910934 0.448
-0.911323 0.449
-0.911413 0.45
-0.911708 0.451
-0.911943 0.452
-0.912047 0.453
-0.912256 0.454
-0.912302 0.455
-0.912597 0.456
-0.912811 0.457
-0.912896 0.458
-0.913136 0.459
-0.913452 0.46
-0.913842 0.461
-0.914072 0.462
-0.914481 0.463
-0.914668 0.464
-0.914919 0.465
-0.915264 0.466
-0.915549 0.467
-0.915939 0.468
-0.916088 0.469
-0.916439 0.47
-0.916761 0.471
-0.916949 0.472
-0.917215 0.473
-0.917524 0.474
-0.917652 0.475
-0.917932 0.476
-0.918111 0.477
-0.918462 0.478
-0.918665 0.479
-0.918888 0.48
-0.919126 0.481
-0.919402 0.482
-0.919655 0.483
-0.919983 0.484
-0.920135 0.485
-0.920477 0.486
-0.920542 0.487
-0.920817 0.488
-0.92132 0.489
-0.921573 0.49
-0.921812 0.491
-0.921948 0.492
-0.922084 0.493
-0.922576 0.494
-0.922897 0.495
-0.923032 0.496
-0.923245 0.497
-0.923427 0.498
-0.923731 0.499
-0.923926 0.5
-0.924185 0.501
-0.924465 0.502
-0.924658 0.503
-0.924757 0.504
-0.925066 0.505
-0.925277 0.506
-0.925439 0.507
-0.925696 0.508
-0.925922 0.509
-0.926122 0.51
-0.926273 0.511
-0.926344 0.512
-0.926487 0.513
-0.9267 0.514
-0.926987 0.515
-0.927194 0.516
-0.926612 0.517
-0.926886 0.518
-0.927066 0.519
-0.927324 0.52
-0.927627 0.521
-0.927816 0.522
-0.927886 0.523
-0.928075 0.524
-0.928306 0.525
-0.928625 0.526
-0.928867 0.527
-0.929178 0.528
-0.9294 0.529
-0.929582 0.53
-0.929667 0.531
-0.929851 0.532
-0.930089 0.533
-0.930197 0.534
-0.930359 0.535
-0.930654 0.536
-0.930794 0.537
-0.931004 0.538
-0.931278 0.539
-0.931389 0.54
-0.931605 0.541
-0.931772 0.542
-0.932075 0.543
-0.932289 0.544
-0.932453 0.545
-0.932613 0.546
-0.932802 0.547
-0.933037 0.548
-0.933174 0.549
-0.933363 0.55
-0.933451 0.551
-0.933569 0.552
-0.933817 0.553
-0.934059 0.554
-0.934149 0.555
-0.934368 0.556
-0.934558 0.557
-0.932911 0.558
-0.933071 0.559
-0.933237 0.56
-0.933445 0.561
-0.933565 0.562
-0.933433 0.563
-0.933697 0.564
-0.933955 0.565
-0.934077 0.566
-0.934144 0.567
-0.934259 0.568
-0.934447 0.569
-0.934589 0.57
-0.934714 0.571
-0.934919 0.572
-0.935146 0.573
-0.935309 0.574
-0.935596 0.575
-0.93586 0.576
-0.93598 0.577
-0.936169 0.578
-0.936241 0.579
-0.936424 0.58
-0.936533 0.581
-0.936696 0.582
-0.936675 0.583
-0.936858 0.584
-0.93703 0.585
-0.93719 0.586
-0.937283 0.587
-0.937433 0.588
-0.937648 0.589
-0.937816 0.59
-0.937982 0.591
-0.938148 0.592
-0.938267 0.593
-0.938409 0.594
-0.938588 0.595
-0.938696 0.596
-0.938789 0.597
-0.939019 0.598
-0.939159 0.599
-0.939299 0.6
-0.93941 0.601
-0.939489 0.602
-0.939508 0.603
-0.93961 0.604
-0.939758 0.605
-0.939946 0.606
-0.940116 0.607
-0.940265 0.608
-0.94039 0.609
-0.940427 0.61
-0.940635 0.611
-0.940816 0.612
-0.941061 0.613
-0.941128 0.614
-0.94123 0.615
-0.941391 0.616
-0.941456 0.617
-0.941714 0.618
-0.941891 0.619
-0.942035 0.62
-0.942137 0.621
-0.942178 0.622
-0.942342 0.623
-0.942439 0.624
-0.942556 0.625
-0.942627 0.626
-0.942732 0.627
-0.942866 0.628
-0.942961 0.629
-0.943194 0.63
-0.942805 0.631
-0.942942 0.632
-0.943096 0.633
-0.943282 0.634
-0.943496 0.635
-0.943506 0.636
-0.94362 0.637
-0.943656 0.638
-0.943786 0.639
-0.943977 0.64
-0.944038 0.641
-0.944197 0.642
-0.944446 0.643
-0.944654 0.644
-0.944884 0.645
-0.944983 0.646
-0.945288 0.647
-0.945482 0.648
-0.94562 0.649
-0.945775 0.65
-0.945936 0.651
-0.946018 0.652
-0.946258 0.653
-0.946361 0.654
-0.946463 0.655
-0.946577 0.656
-0.946769 0.657
-0.946883 0.658
-0.947026 0.659
-0.947171 0.66
-0.947302 0.661
-0.947463 0.662
-0.94766 0.663
-0.947803 0.664
-0.947966 0.665
-0.948118 0.666
-0.948267 0.667
-0.948378 0.668
-0.948517 0.669
-0.948625 0.67
-0.948818 0.671
-0.94901 0.672
-0.94911 0.673
-0.949257 0.674
-0.949324 0.675
-0.949338 0.676
-0.949417 0.677
-0.949532 0.678
-0.949613 0.679
-0.949719 0.68
-0.949859 0.681
-0.949983 0.682
-0.950115 0.683
-0.950131 0.684
-0.950251 0.685
-0.95034 0.686
-0.950449 0.687
-0.950455 0.688
-0.950641 0.689
-0.950786 0.69
-0.950937 0.691
-0.951134 0.692
-0.951312 0.693
-0.951453 0.694
-0.951509 0.695
-0.9517 0.696
-0.951835 0.697
-0.952036 0.698
-0.952254 0.699
-0.952358 0.7
-0.952291 0.701
-0.952322 0.702
-0.952519 0.703
-0.95176 0.704
-0.951885 0.705
-0.952012 0.706
-0.952067 0.707
-0.9522 0.708
-0.952207 0.709
-0.952297 0.71
-0.952515 0.711
-0.952205 0.712
-0.952389 0.713
-0.952483 0.714
-0.952561 0.715
-0.952727 0.716
-0.952836 0.717
-0.953011 0.718
-0.95314 0.719
-0.953357 0.72
-0.95345 0.721
-0.953562 0.722
-0.953692 0.723
-0.953788 0.724
-0.9539 0.725
-0.954047 0.726
-0.95419 0.727
-0.954224 0.728
-0.954271 0.729
-0.954334 0.73
-0.9544 0.731
-0.954428 0.732
-0.954543 0.733
-0.95472 0.734
-0.954826 0.735
-0.954941 0.736
-0.954277 0.737
-0.954313 0.738
-0.954411 0.739
-0.954496 0.74
-0.954584 0.741
-0.954717 0.742
-0.954774 0.743
-0.954856 0.744
-0.955012 0.745
-0.955109 0.746
-0.955261 0.747
-0.955288 0.748
-0.955443 0.749
-0.955516 0.75
-0.955637 0.751
-0.955677 0.752
-0.9558 0.753
-0.955956 0.754
-0.956023 0.755
-0.956095 0.756
-0.956239 0.757
-0.956318 0.758
-0.956395 0.759
-0.956482 0.76
-0.956548 0.761
-0.956547 0.762
-0.956622 0.763
-0.956311 0.764
-0.95641 0.765
-0.956553 0.766
-0.956675 0.767
-0.956651 0.768
-0.956768 0.769
-0.956883 0.77
-0.956834 0.771
-0.95661 0.772
-0.95663 0.773
-0.956745 0.774
-0.956791 0.775
-0.956801 0.776
-0.956997 0.777
-0.957128 0.778
-0.957195 0.779
-0.957367 0.78
-0.95746 0.781
-0.957555 0.782
-0.95765 0.783
-0.957857 0.784
-0.957862 0.785
-0.957162 0.786
-0.957271 0.787
-0.957326 0.788
-0.957394 0.789
-0.957502 0.79
-0.957578 0.791
-0.95768 0.792
-0.957737 0.793
-0.957757 0.794
-0.957809 0.795
-0.95779 0.796
-0.957933 0.797
-0.95799 0.798
-0.958067 0.799
-0.958078 0.8
-0.958215 0.801
-0.958304 0.802
-0.958333 0.803
-0.958488 0.804
-0.958567 0.805
-0.958583 0.806
-0.958662 0.807
-0.958745 0.808
-0.958749 0.809
-0.958755 0.81
-0.958818 0.811
-0.958864 0.812
-0.958865 0.813
-0.958895 0.814
-0.958969 0.815
-0.959066 0.816
-0.959161 0.817
-0.959288 0.818
-0.959384 0.819
-0.959569 0.82
-0.959654 0.821
-0.959682 0.822
-0.959655 0.823
-0.959705 0.824
-0.959708 0.825
-0.959786 0.826
-0.959873 0.827
-0.959896 0.828
-0.960045 0.829
-0.960103 0.83
-0.960282 0.831
-0.960363 0.832
-0.960463 0.833
-0.960573 0.834
-0.960698 0.835
-0.960682 0.836
-0.960839 0.837
-0.960979 0.838
-0.961081 0.839
-0.961198 0.84
-0.961308 0.841
-0.96139 0.842
-0.961471 0.843
-0.961615 0.844
-0.961703 0.845
-0.961787 0.846
-0.961875 0.847
-0.96197 0.848
-0.96203 0.849
-0.962087 0.85
-0.96215 0.851
-0.962246 0.852
-0.962335 0.853
-0.962429 0.854
-0.962442 0.855
-0.962516 0.856
-0.962552 0.857
-0.9626 0.858
-0.962714 0.859
-0.962836 0.86
-0.961485 0.861
-0.961545 0.862
-0.961717 0.863
-0.961842 0.864
-0.961929 0.865
-0.962009 0.866
-0.962085 0.867
-0.962199 0.868
-0.962282 0.869
-0.962316 0.87
-0.962449 0.871
-0.96251 0.872
-0.962556 0.873
-0.962708 0.874
-0.962732 0.875
-0.96282 0.876
-0.96288 0.877
-0.963012 0.878
-0.963073 0.879
-0.963147 0.88
-0.963275 0.881
-0.963333 0.882
-0.963409 0.883
-0.963469 0.884
-0.963496 0.885
-0.96357 0.886
-0.96361 0.887
-0.96364 0.888
-0.963672 0.889
-0.963752 0.89
-0.963764 0.891
-0.963837 0.892
-0.963899 0.893
-0.964009 0.894
-0.964063 0.895
-0.964108 0.896
-0.964094 0.897
-0.964136 0.898
-0.964168 0.899
-0.964219 0.9
-0.964265 0.901
-0.964278 0.902
-0.964312 0.903
-0.96438 0.904
-0.96388 0.905
-0.963924 0.906
-0.963931 0.907
-0.963982 0.908
-0.964046 0.909
-0.964083 0.91
-0.96417 0.911
-0.96429 0.912
-0.964398 0.913
-0.964223 0.914
-0.964267 0.915
-0.964366 0.916
-0.964413 0.917
-0.96442 0.918
-0.964508 0.919
-0.964557 0.92
-0.964617 0.921
-0.964662 0.922
-0.964561 0.923
-0.964658 0.924
-0.964744 0.925
-0.964788 0.926
-0.966172 0.927
-0.9662 0.928
-0.966226 0.929
-0.966391 0.93
-0.966441 0.931
-0.96654 0.932
-0.966556 0.933
-0.966649 0.934
-0.966714 0.935
-0.966787 0.936
-0.966916 0.937
-0.967022 0.938
-0.967079 0.939
-0.967198 0.94
-0.967275 0.941
-0.967342 0.942
-0.967477 0.943
-0.967473 0.944
-0.967592 0.945
-0.967672 0.946
-0.967762 0.947
-0.967887 0.948
-0.967902 0.949
-0.967979 0.95
-0.968018 0.951
-0.96804 0.952
-0.967273 0.953
-0.96736 0.954
-0.967381 0.955
-0.967295 0.956
-0.967345 0.957
-0.967394 0.958
-0.9674 0.959
-0.966916 0.96
-0.96696 0.961
-0.967013 0.962
-0.966998 0.963
-0.967098 0.964
-0.96712 0.965
-0.967123 0.966
-0.967121 0.967
-0.967137 0.968
-0.967142 0.969
-0.967229 0.97
-0.967302 0.971
-0.96737 0.972
-0.96742 0.973
-0.967508 0.974
-0.96766 0.975
-0.967701 0.976
-0.967712 0.977
-0.96774 0.978
-0.967792 0.979
-0.967846 0.98
-0.967994 0.981
-0.96799 0.982
-0.968066 0.983
-0.9681 0.984
-0.968105 0.985
-0.968147 0.986
-0.968225 0.987
-0.96832 0.988
-0.968014 0.989
-0.968105 0.99
-0.968168 0.991
-0.968163 0.992
-0.968172 0.993
-0.968299 0.994
-0.968385 0.995
-0.968368 0.996
-0.968458 0.997
-0.968485 0.998
-0.968563 0.999
-0.968603 1


Shark
3.14159 1.5
3.13759 1.4995
3.13359 1.499
3.12959 1.4985
3.12559 1.498
3.12159 1.4975
3.11759 1.497
3.11359 1.4965
3.10959 1.496
3.10559 1.4955
3.10156 1.495
3.09755 1.4945
3.09354 1.494
3.08954 1.4935
3.08553 1.493
3.08151 1.4925
3.07751 1.492
3.07351 1.4915
3.0695 1.491
3.06545 1.4905
3.06145 1.49
3.05745 1.4895
3.05343 1.489
3.04936 1.4885
3.04532 1.488
3.04128 1.4875
3.03727 1.487
3.03324 1.4865
3.02919 1.486
3.02517 1.4855
3.02116 1.485
3.01703 1.4845
3.01292 1.484
3.00888 1.4835
3.00451 1.483
3.00047 1.4825
2.99642 1.482
2.99238 1.4815
2.98837 1.481
2.9843 1.4805
2.97988 1.48
2.97588 1.4795
2.97187 1.479
2.96759 1.4785
2.96345 1.478
2.95919 1.4775
2.95516 1.477
2.95112 1.4765
2.94676 1.476
2.94274 1.4755
2.93848 1.475
2.93445 1.4745
2.93037 1.474
2.92616 1.4735
2.92213 1.473
2.91782 1.4725
2.91368 1.472
2.90936 1.4715
2.90534 1.471
2.90113 1.4705
2.89663 1.47
2.89227 1.4695
2.88827 1.469
2.88417 1.4685
2.88015 1.468
2.87596 1.4675
2.87162 1.467
2.8674 1.4665
2.86333 1.466
2.85916 1.4655
2.85514 1.465
2.85107 1.4645
2.8457 1.464
2.84159 1.4635
2.83688 1.463
2.83282 1.4625
2.82858 1.462
2.82444 1.4615
2.82032 1.461
2.81619 1.4605
2.81198 1.46
2.80758 1.4595
2.80286 1.459
2.79878 1.4585
2.79477 1.458
2.79044 1.4575
2.78583 1.457
2.7817 1.4565
2.77715 1.456
2.77258 1.4555
2.76851 1.455
2.76396 1.4545
2.75979 1.454
2.75499 1.4535
2.7507 1.453
2.74667 1.4525
2.74192 1.452
2.73692 1.4515
2.7329 1.451
2.72832 1.4505
2.72398 1.45
2.71954 1.4495
2.71453 1.449
2.71014 1.4485
2.7057 1.448
2.7014 1.4475
2.6974 1.447
2.69317 1.4465
2.68762 1.446
2.68297 1.4455
2.67858 1.445
2.6745 1.4445
2.67002 1.444
2.6657 1.4435
2.66097 1.443
2.65659 1.4425
2.6515 1.442
2.64625 1.4415
2.64209 1.441
2.63685 1.4405
2.63234 1.44
2.62824 1.4395
2.62273 1.439
2.61832 1.4385
2.61353 1.438
2.60923 1.4375
2.60493 1.437
2.60023 1.4365
2.59496 1.436
2.5905 1.4355
2.58567 1.435
2.5807 1.4345
2.57629 1.434
2.57151 1.4335
2.56695 1.433
2.56241 1.4325
2.55839 1.432
2.55373 1.4315
2.5495 1.431
2.54399 1.4305
2.53961 1.43
2.53442 1.4295
2.53025 1.429
2.52527 1.4285
2.52114 1.428
2.51686 1.4275
2.51187 1.427
2.50745 1.4265
2.50324 1.426
2.49861 1.4255
2.49405 1.425
2.4895 1.4245
2.48496 1.424
2.48027 1.4235
2.4754 1.423
2.47086 1.4225
2.46611 1.422
2.46171 1.4215
2.45739 1.421
2.45303 1.4205
2.44836 1.42
2.44323 1.4195
2.43878 1.419
2.43452 1.4185
2.43007 1.418
2.42573 1.4175
2.42081 1.417
2.41659 1.4165
2.41223 1.416
2.40743 1.4155
2.40313 1.415
2.39825 1.4145
2.39393 1.414
2.38953 1.4135
2.38529 1.413
2.38101 1.4125
2.37683 1.412
2.37251 1.4115
2.36823 1.411
2.36373 1.4105
2.35961 1.41
2.35546 1.4095
2.35122 1.409
2.34659 1.4085
2.34214 1.408
2.33766 1.4075
2.33344 1.407
2.32924 1.4065
2.32505 1.406
2.3206 1.4055
2.3162 1.405
2.31153 1.4045
2.30737 1.404
2.30323 1.4035
2.29902 1.403
2.29481 1.4025
2.2905 1.402
2.2861 1.4015
2.28192 1.401
2.27778 1.4005
2.27354 1.4
2.26945 1.3995
2.26522 1.399
2.2608 1.3985
2.25658 1.398
2.25235 1.3975
2.24812 1.397
2.24378 1.3965
2.23972 1.396
2.23562 1.3955
2.23132 1.395
2.22716 1.3945
2.22296 1.394
2.21881 1.3935
2.21452 1.393
2.21032 1.3925
2.20617 1.392
2.20203 1.3915
2.19791 1.391
2.19381 1.3905
2.18972 1.39
2.18551 1.3895
2.18132 1.389
2.17723 1.3885
2.17311 1.388
2.16897 1.3875
2.16437 1.387
2.16016 1.3865
2.15602 1.386
2.15176 1.3855
2.14762 1.385
2.14349 1.3845
2.1394 1.384
2.13522 1.3835
2.13103 1.383
2.12698 1.3825
2.12289 1.382
2.11874 1.3815
2.11465 1.381
2.11049 1.3805
2.10634 1.38
2.10211 1.3795
2.09802 1.379
2.09379 1.3785
2.08967 1.378
2.08554 1.3775
2.0813 1.377
2.0772 1.3765
2.0731 1.376
2.06897 1.3755
2.06487 1.375
2.06071 1.3745
2.05658 1.374
2.05245 1.3735
2.04824 1.373
2.04419 1.3725
2.04009 1.372
2.03597 1.3715
2.03184 1.371
2.02774 1.3705
2.02357 1.37
2.01945 1.3695
2.01533 1.369
2.01124 1.3685
2.00715 1.368
2.00302 1.3675
1.99892 1.367
1.99476 1.3665
1.99065 1.366
1.98644 1.3655
1.98237 1.365
1.97826 1.3645
1.97415 1.364
1.97004 1.3635
1.96591 1.363
1.96184 1.3625
1.95772 1.362
1.95365 1.3615
1.94956 1.361
1.94541 1.3605
1.94129 1.36
1.93722 1.3595
1.93316 1.359
1.92911 1.3585
1.92499 1.358
1.92091 1.3575
1.91681 1.357
1.91275 1.3565
1.90867 1.356
1.90464 1.3555
1.90059 1.355
1.89654 1.3545
1.89249 1.354
1.88842 1.3535
1.88435 1.353
1.88022 1.3525
1.87608 1.352
1.87205 1.3515
1.86805 1.351
1.86398 1.3505
1.85996 1.35
1.85589 1.3495
1.85179 1.349
1.84774 1.3485
1.84364 1.348
1.8396 1.3475
1.83549 1.347
1.83135 1.3465
1.8273 1.346
1.82325 1.3455
1.81915 1.345
1.81504 1.3445
1.81091 1.344
1.80683 1.3435
1.80272 1.343
1.79865 1.3425
1.79459 1.342
1.79048 1.3415
1.78636 1.341
1.78229 1.3405
1.77823 1.34
1.77417 1.3395
1.77005 1.339
1.76594 1.3385
1.76192 1.338
1.75787 1.3375
1.75381 1.337
1.74969 1.3365
1.74564 1.336
1.74161 1.3355
1.73754 1.335
1.73348 1.3345
1.72938 1.334
1.72528 1.3335
1.72118 1.333
1.71712 1.3325
1.71303 1.332
1.70898 1.3315
1.70495 1.331
1.7009 1.3305
1.69679 1.33
1.6917 1.3295
1.68767 1.329
1.68364 1.3285
1.67958 1.328
1.67555 1.3275
1.67153 1.327
1.66742 1.3265
1.66333 1.326
1.65928 1.3255
1.65525 1.325
1.65114 1.3245
1.64707 1.324
1.64303 1.3235
1.63897 1.323
1.63491 1.3225
1.63087 1.322
1.62684 1.3215
1.62275 1.321
1.61871 1.3205
1.61469 1.32
1.61067 1.3195
1.60662 1.319
1.60251 1.3185
1.59848 1.318
1.59438 1.3175
1.59033 1.317
1.58623 1.3165
1.58214 1.316
1.57809 1.3155
1.57406 1.315
1.57004 1.3145
1.566 1.314
1.56194 1.3135
1.55788 1.313
1.55381 1.3125
1.54977 1.312
1.54571 1.3115
1.5416 1.311
1.53752 1.3105
1.53345 1.31
1.52943 1.3095
1.52542 1.309
1.52133 1.3085
1.51728 1.308
1.51324 1.3075
1.50921 1.307
1.50516 1.3065
1.50109 1.306
1.49708 1.3055
1.49301 1.305
1.48897 1.3045
1.48489 1.304
1.48086 1.3035
1.47681 1.303
1.47278 1.3025
1.46872 1.302
1.4647 1.3015
1.46063 1.301
1.45658 1.3005
1.45257 1.3
1.44846 1.2995
1.44446 1.299
1.44041 1.2985
1.43635 1.298
1.43233 1.2975
1.42831 1.297
1.42426 1.2965
1.42019 1.296
1.41613 1.2955
1.4121 1.295
1.40808 1.2945
1.404 1.294
1.39987 1.2935
1.39585 1.293
1.39184 1.2925
1.38781 1.292
1.38377 1.2915
1.37974 1.291
1.37571 1.2905
1.37162 1.29
1.3676 1.2895
1.36356 1.289
1.35953 1.2885
1.35551 1.288
1.35142 1.2875
1.34734 1.287
1.34327 1.2865
1.33925 1.286
1.33522 1.2855
1.3312 1.285
1.32719 1.2845
1.32317 1.284
1.31912 1.2835
1.31511 1.283
1.31108 1.2825
1.30698 1.282
1.3029 1.2815
1.29886 1.281
1.29481 1.2805
1.29077 1.28
1.28673 1.2795
1.28268 1.279
1.27868 1.2785
1.27465 1.278
1.27059 1.2775
1.26656 1.277
1.26254 1.2765
1.25847 1.276
1.25441 1.2755
1.25041 1.275
1.24637 1.2745
1.24235 1.274
1.23834 1.2735
1.23433 1.273
1.23032 1.2725
1.22629 1.272
1.22227 1.2715
1.21827 1.271
1.21424 1.2705
1.2102 1.27
1.20614 1.2695
1.20211 1.269
1.19804 1.2685
1.19403 1.268
1.19 1.2675
1.18595 1.267
1.18191 1.2665
1.17785 1.266
1.17384 1.2655
1.16979 1.265
1.16574 1.2645
1.16172 1.264
1.15769 1.2635
1.15365 1.263
1.14964 1.2625
1.14561 1.262
1.14159 1.2615
1.13754 1.261
1.13352 1.2605
1.1295 1.26
1.12547 1.2595
1.12143 1.259
1.1174 1.2585
1.11335 1.258
1.10934 1.2575
1.10529 1.257
1.10129 1.2565
1.09725 1.256
1.09313 1.2555
1.0891 1.255
1.08507 1.2545
1.08106 1.254
1.07706 1.2535
1.07294 1.253
1.06889 1.2525
1.06488 1.252
1.06086 1.2515
1.05684 1.251
1.0528 1.2505
1.04878 1.25
1.04474 1.2495
1.0407 1.249
1.03669 1.2485
1.03268 1.248
1.02863 1.2475
1.02461 1.247
1.0206 1.2465
1.01656 1.246
1.01254 1.2455
1.00852 1.245
1.0045 1.2445
1.0005 1.244
0.99649 1.2435
0.992466 1.243
0.988423 1.2425
0.9844 1.242
0.980223 1.2415
0.976183 1.241
0.972166 1.2405
0.96813 1.24
0.964081 1.2395
0.960061 1.239
0.956059 1.2385
0.952039 1.238
0.94801 1.2375
0.943954 1.237
0.939922 1.2365
0.935868 1.236
0.931841 1.2355
0.927822 1.235
0.923818 1.2345
0.919799 1.234
0.915767 1.2335
0.91176 1.233
0.907745 1.2325
0.903696 1.232
0.899685 1.2315
0.895659 1.231
0.891616 1.2305
0.887609 1.23
0.883582 1.2295
0.879565 1.229
0.875512 1.2285
0.871485 1.228
0.867469 1.2275
0.863454 1.227
0.859432 1.2265
0.855399 1.226
0.851388 1.2255
0.847367 1.225
0.843362 1.2245
0.839353 1.224
0.835316 1.2235
0.83128 1.223
0.827275 1.2225
0.823246 1.222
0.819224 1.2215
0.813794 1.221
0.809778 1.2205
0.805761 1.22
0.801734 1.2195
0.797725 1.219
0.793714 1.2185
0.78967 1.218
0.785627 1.2175
0.781618 1.217
0.777615 1.2165
0.773606 1.216
0.769584 1.2155
0.765571 1.215
0.76156 1.2145
0.757533 1.214
0.7535 1.2135
0.749482 1.213
0.745428 1.2125
0.741382 1.212
0.737373 1.2115
0.733349 1.211
0.729345 1.2105
0.725323 1.21
0.721315 1.2095
0.717297 1.209
0.713297 1.2085
0.709274 1.208
0.705254 1.2075
0.701236 1.207
0.69723 1.2065
0.693215 1.206
0.689183 1.2055
0.685163 1.205
0.681144 1.2045
0.677125 1.204
0.673115 1.2035
0.669101 1.203
0.665078 1.2025
0.66107 1.202
0.657064 1.2015
0.653026 1.201
0.649012 1.2005
0.644998 1.2
0.640989 1.1995
0.636985 1.199
0.632985 1.1985
0.628977 1.198
0.624961 1.1975
0.620935 1.197
0.616914 1.1965
0.612898 1.196
0.608886 1.1955
0.604885 1.195
0.600853 1.1945
0.596829 1.194
0.592784 1.1935
0.58878 1.193
0.584773 1.1925
0.580753 1.192
0.57675 1.1915
0.572699 1.191
0.568675 1.1905
0.564659 1.19
0.560651 1.1895
0.55665 1.189
0.552629 1.1885
0.548622 1.188
0.544611 1.1875
0.540607 1.187
0.536599 1.1865
0.532585 1.186
0.528578 1.1855
0.524535 1.185
0.520417 1.1845
0.516402 1.184
0.512383 1.1835
0.508355 1.183
0.504318 1.1825
0.500318 1.182
0.496308 1.1815
0.492307 1.181
0.488293 1.1805
0.484263 1.18
0.48026 1.1795
0.476239 1.179
0.472188 1.1785
0.468152 1.178
0.464109 1.1775
0.460101 1.177
0.456024 1.1765
0.451993 1.176
0.447977 1.1755
0.443956 1.175
0.439934 1.1745
0.435929 1.174
0.43188 1.1735
0.427871 1.173
0.423862 1.1725
0.419851 1.172
0.415819 1.1715
0.411808 1.171
0.40779 1.1705
0.403772 1.17
0.399757 1.1695
0.395734 1.169
0.3917 1.1685
0.387682 1.168
0.383659 1.1675
0.379639 1.167
0.375619 1.1665
0.371608 1.166
0.367591 1.1655
0.36358 1.165
0.359547 1.1645
0.355514 1.164
0.351505 1.1635
0.347485 1.163
0.343481 1.1625
0.339481 1.162
0.335475 1.1615
0.331463 1.161
0.327457 1.1605
0.323447 1.16
0.319429 1.1595
0.315414 1.159
0.311398 1.1585
0.307398 1.158
0.303384 1.1575
0.299377 1.157
0.295366 1.1565
0.291366 1.156
0.287333 1.1555
0.283313 1.155
0.279292 1.1545
0.275255 1.154
0.271225 1.1535
0.267205 1.153
0.263202 1.1525
0.259167 1.152
0.255149 1.1515
0.25111 1.151
0.247065 1.1505
0.243054 1.15
0.23905 1.1495
0.235049 1.149
0.231011 1.1485
0.226476 1.148
0.222461 1.1475
0.218444 1.147
0.214442 1.1465
0.210424 1.146
0.206424 1.1455
0.202416 1.145
0.198368 1.1445
0.194272 1.144
0.190238 1.1435
0.186229 1.143
0.182223 1.1425
0.178194 1.142
0.174182 1.1415
0.170151 1.141
0.166134 1.1405
0.162085 1.14
0.158076 1.1395
0.154063 1.139
0.150045 1.1385
0.146036 1.138
0.142023 1.1375
0.138 1.137
0.133978 1.1365
0.129977 1.136
0.125975 1.1355
0.121971 1.135
0.117966 1.1345
0.113965 1.134
0.109951 1.1335
0.105917 1.133
0.101905 1.1325
0.0978911 1.132
0.0934384 1.1315
0.0894371 1.131
0.0854265 1.1305
0.0814186 1.13
0.0774101 1.1295
0.0733907 1.129
0.0693871 1.1285
0.0653798 1.128
0.0613527 1.1275
0.0573424 1.127
0.0533166 1.1265
0.0493157 1.126
0.0452891 1.1255
0.041283 1.125
0.0372666 1.1245
0.0332648 1.124
0.0292478 1.1235
0.0252203 1.123
0.0212151 1.1225
0.0172092 1.122
0.0131856 1.1215
0.00917845 1.121
0.00517164 1.1205
0.0011629 1.12
-0.00284215 1.1195
-0.00684215 1.119
-0.0108487 1.1185
-0.0149597 1.118
-0.0189711 1.1175
-0.0229949 1.117
-0.0270124 1.1165
-0.031013 1.116
-0.0350291 1.1155
-0.0390446 1.115
-0.0430474 1.1145
-0.0471067 1.114
-0.0511072 1.1135
-0.055123 1.113
-0.0591255 1.1125
-0.0631256 1.112
-0.0671714 1.1115
-0.0711924 1.111
-0.0751977 1.1105
-0.0792338 1.11
-0.0832442 1.1095
-0.0872553 1.109
-0.0912663 1.1085
-0.0953185 1.108
-0.0993185 1.1075
-0.103885 1.107
-0.107899 1.1065
-0.111903 1.106
-0.115909 1.1055
-0.119923 1.105
-0.123931 1.1045
-0.127944 1.104
-0.131948 1.1035
-0.135948 1.103
-0.139952 1.1025
-0.143952 1.102
-0.147978 1.1015
-0.151982 1.101
-0.15599 1.1005
-0.15999 1.1
-0.164014 1.0995
-0.168024 1.099
-0.172025 1.0985
-0.176056 1.098
-0.180064 1.0975
-0.184064 1.097
-0.188072 1.0965
-0.192081 1.096
-0.196081 1.0955
-0.200081 1.095
-0.204086 1.0945
-0.208089 1.094
-0.212089 1.0935
-0.21609 1.093
-0.220098 1.0925
-0.22411 1.092
-0.228122 1.0915
-0.232144 1.091
-0.236156 1.0905
-0.240202 1.09
-0.244212 1.0895
-0.248213 1.089
-0.252214 1.0885
-0.256217 1.088
-0.260217 1.0875
-0.264225 1.087
-0.268236 1.0865
-0.272237 1.086
-0.276267 1.0855
-0.280271 1.085
-0.284315 1.0845
-0.288325 1.084
-0.292338 1.0835
-0.296355 1.083
-0.300377 1.0825
-0.304377 1.082
-0.308412 1.0815
-0.312439 1.081
-0.316454 1.0805
-0.320473 1.08
-0.32449 1.0795
-0.3285 1.079
-0.332509 1.0785
-0.336538 1.078
-0.340549 1.0775
-0.344559 1.077
-0.34857 1.0765
-0.352583 1.076
-0.356589 1.0755
-0.360593 1.075
-0.364599 1.0745
-0.368612 1.074
-0.372624 1.0735
-0.376637 1.073
-0.380637 1.0725
-0.384645 1.072
-0.388647 1.0715
-0.39265 1.071
-0.396669 1.0705
-0.400691 1.07
-0.406828 1.0695
-0.410833 1.069
-0.414877 1.0685
-0.4189 1.068
-0.422911 1.0675
-0.426921 1.067
-0.430929 1.0665
-0.434949 1.066
-0.438959 1.0655
-0.442961 1.065
-0.446988 1.0645
-0.450993 1.064
-0.454997 1.0635
-0.459032 1.063
-0.463033 1.0625
-0.467045 1.062
-0.47105 1.0615
-0.475077 1.061
-0.479083 1.0605
-0.483091 1.06
-0.487117 1.0595
-0.491122 1.059
-0.495131 1.0585
-0.499136 1.058
-0.503137 1.0575
-0.507146 1.057
-0.511149 1.0565
-0.51515 1.056
-0.519152 1.0555
-0.523162 1.055
-0.527162 1.0545
-0.531171 1.054
-0.535177 1.0535
-0.539196 1.053
-0.543201 1.0525
-0.547204 1.052
-0.551204 1.0515
-0.555207 1.051
-0.559209 1.0505
-0.563213 1.05
-0.567216 1.0495
-0.571217 1.049
-0.575218 1.0485
-0.579226 1.048
-0.583617 1.0475
-0.58762 1.047
-0.59162 1.0465
-0.595624 1.046
-0.599631 1.0455
-0.603633 1.045
-0.607646 1.0445
-0.61167 1.044
-0.615689 1.0435
-0.619739 1.043
-0.623743 1.0425
-0.627759 1.042
-0.631763 1.0415
-0.635763 1.041
-0.639776 1.0405
-0.64378 1.04
-0.647786 1.0395
-0.65179 1.039
-0.655807 1.0385
-0.659822 1.038
-0.663835 1.0375
-0.667838 1.037
-0.674343 1.0365
-0.678345 1.036
-0.682346 1.0355
-0.686392 1.035
-0.690397 1.0345
-0.694414 1.034
-0.698414 1.0335
-0.702429 1.033
-0.706436 1.0325
-0.710446 1.032
-0.714475 1.0315
-0.718494 1.031
-0.7225 1.0305
-0.726525 1.03
-0.730535 1.0295
-0.734543 1.029
-0.738576 1.0285
-0.742576 1.028
-0.746601 1.0275
-0.750613 1.027
-0.754627 1.0265
-0.758655 1.026
-0.762656 1.0255
-0.766666 1.025
-0.770669 1.0245
-0.77467 1.024
-0.779625 1.0235
-0.783639 1.023
-0.787639 1.0225
-0.791653 1.022
-0.795658 1.0215
-0.799662 1.021
-0.803662 1.0205
-0.808071 1.02
-0.812075 1.0195
-0.81608 1.019
-0.820081 1.0185
-0.824099 1.018
-0.8281 1.0175
-0.8321 1.017
-0.8361 1.0165
-0.840101 1.016
-0.844101 1.0155
-0.848115 1.015
-0.852125 1.0145
-0.856133 1.014
-0.860138 1.0135
-0.864153 1.013
-0.868196 1.0125
-0.8722 1.012
-0.8762 1.0115
-0.880201 1.011
-0.884206 1.0105
-0.888212 1.01
-0.892254 1.0095
-0.896254 1.009
-0.900265 1.0085
-0.904267 1.008
-0.908267 1.0075
-0.912271 1.007
-0.916283 1.0065
-0.9203 1.006
-0.92448 1.0055
-0.928496 1.005
-0.932504 1.0045
-0.936504 1.004
-0.940504 1.0035
-0.944535 1.003
-0.94855 1.0025
-0.952551 1.002
-0.956567 1.0015
-0.960568 1.001
-0.96458 1.0005
-0.968583 1
