Man
0 0
0.005751 0.001002
0.003478 0.00200401
-0.000818432 0.00300601
-0.00575965 0.00400802
-0.0106574 0.00501002
-0.0100021 0.00601202
-0.0144858 0.00701403
-0.0214324 0.00801603
-0.0265892 0.00901804
-0.0277157 0.01002
-0.0350713 0.011022
-0.0394137 0.012024
-0.0420982 0.0130261
-0.0440334 0.0140281
-0.0528759 0.0150301
-0.0536571 0.0160321
-0.0574084 0.0170341
-0.0574674 0.0180361
-0.0652879 0.0190381
-0.0657721 0.0200401
-0.0686083 0.0210421
-0.0745478 0.0220441
-0.0812845 0.0230461
-0.089426 0.0240481
-0.090938 0.0250501
-0.0968403 0.0260521
-0.0983817 0.0270541
-0.0960557 0.0280561
-0.10202 0.0290581
-0.107901 0.0300601
-0.110525 0.0310621
-0.11279 0.0320641
-0.117484 0.0330661
-0.123984 0.0340681
-0.132254 0.0350701
-0.134691 0.0360721
-0.135267 0.0370741
-0.140697 0.0380762
-0.146525 0.0390782
-0.153282 0.0400802
-0.155935 0.0410822
-0.165445 0.0420842
-0.169433 0.0430862
-0.171817 0.0440882
-0.173822 0.0450902
-0.180018 0.0460922
-0.180513 0.0470942
-0.18703 0.0480962
-0.190304 0.0490982
-0.193881 0.0501002
-0.200768 0.0511022
-0.201974 0.0521042
-0.210292 0.0531062
-0.204166 0.0541082
-0.214903 0.0551102
-0.218685 0.0561122
-0.221153 0.0571142
-0.224513 0.0581162
-0.232319 0.0591182
-0.237553 0.0601202
-0.243862 0.0611222
-0.245819 0.0621242
-0.249777 0.0631263
-0.257159 0.0641283
-0.260957 0.0651303
-0.261462 0.0661323
-0.268042 0.0671343
-0.272248 0.0681363
-0.272644 0.0691383
-0.276879 0.0701403
-0.279454 0.0711423
-0.288397 0.0721443
-0.292911 0.0731463
-0.299359 0.0741483
-0.300302 0.0751503
-0.30161 0.0761523
-0.306391 0.0771543
-0.309603 0.0781563
-0.312297 0.0791583
-0.314718 0.0801603
-0.323774 0.0811623
-0.327855 0.0821643
-0.328202 0.0831663
-0.330734 0.0841683
-0.33423 0.0851703
-0.340184 0.0861723
-0.348175 0.0871743
-0.354506 0.0881764
-0.362709 0.0891784
-0.367071 0.0901804
-0.373177 0.0911824
-0.377312 0.0921844
-0.379416 0.0931864
-0.382411 0.0941884
-0.384427 0.0951904
-0.393775 0.0961924
-0.394631 0.0971944
-0.401606 0.0981964
-0.403115 0.0991984
-0.411593 0.1002
-0.413612 0.101202
-0.422026 0.102204
-0.426592 0.103206
-0.427226 0.104208
-0.432264 0.10521
-0.436752 0.106212
-0.439564 0.107214
-0.446153 0.108216
-0.449805 0.109218
-0.456368 0.11022
-0.457364 0.111222
-0.464186 0.112224
-0.46943 0.113226
-0.475692 0.114228
-0.476303 0.11523
-0.485284 0.116232
-0.4914 0.117234
-0.494057 0.118236
-0.498472 0.119238
-0.500735 0.12024
-0.501265 0.121242
-0.506703 0.122244
-0.512358 0.123246
-0.519502 0.124248
-0.526824 0.125251
-0.531987 0.126253
-0.534223 0.127255
-0.540532 0.128257
-0.544048 0.129259
-0.552188 0.130261
-0.55326 0.131263
-0.554664 0.132265
-0.560167 0.133267
-0.563569 0.134269
-0.565542 0.135271
-0.567158 0.136273
-0.571439 0.137275
-0.578693 0.138277
-0.584772 0.139279
-0.589287 0.140281
-0.591662 0.141283
-0.596786 0.142285
-0.602443 0.143287
-0.607661 0.144289
-0.611109 0.145291
-0.61905 0.146293
-0.619423 0.147295
-0.623922 0.148297
-0.62889 0.149299
-0.630954 0.150301
-0.632264 0.151303
-0.63699 0.152305
-0.642067 0.153307
-0.64443 0.154309
-0.650972 0.155311
-0.654951 0.156313
-0.654196 0.157315
-0.655226 0.158317
-0.657698 0.159319
-0.661698 0.160321
-0.663468 0.161323
-0.667295 0.162325
-0.671406 0.163327
-0.673739 0.164329
-0.677543 0.165331
-0.682288 0.166333
-0.685467 0.167335
-0.688085 0.168337
-0.690891 0.169339
-0.69541 0.170341
-0.698285 0.171343
-0.699966 0.172345
-0.703419 0.173347
-0.706261 0.174349
-0.708745 0.175351
-0.711011 0.176353
-0.713042 0.177355
-0.71591 0.178357
-0.718504 0.179359
-0.720447 0.180361
-0.720665 0.181363
-0.722967 0.182365
-0.725359 0.183367
-0.729016 0.184369
-0.730858 0.185371
-0.73318 0.186373
-0.734691 0.187375
-0.737152 0.188377
-0.740161 0.189379
-0.742737 0.190381
-0.744727 0.191383
-0.747157 0.192385
-0.748912 0.193387
-0.750468 0.194389
-0.75294 0.195391
-0.754743 0.196393
-0.756921 0.197395
-0.758471 0.198397
-0.759681 0.199399
-0.762417 0.200401
-0.764158 0.201403
-0.766212 0.202405
-0.767791 0.203407
-0.769373 0.204409
-0.770925 0.205411
-0.773004 0.206413
-0.773777 0.207415
-0.77524 0.208417
-0.777044 0.209419
-0.778324 0.210421
-0.779961 0.211423
-0.781274 0.212425
-0.78295 0.213427
-0.784809 0.214429
-0.78647 0.215431
-0.787696 0.216433
-0.789044 0.217435
-0.790414 0.218437
-0.791701 0.219439
-0.793004 0.220441
-0.79417 0.221443
-0.795328 0.222445
-0.796294 0.223447
-0.797724 0.224449
-0.798704 0.225451
-0.799821 0.226453
-0.801321 0.227455
-0.802623 0.228457
-0.803937 0.229459
-0.804783 0.230461
-0.806253 0.231463
-0.807399 0.232465
-0.808767 0.233467
-0.80999 0.234469
-0.810858 0.235471
-0.811814 0.236473
-0.812787 0.237475
-0.813816 0.238477
-0.81443 0.239479
-0.815513 0.240481
-0.8166 0.241483
-0.817802 0.242485
-0.818813 0.243487
-0.820064 0.244489
-0.821204 0.245491
-0.822123 0.246493
-0.823103 0.247495
-0.823834 0.248497
-0.824988 0.249499
-0.825831 0.250501
-0.825933 0.251503
-0.82693 0.252505
-0.827819 0.253507
-0.828309 0.254509
-0.829112 0.255511
-0.830152 0.256513
-0.830487 0.257515
-0.83157 0.258517
-0.832666 0.259519
-0.833366 0.260521
-0.834421 0.261523
-0.835575 0.262525
-0.836338 0.263527
-0.837098 0.264529
-0.837974 0.265531
-0.838869 0.266533
-0.839563 0.267535
-0.84083 0.268537
-0.841626 0.269539
-0.842484 0.270541
-0.840207 0.271543
-0.840931 0.272545
-0.841583 0.273547
-0.842598 0.274549
-0.84339 0.275551
-0.843911 0.276553
-0.844759 0.277555
-0.845652 0.278557
-0.846644 0.279559
-0.847337 0.280561
-0.848111 0.281563
-0.848473 0.282565
-0.849064 0.283567
-0.849763 0.284569
-0.850346 0.285571
-0.850942 0.286573
-0.851597 0.287575
-0.852157 0.288577
-0.852752 0.289579
-0.853625 0.290581
-0.854153 0.291583
-0.854758 0.292585
-0.85542 0.293587
-0.855738 0.294589
-0.856245 0.295591
-0.856768 0.296593
-0.857366 0.297595
-0.858018 0.298597
-0.858408 0.299599
-0.858922 0.300601
-0.859332 0.301603
-0.859602 0.302605
-0.860316 0.303607
-0.860842 0.304609
-0.861441 0.305611
-0.861952 0.306613
-0.862469 0.307615
-0.863263 0.308617
-0.863826 0.309619
-0.864397 0.310621
-0.864839 0.311623
-0.865481 0.312625
-0.866273 0.313627
-0.866704 0.314629
-0.867123 0.315631
-0.86775 0.316633
-0.868122 0.317635
-0.868774 0.318637
-0.869178 0.319639
-0.869973 0.320641
-0.870406 0.321643
-0.871176 0.322645
-0.871468 0.323647
-0.871797 0.324649
-0.872365 0.325651
-0.872924 0.326653
-0.873424 0.327655
-0.87376 0.328657
-0.874012 0.329659
-0.874385 0.330661
-0.874811 0.331663
-0.875424 0.332665
-0.875861 0.333667
-0.876341 0.334669
-0.876796 0.335671
-0.877439 0.336673
-0.877831 0.337675
-0.87825 0.338677
-0.878907 0.339679
-0.879427 0.340681
-0.879872 0.341683
-0.880517 0.342685
-0.881042 0.343687
-0.881468 0.344689
-0.881789 0.345691
-0.882095 0.346693
-0.882778 0.347695
-0.883279 0.348697
-0.88351 0.349699
-0.883962 0.350701
-0.884417 0.351703
-0.8849 0.352705
-0.885352 0.353707
-0.88587 0.354709
-0.886334 0.355711
-0.886921 0.356713
-0.887419 0.357715
-0.887667 0.358717
-0.888204 0.359719
-0.888504 0.360721
-0.88874 0.361723
-0.889379 0.362725
-0.889806 0.363727
-0.890119 0.364729
-0.890437 0.365731
-0.890952 0.366733
-0.891455 0.367735
-0.891808 0.368737
-0.892314 0.369739
-0.892536 0.370741
-0.893169 0.371743
-0.893425 0.372745
-0.893896 0.373747
-0.894432 0.374749
-0.894748 0.375752
-0.895142 0.376754
-0.895587 0.377756
-0.896137 0.378758
-0.896501 0.37976
-0.896798 0.380762
-0.897043 0.381764
-0.897335 0.382766
-0.897833 0.383768
-0.898116 0.38477
-0.898455 0.385772
-0.89902 0.386774
-0.899462 0.387776
-0.899781 0.388778
-0.900099 0.38978
-0.900376 0.390782
-0.900634 0.391784
-0.901141 0.392786
-0.901767 0.393788
-0.902114 0.39479
-0.902246 0.395792
-0.902623 0.396794
-0.902932 0.397796
-0.90333 0.398798
-0.903575 0.3998
-0.903893 0.400802
-0.90423 0.401804
-0.904445 0.402806
-0.904905 0.403808
-0.905184 0.40481
-0.905618 0.405812
-0.9059 0.406814
-0.906289 0.407816
-0.906619 0.408818
-0.906839 0.40982
-0.907142 0.410822
-0.907363 0.411824
-0.907674 0.412826
-0.908047 0.413828
-0.908398 0.41483
-0.908579 0.415832
-0.909059 0.416834
-0.909343 0.417836
-0.909727 0.418838
-0.910093 0.41984
-0.910367 0.420842
-0.910621 0.421844
-0.910834 0.422846
-0.911312 0.423848
-0.9117 0.42485
-0.91199 0.425852
-0.910968 0.426854
-0.911212 0.427856
-0.911507 0.428858
-0.911635 0.42986
-0.911977 0.430862
-0.9123 0.431864
-0.912597 0.432866
-0.912851 0.433868
-0.912984 0.43487
-0.913413 0.435872
-0.913675 0.436874
-0.914184 0.437876
-0.914582 0.438878
-0.914994 0.43988
-0.915114 0.440882
-0.915378 0.441884
-0.915537 0.442886
-0.915922 0.443888
-0.916201 0.44489
-0.916454 0.445892
-0.91669 0.446894
-0.916951 0.447896
-0.91708 0.448898
-0.917214 0.4499
-0.917464 0.450902
-0.917596 0.451904
-0.917861 0.452906
-0.918195 0.453908
-0.918361 0.45491
-0.91863 0.455912
-0.918789 0.456914
-0.918903 0.457916
-0.919042 0.458918
-0.919255 0.45992
-0.919428 0.460922
-0.919622 0.461924
-0.919938 0.462926
-0.92012 0.463928
-0.920295 0.46493
-0.92063 0.465932
-0.920921 0.466934
-0.921191 0.467936
-0.921463 0.468938
-0.921797 0.46994
-0.92212 0.470942
-0.922393 0.471944
-0.922584 0.472946
-0.922881 0.473948
-0.923141 0.47495
-0.923263 0.475952
-0.923424 0.476954
-0.923582 0.477956
-0.923949 0.478958
-0.924243 0.47996
-0.924507 0.480962
-0.924713 0.481964
-0.924986 0.482966
-0.925323 0.483968
-0.925574 0.48497
-0.925899 0.485972
-0.925951 0.486974
-0.926284 0.487976
-0.926709 0.488978
-0.926973 0.48998
-0.927218 0.490982
-0.927603 0.491984
-0.927871 0.492986
-0.928202 0.493988
-0.928401 0.49499
-0.92874 0.495992
-0.928965 0.496994
-0.929297 0.497996
-0.929397 0.498998
-0.92966 0.5
-0.929861 0.501002
-0.930044 0.502004
-0.930277 0.503006
-0.930593 0.504008
-0.930753 0.50501
-0.930994 0.506012
-0.931031 0.507014
-0.931342 0.508016
-0.931455 0.509018
-0.931577 0.51002
-0.931652 0.511022
-0.93185 0.512024
-0.93146 0.513026
-0.931598 0.514028
-0.931893 0.51503
-0.93225 0.516032
-0.932363 0.517034
-0.93251 0.518036
-0.932667 0.519038
-0.932877 0.52004
-0.933078 0.521042
-0.933187 0.522044
-0.933407 0.523046
-0.933351 0.524048
-0.933427 0.52505
-0.933602 0.526052
-0.933904 0.527054
-0.934151 0.528056
-0.934448 0.529058
-0.93452 0.53006
-0.93472 0.531062
-0.93497 0.532064
-0.934992 0.533066
-0.935214 0.534068
-0.935434 0.53507
-0.93558 0.536072
-0.935647 0.537074
-0.935784 0.538076
-0.936036 0.539078
-0.936132 0.54008
-0.936293 0.541082
-0.936504 0.542084
-0.936636 0.543086
-0.936867 0.544088
-0.937084 0.54509
-0.937331 0.546092
-0.937463 0.547094
-0.937745 0.548096
-0.937941 0.549098
-0.938144 0.5501
-0.938258 0.551102
-0.938281 0.552104
-0.938527 0.553106
-0.938643 0.554108
-0.938829 0.55511
-0.939063 0.556112
-0.939307 0.557114
-0.9394 0.558116
-0.939487 0.559118
-0.939693 0.56012
-0.93992 0.561122
-0.940081 0.562124
-0.940209 0.563126
-0.939999 0.564128
-0.940196 0.56513
-0.940397 0.566132
-0.940535 0.567134
-0.940633 0.568136
-0.940793 0.569138
-0.940905 0.57014
-0.941054 0.571142
-0.941283 0.572144
-0.941605 0.573146
-0.941682 0.574148
-0.941935 0.57515
-0.942181 0.576152
-0.942317 0.577154
-0.942561 0.578156
-0.942668 0.579158
-0.942786 0.58016
-0.942965 0.581162
-0.943244 0.582164
-0.943375 0.583166
-0.943477 0.584168
-0.943701 0.58517
-0.943869 0.586172
-0.943979 0.587174
-0.944029 0.588176
-0.944235 0.589178
-0.944381 0.59018
-0.944502 0.591182
-0.944664 0.592184
-0.944772 0.593186
-0.943626 0.594188
-0.943751 0.59519
-0.943878 0.596192
-0.943935 0.597194
-0.94409 0.598196
-0.944292 0.599198
-0.944435 0.6002
-0.944599 0.601202
-0.944733 0.602204
-0.944822 0.603206
-0.944992 0.604208
-0.945077 0.60521
-0.945246 0.606212
-0.945501 0.607214
-0.945625 0.608216
-0.94586 0.609218
-0.94602 0.61022
-0.946207 0.611222
-0.946433 0.612224
-0.946691 0.613226
-0.946787 0.614228
-0.946993 0.61523
-0.947195 0.616232
-0.947293 0.617234
-0.947507 0.618236
-0.947676 0.619238
-0.94772 0.62024
-0.947426 0.621242
-0.947567 0.622244
-0.947781 0.623246
-0.947822 0.624248
-0.94784 0.625251
-0.948007 0.626253
-0.948077 0.627255
-0.94824 0.628257
-0.948384 0.629259
-0.948548 0.630261
-0.948656 0.631263
-0.948813 0.632265
-0.948926 0.633267
-0.948482 0.634269
-0.948659 0.635271
-0.948726 0.636273
-0.948835 0.637275
-0.948931 0.638277
-0.948996 0.639279
-0.949129 0.640281
-0.949273 0.641283
-0.94947 0.642285
-0.94968 0.643287
-0.949829 0.644289
-0.949956 0.645291
-0.950069 0.646293
-0.950229 0.647295
-0.950444 0.648297
-0.950485 0.649299
-0.950622 0.650301
-0.950692 0.651303
-0.950888 0.652305
-0.951019 0.653307
-0.951108 0.654309
-0.951195 0.655311
-0.951312 0.656313
-0.951467 0.657315
-0.951632 0.658317
-0.951814 0.659319
-0.951971 0.660321
-0.952244 0.661323
-0.952324 0.662325
-0.955429 0.663327
-0.955408 0.664329
-0.955595 0.665331
-0.955683 0.666333
-0.955807 0.667335
-0.955963 0.668337
-0.956051 0.669339
-0.956125 0.670341
-0.956324 0.671343
-0.956494 0.672345
-0.956574 0.673347
-0.956622 0.674349
-0.95679 0.675351
-0.956957 0.676353
-0.957093 0.677355
-0.957137 0.678357
-0.957264 0.679359
-0.957369 0.680361
-0.957354 0.681363
-0.95742 0.682365
-0.957451 0.683367
-0.95758 0.684369
-0.957695 0.685371
-0.957784 0.686373
-0.957861 0.687375
-0.958008 0.688377
-0.958163 0.689379
-0.958306 0.690381
-0.958398 0.691383
-0.958501 0.692385
-0.958577 0.693387
-0.958647 0.694389
-0.958779 0.695391
-0.95887 0.696393
-0.958891 0.697395
-0.958996 0.698397
-0.959091 0.699399
-0.959174 0.700401
-0.959361 0.701403
-0.959412 0.702405
-0.959442 0.703407
-0.959543 0.704409
-0.959517 0.705411
-0.959634 0.706413
-0.959745 0.707415
-0.959848 0.708417
-0.959946 0.709419
-0.960077 0.710421
-0.960217 0.711423
-0.960349 0.712425
-0.960456 0.713427
-0.960619 0.714429
-0.960682 0.715431
-0.960835 0.716433
-0.960939 0.717435
-0.961013 0.718437
-0.961207 0.719439
-0.961194 0.720441
-0.961327 0.721443
-0.961462 0.722445
-0.96152 0.723447
-0.961572 0.724449
-0.9616 0.725451
-0.961782 0.726453
-0.961902 0.727455
-0.961953 0.728457
-0.961981 0.729459
-0.961235 0.730461
-0.961316 0.731463
-0.961404 0.732465
-0.961482 0.733467
-0.961508 0.734469
-0.961683 0.735471
-0.961764 0.736473
-0.961947 0.737475
-0.962039 0.738477
-0.962081 0.739479
-0.962199 0.740481
-0.962314 0.741483
-0.962427 0.742485
-0.962491 0.743487
-0.962581 0.744489
-0.962787 0.745491
-0.962827 0.746493
-0.962938 0.747495
-0.962374 0.748497
-0.962476 0.749499
-0.962601 0.750501
-0.96266 0.751503
-0.962707 0.752505
-0.96274 0.753507
-0.962817 0.754509
-0.96294 0.755511
-0.963062 0.756513
-0.963121 0.757515
-0.963247 0.758517
-0.962019 0.759519
-0.96208 0.760521
-0.962206 0.761523
-0.962226 0.762525
-0.962237 0.763527
-0.962249 0.764529
-0.962279 0.765531
-0.962403 0.766533
-0.962389 0.767535
-0.962476 0.768537
-0.962541 0.769539
-0.962661 0.770541
-0.962722 0.771543
-0.962788 0.772545
-0.962958 0.773547
-0.963113 0.774549
-0.963192 0.775551
-0.963258 0.776553
-0.963382 0.777555
-0.963415 0.778557
-0.963414 0.779559
-0.963578 0.780561
-0.963657 0.781563
-0.963774 0.782565
-0.96386 0.783567
-0.963931 0.784569
-0.96396 0.785571
-0.96402 0.786573
-0.964062 0.787575
-0.964069 0.788577
-0.964223 0.789579
-0.964306 0.790581
-0.9644 0.791583
-0.96442 0.792585
-0.964453 0.793587
-0.964553 0.794589
-0.964676 0.795591
-0.964836 0.796593
-0.964942 0.797595
-0.965076 0.798597
-0.96523 0.799599
-0.965363 0.800601
-0.965495 0.801603
-0.965672 0.802605
-0.965784 0.803607
-0.965868 0.804609
-0.966022 0.805611
-0.965967 0.806613
-0.966094 0.807615
-0.966113 0.808617
-0.966167 0.809619
-0.96622 0.810621
-0.966294 0.811623
-0.966356 0.812625
-0.966431 0.813627
-0.966448 0.814629
-0.966511 0.815631
-0.96659 0.816633
-0.96668 0.817635
-0.966879 0.818637
-0.966914 0.819639
-0.96704 0.820641
-0.96714 0.821643
-0.967191 0.822645
-0.967192 0.823647
-0.967232 0.824649
-0.967299 0.825651
-0.967442 0.826653
-0.967475 0.827655
-0.967592 0.828657
-0.967565 0.829659
-0.967661 0.830661
-0.967751 0.831663
-0.967876 0.832665
-0.967907 0.833667
-0.968004 0.834669
-0.968004 0.835671
-0.968171 0.836673
-0.968205 0.837675
-0.968256 0.838677
-0.968303 0.839679
-0.968486 0.840681
-0.968544 0.841683
-0.968672 0.842685
-0.968761 0.843687
-0.968802 0.844689
-0.968939 0.845691
-0.969027 0.846693
-0.969123 0.847695
-0.969178 0.848697
-0.969292 0.849699
-0.96932 0.850701
-0.969406 0.851703
-0.969531 0.852705
-0.969629 0.853707
-0.96965 0.854709
-0.969748 0.855711
-0.969866 0.856713
-0.969951 0.857715
-0.970041 0.858717
-0.970196 0.859719
-0.970233 0.860721
-0.970279 0.861723
-0.970312 0.862725
-0.970446 0.863727
-0.970467 0.864729
-0.97049 0.865731
-0.97051 0.866733
-0.970452 0.867735
-0.970591 0.868737
-0.970662 0.869739
-0.970473 0.870741
-0.970553 0.871743
-0.970589 0.872745
-0.970736 0.873747
-0.970804 0.874749
-0.970931 0.875752
-0.970988 0.876754
-0.971 0.877756
-0.971067 0.878758
-0.971107 0.87976
-0.971226 0.880762
-0.971308 0.881764
-0.971448 0.882766
-0.971516 0.883768
-0.971566 0.88477
-0.971654 0.885772
-0.971663 0.886774
-0.971696 0.887776
-0.971749 0.888778
-0.971831 0.88978
-0.971868 0.890782
-0.971941 0.891784
-0.971994 0.892786
-0.972117 0.893788
-0.97218 0.89479
-0.97223 0.895792
-0.972382 0.896794
-0.97245 0.897796
-0.972505 0.898798
-0.972597 0.8998
-0.972641 0.900802
-0.972696 0.901804
-0.972792 0.902806
-0.972879 0.903808
-0.97296 0.90481
-0.972996 0.905812
-0.972995 0.906814
-0.972983 0.907816
-0.973064 0.908818
-0.973102 0.90982
-0.97276 0.910822
-0.97285 0.911824
-0.972519 0.912826
-0.972679 0.913828
-0.972773 0.91483
-0.972856 0.915832
-0.972912 0.916834
-0.972908 0.917836
-0.972937 0.918838
-0.973059 0.91984
-0.973119 0.920842
-0.973128 0.921844
-0.973121 0.922846
-0.97321 0.923848
-0.973272 0.92485
-0.973269 0.925852
-0.973373 0.926854
-0.973447 0.927856
-0.973531 0.928858
-0.973577 0.92986
-0.97304 0.930862
-0.973076 0.931864
-0.973112 0.932866
-0.973142 0.933868
-0.973166 0.93487
-0.97328 0.935872
-0.973357 0.936874
-0.973556 0.937876
-0.97357 0.938878
-0.973708 0.93988
-0.973728 0.940882
-0.97294 0.941884
-0.972989 0.942886
-0.972997 0.943888
-0.973102 0.94489
-0.973197 0.945892
-0.973255 0.946894
-0.973357 0.947896
-0.973389 0.948898
-0.973028 0.9499
-0.973075 0.950902
-0.973121 0.951904
-0.973197 0.952906
-0.97327 0.953908
-0.973339 0.95491
-0.973317 0.955912
-0.973408 0.956914
-0.97349 0.957916
-0.973563 0.958918
-0.973113 0.95992
-0.974857 0.960922
-0.974927 0.961924
-0.974988 0.962926
-0.975126 0.963928
-0.97519 0.96493
-0.975232 0.965932
-0.975286 0.966934
-0.975353 0.967936
-0.975424 0.968938
-0.975473 0.96994
-0.975543 0.970942
-0.975596 0.971944
-0.975612 0.972946
-0.975706 0.973948
-0.975753 0.97495
-0.975787 0.975952
-0.975835 0.976954
-0.975951 0.977956
-0.975996 0.978958
-0.976024 0.97996
-0.976052 0.980962
-0.97608 0.981964
-0.976123 0.982966
-0.976185 0.983968
-0.976218 0.98497
-0.976224 0.985972
-0.976302 0.986974
-0.976378 0.987976
-0.976438 0.988978
-0.976475 0.98998
-0.976522 0.990982
-0.97571 0.991984
-0.975758 0.992986
-0.975845 0.993988
-0.975905 0.99499
-0.975949 0.995992
-0.976041 0.996994
-0.976079 0.997996
-0.976185 0.998998
-0.976208 1


Shark
3.14159 1.5
3.13758 1.4995
3.13358 1.499
3.12957 1.4985
3.12556 1.498
3.12155 1.49749
3.11754 1.49699
3.11353 1.49649
3.10952 1.49599
3.10551 1.49549
3.1015 1.49499
3.09748 1.49449
3.09347 1.49399
3.08946 1.49349
3.08545 1.49299
3.08141 1.49248
3.0774 1.49198
3.07338 1.49148
3.06937 1.49098
3.06532 1.49048
3.06132 1.48998
3.0573 1.48948
3.05326 1.48898
3.04921 1.48848
3.04513 1.48798
3.04112 1.48747
3.03706 1.48697
3.03305 1.48647
3.02903 1.48597
3.02497 1.48547
3.0209 1.48497
3.01688 1.48447
3.01286 1.48397
3.00881 1.48347
3.00471 1.48297
3.00054 1.48246
2.99652 1.48196
2.99251 1.48146
2.98842 1.48096
2.98431 1.48046
2.98016 1.47996
2.97613 1.47946
2.97182 1.47896
2.96776 1.47846
2.96373 1.47796
2.9597 1.47745
2.95554 1.47695
2.95153 1.47645
2.94733 1.47595
2.94327 1.47545
2.9392 1.47495
2.93496 1.47445
2.93094 1.47395
2.92657 1.47345
2.92235 1.47295
2.91771 1.47244
2.91361 1.47194
2.90957 1.47144
2.90549 1.47094
2.90108 1.47044
2.89688 1.46994
2.89259 1.46944
2.88855 1.46894
2.88443 1.46844
2.88 1.46794
2.87587 1.46743
2.87186 1.46693
2.86749 1.46643
2.86332 1.46593
2.85931 1.46543
2.85513 1.46493
2.85106 1.46443
2.8463 1.46393
2.84209 1.46343
2.83765 1.46293
2.83363 1.46242
2.82961 1.46192
2.82534 1.46142
2.82121 1.46092
2.81711 1.46042
2.81303 1.45992
2.80807 1.45942
2.80385 1.45892
2.79984 1.45842
2.79574 1.45792
2.79156 1.45741
2.78706 1.45691
2.78219 1.45641
2.77761 1.45591
2.77266 1.45541
2.76835 1.45491
2.76377 1.45441
2.75949 1.45391
2.7554 1.45341
2.75124 1.45291
2.74716 1.4524
2.74179 1.4519
2.73777 1.4514
2.73292 1.4509
2.72887 1.4504
2.72363 1.4499
2.71954 1.4494
2.71427 1.4489
2.70984 1.4484
2.70582 1.4479
2.70129 1.44739
2.69686 1.44689
2.69268 1.44639
2.68776 1.44589
2.68345 1.44539
2.67852 1.44489
2.67448 1.44439
2.66945 1.44389
2.6648 1.44339
2.65988 1.44289
2.65586 1.44238
2.65009 1.44188
2.64516 1.44138
2.64097 1.44088
2.63644 1.44038
2.63229 1.43988
2.62827 1.43938
2.62347 1.43888
2.61859 1.43838
2.61325 1.43788
2.60783 1.43737
2.60305 1.43687
2.59888 1.43637
2.59374 1.43587
2.58934 1.43537
2.58352 1.43487
2.57947 1.43437
2.5754 1.43387
2.57044 1.43337
2.56603 1.43287
2.56189 1.43236
2.55778 1.43186
2.55314 1.43136
2.54748 1.43086
2.54224 1.43036
2.53751 1.42986
2.53328 1.42936
2.52833 1.42886
2.52318 1.42836
2.51817 1.42786
2.5137 1.42735
2.50757 1.42685
2.50356 1.42635
2.49875 1.42585
2.49377 1.42535
2.48957 1.42485
2.48549 1.42435
2.48056 1.42385
2.47549 1.42335
2.47123 1.42285
2.46553 1.42234
2.46081 1.42184
2.45678 1.42134
2.45272 1.42084
2.44841 1.42034
2.44366 1.41984
2.43949 1.41934
2.43478 1.41884
2.42996 1.41834
2.42567 1.41784
2.42094 1.41733
2.41585 1.41683
2.41131 1.41633
2.40693 1.41583
2.4025 1.41533
2.39745 1.41483
2.39299 1.41433
2.38882 1.41383
2.38415 1.41333
2.37968 1.41283
2.37532 1.41232
2.371 1.41182
2.36674 1.41132
2.36225 1.41082
2.35783 1.41032
2.35359 1.40982
2.34957 1.40932
2.34523 1.40882
2.34086 1.40832
2.33603 1.40782
2.3318 1.40731
2.32743 1.40681
2.32327 1.40631
2.31886 1.40581
2.31425 1.40531
2.30979 1.40481
2.3055 1.40431
2.30108 1.40381
2.29685 1.40331
2.29266 1.40281
2.28822 1.4023
2.28397 1.4018
2.27961 1.4013
2.27542 1.4008
2.27129 1.4003
2.26673 1.3998
2.26248 1.3993
2.25814 1.3988
2.25394 1.3983
2.24973 1.3978
2.24552 1.39729
2.24116 1.39679
2.2371 1.39629
2.23291 1.39579
2.22863 1.39529
2.22448 1.39479
2.22024 1.39429
2.21608 1.39379
2.21183 1.39329
2.20752 1.39279
2.20326 1.39228
2.19912 1.39178
2.19494 1.39128
2.19076 1.39078
2.1866 1.39028
2.18243 1.38978
2.17829 1.38928
2.17415 1.38878
2.17005 1.38828
2.16584 1.38778
2.16174 1.38727
2.15761 1.38677
2.15337 1.38627
2.14919 1.38577
2.14501 1.38527
2.14093 1.38477
2.13669 1.38427
2.13255 1.38377
2.12834 1.38327
2.12417 1.38277
2.12008 1.38226
2.11597 1.38176
2.11186 1.38126
2.10774 1.38076
2.10369 1.38026
2.09954 1.37976
2.0954 1.37926
2.09123 1.37876
2.0871 1.37826
2.08291 1.37776
2.07875 1.37725
2.07464 1.37675
2.07052 1.37625
2.06645 1.37575
2.06228 1.37525
2.05818 1.37475
2.05417 1.37425
2.05004 1.37375
2.04593 1.37325
2.04189 1.37275
2.0378 1.37224
2.03365 1.37174
2.02963 1.37124
2.02547 1.37074
2.02131 1.37024
2.01723 1.36974
2.01307 1.36924
2.00889 1.36874
2.0048 1.36824
2.00071 1.36774
1.9966 1.36723
1.99248 1.36673
1.9884 1.36623
1.98417 1.36573
1.98007 1.36523
1.97596 1.36473
1.97125 1.36423
1.96717 1.36373
1.9631 1.36323
1.95894 1.36273
1.95484 1.36222
1.95079 1.36172
1.94667 1.36122
1.94254 1.36072
1.93838 1.36022
1.9343 1.35972
1.9302 1.35922
1.92617 1.35872
1.92211 1.35822
1.91802 1.35772
1.91396 1.35721
1.90989 1.35671
1.90581 1.35621
1.90175 1.35571
1.89769 1.35521
1.89355 1.35471
1.8895 1.35421
1.88543 1.35371
1.88135 1.35321
1.87732 1.35271
1.87327 1.3522
1.86921 1.3517
1.86514 1.3512
1.86106 1.3507
1.85702 1.3502
1.85297 1.3497
1.84893 1.3492
1.84491 1.3487
1.84081 1.3482
1.83675 1.3477
1.83268 1.34719
1.82862 1.34669
1.82456 1.34619
1.82044 1.34569
1.81637 1.34519
1.8123 1.34469
1.80825 1.34419
1.80417 1.34369
1.80004 1.34319
1.79599 1.34269
1.79195 1.34218
1.78786 1.34168
1.78383 1.34118
1.77973 1.34068
1.77569 1.34018
1.77156 1.33968
1.76751 1.33918
1.76338 1.33868
1.75936 1.33818
1.75533 1.33768
1.75125 1.33717
1.74718 1.33667
1.74312 1.33617
1.73908 1.33567
1.73506 1.33517
1.73102 1.33467
1.72698 1.33417
1.72289 1.33367
1.71884 1.33317
1.71478 1.33267
1.71072 1.33216
1.70662 1.33166
1.70258 1.33116
1.69853 1.33066
1.69443 1.33016
1.69036 1.32966
1.6863 1.32916
1.6822 1.32866
1.67813 1.32816
1.67408 1.32766
1.67004 1.32715
1.66601 1.32665
1.66189 1.32615
1.65783 1.32565
1.6538 1.32515
1.64975 1.32465
1.64569 1.32415
1.64162 1.32365
1.63756 1.32315
1.63349 1.32265
1.62943 1.32214
1.62533 1.32164
1.62126 1.32114
1.61724 1.32064
1.61316 1.32014
1.60913 1.31964
1.6051 1.31914
1.60099 1.31864
1.59693 1.31814
1.5929 1.31764
1.58887 1.31713
1.58479 1.31663
1.58071 1.31613
1.57667 1.31563
1.57259 1.31513
1.56857 1.31463
1.56445 1.31413
1.56043 1.31363
1.55636 1.31313
1.55227 1.31263
1.54824 1.31212
1.54418 1.31162
1.54012 1.31112
1.53603 1.31062
1.53198 1.31012
1.52795 1.30962
1.52392 1.30912
1.51989 1.30862
1.51581 1.30812
1.51178 1.30762
1.50774 1.30711
1.50363 1.30661
1.49957 1.30611
1.49553 1.30561
1.49149 1.30511
1.48746 1.30461
1.48343 1.30411
1.47934 1.30361
1.47522 1.30311
1.47117 1.30261
1.46716 1.3021
1.46311 1.3016
1.45907 1.3011
1.45501 1.3006
1.45098 1.3001
1.44694 1.2996
1.4429 1.2991
1.43888 1.2986
1.4348 1.2981
1.43077 1.2976
1.4267 1.29709
1.42266 1.29659
1.41861 1.29609
1.41456 1.29559
1.41054 1.29509
1.4065 1.29459
1.40247 1.29409
1.39843 1.29359
1.39438 1.29309
1.39033 1.29259
1.38631 1.29208
1.38222 1.29158
1.37819 1.29108
1.37413 1.29058
1.37007 1.29008
1.36604 1.28958
1.36201 1.28908
1.35798 1.28858
1.35389 1.28808
1.34983 1.28758
1.34579 1.28707
1.34142 1.28657
1.33739 1.28607
1.33335 1.28557
1.32934 1.28507
1.32529 1.28457
1.32124 1.28407
1.3172 1.28357
1.31317 1.28307
1.30916 1.28257
1.30508 1.28206
1.30104 1.28156
1.29694 1.28106
1.29287 1.28056
1.2888 1.28006
1.28478 1.27956
1.28075 1.27906
1.27673 1.27856
1.27266 1.27806
1.26863 1.27756
1.26459 1.27705
1.26056 1.27655
1.25653 1.27605
1.25251 1.27555
1.2485 1.27505
1.24446 1.27455
1.24045 1.27405
1.23641 1.27355
1.23236 1.27305
1.22834 1.27255
1.2243 1.27204
1.22028 1.27154
1.21627 1.27104
1.21225 1.27054
1.20823 1.27004
1.20421 1.26954
1.20018 1.26904
1.19613 1.26854
1.19211 1.26804
1.18809 1.26754
1.18403 1.26703
1.17999 1.26653
1.17595 1.26603
1.17191 1.26553
1.16785 1.26503
1.1638 1.26453
1.15976 1.26403
1.15573 1.26353
1.15168 1.26303
1.14765 1.26253
1.14363 1.26202
1.13961 1.26152
1.13559 1.26102
1.13152 1.26052
1.12748 1.26002
1.12344 1.25952
1.11941 1.25902
1.11537 1.25852
1.11131 1.25802
1.10727 1.25752
1.10321 1.25701
1.0992 1.25651
1.09514 1.25601
1.09105 1.25551
1.08701 1.25501
1.08297 1.25451
1.07889 1.25401
1.07485 1.25351
1.07079 1.25301
1.06676 1.25251
1.0627 1.252
1.05866 1.2515
1.0546 1.251
1.05059 1.2505
1.04655 1.25
1.04252 1.2495
1.03849 1.249
1.03446 1.2485
1.0304 1.248
1.02638 1.24749
1.02234 1.24699
1.01833 1.24649
1.01427 1.24599
1.01026 1.24549
1.00624 1.24499
1.00223 1.24449
0.998205 1.24399
0.994118 1.24349
0.9901 1.24299
0.986046 1.24248
0.981971 1.24198
0.977956 1.24148
0.973936 1.24098
0.969915 1.24048
0.965883 1.23998
0.961854 1.23948
0.957839 1.23898
0.953805 1.23848
0.949795 1.23798
0.945784 1.23747
0.941759 1.23697
0.937701 1.23647
0.933659 1.23597
0.929603 1.23547
0.925592 1.23497
0.921561 1.23447
0.917518 1.23397
0.91351 1.23347
0.909474 1.23297
0.905438 1.23246
0.901418 1.23196
0.897407 1.23146
0.893389 1.23096
0.889344 1.23046
0.885331 1.22996
0.881308 1.22946
0.877274 1.22896
0.873255 1.22846
0.869216 1.22796
0.86518 1.22745
0.861136 1.22695
0.857118 1.22645
0.853062 1.22595
0.849031 1.22545
0.844999 1.22495
0.840983 1.22445
0.836975 1.22395
0.83293 1.22345
0.828913 1.22295
0.824884 1.22244
0.820843 1.22194
0.816798 1.22144
0.812785 1.22094
0.808772 1.22044
0.804737 1.21994
0.800697 1.21944
0.796673 1.21894
0.792655 1.21844
0.788619 1.21794
0.784586 1.21743
0.780552 1.21693
0.776532 1.21643
0.772518 1.21593
0.768493 1.21543
0.764477 1.21493
0.760455 1.21443
0.756413 1.21393
0.752337 1.21343
0.748325 1.21293
0.744275 1.21242
0.740228 1.21192
0.736207 1.21142
0.73216 1.21092
0.728144 1.21042
0.724127 1.20992
0.720097 1.20942
0.716037 1.20892
0.712017 1.20842
0.708002 1.20792
0.70396 1.20741
0.699933 1.20691
0.695917 1.20641
0.691907 1.20591
0.68787 1.20541
0.683847 1.20491
0.679829 1.20441
0.675802 1.20391
0.671786 1.20341
0.666942 1.20291
0.662923 1.2024
0.658904 1.2019
0.654893 1.2014
0.650868 1.2009
0.646831 1.2004
0.642808 1.1999
0.638781 1.1994
0.63476 1.1989
0.630746 1.1984
0.626717 1.1979
0.622704 1.19739
0.618675 1.19689
0.61462 1.19639
0.6106 1.19589
0.606552 1.19539
0.602525 1.19489
0.598491 1.19439
0.594445 1.19389
0.590387 1.19339
0.586372 1.19289
0.582332 1.19238
0.578294 1.19188
0.574278 1.19138
0.570236 1.19088
0.566206 1.19038
0.562196 1.18988
0.558122 1.18938
0.554099 1.18888
0.550056 1.18838
0.546046 1.18788
0.542038 1.18737
0.538008 1.18687
0.533996 1.18637
0.529967 1.18587
0.525943 1.18537
0.521914 1.18487
0.517897 1.18437
0.513869 1.18387
0.509851 1.18337
0.505688 1.18287
0.501655 1.18236
0.497643 1.18186
0.493625 1.18136
0.48961 1.18086
0.485598 1.18036
0.481576 1.17986
0.477551 1.17936
0.473511 1.17886
0.469467 1.17836
0.465441 1.17786
0.461419 1.17735
0.457401 1.17685
0.453371 1.17635
0.449325 1.17585
0.445315 1.17535
0.441292 1.17485
0.437279 1.17435
0.433239 1.17385
0.429217 1.17335
0.425202 1.17285
0.421187 1.17234
0.417168 1.17184
0.413139 1.17134
0.409107 1.17084
0.405071 1.17034
0.401042 1.16984
0.396969 1.16934
0.392956 1.16884
0.3838 1.16834
0.379791 1.16784
0.375753 1.16733
0.371738 1.16683
0.367716 1.16633
0.363687 1.16583
0.359672 1.16533
0.355659 1.16483
0.351615 1.16433
0.347581 1.16383
0.343568 1.16333
0.339558 1.16283
0.335524 1.16232
0.331491 1.16182
0.327466 1.16132
0.323456 1.16082
0.319433 1.16032
0.315415 1.15982
0.311407 1.15932
0.307395 1.15882
0.303386 1.15832
0.299362 1.15782
0.295342 1.15731
0.291326 1.15681
0.287313 1.15631
0.283284 1.15581
0.279253 1.15531
0.275226 1.15481
0.27121 1.15431
0.267192 1.15381
0.263178 1.15331
0.259166 1.15281
0.255141 1.1523
0.251125 1.1518
0.247116 1.1513
0.243098 1.1508
0.239081 1.1503
0.235066 1.1498
0.231024 1.1493
0.227013 1.1488
0.223004 1.1483
0.218986 1.1478
0.214977 1.14729
0.210956 1.14679
0.206936 1.14629
0.202917 1.14579
0.198899 1.14529
0.194874 1.14479
0.190846 1.14429
0.186821 1.14379
0.182801 1.14329
0.178766 1.14279
0.174754 1.14228
0.170722 1.14178
0.166703 1.14128
0.162689 1.14078
0.158643 1.14028
0.154635 1.13978
0.150608 1.13928
0.146581 1.13878
0.14257 1.13828
0.138559 1.13778
0.13455 1.13727
0.130507 1.13677
0.126484 1.13627
0.122473 1.13577
0.118465 1.13527
0.113902 1.13477
0.109887 1.13427
0.105871 1.13377
0.101857 1.13327
0.0978478 1.13277
0.0938069 1.13226
0.0897917 1.13176
0.0857477 1.13126
0.0817306 1.13076
0.0777206 1.13026
0.0736974 1.12976
0.0696749 1.12926
0.0656529 1.12876
0.0616404 1.12826
0.0576233 1.12776
0.0535687 1.12725
0.0495589 1.12675
0.0455371 1.12625
0.0411872 1.12575
0.0371674 1.12525
0.0331421 1.12475
0.0291301 1.12425
0.0251196 1.12375
0.0211103 1.12325
0.0170957 1.12275
0.0130703 1.12224
0.00904545 1.12174
0.00503349 1.12124
0.00100725 1.12074
-0.00446718 1.12024
-0.00847946 1.11974
-0.0125059 1.11924
-0.0165144 1.11874
-0.0205225 1.11824
-0.0245307 1.11774
-0.0285398 1.11723
-0.0325658 1.11673
-0.036574 1.11623
-0.040591 1.11573
-0.044604 1.11523
-0.048629 1.11473
-0.0526413 1.11423
-0.0566546 1.11373
-0.0606968 1.11323
-0.0647337 1.11273
-0.0687492 1.11222
-0.0727624 1.11172
-0.0767888 1.11122
-0.0807982 1.11072
-0.0848062 1.11022
-0.0888465 1.10972
-0.0928621 1.10922
-0.0968868 1.10872
-0.100904 1.10822
-0.104918 1.10772
-0.108927 1.10721
-0.11294 1.10671
-0.11695 1.10621
-0.120958 1.10571
-0.124995 1.10521
-0.129012 1.10471
-0.133031 1.10421
-0.137039 1.10371
-0.141049 1.10321
-0.145069 1.10271
-0.149097 1.1022
-0.153137 1.1017
-0.157159 1.1012
-0.16119 1.1007
-0.165228 1.1002
-0.169258 1.0997
-0.173289 1.0992
-0.177337 1.0987
-0.181361 1.0982
-0.185378 1.0977
-0.189417 1.09719
-0.193428 1.09669
-0.197457 1.09619
-0.201466 1.09569
-0.205478 1.09519
-0.20949 1.09469
-0.213505 1.09419
-0.217518 1.09369
-0.221533 1.09319
-0.225542 1.09269
-0.229555 1.09218
-0.233571 1.09168
-0.23759 1.09118
-0.24165 1.09068
-0.24566 1.09018
-0.249689 1.08968
-0.253711 1.08918
-0.257722 1.08868
-0.26173 1.08818
-0.265741 1.08768
-0.269755 1.08717
-0.273791 1.08667
-0.2778 1.08617
-0.281827 1.08567
-0.285836 1.08517
-0.289857 1.08467
-0.293876 1.08417
-0.297905 1.08367
-0.301915 1.08317
-0.305936 1.08267
-0.309944 1.08216
-0.313991 1.08166
-0.318 1.08116
-0.322012 1.08066
-0.326023 1.08016
-0.330078 1.07966
-0.334091 1.07916
-0.338122 1.07866
-0.342141 1.07816
-0.346152 1.07766
-0.350186 1.07715
-0.354205 1.07665
-0.358227 1.07615
-0.362239 1.07565
-0.366266 1.07515
-0.370275 1.07465
-0.374294 1.07415
-0.378324 1.07365
-0.382346 1.07315
-0.386355 1.07265
-0.390377 1.07214
-0.394405 1.07164
-0.398424 1.07114
-0.402444 1.07064
-0.406487 1.07014
-0.410497 1.06964
-0.414508 1.06914
-0.418518 1.06864
-0.422552 1.06814
-0.426561 1.06764
-0.43057 1.06713
-0.434578 1.06663
-0.438591 1.06613
-0.442629 1.06563
-0.446644 1.06513
-0.450706 1.06463
-0.454724 1.06413
-0.458734 1.06363
-0.462775 1.06313
-0.46679 1.06263
-0.470822 1.06212
-0.474836 1.06162
-0.478844 1.06112
-0.482859 1.06062
-0.486869 1.06012
-0.490899 1.05962
-0.494917 1.05912
-0.498956 1.05862
-0.502971 1.05812
-0.506983 1.05762
-0.511003 1.05711
-0.515011 1.05661
-0.519021 1.05611
-0.523033 1.05561
-0.527052 1.05511
-0.531062 1.05461
-0.535078 1.05411
-0.539091 1.05361
-0.543123 1.05311
-0.547137 1.05261
-0.551149 1.0521
-0.555194 1.0516
-0.55921 1.0511
-0.563223 1.0506
-0.567244 1.0501
-0.571256 1.0496
-0.575268 1.0491
-0.579291 1.0486
-0.583312 1.0481
-0.587331 1.0476
-0.591341 1.04709
-0.595349 1.04659
-0.599357 1.04609
-0.603376 1.04559
-0.607386 1.04509
-0.611584 1.04459
-0.615605 1.04409
-0.619791 1.04359
-0.623841 1.04309
-0.627864 1.04259
-0.631884 1.04208
-0.635897 1.04158
-0.639905 1.04108
-0.643915 1.04058
-0.647948 1.04008
-0.651962 1.03958
-0.65597 1.03908
-0.659978 1.03858
-0.663999 1.03808
-0.668014 1.03758
-0.672022 1.03707
-0.676048 1.03657
-0.680066 1.03607
-0.684086 1.03557
-0.688097 1.03507
-0.692576 1.03457
-0.696586 1.03407
-0.700596 1.03357
-0.704606 1.03307
-0.708615 1.03257
-0.712645 1.03206
-0.716664 1.03156
-0.720741 1.03106
-0.724749 1.03056
-0.728791 1.03006
-0.732799 1.02956
-0.737787 1.02906
-0.741799 1.02856
-0.745807 1.02806
-0.749835 1.02756
-0.753859 1.02705
-0.757873 1.02655
-0.761899 1.02605
-0.765909 1.02555
-0.770145 1.02505
-0.774157 1.02455
-0.778169 1.02405
-0.782188 1.02355
-0.786205 1.02305
-0.790222 1.02255
-0.794231 1.02204
-0.798254 1.02154
-0.802274 1.02104
-0.806292 1.02054
-0.810655 1.02004
-0.81846 1.01954
-0.822477 1.01904
-0.826493 1.01854
-0.830536 1.01804
-0.834551 1.01754
-0.838563 1.01703
-0.842576 1.01653
-0.846592 1.01603
-0.85061 1.01553
-0.854622 1.01503
-0.858639 1.01453
-0.862653 1.01403
-0.866661 1.01353
-0.870686 1.01303
-0.874698 1.01253
-0.878708 1.01202
-0.882721 1.01152
-0.886754 1.01102
-0.890766 1.01052
-0.894776 1.01002
-0.898785 1.00952
-0.902795 1.00902
-0.906806 1.00852
-0.910822 1.00802
-0.914832 1.00752
-0.91884 1.00701
-0.92286 1.00651
-0.926879 1.00601
-0.930894 1.00551
-0.934905 1.00501
-0.938917 1.00451
-0.944059 1.00401
-0.948071 1.00351
-0.952094 1.00301
-0.95611 1.00251
-0.960121 1.002
-0.964146 1.0015
-0.968157 1.001
-0.972187 1.0005
-0.976196 1
