Man
0 0
0.0049647 0.001
0.00220758 0.002
-6.17038e-05 0.003
-0.00255322 0.004
-0.00958859 0.005
-0.0113892 0.006
-0.0150152 0.007
-0.0221308 0.008
-0.0233532 0.009
-0.0291603 0.01
-0.0339386 0.011
-0.0344211 0.012
-0.0347959 0.013
-0.0364772 0.014
-0.04503 0.015
-0.0506479 0.016
-0.0489622 0.017
-0.0577231 0.018
-0.0648812 0.019
-0.0692287 0.02
-0.0712143 0.021
-0.0719555 0.022
-0.078742 0.023
-0.0827158 0.024
-0.089398 0.025
-0.0923212 0.026
-0.0956202 0.027
-0.100093 0.028
-0.10203 0.029
-0.104297 0.03
-0.10847 0.031
-0.109303 0.032
-0.110759 0.033
-0.119286 0.034
-0.124931 0.035
-0.13045 0.036
-0.137542 0.037
-0.143788 0.038
-0.143648 0.039
-0.156614 0.04
-0.160165 0.041
-0.165256 0.042
-0.168732 0.043
-0.170744 0.044
-0.176644 0.045
-0.177675 0.046
-0.1798 0.047
-0.184961 0.048
-0.185898 0.049
-0.192835 0.05
-0.199897 0.051
-0.205258 0.052
-0.207822 0.053
-0.207819 0.054
-0.218463 0.055
-0.22184 0.056
-0.22292 0.057
-0.222447 0.058
-0.225005 0.059
-0.233104 0.06
-0.242948 0.061
-0.245396 0.062
-0.252387 0.063
-0.255732 0.064
-0.259748 0.065
-0.263545 0.066
-0.265372 0.067
-0.261386 0.068
-0.264751 0.069
-0.262563 0.07
-0.270287 0.071
-0.279385 0.072
-0.27979 0.073
-0.285801 0.074
-0.286965 0.075
-0.291825 0.076
-0.298249 0.077
-0.298891 0.078
-0.304916 0.079
-0.305473 0.08
-0.312222 0.081
-0.323731 0.082
-0.326064 0.083
-0.327991 0.084
-0.332889 0.085
-0.340354 0.086
-0.345186 0.087
-0.35592 0.088
-0.365212 0.089
-0.36611 0.09
-0.370244 0.091
-0.375073 0.092
-0.377791 0.093
-0.378724 0.094
-0.384519 0.095
-0.393651 0.096
-0.3966 0.097
-0.401999 0.098
-0.405233 0.099
-0.4117 0.1
-0.413444 0.101
-0.422302 0.102
-0.424887 0.103
-0.42791 0.104
-0.431434 0.105
-0.433837 0.106
-0.438639 0.107
-0.443472 0.108
-0.444279 0.109
-0.44599 0.11
-0.452984 0.111
-0.4573 0.112
-0.46162 0.113
-0.468625 0.114
-0.471619 0.115
-0.479615 0.116
-0.488515 0.117
-0.496578 0.118
-0.500374 0.119
-0.500545 0.12
-0.507596 0.121
-0.512068 0.122
-0.516283 0.123
-0.520838 0.124
-0.522079 0.125
-0.527943 0.126
-0.530542 0.127
-0.53845 0.128
-0.545531 0.129
-0.550885 0.13
-0.554075 0.131
-0.558407 0.132
-0.562729 0.133
-0.566804 0.134
-0.571539 0.135
-0.57473 0.136
-0.57977 0.137
-0.583849 0.138
-0.591342 0.139
-0.594047 0.14
-0.598553 0.141
-0.600764 0.142
-0.606654 0.143
-0.609371 0.144
-0.613483 0.145
-0.618912 0.146
-0.619666 0.147
-0.624763 0.148
-0.629637 0.149
-0.630861 0.15
-0.63377 0.151
-0.637796 0.152
-0.641427 0.153
-0.644732 0.154
-0.646696 0.155
-0.651975 0.156
-0.654068 0.157
-0.654994 0.158
-0.657503 0.159
-0.659905 0.16
-0.663288 0.161
-0.666302 0.162
-0.669333 0.163
-0.671541 0.164
-0.675876 0.165
-0.678017 0.166
-0.679037 0.167
-0.68232 0.168
-0.680957 0.169
-0.68394 0.17
-0.687749 0.171
-0.689557 0.172
-0.692468 0.173
-0.694948 0.174
-0.697377 0.175
-0.699058 0.176
-0.701456 0.177
-0.703956 0.178
-0.70662 0.179
-0.708514 0.18
-0.709142 0.181
-0.711292 0.182
-0.714644 0.183
-0.717007 0.184
-0.719914 0.185
-0.721594 0.186
-0.722818 0.187
-0.724771 0.188
-0.72736 0.189
-0.72961 0.19
-0.732211 0.191
-0.734301 0.192
-0.73648 0.193
-0.738148 0.194
-0.739829 0.195
-0.741967 0.196
-0.743493 0.197
-0.745155 0.198
-0.747246 0.199
-0.748801 0.2
-0.750294 0.201
-0.752086 0.202
-0.753825 0.203
-0.755456 0.204
-0.756827 0.205
-0.758518 0.206
-0.760047 0.207
-0.760896 0.208
-0.762568 0.209
-0.763881 0.21
-0.765016 0.211
-0.766307 0.212
-0.767846 0.213
-0.769203 0.214
-0.770428 0.215
-0.77184 0.216
-0.77276 0.217
-0.773854 0.218
-0.775352 0.219
-0.776519 0.22
-0.77773 0.221
-0.779025 0.222
-0.780816 0.223
-0.781914 0.224
-0.782944 0.225
-0.783975 0.226
-0.785166 0.227
-0.786537 0.228
-0.787899 0.229
-0.789069 0.23
-0.789875 0.231
-0.791074 0.232
-0.792227 0.233
-0.793158 0.234
-0.794032 0.235
-0.794975 0.236
-0.795904 0.237
-0.797036 0.238
-0.797756 0.239
-0.799129 0.24
-0.800034 0.241
-0.801256 0.242
-0.802141 0.243
-0.80278 0.244
-0.803903 0.245
-0.804624 0.246
-0.805463 0.247
-0.806362 0.248
-0.807374 0.249
-0.808305 0.25
-0.809571 0.251
-0.810339 0.252
-0.811213 0.253
-0.812128 0.254
-0.812766 0.255
-0.813468 0.256
-0.814616 0.257
-0.815597 0.258
-0.816543 0.259
-0.817712 0.26
-0.818716 0.261
-0.819827 0.262
-0.820486 0.263
-0.82132 0.264
-0.822342 0.265
-0.823336 0.266
-0.824358 0.267
-0.825123 0.268
-0.8263 0.269
-0.826893 0.27
-0.827596 0.271
-0.828245 0.272
-0.828944 0.273
-0.82979 0.274
-0.830394 0.275
-0.831011 0.276
-0.831598 0.277
-0.832139 0.278
-0.833002 0.279
-0.833786 0.28
-0.834332 0.281
-0.834666 0.282
-0.835117 0.283
-0.835809 0.284
-0.836742 0.285
-0.837169 0.286
-0.837786 0.287
-0.838363 0.288
-0.838747 0.289
-0.839333 0.29
-0.840173 0.291
-0.840488 0.292
-0.841219 0.293
-0.841789 0.294
-0.842484 0.295
-0.84293 0.296
-0.843465 0.297
-0.844397 0.298
-0.84492 0.299
-0.845718 0.3
-0.846353 0.301
-0.846646 0.302
-0.847378 0.303
-0.847978 0.304
-0.848775 0.305
-0.849646 0.306
-0.850262 0.307
-0.850981 0.308
-0.851679 0.309
-0.852095 0.31
-0.852806 0.311
-0.853469 0.312
-0.854055 0.313
-0.854747 0.314
-0.855347 0.315
-0.855821 0.316
-0.856314 0.317
-0.857037 0.318
-0.857618 0.319
-0.858186 0.32
-0.858765 0.321
-0.859445 0.322
-0.859674 0.323
-0.86007 0.324
-0.860408 0.325
-0.860946 0.326
-0.861413 0.327
-0.862003 0.328
-0.862465 0.329
-0.862798 0.33
-0.862661 0.331
-0.863346 0.332
-0.863893 0.333
-0.864466 0.334
-0.864887 0.335
-0.865331 0.336
-0.86583 0.337
-0.866412 0.338
-0.866803 0.339
-0.867386 0.34
-0.867865 0.341
-0.868395 0.342
-0.868927 0.343
-0.869271 0.344
-0.869692 0.345
-0.870231 0.346
-0.870585 0.347
-0.871198 0.348
-0.871512 0.349
-0.871824 0.35
-0.872373 0.351
-0.872917 0.352
-0.873233 0.353
-0.873629 0.354
-0.874216 0.355
-0.874777 0.356
-0.875226 0.357
-0.875786 0.358
-0.87624 0.359
-0.876766 0.36
-0.877162 0.361
-0.87761 0.362
-0.878082 0.363
-0.878683 0.364
-0.879332 0.365
-0.87974 0.366
-0.880193 0.367
-0.880813 0.368
-0.880975 0.369
-0.881538 0.37
-0.881906 0.371
-0.882436 0.372
-0.882676 0.373
-0.883106 0.374
-0.883505 0.375
-0.883911 0.376
-0.884485 0.377
-0.884976 0.378
-0.88561 0.379
-0.885901 0.38
-0.886446 0.381
-0.886598 0.382
-0.887078 0.383
-0.887503 0.384
-0.887949 0.385
-0.888452 0.386
-0.888752 0.387
-0.88909 0.388
-0.889197 0.389
-0.889446 0.39
-0.889613 0.391
-0.890011 0.392
-0.890292 0.393
-0.890694 0.394
-0.890978 0.395
-0.891209 0.396
-0.89146 0.397
-0.891949 0.398
-0.892254 0.399
-0.89262 0.4
-0.892954 0.401
-0.893121 0.402
-0.893378 0.403
-0.893837 0.404
-0.894104 0.405
-0.894336 0.406
-0.894546 0.407
-0.894871 0.408
-0.895318 0.409
-0.895573 0.41
-0.895932 0.411
-0.896266 0.412
-0.896679 0.413
-0.896892 0.414
-0.897083 0.415
-0.897198 0.416
-0.897622 0.417
-0.897815 0.418
-0.898266 0.419
-0.89866 0.42
-0.898991 0.421
-0.899199 0.422
-0.899438 0.423
-0.899606 0.424
-0.899973 0.425
-0.90016 0.426
-0.90055 0.427
-0.900755 0.428
-0.900659 0.429
-0.900829 0.43
-0.90121 0.431
-0.901359 0.432
-0.901527 0.433
-0.901771 0.434
-0.90216 0.435
-0.902476 0.436
-0.902965 0.437
-0.903282 0.438
-0.903644 0.439
-0.903982 0.44
-0.904248 0.441
-0.904607 0.442
-0.904687 0.443
-0.904941 0.444
-0.90532 0.445
-0.905625 0.446
-0.905849 0.447
-0.90605 0.448
-0.906361 0.449
-0.906563 0.45
-0.906859 0.451
-0.907161 0.452
-0.907328 0.453
-0.90767 0.454
-0.907761 0.455
-0.907951 0.456
-0.907924 0.457
-0.908012 0.458
-0.908255 0.459
-0.908421 0.46
-0.908599 0.461
-0.908922 0.462
-0.90913 0.463
-0.909351 0.464
-0.909528 0.465
-0.909912 0.466
-0.910245 0.467
-0.910449 0.468
-0.910619 0.469
-0.910973 0.47
-0.911442 0.471
-0.911722 0.472
-0.91191 0.473
-0.912149 0.474
-0.912348 0.475
-0.912532 0.476
-0.912701 0.477
-0.912952 0.478
-0.913027 0.479
-0.913393 0.48
-0.913678 0.481
-0.914002 0.482
-0.914262 0.483
-0.914628 0.484
-0.914762 0.485
-0.914987 0.486
-0.915093 0.487
-0.915322 0.488
-0.915653 0.489
-0.915916 0.49
-0.916172 0.491
-0.916439 0.492
-0.916696 0.493
-0.917019 0.494
-0.917178 0.495
-0.917532 0.496
-0.917781 0.497
-0.918033 0.498
-0.91831 0.499
-0.918398 0.5
-0.918572 0.501
-0.918779 0.502
-0.918987 0.503
-0.918064 0.504
-0.918474 0.505
-0.918549 0.506
-0.918563 0.507
-0.91887 0.508
-0.919198 0.509
-0.919429 0.51
-0.919658 0.511
-0.919894 0.512
-0.920007 0.513
-0.920123 0.514
-0.920381 0.515
-0.920577 0.516
-0.920685 0.517
-0.920907 0.518
-0.920838 0.519
-0.921132 0.52
-0.921405 0.521
-0.921576 0.522
-0.921697 0.523
-0.921797 0.524
-0.921877 0.525
-0.922114 0.526
-0.922305 0.527
-0.922559 0.528
-0.922872 0.529
-0.922975 0.53
-0.923273 0.531
-0.92355 0.532
-0.923704 0.533
-0.923866 0.534
-0.924032 0.535
-0.924202 0.536
-0.92448 0.537
-0.924665 0.538
-0.924902 0.539
-0.925058 0.54
-0.925193 0.541
-0.925353 0.542
-0.925558 0.543
-0.925749 0.544
-0.925881 0.545
-0.926037 0.546
-0.926096 0.547
-0.926289 0.548
-0.92636 0.549
-0.926423 0.55
-0.926531 0.551
-0.926681 0.552
-0.926889 0.553
-0.927 0.554
-0.927204 0.555
-0.927414 0.556
-0.927572 0.557
-0.927745 0.558
-0.927981 0.559
-0.928082 0.56
-0.928326 0.561
-0.928486 0.562
-0.928655 0.563
-0.928871 0.564
-0.929166 0.565
-0.92929 0.566
-0.929528 0.567
-0.929616 0.568
-0.929763 0.569
-0.929817 0.57
-0.929942 0.571
-0.930208 0.572
-0.930427 0.573
-0.93056 0.574
-0.930751 0.575
-0.93087 0.576
-0.930925 0.577
-0.931099 0.578
-0.931179 0.579
-0.931392 0.58
-0.931609 0.581
-0.931702 0.582
-0.931834 0.583
-0.931999 0.584
-0.932298 0.585
-0.932416 0.586
-0.932561 0.587
-0.932677 0.588
-0.932748 0.589
-0.93288 0.59
-0.933112 0.591
-0.933208 0.592
-0.933278 0.593
-0.933505 0.594
-0.933648 0.595
-0.93378 0.596
-0.934028 0.597
-0.934223 0.598
-0.934374 0.599
-0.934648 0.6
-0.934798 0.601
-0.934945 0.602
-0.935069 0.603
-0.935186 0.604
-0.935336 0.605
-0.935516 0.606
-0.935761 0.607
-0.935946 0.608
-0.936079 0.609
-0.936209 0.61
-0.936302 0.611
-0.936374 0.612
-0.936482 0.613
-0.936623 0.614
-0.93667 0.615
-0.936783 0.616
-0.937036 0.617
-0.937164 0.618
-0.937443 0.619
-0.937557 0.62
-0.937719 0.621
-0.937828 0.622
-0.938075 0.623
-0.938263 0.624
-0.938372 0.625
-0.938579 0.626
-0.938675 0.627
-0.938853 0.628
-0.939084 0.629
-0.939113 0.63
-0.939257 0.631
-0.93938 0.632
-0.939452 0.633
-0.939702 0.634
-0.939863 0.635
-0.939993 0.636
-0.940147 0.637
-0.940346 0.638
-0.940441 0.639
-0.940616 0.64
-0.940579 0.641
-0.94075 0.642
-0.940884 0.643
-0.940975 0.644
-0.941211 0.645
-0.94141 0.646
-0.941607 0.647
-0.941712 0.648
-0.941806 0.649
-0.94195 0.65
-0.941901 0.651
-0.94205 0.652
-0.942142 0.653
-0.942232 0.654
-0.942365 0.655
-0.942485 0.656
-0.942528 0.657
-0.9426 0.658
-0.94284 0.659
-0.942969 0.66
-0.943163 0.661
-0.943229 0.662
-0.943359 0.663
-0.943485 0.664
-0.943617 0.665
-0.943675 0.666
-0.94379 0.667
-0.946002 0.668
-0.946103 0.669
-0.94614 0.67
-0.94623 0.671
-0.946351 0.672
-0.946418 0.673
-0.94599 0.674
-0.946112 0.675
-0.9462 0.676
-0.94638 0.677
-0.94657 0.678
-0.946576 0.679
-0.946786 0.68
-0.947009 0.681
-0.94715 0.682
-0.947283 0.683
-0.947329 0.684
-0.947561 0.685
-0.947726 0.686
-0.947862 0.687
-0.947805 0.688
-0.947954 0.689
-0.947989 0.69
-0.948113 0.691
-0.948217 0.692
-0.948357 0.693
-0.948457 0.694
-0.94862 0.695
-0.948748 0.696
-0.948813 0.697
-0.948931 0.698
-0.949021 0.699
-0.949161 0.7
-0.94935 0.701
-0.949449 0.702
-0.949562 0.703
-0.94964 0.704
-0.949711 0.705
-0.94977 0.706
-0.949949 0.707
-0.950137 0.708
-0.950187 0.709
-0.950312 0.71
-0.950479 0.711
-0.950468 0.712
-0.950626 0.713
-0.950661 0.714
-0.950746 0.715
-0.950753 0.716
-0.950891 0.717
-0.951036 0.718
-0.951128 0.719
-0.951375 0.72
-0.951366 0.721
-0.95149 0.722
-0.951622 0.723
-0.951669 0.724
-0.951657 0.725
-0.951703 0.726
-0.951768 0.727
-0.951867 0.728
-0.95195 0.729
-0.95206 0.73
-0.952243 0.731
-0.952267 0.732
-0.952329 0.733
-0.952537 0.734
-0.952624 0.735
-0.952817 0.736
-0.953017 0.737
-0.95313 0.738
-0.953233 0.739
-0.953352 0.74
-0.953451 0.741
-0.95354 0.742
-0.953566 0.743
-0.953674 0.744
-0.953849 0.745
-0.953985 0.746
-0.954145 0.747
-0.954097 0.748
-0.9542 0.749
-0.954303 0.75
-0.954321 0.751
-0.954396 0.752
-0.95454 0.753
-0.954722 0.754
-0.954805 0.755
-0.954915 0.756
-0.954948 0.757
-0.95503 0.758
-0.955131 0.759
-0.955229 0.76
-0.955348 0.761
-0.955364 0.762
-0.955394 0.763
-0.955459 0.764
-0.955613 0.765
-0.95573 0.766
-0.955803 0.767
-0.955743 0.768
-0.955921 0.769
-0.955944 0.77
-0.956047 0.771
-0.95614 0.772
-0.956241 0.773
-0.956263 0.774
-0.956379 0.775
-0.956462 0.776
-0.956611 0.777
-0.956705 0.778
-0.956838 0.779
-0.956971 0.78
-0.957069 0.781
-0.957156 0.782
-0.956468 0.783
-0.956497 0.784
-0.956607 0.785
-0.956643 0.786
-0.956836 0.787
-0.956888 0.788
-0.956978 0.789
-0.958327 0.79
-0.958379 0.791
-0.95848 0.792
-0.958503 0.793
-0.958628 0.794
-0.95869 0.795
-0.95874 0.796
-0.958864 0.797
-0.958965 0.798
-0.959079 0.799
-0.95917 0.8
-0.95929 0.801
-0.959409 0.802
-0.959517 0.803
-0.959634 0.804
-0.9597 0.805
-0.959812 0.806
-0.959865 0.807
-0.959855 0.808
-0.95923 0.809
-0.959317 0.81
-0.959471 0.811
-0.95874 0.812
-0.958818 0.813
-0.95885 0.814
-0.95894 0.815
-0.959024 0.816
-0.958738 0.817
-0.958843 0.818
-0.959001 0.819
-0.959071 0.82
-0.95916 0.821
-0.959201 0.822
-0.959255 0.823
-0.959317 0.824
-0.959391 0.825
-0.959445 0.826
-0.95948 0.827
-0.959592 0.828
-0.959591 0.829
-0.959667 0.83
-0.959735 0.831
-0.959809 0.832
-0.959875 0.833
-0.95993 0.834
-0.960046 0.835
-0.960128 0.836
-0.96023 0.837
-0.960338 0.838
-0.960397 0.839
-0.960543 0.84
-0.960624 0.841
-0.960679 0.842
-0.960718 0.843
-0.960862 0.844
-0.960916 0.845
-0.960964 0.846
-0.961062 0.847
-0.962448 0.848
-0.96255 0.849
-0.962592 0.85
-0.962637 0.851
-0.962726 0.852
-0.96273 0.853
-0.962828 0.854
-0.962887 0.855
-0.962955 0.856
-0.962962 0.857
-0.963066 0.858
-0.963154 0.859
-0.963265 0.86
-0.963335 0.861
-0.963358 0.862
-0.963403 0.863
-0.963488 0.864
-0.963283 0.865
-0.963394 0.866
-0.963502 0.867
-0.963607 0.868
-0.96365 0.869
-0.963713 0.87
-0.963823 0.871
-0.963875 0.872
-0.963948 0.873
-0.96404 0.874
-0.964093 0.875
-0.964219 0.876
-0.964273 0.877
-0.964391 0.878
-0.964444 0.879
-0.964561 0.88
-0.964649 0.881
-0.964763 0.882
-0.964889 0.883
-0.965035 0.884
-0.965149 0.885
-0.96519 0.886
-0.965173 0.887
-0.965173 0.888
-0.965221 0.889
-0.965274 0.89
-0.965321 0.891
-0.965357 0.892
-0.965428 0.893
-0.965539 0.894
-0.965605 0.895
-0.965683 0.896
-0.9658 0.897
-0.965838 0.898
-0.965864 0.899
-0.965923 0.9
-0.966028 0.901
-0.966055 0.902
-0.966095 0.903
-0.966176 0.904
-0.966235 0.905
-0.966243 0.906
-0.966349 0.907
-0.966385 0.908
-0.966447 0.909
-0.966467 0.91
-0.966527 0.911
-0.966588 0.912
-0.966532 0.913
-0.966562 0.914
-0.966583 0.915
-0.966628 0.916
-0.966571 0.917
-0.966616 0.918
-0.966675 0.919
-0.966753 0.92
-0.966781 0.921
-0.966406 0.922
-0.966492 0.923
-0.966552 0.924
-0.966184 0.925
-0.966238 0.926
-0.966278 0.927
-0.966337 0.928
-0.966382 0.929
-0.966089 0.93
-0.966135 0.931
-0.966244 0.932
-0.966243 0.933
-0.966293 0.934
-0.966328 0.935
-0.966428 0.936
-0.966559 0.937
-0.966623 0.938
-0.966726 0.939
-0.966737 0.94
-0.966706 0.941
-0.96683 0.942
-0.966982 0.943
-0.96708 0.944
-0.967145 0.945
-0.967145 0.946
-0.967209 0.947
-0.967254 0.948
-0.967267 0.949
-0.967336 0.95
-0.967383 0.951
-0.967458 0.952
-0.967488 0.953
-0.967526 0.954
-0.967579 0.955
-0.967611 0.956
-0.967636 0.957
-0.967598 0.958
-0.967627 0.959
-0.967665 0.96
-0.9677 0.961
-0.967751 0.962
-0.967808 0.963
-0.967873 0.964
-0.967851 0.965
-0.967905 0.966
-0.967943 0.967
-0.96796 0.968
-0.96801 0.969
-0.96807 0.97
-0.968157 0.971
-0.968267 0.972
-0.968294 0.973
-0.968282 0.974
-0.969479 0.975
-0.969541 0.976
-0.969633 0.977
-0.969732 0.978
-0.968976 0.979
-0.969029 0.98
-0.96912 0.981
-0.969119 0.982
-0.96913 0.983
-0.969192 0.984
-0.968488 0.985
-0.968544 0.986
-0.968671 0.987
-0.968663 0.988
-0.96863 0.989
-0.968738 0.99
-0.96881 0.991
-0.968844 0.992
-0.96891 0.993
-0.969031 0.994
-0.969089 0.995
-0.969128 0.996
-0.969198 0.997
-0.969246 0.998
-0.969317 0.999
-0.969345 1


Shark
3.14159 1.5
3.13759 1.4995
3.13359 1.499
3.12959 1.4985
3.12559 1.498
3.12159 1.4975
3.11759 1.497
3.11359 1.4965
3.10958 1.496
3.10558 1.4955
3.10158 1.495
3.09757 1.4945
3.09357 1.494
3.08957 1.4935
3.08557 1.493
3.08154 1.4925
3.07753 1.492
3.07352 1.4915
3.06948 1.491
3.06544 1.4905
3.06143 1.49
3.05742 1.4895
3.05342 1.489
3.04938 1.4885
3.04536 1.488
3.04131 1.4875
3.0373 1.487
3.03328 1.4865
3.02925 1.486
3.02524 1.4855
3.02124 1.485
3.0172 1.4845
3.0132 1.484
3.0092 1.4835
3.00504 1.483
3.00096 1.4825
2.99689 1.482
2.99275 1.4815
2.98865 1.481
2.98465 1.4805
2.98015 1.48
2.97611 1.4795
2.97202 1.479
2.96798 1.4785
2.96396 1.478
2.95983 1.4775
2.95582 1.477
2.9518 1.4765
2.94769 1.476
2.94368 1.4755
2.93945 1.475
2.93521 1.4745
2.93106 1.474
2.92702 1.4735
2.92302 1.473
2.9184 1.4725
2.91433 1.472
2.91032 1.4715
2.90632 1.471
2.90227 1.4705
2.89783 1.47
2.89318 1.4695
2.88913 1.469
2.88477 1.4685
2.88068 1.468
2.87655 1.4675
2.87242 1.467
2.86839 1.4665
2.86425 1.466
2.86015 1.4655
2.8561 1.465
2.85155 1.4645
2.84677 1.464
2.84277 1.4635
2.8384 1.463
2.83439 1.4625
2.83012 1.462
2.82567 1.4615
2.82166 1.461
2.81724 1.4605
2.81323 1.46
2.80868 1.4595
2.8032 1.459
2.79912 1.4585
2.79507 1.458
2.79074 1.4575
2.786 1.457
2.78166 1.4565
2.77618 1.456
2.771 1.4555
2.76698 1.455
2.76271 1.4545
2.75834 1.454
2.75422 1.4535
2.7502 1.453
2.74564 1.4525
2.74033 1.452
2.73617 1.4515
2.73165 1.451
2.72746 1.4505
2.7227 1.45
2.71864 1.4495
2.71326 1.449
2.70912 1.4485
2.70493 1.448
2.70067 1.4475
2.69654 1.447
2.69205 1.4465
2.68754 1.446
2.68352 1.4455
2.67946 1.445
2.6744 1.4445
2.66996 1.444
2.66551 1.4435
2.6604 1.443
2.65617 1.4425
2.65073 1.442
2.64497 1.4415
2.63946 1.441
2.63507 1.4405
2.63107 1.44
2.62582 1.4395
2.62127 1.439
2.61677 1.4385
2.61218 1.438
2.60813 1.4375
2.60316 1.437
2.59895 1.4365
2.59327 1.436
2.58787 1.4355
2.583 1.435
2.57867 1.4345
2.57406 1.434
2.56945 1.4335
2.5649 1.433
2.56016 1.4325
2.5558 1.432
2.55094 1.4315
2.54636 1.431
2.54059 1.4305
2.53632 1.43
2.53158 1.4295
2.52739 1.429
2.52217 1.4285
2.51788 1.428
2.51322 1.4275
2.50813 1.427
2.5041 1.4265
2.4991 1.426
2.49416 1.4255
2.49009 1.425
2.48573 1.4245
2.48104 1.424
2.47647 1.4235
2.47198 1.423
2.4678 1.4225
2.46263 1.422
2.45842 1.4215
2.45438 1.421
2.45007 1.4205
2.44579 1.42
2.44124 1.4195
2.43679 1.419
2.43233 1.4185
2.42808 1.418
2.42316 1.4175
2.41892 1.417
2.41486 1.4165
2.4103 1.416
2.40619 1.4155
2.40171 1.415
2.39694 1.4145
2.39275 1.414
2.38828 1.4135
2.38392 1.413
2.37958 1.4125
2.37541 1.412
2.37107 1.4115
2.36669 1.411
2.36226 1.4105
2.35804 1.41
2.35401 1.4095
2.34972 1.409
2.34503 1.4085
2.34067 1.408
2.33613 1.4075
2.33194 1.407
2.32784 1.4065
2.32358 1.406
2.31912 1.4055
2.31478 1.405
2.31031 1.4045
2.306 1.404
2.30167 1.4035
2.29746 1.403
2.29325 1.4025
2.28892 1.402
2.28474 1.4015
2.28053 1.401
2.2762 1.4005
2.27201 1.4
2.26784 1.3995
2.26359 1.399
2.25935 1.3985
2.25513 1.398
2.25098 1.3975
2.24674 1.397
2.24255 1.3965
2.23849 1.396
2.23425 1.3955
2.2301 1.395
2.22599 1.3945
2.22184 1.394
2.21763 1.3935
2.21347 1.393
2.20933 1.3925
2.20515 1.392
2.20107 1.3915
2.19696 1.391
2.19275 1.3905
2.18862 1.39
2.18448 1.3895
2.18032 1.389
2.17602 1.3885
2.1719 1.388
2.16779 1.3875
2.16369 1.387
2.15954 1.3865
2.15535 1.386
2.15116 1.3855
2.14702 1.385
2.14295 1.3845
2.1388 1.384
2.13466 1.3835
2.13057 1.383
2.12648 1.3825
2.12239 1.382
2.11829 1.3815
2.11415 1.381
2.11009 1.3805
2.10588 1.38
2.10179 1.3795
2.09762 1.379
2.09353 1.3785
2.08948 1.378
2.08533 1.3775
2.08127 1.377
2.07718 1.3765
2.07308 1.376
2.06896 1.3755
2.06485 1.375
2.06066 1.3745
2.05658 1.374
2.05249 1.3735
2.04838 1.373
2.04433 1.3725
2.04026 1.372
2.03609 1.3715
2.03197 1.371
2.02785 1.3705
2.02367 1.37
2.01954 1.3695
2.01537 1.369
2.01131 1.3685
2.00722 1.368
2.00307 1.3675
1.99894 1.367
1.99479 1.3665
1.99071 1.366
1.98651 1.3655
1.98246 1.365
1.97839 1.3645
1.97433 1.364
1.97026 1.3635
1.96615 1.363
1.9621 1.3625
1.95804 1.362
1.95399 1.3615
1.94994 1.361
1.94583 1.3605
1.94173 1.36
1.93769 1.3595
1.93367 1.359
1.92964 1.3585
1.92556 1.358
1.92142 1.3575
1.91739 1.357
1.91333 1.3565
1.90927 1.356
1.90525 1.3555
1.90119 1.355
1.89708 1.3545
1.89306 1.354
1.88897 1.3535
1.88491 1.353
1.88083 1.3525
1.8768 1.352
1.87275 1.3515
1.86859 1.351
1.86455 1.3505
1.86043 1.35
1.85636 1.3495
1.85235 1.349
1.84825 1.3485
1.84418 1.348
1.84007 1.3475
1.83593 1.347
1.83186 1.3465
1.82776 1.346
1.82367 1.3455
1.81964 1.345
1.81554 1.3445
1.81146 1.344
1.80739 1.3435
1.8033 1.343
1.79923 1.3425
1.79518 1.342
1.79113 1.3415
1.78703 1.341
1.78296 1.3405
1.77889 1.34
1.77483 1.3395
1.77073 1.339
1.76672 1.3385
1.76269 1.338
1.75866 1.3375
1.7546 1.337
1.75056 1.3365
1.74648 1.336
1.74244 1.3355
1.73841 1.335
1.73441 1.3345
1.73031 1.334
1.72624 1.3335
1.72217 1.333
1.71813 1.3325
1.71409 1.332
1.71003 1.3315
1.70595 1.331
1.70192 1.3305
1.69784 1.33
1.69379 1.3295
1.68972 1.329
1.68566 1.3285
1.68163 1.328
1.67759 1.3275
1.67352 1.327
1.66949 1.3265
1.6654 1.326
1.66138 1.3255
1.65735 1.325
1.65328 1.3245
1.64921 1.324
1.64518 1.3235
1.64114 1.323
1.63706 1.3225
1.63298 1.322
1.62893 1.3215
1.62485 1.321
1.62079 1.3205
1.61672 1.32
1.61268 1.3195
1.60863 1.319
1.60457 1.3185
1.60048 1.318
1.59637 1.3175
1.59232 1.317
1.58827 1.3165
1.58417 1.316
1.58016 1.3155
1.57607 1.315
1.57204 1.3145
1.56796 1.314
1.56394 1.3135
1.55989 1.313
1.55585 1.3125
1.5518 1.312
1.54771 1.3115
1.54364 1.311
1.53953 1.3105
1.5355 1.31
1.53142 1.3095
1.52741 1.309
1.52335 1.3085
1.51929 1.308
1.51523 1.3075
1.51116 1.307
1.50713 1.3065
1.5031 1.306
1.4991 1.3055
1.49508 1.305
1.49107 1.3045
1.48702 1.304
1.483 1.3035
1.47895 1.303
1.47492 1.3025
1.4709 1.302
1.46688 1.3015
1.46281 1.301
1.45878 1.3005
1.45474 1.3
1.4507 1.2995
1.44669 1.299
1.44267 1.2985
1.4386 1.298
1.43458 1.2975
1.43056 1.297
1.42655 1.2965
1.42251 1.296
1.41845 1.2955
1.41443 1.295
1.41038 1.2945
1.40634 1.294
1.40229 1.2935
1.39827 1.293
1.39426 1.2925
1.39025 1.292
1.38619 1.2915
1.38218 1.291
1.37811 1.2905
1.37405 1.29
1.37002 1.2895
1.366 1.289
1.36198 1.2885
1.35797 1.288
1.35392 1.2875
1.34991 1.287
1.34585 1.2865
1.34184 1.286
1.33784 1.2855
1.33383 1.285
1.32977 1.2845
1.32576 1.284
1.32175 1.2835
1.31773 1.283
1.31367 1.2825
1.30964 1.282
1.30555 1.2815
1.30151 1.281
1.29746 1.2805
1.29341 1.28
1.28939 1.2795
1.28534 1.279
1.28133 1.2785
1.27731 1.278
1.27325 1.2775
1.26922 1.277
1.2652 1.2765
1.26118 1.276
1.25714 1.2755
1.25312 1.275
1.24909 1.2745
1.24505 1.274
1.24104 1.2735
1.23699 1.273
1.23299 1.2725
1.22897 1.272
1.22497 1.2715
1.22097 1.271
1.21695 1.2705
1.21293 1.27
1.20892 1.2695
1.20488 1.269
1.20086 1.2685
1.19684 1.268
1.19282 1.2675
1.18876 1.267
1.18471 1.2665
1.18069 1.266
1.17668 1.2655
1.17263 1.265
1.16853 1.2645
1.1645 1.264
1.16048 1.2635
1.15645 1.263
1.15244 1.2625
1.14842 1.262
1.14441 1.2615
1.14038 1.261
1.13638 1.2605
1.13232 1.26
1.12828 1.2595
1.12423 1.259
1.1202 1.2585
1.11614 1.258
1.11213 1.2575
1.1081 1.257
1.1041 1.2565
1.10007 1.256
1.09602 1.2555
1.09199 1.255
1.08796 1.2545
1.08392 1.254
1.07989 1.2535
1.07584 1.253
1.07183 1.2525
1.06777 1.252
1.06374 1.2515
1.05971 1.251
1.05567 1.2505
1.05166 1.25
1.04765 1.2495
1.04363 1.249
1.03961 1.2485
1.0352 1.248
1.03111 1.2475
1.02711 1.247
1.02311 1.2465
1.01906 1.246
1.015 1.2455
1.01098 1.245
1.00695 1.2445
1.00292 1.244
0.998914 1.2435
0.994907 1.243
0.990872 1.2425
0.986852 1.242
0.982845 1.2415
0.978819 1.241
0.974816 1.2405
0.97077 1.24
0.96673 1.2395
0.962714 1.239
0.958706 1.2385
0.9547 1.238
0.950697 1.2375
0.946666 1.237
0.942646 1.2365
0.93861 1.236
0.934556 1.2355
0.93055 1.235
0.9265 1.2345
0.922457 1.234
0.918444 1.2335
0.914429 1.233
0.910413 1.2325
0.906396 1.232
0.902352 1.2315
0.898332 1.231
0.8943 1.2305
0.890286 1.23
0.886275 1.2295
0.88226 1.229
0.878236 1.2285
0.874214 1.228
0.870204 1.2275
0.866189 1.227
0.862187 1.2265
0.858165 1.226
0.854162 1.2255
0.850159 1.225
0.846152 1.2245
0.842139 1.224
0.838112 1.2235
0.834105 1.223
0.830079 1.2225
0.826052 1.222
0.822037 1.2215
0.818018 1.221
0.813984 1.2205
0.809977 1.22
0.80594 1.2195
0.801924 1.219
0.797906 1.2185
0.793876 1.218
0.789821 1.2175
0.785812 1.217
0.781775 1.2165
0.77777 1.216
0.773756 1.2155
0.769755 1.215
0.765744 1.2145
0.761698 1.214
0.757667 1.2135
0.753656 1.213
0.749632 1.2125
0.745622 1.212
0.74162 1.2115
0.7376 1.211
0.733596 1.2105
0.729565 1.21
0.725534 1.2095
0.721528 1.209
0.717516 1.2085
0.713498 1.208
0.709437 1.2075
0.705427 1.207
0.701413 1.2065
0.697404 1.206
0.6934 1.2055
0.689388 1.205
0.68535 1.2045
0.681344 1.204
0.677341 1.2035
0.673304 1.203
0.66929 1.2025
0.665278 1.202
0.661234 1.2015
0.657207 1.201
0.653191 1.2005
0.649137 1.2
0.645121 1.1995
0.641105 1.199
0.637094 1.1985
0.633084 1.198
0.629068 1.1975
0.625044 1.197
0.621 1.1965
0.616975 1.196
0.612962 1.1955
0.60895 1.195
0.604943 1.1945
0.600939 1.194
0.596931 1.1935
0.592916 1.193
0.588914 1.1925
0.584904 1.192
0.580856 1.1915
0.576843 1.191
0.572784 1.1905
0.568774 1.19
0.564754 1.1895
0.560745 1.189
0.556698 1.1885
0.552671 1.188
0.548661 1.1875
0.544628 1.187
0.540621 1.1865
0.536596 1.186
0.532554 1.1855
0.528553 1.185
0.524537 1.1845
0.520525 1.184
0.516521 1.1835
0.512471 1.183
0.50845 1.1825
0.504436 1.182
0.500417 1.1815
0.496385 1.181
0.492378 1.1805
0.488353 1.18
0.484352 1.1795
0.480328 1.179
0.476313 1.1785
0.472306 1.178
0.46826 1.1775
0.464227 1.177
0.460195 1.1765
0.456186 1.176
0.452179 1.1755
0.448161 1.175
0.444159 1.1745
0.44014 1.174
0.436133 1.1735
0.432126 1.173
0.428111 1.1725
0.424099 1.172
0.420097 1.1715
0.416092 1.171
0.412043 1.1705
0.408028 1.17
0.403996 1.1695
0.399992 1.169
0.395977 1.1685
0.391963 1.168
0.387948 1.1675
0.383945 1.167
0.379933 1.1665
0.3728 1.166
0.368791 1.1655
0.36479 1.165
0.360783 1.1645
0.356769 1.164
0.352765 1.1635
0.348602 1.163
0.344589 1.1625
0.340582 1.162
0.336552 1.1615
0.332519 1.161
0.328519 1.1605
0.324479 1.16
0.320433 1.1595
0.316415 1.159
0.312398 1.1585
0.308396 1.158
0.304346 1.1575
0.30032 1.157
0.296303 1.1565
0.2923 1.156
0.288279 1.1555
0.284278 1.155
0.280263 1.1545
0.276253 1.154
0.272234 1.1535
0.268224 1.153
0.264199 1.1525
0.260183 1.152
0.256179 1.1515
0.252165 1.151
0.248158 1.1505
0.244138 1.15
0.240103 1.1495
0.236094 1.149
0.232081 1.1485
0.228075 1.148
0.22407 1.1475
0.220067 1.147
0.216035 1.1465
0.212 1.146
0.207997 1.1455
0.203981 1.145
0.199954 1.1445
0.195953 1.144
0.191928 1.1435
0.187927 1.143
0.18392 1.1425
0.17992 1.142
0.1759 1.1415
0.171878 1.141
0.16787 1.1405
0.163807 1.14
0.159807 1.1395
0.155791 1.139
0.151773 1.1385
0.147771 1.138
0.14377 1.1375
0.139768 1.137
0.135764 1.1365
0.131753 1.136
0.127746 1.1355
0.123733 1.135
0.119698 1.1345
0.115697 1.134
0.111693 1.1335
0.107647 1.133
0.103639 1.1325
0.0995984 1.132
0.0955555 1.1315
0.0915415 1.131
0.08753 1.1305
0.0835146 1.13
0.0795039 1.1295
0.0754952 1.129
0.0714944 1.1285
0.0674816 1.128
0.0634477 1.1275
0.0594272 1.127
0.0553987 1.1265
0.051396 1.126
0.0473841 1.1255
0.0433721 1.125
0.0393717 1.1245
0.0353654 1.124
0.0313421 1.1235
0.0273047 1.123
0.0232968 1.1225
0.0192829 1.122
0.0152817 1.1215
0.0112741 1.121
0.00726226 1.1205
0.0032513 1.12
-0.000765058 1.1195
-0.00476537 1.119
-0.00876642 1.1185
-0.0127713 1.118
-0.0167989 1.1175
-0.0208149 1.117
-0.0248212 1.1165
-0.0288254 1.116
-0.0328627 1.1155
-0.0368634 1.115
-0.0408759 1.1145
-0.0448863 1.114
-0.0488984 1.1135
-0.052899 1.113
-0.0569151 1.1125
-0.0609234 1.112
-0.0649499 1.1115
-0.0689606 1.111
-0.072982 1.1105
-0.0770035 1.11
-0.0810151 1.1095
-0.0850245 1.109
-0.0895687 1.1085
-0.0935697 1.108
-0.0975844 1.1075
-0.101586 1.107
-0.105632 1.1065
-0.109635 1.106
-0.113645 1.1055
-0.11949 1.105
-0.123493 1.1045
-0.127506 1.104
-0.131506 1.1035
-0.135526 1.103
-0.139531 1.1025
-0.143534 1.102
-0.147553 1.1015
-0.151566 1.101
-0.155583 1.1005
-0.159594 1.1
-0.163612 1.0995
-0.16763 1.099
-0.171645 1.0985
-0.175663 1.098
-0.179668 1.0975
-0.183685 1.097
-0.187688 1.0965
-0.191688 1.096
-0.19617 1.0955
-0.20018 1.095
-0.204211 1.0945
-0.208861 1.094
-0.212869 1.0935
-0.216871 1.093
-0.220882 1.0925
-0.224891 1.092
-0.228999 1.0915
-0.233014 1.091
-0.237047 1.0905
-0.241054 1.09
-0.245064 1.0895
-0.249067 1.089
-0.253071 1.0885
-0.257076 1.088
-0.261083 1.0875
-0.265087 1.087
-0.269089 1.0865
-0.273106 1.086
-0.277106 1.0855
-0.281114 1.085
-0.28512 1.0845
-0.289128 1.084
-0.293134 1.0835
-0.297138 1.083
-0.301157 1.0825
-0.305166 1.082
-0.309181 1.0815
-0.313197 1.081
-0.317202 1.0805
-0.321231 1.08
-0.325241 1.0795
-0.329245 1.079
-0.333247 1.0785
-0.337276 1.078
-0.341281 1.0775
-0.345284 1.077
-0.349298 1.0765
-0.355467 1.076
-0.359482 1.0755
-0.363485 1.075
-0.367488 1.0745
-0.371499 1.074
-0.375499 1.0735
-0.379513 1.073
-0.383518 1.0725
-0.387525 1.072
-0.391525 1.0715
-0.395541 1.071
-0.399552 1.0705
-0.403571 1.07
-0.407578 1.0695
-0.411579 1.069
-0.415582 1.0685
-0.419593 1.068
-0.423655 1.0675
-0.427673 1.067
-0.43169 1.0665
-0.435707 1.066
-0.43971 1.0655
-0.443716 1.065
-0.447734 1.0645
-0.451738 1.064
-0.455746 1.0635
-0.459759 1.063
-0.463764 1.0625
-0.467788 1.062
-0.471792 1.0615
-0.475814 1.061
-0.479818 1.0605
-0.483839 1.06
-0.487851 1.0595
-0.491871 1.059
-0.495896 1.0585
-0.499929 1.058
-0.50395 1.0575
-0.507952 1.057
-0.511953 1.0565
-0.515953 1.056
-0.519956 1.0555
-0.523961 1.055
-0.527964 1.0545
-0.531966 1.054
-0.535974 1.0535
-0.539994 1.053
-0.544001 1.0525
-0.548011 1.052
-0.552033 1.0515
-0.556035 1.051
-0.560036 1.0505
-0.564042 1.05
-0.568059 1.0495
-0.572061 1.049
-0.576063 1.0485
-0.580074 1.048
-0.58408 1.0475
-0.58808 1.047
-0.592098 1.0465
-0.5961 1.046
-0.600107 1.0455
-0.604107 1.045
-0.608113 1.0445
-0.61212 1.044
-0.616125 1.0435
-0.620126 1.043
-0.624127 1.0425
-0.62813 1.042
-0.632136 1.0415
-0.636139 1.041
-0.640145 1.0405
-0.644155 1.04
-0.648157 1.0395
-0.652389 1.039
-0.656401 1.0385
-0.660408 1.038
-0.664633 1.0375
-0.668638 1.037
-0.672641 1.0365
-0.676646 1.036
-0.68065 1.0355
-0.684796 1.035
-0.688799 1.0345
-0.69282 1.034
-0.69682 1.0335
-0.700824 1.033
-0.704826 1.0325
-0.708844 1.032
-0.712874 1.0315
-0.716881 1.031
-0.720899 1.0305
-0.7249 1.03
-0.728901 1.0295
-0.732929 1.029
-0.736969 1.0285
-0.740986 1.028
-0.744994 1.0275
-0.748994 1.027
-0.753001 1.0265
-0.757005 1.026
-0.761005 1.0255
-0.765014 1.025
-0.769018 1.0245
-0.773028 1.024
-0.77703 1.0235
-0.781032 1.023
-0.785037 1.0225
-0.789039 1.022
-0.79304 1.0215
-0.797043 1.021
-0.801045 1.0205
-0.805047 1.02
-0.80905 1.0195
-0.813054 1.019
-0.81706 1.0185
-0.821068 1.018
-0.825069 1.0175
-0.829075 1.017
-0.833077 1.0165
-0.837078 1.016
-0.841082 1.0155
-0.845089 1.015
-0.849103 1.0145
-0.853126 1.014
-0.857127 1.0135
-0.861128 1.013
-0.867273 1.0125
-0.871281 1.012
-0.875297 1.0115
-0.879316 1.011
-0.884291 1.0105
-0.888296 1.01
-0.892312 1.0095
-0.896312 1.009
-0.900312 1.0085
-0.90432 1.008
-0.909184 1.0075
-0.913191 1.007
-0.917222 1.0065
-0.921222 1.006
-0.925224 1.0055
-0.929247 1.005
-0.933257 1.0045
-0.937259 1.004
-0.941268 1.0035
-0.945296 1.003
-0.949303 1.0025
-0.953306 1.002
-0.957316 1.0015
-0.96132 1.001
-0.96533 1.0005
-0.969332 1
