Man
0 0
0.00232124 0.001001
0.000319095 0.002002
-0.00322556 0.003003
-0.00809059 0.004004
-0.0135418 0.00500501
-0.0165906 0.00600601
-0.0119623 0.00700701
-0.0161747 0.00800801
-0.019373 0.00900901
-0.0243477 0.01001
-0.030659 0.011011
-0.0307682 0.012012
-0.0360632 0.013013
-0.0421648 0.014014
-0.0505645 0.015015
-0.0524955 0.016016
-0.0542496 0.017017
-0.0538141 0.018018
-0.0609483 0.019019
-0.0618798 0.02002
-0.0681856 0.021021
-0.0706292 0.022022
-0.0728699 0.023023
-0.0817769 0.024024
-0.0884703 0.025025
-0.0873606 0.026026
-0.0922416 0.027027
-0.0934855 0.028028
-0.100058 0.029029
-0.102517 0.03003
-0.104281 0.031031
-0.106385 0.032032
-0.11392 0.033033
-0.122143 0.034034
-0.126446 0.035035
-0.129795 0.036036
-0.134978 0.037037
-0.13965 0.038038
-0.141555 0.039039
-0.150572 0.04004
-0.150561 0.041041
-0.158219 0.042042
-0.166042 0.043043
-0.172687 0.044044
-0.177822 0.045045
-0.180434 0.046046
-0.180741 0.047047
-0.182424 0.048048
-0.189974 0.049049
-0.191045 0.0500501
-0.196261 0.0510511
-0.202429 0.0520521
-0.206771 0.0530531
-0.212066 0.0540541
-0.218309 0.0550551
-0.21796 0.0560561
-0.221609 0.0570571
-0.222367 0.0580581
-0.229094 0.0590591
-0.234789 0.0600601
-0.239182 0.0610611
-0.239698 0.0620621
-0.249004 0.0630631
-0.25363 0.0640641
-0.258913 0.0650651
-0.264898 0.0660661
-0.265535 0.0670671
-0.260784 0.0680681
-0.267993 0.0690691
-0.271498 0.0700701
-0.277565 0.0710711
-0.284142 0.0720721
-0.288024 0.0730731
-0.298928 0.0740741
-0.300966 0.0750751
-0.302924 0.0760761
-0.308376 0.0770771
-0.314776 0.0780781
-0.31849 0.0790791
-0.320331 0.0800801
-0.329041 0.0810811
-0.332281 0.0820821
-0.330902 0.0830831
-0.332775 0.0840841
-0.335387 0.0850851
-0.342541 0.0860861
-0.346911 0.0870871
-0.352142 0.0880881
-0.35538 0.0890891
-0.363993 0.0900901
-0.369479 0.0910911
-0.377317 0.0920921
-0.380509 0.0930931
-0.382211 0.0940941
-0.382203 0.0950951
-0.392684 0.0960961
-0.398377 0.0970971
-0.399953 0.0980981
-0.405387 0.0990991
-0.411068 0.1001
-0.415524 0.101101
-0.421376 0.102102
-0.427187 0.103103
-0.428362 0.104104
-0.431953 0.105105
-0.434531 0.106106
-0.437466 0.107107
-0.441535 0.108108
-0.446696 0.109109
-0.448367 0.11011
-0.452032 0.111111
-0.454673 0.112112
-0.458502 0.113113
-0.465086 0.114114
-0.468003 0.115115
-0.470916 0.116116
-0.475625 0.117117
-0.481411 0.118118
-0.490532 0.119119
-0.490519 0.12012
-0.492167 0.121121
-0.502184 0.122122
-0.508366 0.123123
-0.5154 0.124124
-0.515521 0.125125
-0.520681 0.126126
-0.521873 0.127127
-0.526796 0.128128
-0.532602 0.129129
-0.536869 0.13013
-0.540218 0.131131
-0.543941 0.132132
-0.551341 0.133133
-0.553265 0.134134
-0.558712 0.135135
-0.561406 0.136136
-0.565986 0.137137
-0.57517 0.138138
-0.581391 0.139139
-0.58516 0.14014
-0.590521 0.141141
-0.594377 0.142142
-0.600205 0.143143
-0.605311 0.144144
-0.61073 0.145145
-0.616875 0.146146
-0.615753 0.147147
-0.618883 0.148148
-0.624256 0.149149
-0.625308 0.15015
-0.627287 0.151151
-0.633224 0.152152
-0.637836 0.153153
-0.643246 0.154154
-0.647272 0.155155
-0.652418 0.156156
-0.654181 0.157157
-0.655192 0.158158
-0.657504 0.159159
-0.661471 0.16016
-0.663573 0.161161
-0.667465 0.162162
-0.670643 0.163163
-0.673283 0.164164
-0.676915 0.165165
-0.68086 0.166166
-0.684176 0.167167
-0.687948 0.168168
-0.690888 0.169169
-0.694027 0.17017
-0.696878 0.171171
-0.6992 0.172172
-0.700719 0.173173
-0.702419 0.174174
-0.704214 0.175175
-0.705568 0.176176
-0.70725 0.177177
-0.709217 0.178178
-0.712614 0.179179
-0.714437 0.18018
-0.715878 0.181181
-0.717894 0.182182
-0.720803 0.183183
-0.724308 0.184184
-0.726379 0.185185
-0.72839 0.186186
-0.730648 0.187187
-0.732841 0.188188
-0.734911 0.189189
-0.737097 0.19019
-0.739587 0.191191
-0.742155 0.192192
-0.743678 0.193193
-0.746317 0.194194
-0.748225 0.195195
-0.749429 0.196196
-0.751111 0.197197
-0.752642 0.198198
-0.754724 0.199199
-0.756897 0.2002
-0.75918 0.201201
-0.760727 0.202202
-0.762627 0.203203
-0.763732 0.204204
-0.765816 0.205205
-0.767859 0.206206
-0.768805 0.207207
-0.769243 0.208208
-0.770755 0.209209
-0.772314 0.21021
-0.77345 0.211211
-0.774665 0.212212
-0.776012 0.213213
-0.777499 0.214214
-0.778727 0.215215
-0.779825 0.216216
-0.781403 0.217217
-0.782829 0.218218
-0.784664 0.219219
-0.785634 0.22022
-0.787045 0.221221
-0.78853 0.222222
-0.789671 0.223223
-0.7907 0.224224
-0.791004 0.225225
-0.792298 0.226226
-0.793937 0.227227
-0.795348 0.228228
-0.796293 0.229229
-0.797107 0.23023
-0.798321 0.231231
-0.799295 0.232232
-0.800052 0.233233
-0.800961 0.234234
-0.801386 0.235235
-0.802366 0.236236
-0.803302 0.237237
-0.80421 0.238238
-0.805621 0.239239
-0.806614 0.24024
-0.807448 0.241241
-0.808565 0.242242
-0.809622 0.243243
-0.810501 0.244244
-0.811489 0.245245
-0.812511 0.246246
-0.813621 0.247247
-0.814617 0.248248
-0.815362 0.249249
-0.816267 0.25025
-0.816855 0.251251
-0.817547 0.252252
-0.818246 0.253253
-0.819174 0.254254
-0.820014 0.255255
-0.82106 0.256256
-0.821517 0.257257
-0.822414 0.258258
-0.823432 0.259259
-0.824202 0.26026
-0.825027 0.261261
-0.82584 0.262262
-0.826389 0.263263
-0.827268 0.264264
-0.827995 0.265265
-0.828893 0.266266
-0.829607 0.267267
-0.830278 0.268268
-0.83111 0.269269
-0.831884 0.27027
-0.832737 0.271271
-0.8336 0.272272
-0.834661 0.273273
-0.835327 0.274274
-0.836109 0.275275
-0.836641 0.276276
-0.837529 0.277277
-0.838309 0.278278
-0.838868 0.279279
-0.839271 0.28028
-0.839853 0.281281
-0.840327 0.282282
-0.84074 0.283283
-0.841372 0.284284
-0.841895 0.285285
-0.842448 0.286286
-0.843071 0.287287
-0.843761 0.288288
-0.844328 0.289289
-0.84488 0.29029
-0.845421 0.291291
-0.845791 0.292292
-0.84661 0.293293
-0.847125 0.294294
-0.847504 0.295295
-0.848402 0.296296
-0.849074 0.297297
-0.849945 0.298298
-0.850306 0.299299
-0.851352 0.3003
-0.851976 0.301301
-0.852245 0.302302
-0.852887 0.303303
-0.853368 0.304304
-0.85422 0.305305
-0.854924 0.306306
-0.855541 0.307307
-0.855894 0.308308
-0.856217 0.309309
-0.856794 0.31031
-0.857516 0.311311
-0.858193 0.312312
-0.858902 0.313313
-0.859696 0.314314
-0.860177 0.315315
-0.860601 0.316316
-0.860937 0.317317
-0.861671 0.318318
-0.862468 0.319319
-0.862989 0.32032
-0.863601 0.321321
-0.864038 0.322322
-0.864583 0.323323
-0.865105 0.324324
-0.865682 0.325325
-0.866326 0.326326
-0.866928 0.327327
-0.867482 0.328328
-0.86807 0.329329
-0.868353 0.33033
-0.868968 0.331331
-0.869458 0.332332
-0.86997 0.333333
-0.870524 0.334334
-0.870994 0.335335
-0.871625 0.336336
-0.872147 0.337337
-0.872449 0.338338
-0.873054 0.339339
-0.873519 0.34034
-0.87406 0.341341
-0.874479 0.342342
-0.874858 0.343343
-0.87527 0.344344
-0.875856 0.345345
-0.876244 0.346346
-0.876712 0.347347
-0.87729 0.348348
-0.877632 0.349349
-0.878132 0.35035
-0.878668 0.351351
-0.879222 0.352352
-0.879625 0.353353
-0.880009 0.354354
-0.8805 0.355355
-0.881036 0.356356
-0.881495 0.357357
-0.881987 0.358358
-0.882455 0.359359
-0.882998 0.36036
-0.883361 0.361361
-0.883752 0.362362
-0.884216 0.363363
-0.88456 0.364364
-0.884971 0.365365
-0.885073 0.366366
-0.885543 0.367367
-0.88596 0.368368
-0.886429 0.369369
-0.886821 0.37037
-0.887089 0.371371
-0.887386 0.372372
-0.887854 0.373373
-0.888421 0.374374
-0.888919 0.375375
-0.889492 0.376376
-0.889907 0.377377
-0.890394 0.378378
-0.890877 0.379379
-0.891211 0.38038
-0.891784 0.381381
-0.892022 0.382382
-0.892422 0.383383
-0.89274 0.384384
-0.892891 0.385385
-0.893446 0.386386
-0.893844 0.387387
-0.894087 0.388388
-0.894361 0.389389
-0.894747 0.39039
-0.894993 0.391391
-0.895467 0.392392
-0.895744 0.393393
-0.896189 0.394394
-0.896531 0.395395
-0.896715 0.396396
-0.896947 0.397397
-0.897384 0.398398
-0.897548 0.399399
-0.897954 0.4004
-0.898327 0.401401
-0.898563 0.402402
-0.899175 0.403403
-0.899526 0.404404
-0.899691 0.405405
-0.899935 0.406406
-0.900222 0.407407
-0.900752 0.408408
-0.901099 0.409409
-0.901318 0.41041
-0.901522 0.411411
-0.901968 0.412412
-0.90241 0.413413
-0.902608 0.414414
-0.902789 0.415415
-0.902866 0.416416
-0.903101 0.417417
-0.903503 0.418418
-0.903803 0.419419
-0.904187 0.42042
-0.904439 0.421421
-0.904761 0.422422
-0.905128 0.423423
-0.905302 0.424424
-0.905542 0.425425
-0.905924 0.426426
-0.906327 0.427427
-0.906654 0.428428
-0.906975 0.429429
-0.907263 0.43043
-0.907513 0.431431
-0.907834 0.432432
-0.907885 0.433433
-0.908086 0.434434
-0.90838 0.435435
-0.908586 0.436436
-0.908925 0.437437
-0.909308 0.438438
-0.909569 0.439439
-0.909891 0.44044
-0.910145 0.441441
-0.91035 0.442442
-0.910674 0.443443
-0.910753 0.444444
-0.911035 0.445445
-0.911219 0.446446
-0.911326 0.447447
-0.911772 0.448448
-0.911954 0.449449
-0.912342 0.45045
-0.912626 0.451451
-0.912856 0.452452
-0.913046 0.453453
-0.913217 0.454454
-0.913581 0.455455
-0.913811 0.456456
-0.914115 0.457457
-0.914121 0.458458
-0.914393 0.459459
-0.914643 0.46046
-0.914913 0.461461
-0.91519 0.462462
-0.915376 0.463463
-0.915638 0.464464
-0.915856 0.465465
-0.916114 0.466466
-0.916361 0.467467
-0.916671 0.468468
-0.916949 0.469469
-0.917356 0.47047
-0.917722 0.471471
-0.917808 0.472472
-0.918092 0.473473
-0.918119 0.474474
-0.918356 0.475475
-0.918697 0.476476
-0.918889 0.477477
-0.918985 0.478478
-0.919212 0.479479
-0.919455 0.48048
-0.919591 0.481481
-0.919873 0.482482
-0.9201 0.483483
-0.920264 0.484484
-0.920524 0.485485
-0.920631 0.486486
-0.920872 0.487487
-0.921172 0.488488
-0.921474 0.489489
-0.921676 0.49049
-0.921912 0.491491
-0.922074 0.492492
-0.922601 0.493493
-0.922788 0.494494
-0.923057 0.495495
-0.923279 0.496496
-0.923529 0.497497
-0.923713 0.498498
-0.923878 0.499499
-0.924162 0.500501
-0.924266 0.501502
-0.92442 0.502503
-0.924524 0.503504
-0.924708 0.504505
-0.925004 0.505506
-0.925171 0.506507
-0.925473 0.507508
-0.925628 0.508509
-0.925766 0.50951
-0.926036 0.510511
-0.926286 0.511512
-0.926546 0.512513
-0.926831 0.513514
-0.927249 0.514515
-0.927582 0.515516
-0.927799 0.516517
-0.928058 0.517518
-0.928237 0.518519
-0.928293 0.51952
-0.928606 0.520521
-0.928857 0.521522
-0.928964 0.522523
-0.929142 0.523524
-0.929395 0.524525
-0.929505 0.525526
-0.929561 0.526527
-0.929767 0.527528
-0.929921 0.528529
-0.930178 0.52953
-0.930354 0.530531
-0.930576 0.531532
-0.930843 0.532533
-0.931067 0.533534
-0.931151 0.534535
-0.931278 0.535536
-0.931574 0.536537
-0.93163 0.537538
-0.931922 0.538539
-0.932116 0.53954
-0.932328 0.540541
-0.932579 0.541542
-0.932805 0.542543
-0.932986 0.543544
-0.933096 0.544545
-0.933236 0.545546
-0.933351 0.546547
-0.933408 0.547548
-0.933576 0.548549
-0.933776 0.54955
-0.933805 0.550551
-0.933964 0.551552
-0.934261 0.552553
-0.93445 0.553554
-0.934715 0.554555
-0.934797 0.555556
-0.934905 0.556557
-0.93504 0.557558
-0.935325 0.558559
-0.935394 0.55956
-0.935502 0.560561
-0.93577 0.561562
-0.936079 0.562563
-0.936318 0.563564
-0.936535 0.564565
-0.936708 0.565566
-0.936795 0.566567
-0.936882 0.567568
-0.937208 0.568569
-0.937302 0.56957
-0.937365 0.570571
-0.937654 0.571572
-0.937858 0.572573
-0.938118 0.573574
-0.93838 0.574575
-0.93841 0.575576
-0.938555 0.576577
-0.938697 0.577578
-0.938856 0.578579
-0.93894 0.57958
-0.939053 0.580581
-0.939115 0.581582
-0.939287 0.582583
-0.939415 0.583584
-0.939589 0.584585
-0.939705 0.585586
-0.93982 0.586587
-0.939917 0.587588
-0.940142 0.588589
-0.940299 0.58959
-0.940495 0.590591
-0.940678 0.591592
-0.940772 0.592593
-0.940846 0.593594
-0.941007 0.594595
-0.941126 0.595596
-0.941175 0.596597
-0.941372 0.597598
-0.941619 0.598599
-0.941735 0.5996
-0.941839 0.600601
-0.941898 0.601602
-0.942092 0.602603
-0.942225 0.603604
-0.942342 0.604605
-0.942494 0.605606
-0.942686 0.606607
-0.942956 0.607608
-0.943066 0.608609
-0.943141 0.60961
-0.943306 0.610611
-0.943485 0.611612
-0.943762 0.612613
-0.943816 0.613614
-0.943988 0.614615
-0.944086 0.615616
-0.944164 0.616617
-0.944342 0.617618
-0.944584 0.618619
-0.944728 0.61962
-0.944833 0.620621
-0.944805 0.621622
-0.944972 0.622623
-0.945123 0.623624
-0.945295 0.624625
-0.945342 0.625626
-0.945531 0.626627
-0.945778 0.627628
-0.945903 0.628629
-0.94601 0.62963
-0.94613 0.630631
-0.946375 0.631632
-0.946628 0.632633
-0.946767 0.633634
-0.946969 0.634635
-0.947064 0.635636
-0.94722 0.636637
-0.947342 0.637638
-0.947522 0.638639
-0.947736 0.63964
-0.947835 0.640641
-0.948034 0.641642
-0.94826 0.642643
-0.948365 0.643644
-0.948573 0.644645
-0.948726 0.645646
-0.948841 0.646647
-0.94901 0.647648
-0.949117 0.648649
-0.949183 0.64965
-0.949339 0.650651
-0.949578 0.651652
-0.949738 0.652653
-0.949907 0.653654
-0.949982 0.654655
-0.950026 0.655656
-0.95013 0.656657
-0.950224 0.657658
-0.950332 0.658659
-0.950506 0.65966
-0.950639 0.660661
-0.950855 0.661662
-0.950986 0.662663
-0.956851 0.663664
-0.957111 0.664665
-0.957248 0.665666
-0.9573 0.666667
-0.957425 0.667668
-0.957535 0.668669
-0.957521 0.66967
-0.957605 0.670671
-0.957818 0.671672
-0.957814 0.672673
-0.957879 0.673674
-0.957988 0.674675
-0.958072 0.675676
-0.95806 0.676677
-0.958195 0.677678
-0.958319 0.678679
-0.958385 0.67968
-0.958585 0.680681
-0.958622 0.681682
-0.958745 0.682683
-0.958835 0.683684
-0.958961 0.684685
-0.959158 0.685686
-0.95926 0.686687
-0.959357 0.687688
-0.959468 0.688689
-0.959535 0.68969
-0.959639 0.690691
-0.959827 0.691692
-0.960017 0.692693
-0.960131 0.693694
-0.960303 0.694695
-0.960458 0.695696
-0.960526 0.696697
-0.960651 0.697698
-0.960693 0.698699
-0.960825 0.6997
-0.9609 0.700701
-0.961102 0.701702
-0.96118 0.702703
-0.961286 0.703704
-0.961335 0.704705
-0.961462 0.705706
-0.9617 0.706707
-0.961843 0.707708
-0.961864 0.708709
-0.961954 0.70971
-0.96193 0.710711
-0.962 0.711712
-0.962183 0.712713
-0.962255 0.713714
-0.962333 0.714715
-0.962406 0.715716
-0.962571 0.716717
-0.962611 0.717718
-0.962683 0.718719
-0.962825 0.71972
-0.962907 0.720721
-0.962956 0.721722
-0.963098 0.722723
-0.963113 0.723724
-0.962501 0.724725
-0.962559 0.725726
-0.962467 0.726727
-0.961515 0.727728
-0.961462 0.728729
-0.96162 0.72973
-0.961781 0.730731
-0.96192 0.731732
-0.96202 0.732733
-0.962098 0.733734
-0.962129 0.734735
-0.96225 0.735736
-0.96233 0.736737
-0.962429 0.737738
-0.962497 0.738739
-0.962632 0.73974
-0.96275 0.740741
-0.962852 0.741742
-0.962914 0.742743
-0.962955 0.743744
-0.963054 0.744745
-0.963161 0.745746
-0.96323 0.746747
-0.963306 0.747748
-0.963334 0.748749
-0.963464 0.74975
-0.963632 0.750751
-0.963636 0.751752
-0.963744 0.752753
-0.963795 0.753754
-0.9639 0.754755
-0.96395 0.755756
-0.963969 0.756757
-0.96408 0.757758
-0.964205 0.758759
-0.964374 0.75976
-0.964479 0.760761
-0.964526 0.761762
-0.964627 0.762763
-0.964664 0.763764
-0.964742 0.764765
-0.964873 0.765766
-0.965008 0.766767
-0.965111 0.767768
-0.965218 0.768769
-0.965343 0.76977
-0.965471 0.770771
-0.965554 0.771772
-0.964873 0.772773
-0.96499 0.773774
-0.96513 0.774775
-0.965191 0.775776
-0.965317 0.776777
-0.965499 0.777778
-0.965584 0.778779
-0.965723 0.77978
-0.965768 0.780781
-0.965942 0.781782
-0.96603 0.782783
-0.966219 0.783784
-0.966246 0.784785
-0.966267 0.785786
-0.966367 0.786787
-0.966496 0.787788
-0.966514 0.788789
-0.966573 0.78979
-0.966727 0.790791
-0.96684 0.791792
-0.966852 0.792793
-0.966927 0.793794
-0.966974 0.794795
-0.967062 0.795796
-0.967062 0.796797
-0.967104 0.797798
-0.967207 0.798799
-0.967281 0.7998
-0.967377 0.800801
-0.967522 0.801802
-0.967532 0.802803
-0.967684 0.803804
-0.967774 0.804805
-0.967842 0.805806
-0.967916 0.806807
-0.967992 0.807808
-0.968126 0.808809
-0.968127 0.80981
-0.968105 0.810811
-0.967553 0.811812
-0.967307 0.812813
-0.967387 0.813814
-0.967441 0.814815
-0.967575 0.815816
-0.967629 0.816817
-0.96771 0.817818
-0.96772 0.818819
-0.967896 0.81982
-0.967935 0.820821
-0.968076 0.821822
-0.968188 0.822823
-0.967904 0.823824
-0.967991 0.824825
-0.968052 0.825826
-0.968132 0.826827
-0.968197 0.827828
-0.968361 0.828829
-0.968372 0.82983
-0.968424 0.830831
-0.968527 0.831832
-0.968612 0.832833
-0.968646 0.833834
-0.968704 0.834835
-0.968743 0.835836
-0.968939 0.836837
-0.968957 0.837838
-0.968971 0.838839
-0.969108 0.83984
-0.969237 0.840841
-0.969234 0.841842
-0.969292 0.842843
-0.969346 0.843844
-0.96943 0.844845
-0.969462 0.845846
-0.969474 0.846847
-0.969606 0.847848
-0.969636 0.848849
-0.969704 0.84985
-0.969872 0.850851
-0.969939 0.851852
-0.970006 0.852853
-0.970132 0.853854
-0.970179 0.854855
-0.970222 0.855856
-0.970274 0.856857
-0.970308 0.857858
-0.970358 0.858859
-0.970403 0.85986
-0.970568 0.860861
-0.970662 0.861862
-0.970768 0.862863
-0.971019 0.863864
-0.970994 0.864865
-0.97111 0.865866
-0.971213 0.866867
-0.971208 0.867868
-0.971372 0.868869
-0.971371 0.86987
-0.971437 0.870871
-0.97145 0.871872
-0.971509 0.872873
-0.971586 0.873874
-0.971605 0.874875
-0.971715 0.875876
-0.971775 0.876877
-0.971798 0.877878
-0.971841 0.878879
-0.971955 0.87988
-0.972076 0.880881
-0.972217 0.881882
-0.971787 0.882883
-0.971936 0.883884
-0.971954 0.884885
-0.97199 0.885886
-0.972044 0.886887
-0.972083 0.887888
-0.972126 0.888889
-0.972166 0.88989
-0.972192 0.890891
-0.972226 0.891892
-0.972352 0.892893
-0.971594 0.893894
-0.97166 0.894895
-0.971652 0.895896
-0.971721 0.896897
-0.971402 0.897898
-0.971476 0.898899
-0.971477 0.8999
-0.971467 0.900901
-0.971496 0.901902
-0.971519 0.902903
-0.971603 0.903904
-0.971618 0.904905
-0.971693 0.905906
-0.971775 0.906907
-0.971295 0.907908
-0.971375 0.908909
-0.971382 0.90991
-0.971475 0.910911
-0.971591 0.911912
-0.971617 0.912913
-0.971653 0.913914
-0.971707 0.914915
-0.971752 0.915916
-0.971801 0.916917
-0.971825 0.917918
-0.971836 0.918919
-0.971854 0.91992
-0.971963 0.920921
-0.971987 0.921922
-0.972059 0.922923
-0.972146 0.923924
-0.972257 0.924925
-0.972357 0.925926
-0.97244 0.926927
-0.972486 0.927928
-0.972518 0.928929
-0.972582 0.92993
-0.97268 0.930931
-0.972787 0.931932
-0.97274 0.932933
-0.972796 0.933934
-0.972874 0.934935
-0.972963 0.935936
-0.973104 0.936937
-0.973167 0.937938
-0.973215 0.938939
-0.973327 0.93994
-0.973339 0.940941
-0.973407 0.941942
-0.97355 0.942943
-0.97354 0.943944
-0.973633 0.944945
-0.973706 0.945946
-0.973818 0.946947
-0.973926 0.947948
-0.973956 0.948949
-0.974074 0.94995
-0.9741 0.950951
-0.974106 0.951952
-0.974094 0.952953
-0.974139 0.953954
-0.974203 0.954955
-0.974219 0.955956
-0.974245 0.956957
-0.974312 0.957958
-0.974381 0.958959
-0.974432 0.95996
-0.974481 0.960961
-0.974552 0.961962
-0.974545 0.962963
-0.974679 0.963964
-0.974692 0.964965
-0.974791 0.965966
-0.974798 0.966967
-0.974778 0.967968
-0.974842 0.968969
-0.974898 0.96997
-0.974912 0.970971
-0.974944 0.971972
-0.975032 0.972973
-0.975022 0.973974
-0.974059 0.974975
-0.974083 0.975976
-0.974194 0.976977
-0.97424 0.977978
-0.974248 0.978979
-0.974293 0.97998
-0.974322 0.980981
-0.974369 0.981982
-0.974335 0.982983
-0.974369 0.983984
-0.974404 0.984985
-0.974426 0.985986
-0.974505 0.986987
-0.97456 0.987988
-0.974625 0.988989
-0.974765 0.98999
-0.97482 0.990991
-0.974946 0.991992
-0.974984 0.992993
-0.975088 0.993994
-0.975175 0.994995
-0.975165 0.995996
-0.975215 0.996997
-0.975246 0.997998
-0.975373 0.998999
-0.975441 1


Shark
3.14159 1.5
3.13759 1.4995
3.13358 1.499
3.12958 1.4985
3.12558 1.498
3.12157 1.4975
3.11757 1.497
3.11356 1.4965
3.10955 1.496
3.10555 1.4955
3.10154 1.49499
3.09753 1.49449
3.09352 1.49399
3.08951 1.49349
3.08549 1.49299
3.08146 1.49249
3.07745 1.49199
3.07345 1.49149
3.06944 1.49099
3.06541 1.49049
3.0614 1.48999
3.05736 1.48949
3.05335 1.48899
3.04934 1.48849
3.04525 1.48799
3.0412 1.48749
3.03719 1.48699
3.03315 1.48649
3.02915 1.48599
3.02507 1.48549
3.02106 1.48498
3.01705 1.48448
3.01304 1.48398
3.00891 1.48348
3.00476 1.48298
3.00071 1.48248
2.99668 1.48198
2.99261 1.48148
2.98854 1.48098
2.98453 1.48048
2.98028 1.47998
2.97627 1.47948
2.97207 1.47898
2.96785 1.47848
2.96368 1.47798
2.95958 1.47748
2.95554 1.47698
2.95154 1.47648
2.94752 1.47598
2.94326 1.47548
2.93925 1.47497
2.93511 1.47447
2.93091 1.47397
2.9268 1.47347
2.92264 1.47297
2.91841 1.47247
2.91441 1.47197
2.91032 1.47147
2.90631 1.47097
2.90201 1.47047
2.89778 1.46997
2.89364 1.46947
2.88963 1.46897
2.885 1.46847
2.88082 1.46797
2.87659 1.46747
2.87229 1.46697
2.86829 1.46647
2.86408 1.46597
2.85962 1.46547
2.85549 1.46496
2.85114 1.46446
2.84672 1.46396
2.84256 1.46346
2.83742 1.46296
2.83337 1.46246
2.82933 1.46196
2.82499 1.46146
2.82052 1.46096
2.81635 1.46046
2.8123 1.45996
2.80741 1.45946
2.80327 1.45896
2.79924 1.45846
2.79519 1.45796
2.79109 1.45746
2.78639 1.45696
2.78211 1.45646
2.77771 1.45596
2.77354 1.45546
2.76849 1.45495
2.76402 1.45445
2.75909 1.45395
2.75492 1.45345
2.75086 1.45295
2.74686 1.45245
2.74119 1.45195
2.73663 1.45145
2.73257 1.45095
2.72803 1.45045
2.72343 1.44995
2.71905 1.44945
2.71439 1.44895
2.70973 1.44845
2.70569 1.44795
2.70142 1.44745
2.69727 1.44695
2.69307 1.44645
2.6887 1.44595
2.68411 1.44545
2.68004 1.44494
2.67572 1.44444
2.67155 1.44394
2.66719 1.44344
2.66219 1.44294
2.65797 1.44244
2.65375 1.44194
2.64918 1.44144
2.64434 1.44094
2.63844 1.44044
2.63444 1.43994
2.63036 1.43944
2.62405 1.43894
2.61903 1.43844
2.61372 1.43794
2.60972 1.43744
2.60495 1.43694
2.6009 1.43644
2.59617 1.43594
2.59118 1.43544
2.5866 1.43493
2.58223 1.43443
2.57777 1.43393
2.57217 1.43343
2.56803 1.43293
2.56307 1.43243
2.55881 1.43193
2.55408 1.43143
2.54763 1.43093
2.54235 1.43043
2.53782 1.42993
2.53281 1.42943
2.52825 1.42893
2.52305 1.42843
2.51808 1.42793
2.513 1.42743
2.50763 1.42693
2.50357 1.42643
2.49916 1.42593
2.49404 1.42543
2.48998 1.42492
2.4858 1.42442
2.48042 1.42392
2.47552 1.42342
2.47032 1.42292
2.4656 1.42242
2.46048 1.42192
2.45632 1.42142
2.45227 1.42092
2.448 1.42042
2.44327 1.41992
2.43904 1.41942
2.43431 1.41892
2.4298 1.41842
2.42544 1.41792
2.42078 1.41742
2.416 1.41692
2.41142 1.41642
2.40669 1.41592
2.40222 1.41542
2.39768 1.41491
2.39323 1.41441
2.38892 1.41391
2.38478 1.41341
2.38061 1.41291
2.37641 1.41241
2.3723 1.41191
2.36812 1.41141
2.36388 1.41091
2.3592 1.41041
2.35498 1.40991
2.35085 1.40941
2.34658 1.40891
2.34205 1.40841
2.33729 1.40791
2.333 1.40741
2.32873 1.40691
2.32438 1.40641
2.32005 1.40591
2.31576 1.40541
2.31142 1.4049
2.30699 1.4044
2.30253 1.4039
2.29836 1.4034
2.29386 1.4029
2.28959 1.4024
2.28548 1.4019
2.28126 1.4014
2.27708 1.4009
2.27274 1.4004
2.26838 1.3999
2.26398 1.3994
2.25978 1.3989
2.25549 1.3984
2.25139 1.3979
2.24704 1.3974
2.24269 1.3969
2.23861 1.3964
2.23459 1.3959
2.23039 1.3954
2.22618 1.39489
2.22207 1.39439
2.21793 1.39389
2.21377 1.39339
2.20957 1.39289
2.20543 1.39239
2.20131 1.39189
2.19708 1.39139
2.19289 1.39089
2.18857 1.39039
2.18448 1.38989
2.18029 1.38939
2.17607 1.38889
2.17194 1.38839
2.16783 1.38789
2.16382 1.38739
2.15965 1.38689
2.15538 1.38639
2.15117 1.38589
2.14707 1.38539
2.143 1.38488
2.13884 1.38438
2.13474 1.38388
2.13067 1.38338
2.12658 1.38288
2.12256 1.38238
2.11845 1.38188
2.11435 1.38138
2.11025 1.38088
2.10603 1.38038
2.10191 1.37988
2.09783 1.37938
2.09368 1.37888
2.08955 1.37838
2.08545 1.37788
2.08133 1.37738
2.0772 1.37688
2.07305 1.37638
2.06893 1.37588
2.06486 1.37538
2.06075 1.37487
2.0567 1.37437
2.05264 1.37387
2.04857 1.37337
2.04446 1.37287
2.04037 1.37237
2.03622 1.37187
2.03219 1.37137
2.02808 1.37087
2.02394 1.37037
2.01986 1.36987
2.01576 1.36937
2.01167 1.36887
2.00762 1.36837
2.00351 1.36787
1.99944 1.36737
1.99532 1.36687
1.99124 1.36637
1.98718 1.36587
1.98307 1.36537
1.97898 1.36486
1.97487 1.36436
1.97076 1.36386
1.96659 1.36336
1.96252 1.36286
1.95843 1.36236
1.95438 1.36186
1.95026 1.36136
1.94616 1.36086
1.94211 1.36036
1.93808 1.35986
1.93402 1.35936
1.92998 1.35886
1.92595 1.35836
1.92188 1.35786
1.91784 1.35736
1.91378 1.35686
1.90972 1.35636
1.90563 1.35586
1.90158 1.35536
1.89752 1.35485
1.89347 1.35435
1.88944 1.35385
1.88532 1.35335
1.88127 1.35285
1.87725 1.35235
1.8731 1.35185
1.86902 1.35135
1.86488 1.35085
1.86086 1.35035
1.85666 1.34985
1.85259 1.34935
1.84857 1.34885
1.84449 1.34835
1.84045 1.34785
1.83631 1.34735
1.83221 1.34685
1.82814 1.34635
1.82411 1.34585
1.82009 1.34535
1.81602 1.34484
1.81192 1.34434
1.80782 1.34384
1.80372 1.34334
1.7996 1.34284
1.79555 1.34234
1.79151 1.34184
1.78748 1.34134
1.78337 1.34084
1.77924 1.34034
1.77518 1.33984
1.7711 1.33934
1.76706 1.33884
1.76299 1.33834
1.75893 1.33784
1.75486 1.33734
1.75076 1.33684
1.74668 1.33634
1.74261 1.33584
1.73854 1.33534
1.73452 1.33483
1.73043 1.33433
1.72637 1.33383
1.72231 1.33333
1.71824 1.33283
1.71419 1.33233
1.71009 1.33183
1.70603 1.33133
1.702 1.33083
1.69792 1.33033
1.69386 1.32983
1.68979 1.32933
1.68575 1.32883
1.68171 1.32833
1.67767 1.32783
1.67358 1.32733
1.66954 1.32683
1.66548 1.32633
1.6614 1.32583
1.65737 1.32533
1.6533 1.32482
1.64923 1.32432
1.64515 1.32382
1.64111 1.32332
1.63707 1.32282
1.633 1.32232
1.62893 1.32182
1.62487 1.32132
1.6208 1.32082
1.61674 1.32032
1.61266 1.31982
1.60862 1.31932
1.60458 1.31882
1.60052 1.31832
1.59649 1.31782
1.59244 1.31732
1.58843 1.31682
1.58437 1.31632
1.58032 1.31582
1.57625 1.31532
1.57221 1.31481
1.56818 1.31431
1.56416 1.31381
1.56009 1.31331
1.556 1.31281
1.55192 1.31231
1.54783 1.31181
1.54378 1.31131
1.53971 1.31081
1.53564 1.31031
1.5316 1.30981
1.5275 1.30931
1.52348 1.30881
1.51943 1.30831
1.5154 1.30781
1.51139 1.30731
1.50729 1.30681
1.50324 1.30631
1.49922 1.30581
1.49519 1.30531
1.49114 1.3048
1.48712 1.3043
1.48305 1.3038
1.47902 1.3033
1.47496 1.3028
1.47092 1.3023
1.4669 1.3018
1.46288 1.3013
1.45882 1.3008
1.4548 1.3003
1.45075 1.2998
1.4467 1.2993
1.44268 1.2988
1.43855 1.2983
1.43451 1.2978
1.4305 1.2973
1.42647 1.2968
1.42244 1.2963
1.41834 1.2958
1.4143 1.2953
1.41028 1.29479
1.40626 1.29429
1.40219 1.29379
1.39812 1.29329
1.3941 1.29279
1.39009 1.29229
1.38608 1.29179
1.38206 1.29129
1.378 1.29079
1.37396 1.29029
1.36991 1.28979
1.36588 1.28929
1.36184 1.28879
1.35779 1.28829
1.35378 1.28779
1.34975 1.28729
1.34569 1.28679
1.34163 1.28629
1.33759 1.28579
1.33355 1.28529
1.32951 1.28478
1.32549 1.28428
1.32144 1.28378
1.31744 1.28328
1.31342 1.28278
1.30938 1.28228
1.30536 1.28178
1.30131 1.28128
1.29725 1.28078
1.29322 1.28028
1.28918 1.27978
1.28515 1.27928
1.28113 1.27878
1.27709 1.27828
1.27308 1.27778
1.26904 1.27728
1.26503 1.27678
1.26102 1.27628
1.25694 1.27578
1.25292 1.27528
1.24885 1.27477
1.24482 1.27427
1.24079 1.27377
1.23677 1.27327
1.23276 1.27277
1.2287 1.27227
1.22467 1.27177
1.22063 1.27127
1.21663 1.27077
1.21259 1.27027
1.20856 1.26977
1.20453 1.26927
1.20049 1.26877
1.19647 1.26827
1.19244 1.26777
1.18841 1.26727
1.18438 1.26677
1.18035 1.26627
1.1763 1.26577
1.17227 1.26527
1.16819 1.26476
1.16413 1.26426
1.16012 1.26376
1.15608 1.26326
1.15207 1.26276
1.14805 1.26226
1.14399 1.26176
1.13997 1.26126
1.13596 1.26076
1.13193 1.26026
1.1279 1.25976
1.12389 1.25926
1.11985 1.25876
1.11582 1.25826
1.1118 1.25776
1.10777 1.25726
1.10376 1.25676
1.09973 1.25626
1.09568 1.25576
1.09163 1.25526
1.08761 1.25475
1.08358 1.25425
1.07956 1.25375
1.07543 1.25325
1.0714 1.25275
1.06737 1.25225
1.06334 1.25175
1.0593 1.25125
1.05528 1.25075
1.05126 1.25025
1.04722 1.24975
1.04321 1.24925
1.03919 1.24875
1.03519 1.24825
1.03116 1.24775
1.02712 1.24725
1.0231 1.24675
1.01905 1.24625
1.01503 1.24575
1.01102 1.24525
1.00697 1.24474
1.00294 1.24424
0.998899 1.24374
0.994853 1.24324
0.990757 1.24274
0.986695 1.24224
0.982666 1.24174
0.978626 1.24124
0.974605 1.24074
0.970599 1.24024
0.966543 1.23974
0.962504 1.23924
0.958494 1.23874
0.954473 1.23824
0.950434 1.23774
0.946423 1.23724
0.942418 1.23674
0.93839 1.23624
0.934373 1.23574
0.930332 1.23524
0.926311 1.23473
0.922279 1.23423
0.918235 1.23373
0.914203 1.23323
0.910195 1.23273
0.906181 1.23223
0.902127 1.23173
0.898122 1.23123
0.894068 1.23073
0.890043 1.23023
0.886012 1.22973
0.881972 1.22923
0.877938 1.22873
0.873915 1.22823
0.869904 1.22773
0.865888 1.22723
0.861876 1.22673
0.85787 1.22623
0.853849 1.22573
0.849821 1.22523
0.845817 1.22472
0.841797 1.22422
0.83774 1.22372
0.833714 1.22322
0.829667 1.22272
0.825659 1.22222
0.821648 1.22172
0.817633 1.22122
0.813578 1.22072
0.809571 1.22022
0.80556 1.21972
0.801511 1.21922
0.797447 1.21872
0.793407 1.21822
0.789373 1.21772
0.78535 1.21722
0.781342 1.21672
0.777333 1.21622
0.773261 1.21572
0.769251 1.21522
0.765245 1.21471
0.761187 1.21421
0.757156 1.21371
0.753107 1.21321
0.749058 1.21271
0.745054 1.21221
0.741036 1.21171
0.737018 1.21121
0.732998 1.21071
0.728989 1.21021
0.724976 1.20971
0.72097 1.20921
0.716946 1.20871
0.712931 1.20821
0.708906 1.20771
0.704893 1.20721
0.70088 1.20671
0.696869 1.20621
0.69283 1.20571
0.688809 1.20521
0.684779 1.2047
0.680751 1.2042
0.676741 1.2037
0.672733 1.2032
0.668711 1.2027
0.664697 1.2022
0.660691 1.2017
0.65666 1.2012
0.652613 1.2007
0.648599 1.2002
0.644587 1.1997
0.640581 1.1992
0.636549 1.1987
0.632533 1.1982
0.628519 1.1977
0.624498 1.1972
0.620467 1.1967
0.616409 1.1962
0.612397 1.1957
0.608388 1.1952
0.604364 1.19469
0.600336 1.19419
0.596275 1.19369
0.592269 1.19319
0.588243 1.19269
0.584232 1.19219
0.580223 1.19169
0.576195 1.19119
0.572147 1.19069
0.568127 1.19019
0.564114 1.18969
0.56011 1.18919
0.556084 1.18869
0.552062 1.18819
0.548035 1.18769
0.54403 1.18719
0.539998 1.18669
0.535946 1.18619
0.53193 1.18569
0.527917 1.18519
0.523901 1.18468
0.51985 1.18418
0.515795 1.18368
0.511776 1.18318
0.507739 1.18268
0.503728 1.18218
0.499704 1.18168
0.495688 1.18118
0.491658 1.18068
0.487616 1.18018
0.483604 1.17968
0.479568 1.17918
0.475522 1.17868
0.471509 1.17818
0.467469 1.17768
0.463446 1.17718
0.459431 1.17668
0.455403 1.17618
0.45139 1.17568
0.447382 1.17518
0.443357 1.17467
0.439306 1.17417
0.43528 1.17367
0.431252 1.17317
0.427243 1.17267
0.423237 1.17217
0.419224 1.17167
0.415212 1.17117
0.411198 1.17067
0.407168 1.17017
0.403148 1.16967
0.399104 1.16917
0.395085 1.16867
0.37902 1.16817
0.374957 1.16767
0.370937 1.16717
0.36693 1.16667
0.362913 1.16617
0.358898 1.16567
0.354893 1.16517
0.350883 1.16466
0.346838 1.16416
0.342834 1.16366
0.338827 1.16316
0.334812 1.16266
0.330802 1.16216
0.326797 1.16166
0.322777 1.16116
0.318759 1.16066
0.314751 1.16016
0.31071 1.15966
0.306705 1.15916
0.302687 1.15866
0.298675 1.15816
0.294656 1.15766
0.290616 1.15716
0.286602 1.15666
0.282589 1.15616
0.278574 1.15566
0.274565 1.15516
0.270551 1.15465
0.266514 1.15415
0.262475 1.15365
0.258459 1.15315
0.254426 1.15265
0.250399 1.15215
0.246391 1.15165
0.242371 1.15115
0.238366 1.15065
0.234345 1.15015
0.230335 1.14965
0.226291 1.14915
0.222281 1.14865
0.218266 1.14815
0.21426 1.14765
0.21024 1.14715
0.20618 1.14665
0.202155 1.14615
0.198151 1.14565
0.194139 1.14515
0.190134 1.14464
0.186125 1.14414
0.182087 1.14364
0.178078 1.14314
0.174068 1.14264
0.170058 1.14214
0.166026 1.14164
0.162021 1.14114
0.158011 1.14064
0.153987 1.14014
0.149976 1.13964
0.145969 1.13914
0.141944 1.13864
0.13794 1.13814
0.133562 1.13764
0.129555 1.13714
0.125542 1.13664
0.120674 1.13614
0.116667 1.13564
0.112637 1.13514
0.108605 1.13463
0.10458 1.13413
0.100566 1.13363
0.0965552 1.13313
0.0925501 1.13263
0.0885304 1.13213
0.0845194 1.13163
0.0805048 1.13113
0.0764958 1.13063
0.0724718 1.13013
0.0684526 1.12963
0.0644373 1.12913
0.060429 1.12863
0.0564231 1.12813
0.0524083 1.12763
0.0483915 1.12713
0.0443823 1.12663
0.0403718 1.12613
0.0363669 1.12563
0.032344 1.12513
0.0283086 1.12462
0.0243046 1.12412
0.0202875 1.12362
0.0162806 1.12312
0.012264 1.12262
0.0082572 1.12212
0.00425276 1.12162
0.000234725 1.12112
-0.00378731 1.12062
-0.00782406 1.12012
-0.0118407 1.11962
-0.0158473 1.11912
-0.019863 1.11862
-0.0238686 1.11812
-0.0278798 1.11762
-0.0319038 1.11712
-0.0359291 1.11662
-0.0399456 1.11612
-0.043963 1.11562
-0.0479854 1.11512
-0.0520088 1.11461
-0.056021 1.11411
-0.060544 1.11361
-0.0645644 1.11311
-0.0685917 1.11261
-0.0726002 1.11211
-0.0766233 1.11161
-0.0806668 1.11111
-0.0846796 1.11061
-0.088707 1.11011
-0.0927135 1.10961
-0.096754 1.10911
-0.100768 1.10861
-0.104815 1.10811
-0.10882 1.10761
-0.112824 1.10711
-0.116841 1.10661
-0.120866 1.10611
-0.12487 1.10561
-0.128878 1.10511
-0.132912 1.1046
-0.136932 1.1041
-0.140936 1.1036
-0.144947 1.1031
-0.148954 1.1026
-0.152968 1.1021
-0.156972 1.1016
-0.160978 1.1011
-0.164995 1.1006
-0.169006 1.1001
-0.173022 1.0996
-0.177053 1.0991
-0.181057 1.0986
-0.185091 1.0981
-0.189105 1.0976
-0.193115 1.0971
-0.197126 1.0966
-0.201138 1.0961
-0.205165 1.0956
-0.209169 1.0951
-0.213174 1.09459
-0.217559 1.09409
-0.221643 1.09359
-0.225655 1.09309
-0.229663 1.09259
-0.233691 1.09209
-0.237699 1.09159
-0.241712 1.09109
-0.245716 1.09059
-0.249761 1.09009
-0.253767 1.08959
-0.257798 1.08909
-0.261819 1.08859
-0.265931 1.08809
-0.269945 1.08759
-0.273954 1.08709
-0.277967 1.08659
-0.281977 1.08609
-0.286018 1.08559
-0.290022 1.08509
-0.29403 1.08458
-0.298048 1.08408
-0.302062 1.08358
-0.306068 1.08308
-0.310076 1.08258
-0.314083 1.08208
-0.31814 1.08158
-0.322145 1.08108
-0.326149 1.08058
-0.330179 1.08008
-0.334206 1.07958
-0.33821 1.07908
-0.342219 1.07858
-0.346227 1.07808
-0.350241 1.07758
-0.354247 1.07708
-0.358251 1.07658
-0.36228 1.07608
-0.366285 1.07558
-0.370296 1.07508
-0.374341 1.07457
-0.378351 1.07407
-0.382362 1.07357
-0.386389 1.07307
-0.390396 1.07257
-0.394403 1.07207
-0.398411 1.07157
-0.402416 1.07107
-0.406424 1.07057
-0.410431 1.07007
-0.414475 1.06957
-0.418492 1.06907
-0.422513 1.06857
-0.426609 1.06807
-0.430614 1.06757
-0.434638 1.06707
-0.438658 1.06657
-0.442662 1.06607
-0.446706 1.06557
-0.45071 1.06507
-0.454721 1.06456
-0.458725 1.06406
-0.462735 1.06356
-0.466747 1.06306
-0.470752 1.06256
-0.474774 1.06206
-0.478784 1.06156
-0.482789 1.06106
-0.486796 1.06056
-0.490819 1.06006
-0.494846 1.05956
-0.498881 1.05906
-0.503162 1.05856
-0.507201 1.05806
-0.511205 1.05756
-0.515211 1.05706
-0.51922 1.05656
-0.523226 1.05606
-0.527233 1.05556
-0.53124 1.05506
-0.535245 1.05455
-0.539251 1.05405
-0.54328 1.05355
-0.548113 1.05305
-0.552124 1.05255
-0.556128 1.05205
-0.56014 1.05155
-0.564305 1.05105
-0.568318 1.05055
-0.572322 1.05005
-0.576326 1.04955
-0.580331 1.04905
-0.584336 1.04855
-0.588351 1.04805
-0.592356 1.04755
-0.596369 1.04705
-0.600384 1.04655
-0.604751 1.04605
-0.608766 1.04555
-0.61277 1.04505
-0.616788 1.04454
-0.620814 1.04404
-0.624819 1.04354
-0.628826 1.04304
-0.632835 1.04254
-0.636842 1.04204
-0.64085 1.04154
-0.644855 1.04104
-0.648859 1.04054
-0.652864 1.04004
-0.656888 1.03954
-0.660893 1.03904
-0.664905 1.03854
-0.668922 1.03804
-0.672947 1.03754
-0.676968 1.03704
-0.680984 1.03654
-0.684992 1.03604
-0.688998 1.03554
-0.693009 1.03504
-0.697029 1.03453
-0.701053 1.03403
-0.705061 1.03353
-0.70907 1.03303
-0.713085 1.03253
-0.717102 1.03203
-0.721141 1.03153
-0.725152 1.03103
-0.72916 1.03053
-0.733186 1.03003
-0.73719 1.02953
-0.741202 1.02903
-0.745242 1.02853
-0.749247 1.02803
-0.753266 1.02753
-0.757279 1.02703
-0.761306 1.02653
-0.765331 1.02603
-0.769336 1.02553
-0.773365 1.02503
-0.777371 1.02452
-0.781375 1.02402
-0.785379 1.02352
-0.789387 1.02302
-0.793398 1.02252
-0.797403 1.02202
-0.801408 1.02152
-0.80542 1.02102
-0.809433 1.02052
-0.813441 1.02002
-0.81745 1.01952
-0.821463 1.01902
-0.825467 1.01852
-0.829505 1.01802
-0.833509 1.01752
-0.837531 1.01702
-0.841535 1.01652
-0.84554 1.01602
-0.849552 1.01552
-0.853561 1.01502
-0.857566 1.01451
-0.861572 1.01401
-0.86559 1.01351
-0.869595 1.01301
-0.875084 1.01251
-0.879089 1.01201
-0.883116 1.01151
-0.887124 1.01101
-0.891128 1.01051
-0.895136 1.01001
-0.899142 1.00951
-0.90315 1.00901
-0.907156 1.00851
-0.911162 1.00801
-0.915169 1.00751
-0.919173 1.00701
-0.92319 1.00651
-0.927199 1.00601
-0.931212 1.00551
-0.935254 1.00501
-0.939264 1.0045
-0.943299 1.004
-0.947306 1.0035
-0.951331 1.003
-0.95535 1.0025
-0.959354 1.002
-0.963363 1.0015
-0.967369 1.001
-0.971405 1.0005
-0.975418 1
