Man
0 0
0.00320853 0.001
-0.00137032 0.002
-0.00408764 0.003
-0.00850983 0.004
-0.0124556 0.005
-0.0164839 0.006
-0.020936 0.007
-0.0254554 0.008
-0.0254929 0.009
-0.0300973 0.01
-0.0365222 0.011
-0.0375706 0.012
-0.0421982 0.013
-0.0441218 0.014
-0.048052 0.015
-0.0492195 0.016
-0.0548244 0.017
-0.0574575 0.018
-0.0616163 0.019
-0.0663037 0.02
-0.0690327 0.021
-0.0761962 0.022
-0.0813245 0.023
-0.0817049 0.024
-0.0846001 0.025
-0.0869402 0.026
-0.087288 0.027
-0.0927051 0.028
-0.0956761 0.029
-0.0995932 0.03
-0.10666 0.031
-0.110464 0.032
-0.113464 0.033
-0.118212 0.034
-0.124152 0.035
-0.126873 0.036
-0.131526 0.037
-0.131605 0.038
-0.134182 0.039
-0.138527 0.04
-0.1354 0.041
-0.138707 0.042
-0.143257 0.043
-0.145785 0.044
-0.149329 0.045
-0.153742 0.046
-0.155867 0.047
-0.160395 0.048
-0.163442 0.049
-0.165194 0.05
-0.169849 0.051
-0.175258 0.052
-0.181195 0.053
-0.181443 0.054
-0.188396 0.055
-0.192193 0.056
-0.194897 0.057
-0.196602 0.058
-0.198325 0.059
-0.202429 0.06
-0.210437 0.061
-0.215135 0.062
-0.218723 0.063
-0.222311 0.064
-0.223928 0.065
-0.227298 0.066
-0.232953 0.067
-0.237125 0.068
-0.240104 0.069
-0.242446 0.07
-0.249858 0.071
-0.257072 0.072
-0.260023 0.073
-0.265027 0.074
-0.265444 0.075
-0.269686 0.076
-0.271159 0.077
-0.270704 0.078
-0.275505 0.079
-0.276143 0.08
-0.278798 0.081
-0.282282 0.082
-0.28343 0.083
-0.284965 0.084
-0.290472 0.085
-0.296982 0.086
-0.300916 0.087
-0.303676 0.088
-0.309754 0.089
-0.311873 0.09
-0.317074 0.091
-0.319211 0.092
-0.322669 0.093
-0.323911 0.094
-0.327602 0.095
-0.334776 0.096
-0.340568 0.097
-0.344355 0.098
-0.346483 0.099
-0.351282 0.1
-0.353208 0.101
-0.356799 0.102
-0.357717 0.103
-0.362101 0.104
-0.366348 0.105
-0.370924 0.106
-0.373782 0.107
-0.378027 0.108
-0.379808 0.109
-0.379244 0.11
-0.379659 0.111
-0.383907 0.112
-0.385012 0.113
-0.387295 0.114
-0.385602 0.115
-0.390839 0.116
-0.394355 0.117
-0.398675 0.118
-0.401286 0.119
-0.401598 0.12
-0.403345 0.121
-0.406009 0.122
-0.409007 0.123
-0.413614 0.124
-0.417554 0.125
-0.421466 0.126
-0.421019 0.127
-0.42826 0.128
-0.429605 0.129
-0.430473 0.13
-0.432387 0.131
-0.436326 0.132
-0.438077 0.133
-0.439387 0.134
-0.441395 0.135
-0.441655 0.136
-0.443585 0.137
-0.445107 0.138
-0.446827 0.139
-0.447058 0.14
-0.447017 0.141
-0.448826 0.142
-0.451459 0.143
-0.453274 0.144
-0.457277 0.145
-0.459657 0.146
-0.462222 0.147
-0.464992 0.148
-0.46747 0.149
-0.467092 0.15
-0.468353 0.151
-0.469616 0.152
-0.472101 0.153
-0.473504 0.154
-0.475267 0.155
-0.47544 0.156
-0.477251 0.157
-0.47774 0.158
-0.478863 0.159
-0.480877 0.16
-0.481759 0.161
-0.479113 0.162
-0.480735 0.163
-0.481644 0.164
-0.484041 0.165
-0.485005 0.166
-0.486878 0.167
-0.486351 0.168
-0.48685 0.169
-0.488711 0.17
-0.493431 0.171
-0.494349 0.172
-0.494424 0.173
-0.497636 0.174
-0.498273 0.175
-0.499045 0.176
-0.501619 0.177
-0.50269 0.178
-0.50366 0.179
-0.505113 0.18
-0.505873 0.181
-0.507913 0.182
-0.508725 0.183
-0.51052 0.184
-0.511967 0.185
-0.513862 0.186
-0.515082 0.187
-0.515432 0.188
-0.515643 0.189
-0.517102 0.19
-0.519388 0.191
-0.520511 0.192
-0.521235 0.193
-0.5226 0.194
-0.52314 0.195
-0.524203 0.196
-0.525388 0.197
-0.526358 0.198
-0.527136 0.199
-0.527221 0.2
-0.528648 0.201
-0.528311 0.202
-0.52927 0.203
-0.529854 0.204
-0.531007 0.205
-0.532734 0.206
-0.533201 0.207
-0.534345 0.208
-0.534041 0.209
-0.535414 0.21
-0.535977 0.211
-0.536991 0.212
-0.538026 0.213
-0.538783 0.214
-0.53978 0.215
-0.540588 0.216
-0.541287 0.217
-0.542098 0.218
-0.543161 0.219
-0.544141 0.22
-0.545483 0.221
-0.545928 0.222
-0.546773 0.223
-0.547091 0.224
-0.547532 0.225
-0.548036 0.226
-0.54866 0.227
-0.549752 0.228
-0.549186 0.229
-0.549557 0.23
-0.549972 0.231
-0.550592 0.232
-0.551101 0.233
-0.5512 0.234
-0.551844 0.235
-0.552523 0.236
-0.553055 0.237
-0.553587 0.238
-0.553711 0.239
-0.55424 0.24
-0.552807 0.241
-0.553187 0.242
-0.553751 0.243
-0.554046 0.244
-0.554556 0.245
-0.554683 0.246
-0.555049 0.247
-0.555418 0.248
-0.555854 0.249
-0.556252 0.25
-0.55698 0.251
-0.557024 0.252
-0.557639 0.253
-0.558395 0.254
-0.558275 0.255
-0.558596 0.256
-0.558818 0.257
-0.559303 0.258
-0.559812 0.259
-0.560176 0.26
-0.560426 0.261
-0.560939 0.262
-0.561394 0.263
-0.561767 0.264
-0.562206 0.265
-0.562872 0.266
-0.563381 0.267
-0.562849 0.268
-0.563503 0.269
-0.56403 0.27
-0.564382 0.271
-0.564548 0.272
-0.564734 0.273
-0.565038 0.274
-0.565703 0.275
-0.565856 0.276
-0.566072 0.277
-0.566651 0.278
-0.566928 0.279
-0.566474 0.28
-0.566739 0.281
-0.56692 0.282
-0.567241 0.283
-0.567971 0.284
-0.568338 0.285
-0.568438 0.286
-0.568717 0.287
-0.568971 0.288
-0.568512 0.289
-0.568794 0.29
-0.568921 0.291
-0.569023 0.292
-0.569382 0.293
-0.567958 0.294
-0.568266 0.295
-0.568166 0.296
-0.568549 0.297
-0.568892 0.298
-0.569115 0.299
-0.569376 0.3
-0.569864 0.301
-0.570215 0.302
-0.570333 0.303
-0.570549 0.304
-0.570952 0.305
-0.571147 0.306
-0.571382 0.307
-0.571395 0.308
-0.571586 0.309
-0.571893 0.31
-0.571879 0.311
-0.572138 0.312
-0.57241 0.313
-0.572957 0.314
-0.573255 0.315
-0.570805 0.316
-0.571095 0.317
-0.571564 0.318
-0.571801 0.319
-0.571946 0.32
-0.572251 0.321
-0.572778 0.322
-0.573019 0.323
-0.573202 0.324
-0.573379 0.325
-0.573738 0.326
-0.5738 0.327
-0.574329 0.328
-0.574684 0.329
-0.574705 0.33
-0.575115 0.331
-0.575394 0.332
-0.575612 0.333
-0.575722 0.334
-0.576076 0.335
-0.576234 0.336
-0.576458 0.337
-0.57667 0.338
-0.576713 0.339
-0.577306 0.34
-0.577434 0.341
-0.577682 0.342
-0.578031 0.343
-0.578388 0.344
-0.57863 0.345
-0.57893 0.346
-0.579146 0.347
-0.579536 0.348
-0.579908 0.349
-0.580242 0.35
-0.580681 0.351
-0.58092 0.352
-0.581136 0.353
-0.581304 0.354
-0.581525 0.355
-0.581626 0.356
-0.58207 0.357
-0.582234 0.358
-0.582118 0.359
-0.582337 0.36
-0.582257 0.361
-0.582659 0.362
-0.583029 0.363
-0.583078 0.364
-0.582919 0.365
-0.583173 0.366
-0.583536 0.367
-0.58384 0.368
-0.583949 0.369
-0.583657 0.37
-0.58367 0.371
-0.583832 0.372
-0.583793 0.373
-0.584026 0.374
-0.584215 0.375
-0.584467 0.376
-0.584569 0.377
-0.585034 0.378
-0.585213 0.379
-0.585259 0.38
-0.585502 0.381
-0.58544 0.382
-0.585612 0.383
-0.585808 0.384
-0.584486 0.385
-0.584667 0.386
-0.584974 0.387
-0.585054 0.388
-0.585165 0.389
-0.585193 0.39
-0.585279 0.391
-0.585343 0.392
-0.585447 0.393
-0.585679 0.394
-0.586015 0.395
-0.586211 0.396
-0.586389 0.397
-0.586585 0.398
-0.586661 0.399
-0.58664 0.4
-0.586706 0.401
-0.586872 0.402
-0.587062 0.403
-0.587092 0.404
-0.586696 0.405
-0.586678 0.406
-0.586903 0.407
-0.587023 0.408
-0.587204 0.409
-0.587402 0.41
-0.587498 0.411
-0.587798 0.412
-0.587977 0.413
-0.588012 0.414
-0.588127 0.415
-0.588154 0.416
-0.588538 0.417
-0.588723 0.418
-0.588904 0.419
-0.589092 0.42
-0.589087 0.421
-0.589345 0.422
-0.589489 0.423
-0.589474 0.424
-0.589601 0.425
-0.589679 0.426
-0.589997 0.427
-0.589978 0.428
-0.590169 0.429
-0.590151 0.43
-0.590261 0.431
-0.590405 0.432
-0.59065 0.433
-0.590803 0.434
-0.590449 0.435
-0.59066 0.436
-0.590902 0.437
-0.59109 0.438
-0.591371 0.439
-0.591643 0.44
-0.591741 0.441
-0.59191 0.442
-0.591951 0.443
-0.592055 0.444
-0.592124 0.445
-0.592272 0.446
-0.592383 0.447
-0.592419 0.448
-0.592603 0.449
-0.592715 0.45
-0.592857 0.451
-0.592888 0.452
-0.593099 0.453
-0.59318 0.454
-0.59346 0.455
-0.593576 0.456
-0.59364 0.457
-0.593675 0.458
-0.593817 0.459
-0.593792 0.46
-0.593881 0.461
-0.593947 0.462
-0.594028 0.463
-0.594245 0.464
-0.594518 0.465
-0.594625 0.466
-0.594804 0.467
-0.594857 0.468
-0.595077 0.469
-0.595257 0.47
-0.595403 0.471
-0.595442 0.472
-0.595483 0.473
-0.595475 0.474
-0.595471 0.475
-0.595675 0.476
-0.595695 0.477
-0.595884 0.478
-0.596016 0.479
-0.596099 0.48
-0.59614 0.481
-0.596354 0.482
-0.596442 0.483
-0.596589 0.484
-0.596583 0.485
-0.596766 0.486
-0.596584 0.487
-0.596626 0.488
-0.596737 0.489
-0.596772 0.49
-0.596813 0.491
-0.596901 0.492
-0.597051 0.493
-0.597256 0.494
-0.597443 0.495
-0.597493 0.496
-0.59753 0.497
-0.597572 0.498
-0.597537 0.499
-0.597737 0.5
-0.597856 0.501
-0.597948 0.502
-0.597962 0.503
-0.597931 0.504
-0.598143 0.505
-0.598231 0.506
-0.598212 0.507
-0.598465 0.508
-0.598608 0.509
-0.598796 0.51
-0.598852 0.511
-0.598915 0.512
-0.598868 0.513
-0.599096 0.514
-0.599093 0.515
-0.599261 0.516
-0.599121 0.517
-0.599189 0.518
-0.59922 0.519
-0.599451 0.52
-0.599689 0.521
-0.599788 0.522
-0.599816 0.523
-0.599902 0.524
-0.599819 0.525
-0.59982 0.526
-0.599805 0.527
-0.599821 0.528
-0.598338 0.529
-0.598389 0.53
-0.598587 0.531
-0.598667 0.532
-0.598787 0.533
-0.598945 0.534
-0.598958 0.535
-0.599112 0.536
-0.599239 0.537
-0.599357 0.538
-0.599403 0.539
-0.599396 0.54
-0.59935 0.541
-0.599387 0.542
-0.599417 0.543
-0.599599 0.544
-0.599859 0.545
-0.59984 0.546
-0.599888 0.547
-0.599939 0.548
-0.600065 0.549
-0.600163 0.55
-0.60017 0.551
-0.600123 0.552
-0.600214 0.553
-0.60023 0.554
-0.600305 0.555
-0.600373 0.556
-0.600472 0.557
-0.600548 0.558
-0.600705 0.559
-0.600858 0.56
-0.600826 0.561
-0.600982 0.562
-0.60099 0.563
-0.601018 0.564
-0.601144 0.565
-0.601198 0.566
-0.601217 0.567
-0.601267 0.568
-0.601382 0.569
-0.601459 0.57
-0.601592 0.571
-0.601608 0.572
-0.601813 0.573
-0.601785 0.574
-0.601937 0.575
-0.601959 0.576
-0.601959 0.577
-0.602114 0.578
-0.602174 0.579
-0.602235 0.58
-0.602256 0.581
-0.602261 0.582
-0.602402 0.583
-0.602496 0.584
-0.602552 0.585
-0.602612 0.586
-0.60262 0.587
-0.602658 0.588
-0.602667 0.589
-0.602625 0.59
-0.602804 0.591
-0.602876 0.592
-0.602931 0.593
-0.603063 0.594
-0.603145 0.595
-0.603224 0.596
-0.603355 0.597
-0.603325 0.598
-0.603335 0.599
-0.603436 0.6
-0.603458 0.601
-0.603453 0.602
-0.603421 0.603
-0.6035 0.604
-0.603585 0.605
-0.603557 0.606
-0.603715 0.607
-0.603792 0.608
-0.603892 0.609
-0.603847 0.61
-0.603919 0.611
-0.604068 0.612
-0.604106 0.613
-0.604165 0.614
-0.60424 0.615
-0.604309 0.616
-0.60411 0.617
-0.604131 0.618
-0.604266 0.619
-0.604359 0.62
-0.603638 0.621
-0.603756 0.622
-0.603773 0.623
-0.603786 0.624
-0.603936 0.625
-0.604072 0.626
-0.604105 0.627
-0.604215 0.628
-0.604187 0.629
-0.604179 0.63
-0.604161 0.631
-0.604243 0.632
-0.604273 0.633
-0.604438 0.634
-0.604532 0.635
-0.604566 0.636
-0.604671 0.637
-0.604713 0.638
-0.604702 0.639
-0.604732 0.64
-0.604737 0.641
-0.604767 0.642
-0.604864 0.643
-0.605023 0.644
-0.605117 0.645
-0.605132 0.646
-0.605301 0.647
-0.60538 0.648
-0.605415 0.649
-0.605438 0.65
-0.607671 0.651
-0.607782 0.652
-0.607773 0.653
-0.60785 0.654
-0.607885 0.655
-0.607994 0.656
-0.608026 0.657
-0.608068 0.658
-0.608191 0.659
-0.60827 0.66
-0.608318 0.661
-0.608375 0.662
-0.608428 0.663
-0.60851 0.664
-0.608527 0.665
-0.60852 0.666
-0.608489 0.667
-0.608574 0.668
-0.608607 0.669
-0.608682 0.67
-0.608738 0.671
-0.608754 0.672
-0.608816 0.673
-0.608889 0.674
-0.608949 0.675
-0.609035 0.676
-0.609036 0.677
-0.609038 0.678
-0.608292 0.679
-0.608391 0.68
-0.608373 0.681
-0.607563 0.682
-0.607562 0.683
-0.607536 0.684
-0.607525 0.685
-0.607571 0.686
-0.607563 0.687
-0.607502 0.688
-0.607528 0.689
-0.607515 0.69
-0.607486 0.691
-0.607545 0.692
-0.60752 0.693
-0.607507 0.694
-0.607618 0.695
-0.607649 0.696
-0.607646 0.697
-0.607603 0.698
-0.607697 0.699
-0.607746 0.7
-0.607992 0.701
-0.608078 0.702
-0.608114 0.703
-0.608107 0.704
-0.608176 0.705
-0.608126 0.706
-0.608249 0.707
-0.608262 0.708
-0.608266 0.709
-0.608202 0.71
-0.608208 0.711
-0.608295 0.712
-0.608362 0.713
-0.608358 0.714
-0.608345 0.715
-0.60841 0.716
-0.608474 0.717
-0.608639 0.718
-0.608653 0.719
-0.608845 0.72
-0.608878 0.721
-0.608838 0.722
-0.608944 0.723
-0.60898 0.724
-0.609027 0.725
-0.60912 0.726
-0.60922 0.727
-0.609361 0.728
-0.609386 0.729
-0.609498 0.73
-0.609515 0.731
-0.609466 0.732
-0.609545 0.733
-0.609673 0.734
-0.609693 0.735
-0.609831 0.736
-0.60992 0.737
-0.609985 0.738
-0.610071 0.739
-0.610091 0.74
-0.61011 0.741
-0.610119 0.742
-0.610098 0.743
-0.61014 0.744
-0.610249 0.745
-0.610284 0.746
-0.610351 0.747
-0.61043 0.748
-0.610426 0.749
-0.610509 0.75
-0.610575 0.751
-0.610578 0.752
-0.610701 0.753
-0.610731 0.754
-0.610806 0.755
-0.610742 0.756
-0.610754 0.757
-0.61075 0.758
-0.610874 0.759
-0.610776 0.76
-0.610583 0.761
-0.610615 0.762
-0.610571 0.763
-0.61057 0.764
-0.610639 0.765
-0.610694 0.766
-0.610612 0.767
-0.610627 0.768
-0.610586 0.769
-0.610614 0.77
-0.610614 0.771
-0.610588 0.772
-0.610094 0.773
-0.610161 0.774
-0.61033 0.775
-0.610333 0.776
-0.610433 0.777
-0.610508 0.778
-0.610478 0.779
-0.610455 0.78
-0.610505 0.781
-0.610493 0.782
-0.6105 0.783
-0.610535 0.784
-0.610632 0.785
-0.610531 0.786
-0.610522 0.787
-0.610462 0.788
-0.610493 0.789
-0.610531 0.79
-0.610566 0.791
-0.610647 0.792
-0.61058 0.793
-0.610511 0.794
-0.610495 0.795
-0.610537 0.796
-0.610609 0.797
-0.610667 0.798
-0.610813 0.799
-0.610894 0.8
-0.610961 0.801
-0.610936 0.802
-0.610894 0.803
-0.610919 0.804
-0.611037 0.805
-0.611021 0.806
-0.611071 0.807
-0.611122 0.808
-0.611155 0.809
-0.611174 0.81
-0.611209 0.811
-0.611172 0.812
-0.61403 0.813
-0.614061 0.814
-0.61412 0.815
-0.614169 0.816
-0.614245 0.817
-0.613626 0.818
-0.613596 0.819
-0.613188 0.82
-0.613251 0.821
-0.613248 0.822
-0.613302 0.823
-0.613333 0.824
-0.613302 0.825
-0.613374 0.826
-0.613383 0.827
-0.613429 0.828
-0.613424 0.829
-0.613423 0.83
-0.613501 0.831
-0.615301 0.832
-0.615417 0.833
-0.615384 0.834
-0.615413 0.835
-0.615327 0.836
-0.615439 0.837
-0.615509 0.838
-0.615423 0.839
-0.615449 0.84
-0.615475 0.841
-0.61492 0.842
-0.61494 0.843
-0.614961 0.844
-0.614954 0.845
-0.614983 0.846
-0.615015 0.847
-0.615077 0.848
-0.615112 0.849
-0.615068 0.85
-0.615068 0.851
-0.615151 0.852
-0.615173 0.853
-0.61522 0.854
-0.614401 0.855
-0.614365 0.856
-0.614376 0.857
-0.614441 0.858
-0.614462 0.859
-0.614411 0.86
-0.614373 0.861
-0.614543 0.862
-0.614558 0.863
-0.614687 0.864
-0.614664 0.865
-0.614716 0.866
-0.614722 0.867
-0.61474 0.868
-0.61479 0.869
-0.614806 0.87
-0.614772 0.871
-0.614835 0.872
-0.614934 0.873
-0.614971 0.874
-0.614958 0.875
-0.615068 0.876
-0.614844 0.877
-0.61488 0.878
-0.614905 0.879
-0.614909 0.88
-0.615003 0.881
-0.615054 0.882
-0.615081 0.883
-0.615137 0.884
-0.615173 0.885
-0.61521 0.886
-0.615166 0.887
-0.615157 0.888
-0.615128 0.889
-0.615108 0.89
-0.615177 0.891
-0.615214 0.892
-0.615265 0.893
-0.615305 0.894
-0.615271 0.895
-0.61529 0.896
-0.615386 0.897
-0.615321 0.898
-0.614907 0.899
-0.614955 0.9
-0.61504 0.901
-0.615078 0.902
-0.615075 0.903
-0.615135 0.904
-0.614974 0.905
-0.61498 0.906
-0.615023 0.907
-0.61506 0.908
-0.615071 0.909
-0.615099 0.91
-0.615108 0.911
-0.615153 0.912
-0.615174 0.913
-0.615259 0.914
-0.615267 0.915
-0.615311 0.916
-0.61531 0.917
-0.615333 0.918
-0.615395 0.919
-0.615475 0.92
-0.615513 0.921
-0.615512 0.922
-0.615114 0.923
-0.615203 0.924
-0.61511 0.925
-0.615033 0.926
-0.615071 0.927
-0.61509 0.928
-0.615068 0.929
-0.615119 0.93
-0.615119 0.931
-0.615177 0.932
-0.614497 0.933
-0.614503 0.934
-0.614562 0.935
-0.614587 0.936
-0.614666 0.937
-0.614746 0.938
-0.614785 0.939
-0.614782 0.94
-0.614763 0.941
-0.614775 0.942
-0.61485 0.943
-0.614895 0.944
-0.614914 0.945
-0.614852 0.946
-0.61487 0.947
-0.614911 0.948
-0.614951 0.949
-0.614897 0.95
-0.61491 0.951
-0.614954 0.952
-0.614923 0.953
-0.614872 0.954
-0.614915 0.955
-0.614945 0.956
-0.615089 0.957
-0.615129 0.958
-0.615107 0.959
-0.61513 0.96
-0.615063 0.961
-0.615123 0.962
-0.615212 0.963
-0.615245 0.964
-0.615304 0.965
-0.615291 0.966
-0.615355 0.967
-0.61531 0.968
-0.615278 0.969
-0.615321 0.97
-0.615372 0.971
-0.615366 0.972
-0.615385 0.973
-0.615372 0.974
-0.614405 0.975
-0.614393 0.976
-0.614455 0.977
-0.614468 0.978
-0.614498 0.979
-0.61461 0.98
-0.614656 0.981
-0.614689 0.982
-0.614667 0.983
-0.614682 0.984
-0.614692 0.985
-0.614679 0.986
-0.614643 0.987
-0.614678 0.988
-0.614626 0.989
-0.614667 0.99
-0.614715 0.991
-0.61471 0.992
-0.614721 0.993
-0.614706 0.994
-0.614721 0.995
-0.614647 0.996
-0.614729 0.997
-0.614704 0.998
-0.614743 0.999
-0.61475 1


Shark
3.14159 1.5
3.13789 1.4995
3.13419 1.499
3.13049 1.4985
3.12679 1.498
3.12309 1.4975
3.11939 1.497
3.11569 1.4965
3.11199 1.496
3.10829 1.4955
3.10458 1.495
3.10088 1.4945
3.09717 1.494
3.09347 1.4935
3.08977 1.493
3.08606 1.4925
3.08236 1.492
3.07864 1.4915
3.07494 1.491
3.07123 1.4905
3.06751 1.49
3.06381 1.4895
3.06007 1.489
3.05634 1.4885
3.05264 1.488
3.04893 1.4875
3.04522 1.487
3.04152 1.4865
3.03778 1.486
3.03407 1.4855
3.03035 1.485
3.02656 1.4845
3.02283 1.484
3.01912 1.4835
3.01537 1.483
3.01159 1.4825
3.00788 1.482
3.00412 1.4815
3.00042 1.481
2.99671 1.4805
2.99295 1.48
2.98922 1.4795
2.98549 1.479
2.98172 1.4785
2.978 1.478
2.97425 1.4775
2.97048 1.477
2.96676 1.4765
2.96297 1.476
2.95923 1.4755
2.95552 1.475
2.95172 1.4745
2.94788 1.474
2.944 1.4735
2.9403 1.473
2.93635 1.4725
2.93256 1.472
2.92882 1.4715
2.9251 1.471
2.92138 1.4705
2.91758 1.47
2.91346 1.4695
2.90961 1.469
2.90582 1.4685
2.90203 1.468
2.89831 1.4675
2.89452 1.467
2.89056 1.4665
2.88672 1.466
2.88294 1.4655
2.8792 1.465
2.87502 1.4645
2.87086 1.464
2.86707 1.4635
2.86313 1.463
2.85943 1.4625
2.85555 1.462
2.85182 1.4615
2.84812 1.461
2.84417 1.4605
2.84046 1.46
2.83668 1.4595
2.83283 1.459
2.82911 1.4585
2.82538 1.458
2.8213 1.4575
2.81707 1.457
2.81316 1.4565
2.80935 1.456
2.80515 1.4555
2.80139 1.455
2.7973 1.4545
2.79353 1.454
2.78964 1.4535
2.78592 1.453
2.782 1.4525
2.77751 1.452
2.77328 1.4515
2.76933 1.451
2.76555 1.4505
2.76145 1.45
2.75768 1.4495
2.75374 1.449
2.75003 1.4485
2.74596 1.448
2.74192 1.4475
2.73781 1.447
2.73394 1.4465
2.72987 1.446
2.7261 1.4455
2.7224 1.445
2.71869 1.4445
2.7146 1.444
2.71087 1.4435
2.70705 1.443
2.70328 1.4425
2.69896 1.442
2.69496 1.4415
2.69081 1.441
2.68694 1.4405
2.68323 1.44
2.67945 1.4395
2.67556 1.439
2.67162 1.4385
2.66736 1.438
2.66324 1.4375
2.65912 1.437
2.65542 1.4365
2.65038 1.436
2.64662 1.4355
2.6429 1.435
2.63909 1.4345
2.63492 1.434
2.63112 1.4335
2.62737 1.433
2.62353 1.4325
2.61983 1.432
2.61601 1.4315
2.61223 1.431
2.60842 1.4305
2.60472 1.43
2.60102 1.4295
2.5972 1.429
2.59325 1.4285
2.58943 1.428
2.58515 1.4275
2.58124 1.427
2.57728 1.4265
2.57329 1.426
2.56934 1.4255
2.56564 1.425
2.56187 1.4245
2.5581 1.424
2.55415 1.4235
2.55036 1.423
2.54653 1.4225
2.54283 1.422
2.53898 1.4215
2.53527 1.421
2.53151 1.4205
2.52763 1.42
2.52389 1.4195
2.51987 1.419
2.51604 1.4185
2.5123 1.418
2.50832 1.4175
2.50457 1.417
2.5007 1.4165
2.49698 1.416
2.49327 1.4155
2.48939 1.415
2.48464 1.4145
2.4809 1.414
2.4772 1.4135
2.47296 1.413
2.46924 1.4125
2.4655 1.412
2.46144 1.4115
2.45767 1.411
2.45392 1.4105
2.45009 1.41
2.44636 1.4095
2.44241 1.409
2.43867 1.4085
2.43478 1.408
2.43095 1.4075
2.42703 1.407
2.42323 1.4065
2.41952 1.406
2.41582 1.4055
2.41198 1.405
2.40795 1.4045
2.40416 1.404
2.40043 1.4035
2.3966 1.403
2.39288 1.4025
2.3891 1.402
2.3853 1.4015
2.38153 1.401
2.37779 1.4005
2.37409 1.4
2.37024 1.3995
2.36653 1.399
2.36276 1.3985
2.35904 1.398
2.35524 1.3975
2.35131 1.397
2.34759 1.3965
2.34379 1.396
2.34008 1.3955
2.33623 1.395
2.33251 1.3945
2.32872 1.394
2.32493 1.3935
2.32119 1.393
2.3174 1.3925
2.31365 1.392
2.3099 1.3915
2.30615 1.391
2.30235 1.3905
2.29856 1.39
2.29471 1.3895
2.29099 1.389
2.28722 1.3885
2.28351 1.388
2.2798 1.3875
2.27607 1.387
2.27234 1.3865
2.26852 1.386
2.26479 1.3855
2.26108 1.385
2.25736 1.3845
2.25362 1.384
2.2499 1.3835
2.2462 1.383
2.24245 1.3825
2.23871 1.382
2.23498 1.3815
2.23125 1.381
2.22755 1.3805
2.22382 1.38
2.2199 1.3795
2.21619 1.379
2.21245 1.3785
2.20874 1.378
2.20502 1.3775
2.20131 1.377
2.1976 1.3765
2.19388 1.376
2.19016 1.3755
2.18644 1.375
2.18268 1.3745
2.17898 1.374
2.17524 1.3735
2.17147 1.373
2.16777 1.3725
2.16406 1.372
2.16035 1.3715
2.15662 1.371
2.15289 1.3705
2.14917 1.37
2.14547 1.3695
2.14173 1.369
2.13801 1.3685
2.13429 1.368
2.13056 1.3675
2.12681 1.367
2.12307 1.3665
2.11933 1.366
2.11558 1.3655
2.11184 1.365
2.10812 1.3645
2.10442 1.364
2.10072 1.3635
2.097 1.363
2.09324 1.3625
2.08954 1.362
2.08583 1.3615
2.08208 1.361
2.07837 1.3605
2.07464 1.36
2.07093 1.3595
2.06723 1.359
2.06351 1.3585
2.05974 1.358
2.05602 1.3575
2.05231 1.357
2.0486 1.3565
2.04489 1.356
2.04116 1.3555
2.03745 1.355
2.03374 1.3545
2.03004 1.354
2.02632 1.3535
2.02231 1.353
2.0186 1.3525
2.0149 1.352
2.01117 1.3515
2.00745 1.351
2.00374 1.3505
2.00003 1.35
1.99629 1.3495
1.99257 1.349
1.98887 1.3485
1.98516 1.348
1.98144 1.3475
1.97773 1.347
1.97402 1.3465
1.97032 1.346
1.96661 1.3455
1.9629 1.345
1.9592 1.3445
1.95548 1.344
1.95177 1.3435
1.94802 1.343
1.9443 1.3425
1.93962 1.342
1.93591 1.3415
1.93217 1.341
1.92846 1.3405
1.92475 1.34
1.92104 1.3395
1.91728 1.339
1.91357 1.3385
1.90986 1.338
1.90616 1.3375
1.90243 1.337
1.89873 1.3365
1.89498 1.336
1.89125 1.3355
1.88755 1.335
1.88382 1.3345
1.8801 1.334
1.87639 1.3335
1.87269 1.333
1.86896 1.3325
1.86526 1.332
1.86155 1.3315
1.85784 1.331
1.85414 1.3305
1.85036 1.33
1.84666 1.3295
1.84295 1.329
1.83922 1.3285
1.83549 1.328
1.83178 1.3275
1.82806 1.327
1.82435 1.3265
1.82062 1.326
1.81689 1.3255
1.81316 1.325
1.80942 1.3245
1.8057 1.324
1.80199 1.3235
1.79829 1.323
1.79458 1.3225
1.79087 1.322
1.78713 1.3215
1.78342 1.321
1.77972 1.3205
1.77601 1.32
1.77231 1.3195
1.76857 1.319
1.76483 1.3185
1.76113 1.318
1.75743 1.3175
1.75371 1.317
1.74998 1.3165
1.74626 1.316
1.74255 1.3155
1.73883 1.315
1.73513 1.3145
1.73142 1.314
1.72772 1.3135
1.72401 1.313
1.7203 1.3125
1.71658 1.312
1.71288 1.3115
1.70912 1.311
1.70542 1.3105
1.70172 1.31
1.698 1.3095
1.6943 1.309
1.69059 1.3085
1.68688 1.308
1.68273 1.3075
1.67902 1.307
1.67529 1.3065
1.67159 1.306
1.66789 1.3055
1.66419 1.305
1.66049 1.3045
1.65679 1.304
1.65308 1.3035
1.64937 1.303
1.64564 1.3025
1.64192 1.302
1.63822 1.3015
1.6345 1.301
1.6308 1.3005
1.6271 1.3
1.6234 1.2995
1.61969 1.299
1.61598 1.2985
1.61228 1.298
1.60853 1.2975
1.60483 1.297
1.60112 1.2965
1.59741 1.296
1.5937 1.2955
1.58999 1.295
1.58629 1.2945
1.58256 1.294
1.57885 1.2935
1.57515 1.293
1.57145 1.2925
1.56775 1.292
1.564 1.2915
1.56029 1.291
1.55658 1.2905
1.55287 1.29
1.54917 1.2895
1.54544 1.289
1.54174 1.2885
1.53804 1.288
1.53433 1.2875
1.53063 1.287
1.5269 1.2865
1.5232 1.286
1.51948 1.2855
1.51578 1.285
1.51208 1.2845
1.50837 1.284
1.50465 1.2835
1.50094 1.283
1.4972 1.2825
1.49348 1.282
1.48976 1.2815
1.48605 1.281
1.48232 1.2805
1.4786 1.28
1.47489 1.2795
1.47118 1.279
1.46748 1.2785
1.46378 1.278
1.46008 1.2775
1.45637 1.277
1.45266 1.2765
1.44896 1.276
1.44525 1.2755
1.44155 1.275
1.43784 1.2745
1.43414 1.274
1.43042 1.2735
1.42672 1.273
1.42299 1.2725
1.41928 1.272
1.41558 1.2715
1.41188 1.271
1.40817 1.2705
1.40447 1.27
1.40077 1.2695
1.39707 1.269
1.39337 1.2685
1.38965 1.268
1.38592 1.2675
1.38221 1.267
1.3785 1.2665
1.3748 1.266
1.37108 1.2655
1.36737 1.265
1.36366 1.2645
1.35996 1.264
1.35626 1.2635
1.35256 1.263
1.34886 1.2625
1.34514 1.262
1.34144 1.2615
1.33772 1.261
1.33402 1.2605
1.33031 1.26
1.32661 1.2595
1.32289 1.259
1.31919 1.2585
1.31548 1.258
1.31178 1.2575
1.30807 1.257
1.30435 1.2565
1.30065 1.256
1.29695 1.2555
1.29325 1.255
1.28954 1.2545
1.28584 1.254
1.28213 1.2535
1.27841 1.253
1.2747 1.2525
1.271 1.252
1.26729 1.2515
1.26359 1.251
1.25989 1.2505
1.25617 1.25
1.25247 1.2495
1.24876 1.249
1.24506 1.2485
1.24136 1.248
1.23764 1.2475
1.23394 1.247
1.23024 1.2465
1.22651 1.246
1.2228 1.2455
1.21908 1.245
1.21538 1.2445
1.21168 1.244
1.20798 1.2435
1.20425 1.243
1.20055 1.2425
1.19684 1.242
1.19313 1.2415
1.18943 1.241
1.18573 1.2405
1.182 1.24
1.17827 1.2395
1.17457 1.239
1.17087 1.2385
1.16716 1.238
1.16346 1.2375
1.15976 1.237
1.15606 1.2365
1.15236 1.236
1.14766 1.2355
1.14396 1.235
1.14024 1.2345
1.13653 1.234
1.13282 1.2335
1.12911 1.233
1.12541 1.2325
1.1217 1.232
1.11799 1.2315
1.11428 1.231
1.11058 1.2305
1.10688 1.23
1.10318 1.2295
1.09948 1.229
1.09578 1.2285
1.09206 1.228
1.08832 1.2275
1.08462 1.227
1.08092 1.2265
1.07722 1.226
1.07351 1.2255
1.06981 1.225
1.06611 1.2245
1.06241 1.224
1.0587 1.2235
1.055 1.223
1.0513 1.2225
1.04759 1.222
1.04389 1.2215
1.04019 1.221
1.03647 1.2205
1.03276 1.22
1.02906 1.2195
1.02534 1.219
1.02164 1.2185
1.01794 1.218
1.01423 1.2175
1.01053 1.217
1.00683 1.2165
1.00313 1.216
0.999422 1.2155
0.995719 1.215
0.992008 1.2145
0.988308 1.214
0.984583 1.2135
0.980882 1.213
0.977168 1.2125
0.973468 1.212
0.969768 1.2115
0.966053 1.211
0.962351 1.2105
0.958649 1.21
0.954948 1.2095
0.951248 1.209
0.947536 1.2085
0.94383 1.208
0.940128 1.2075
0.936426 1.207
0.932726 1.2065
0.929025 1.206
0.925325 1.2055
0.921624 1.205
0.917903 1.2045
0.9142 1.204
0.910498 1.2035
0.906786 1.203
0.903082 1.2025
0.899378 1.202
0.895667 1.2015
0.891966 1.201
0.888266 1.2005
0.884559 1.2
0.880859 1.1995
0.877159 1.199
0.873458 1.1985
0.869754 1.198
0.866049 1.1975
0.862349 1.197
0.858632 1.1965
0.854928 1.196
0.851221 1.1955
0.847519 1.195
0.843816 1.1945
0.8401 1.194
0.836399 1.1935
0.832697 1.193
0.828993 1.1925
0.82529 1.192
0.821562 1.1915
0.817862 1.191
0.814149 1.1905
0.810443 1.19
0.80639 1.1895
0.802681 1.189
0.79898 1.1885
0.79528 1.188
0.791564 1.1875
0.787851 1.187
0.78415 1.1865
0.780441 1.186
0.776741 1.1855
0.773041 1.185
0.76934 1.1845
0.765635 1.184
0.761935 1.1835
0.758215 1.183
0.754508 1.1825
0.750807 1.182
0.747099 1.1815
0.743398 1.181
0.739698 1.1805
0.735997 1.18
0.732297 1.1795
0.728596 1.179
0.724889 1.1785
0.72117 1.178
0.717463 1.1775
0.713763 1.177
0.710041 1.1765
0.706336 1.176
0.702635 1.1755
0.698934 1.175
0.692411 1.1745
0.688701 1.174
0.685001 1.1735
0.681297 1.173
0.677596 1.1725
0.673886 1.172
0.670185 1.1715
0.666484 1.171
0.662772 1.1705
0.659067 1.17
0.655365 1.1695
0.651662 1.169
0.64796 1.1685
0.644255 1.168
0.640554 1.1675
0.636854 1.167
0.633154 1.1665
0.629448 1.166
0.625747 1.1655
0.622042 1.165
0.618339 1.1645
0.614639 1.164
0.610936 1.1635
0.607232 1.163
0.603529 1.1625
0.599822 1.162
0.596122 1.1615
0.592422 1.161
0.588275 1.1605
0.584566 1.16
0.580866 1.1595
0.57664 1.159
0.57294 1.1585
0.569239 1.158
0.565539 1.1575
0.561837 1.157
0.558137 1.1565
0.554434 1.156
0.550733 1.1555
0.547033 1.155
0.543332 1.1545
0.539629 1.154
0.535929 1.1535
0.532229 1.153
0.528518 1.1525
0.524817 1.152
0.521117 1.1515
0.517415 1.151
0.513707 1.1505
0.510005 1.15
0.50625 1.1495
0.502544 1.149
0.498842 1.1485
0.495142 1.148
0.491438 1.1475
0.487736 1.147
0.484022 1.1465
0.480322 1.146
0.476622 1.1455
0.472918 1.145
0.469218 1.1445
0.465511 1.144
0.461807 1.1435
0.458107 1.143
0.454407 1.1425
0.450702 1.142
0.446999 1.1415
0.443273 1.141
0.439573 1.1405
0.435837 1.14
0.432136 1.1395
0.428435 1.139
0.424724 1.1385
0.421023 1.138
0.417321 1.1375
0.413612 1.137
0.409902 1.1365
0.406183 1.136
0.402482 1.1355
0.39877 1.135
0.39507 1.1345
0.391367 1.134
0.387661 1.1335
0.383945 1.133
0.380244 1.1325
0.376525 1.132
0.372817 1.1315
0.369113 1.131
0.365406 1.1305
0.361705 1.13
0.358005 1.1295
0.354305 1.129
0.350604 1.1285
0.346902 1.128
0.34319 1.1275
0.339489 1.127
0.335784 1.1265
0.332078 1.126
0.328378 1.1255
0.324671 1.125
0.320966 1.1245
0.317266 1.124
0.313551 1.1235
0.30985 1.123
0.306144 1.1225
0.302439 1.122
0.298739 1.1215
0.295039 1.121
0.291323 1.1205
0.287613 1.12
0.283873 1.1195
0.280172 1.119
0.27647 1.1185
0.27277 1.118
0.269064 1.1175
0.265361 1.117
0.261654 1.1165
0.257954 1.116
0.254252 1.1155
0.250551 1.115
0.246851 1.1145
0.24315 1.114
0.239191 1.1135
0.235486 1.113
0.231754 1.1125
0.228054 1.112
0.224343 1.1115
0.220637 1.111
0.216936 1.1105
0.213235 1.11
0.209532 1.1095
0.205832 1.109
0.202132 1.1085
0.198431 1.108
0.19472 1.1075
0.191008 1.107
0.187308 1.1065
0.183604 1.106
0.179903 1.1055
0.176201 1.105
0.1725 1.1045
0.168792 1.104
0.165087 1.1035
0.161382 1.103
0.157681 1.1025
0.153979 1.102
0.150273 1.1015
0.146569 1.101
0.142844 1.1005
0.139136 1.1
0.135431 1.0995
0.13173 1.099
0.128028 1.0985
0.124327 1.098
0.120611 1.0975
0.116911 1.097
0.113208 1.0965
0.109504 1.096
0.105803 1.0955
0.102103 1.095
0.0984012 1.0945
0.0946994 1.094
0.0853429 1.0935
0.0816418 1.093
0.0779376 1.0925
0.0742345 1.092
0.0705274 1.0915
0.0663801 1.091
0.062679 1.0905
0.0587783 1.09
0.0550734 1.0895
0.0513734 1.089
0.0476698 1.0885
0.0439686 1.088
0.0402674 1.0875
0.036561 1.087
0.0328608 1.0865
0.0291582 1.086
0.0254582 1.0855
0.0217582 1.085
0.0180504 1.0845
0.0113906 1.084
0.00767341 1.0835
0.00397204 1.083
0.000270995 1.0825
-0.00343845 1.082
-0.00715461 1.0815
-0.0108609 1.081
-0.0145704 1.0805
-0.0182712 1.08
-0.0219721 1.0795
-0.0260559 1.079
-0.0297564 1.0785
-0.033457 1.078
-0.0371571 1.0775
-0.0408582 1.077
-0.0445595 1.0765
-0.0482646 1.076
-0.0519662 1.0755
-0.0556687 1.075
-0.0593687 1.0745
-0.0630781 1.074
-0.0667787 1.0735
-0.0704818 1.073
-0.0749994 1.0725
-0.0787011 1.072
-0.0824012 1.0715
-0.0861071 1.071
-0.0898077 1.0705
-0.0935113 1.07
-0.0972132 1.0695
-0.100953 1.069
-0.104653 1.0685
-0.108376 1.068
-0.112077 1.0675
-0.115781 1.067
-0.119481 1.0665
-0.123181 1.066
-0.126885 1.0655
-0.130585 1.065
-0.134287 1.0645
-0.137992 1.064
-0.141706 1.0635
-0.145408 1.063
-0.149108 1.0625
-0.152825 1.062
-0.156596 1.0615
-0.160298 1.061
-0.163999 1.0605
-0.167699 1.06
-0.171412 1.0595
-0.175115 1.059
-0.178816 1.0585
-0.182521 1.058
-0.186223 1.0575
-0.189925 1.057
-0.193628 1.0565
-0.197328 1.056
-0.201029 1.0555
-0.20473 1.055
-0.208437 1.0545
-0.212139 1.054
-0.215843 1.0535
-0.219545 1.053
-0.223247 1.0525
-0.226947 1.052
-0.230661 1.0515
-0.234367 1.051
-0.238315 1.0505
-0.242018 1.05
-0.245729 1.0495
-0.249431 1.049
-0.253131 1.0485
-0.256837 1.048
-0.260576 1.0475
-0.264276 1.047
-0.267979 1.0465
-0.271681 1.046
-0.275381 1.0455
-0.279082 1.045
-0.282782 1.0445
-0.286485 1.044
-0.290186 1.0435
-0.293897 1.043
-0.297597 1.0425
-0.3013 1.042
-0.305 1.0415
-0.308701 1.041
-0.312407 1.0405
-0.316117 1.04
-0.319819 1.0395
-0.323519 1.039
-0.32746 1.0385
-0.331173 1.038
-0.334887 1.0375
-0.338596 1.037
-0.342298 1.0365
-0.345999 1.036
-0.3497 1.0355
-0.353404 1.035
-0.357104 1.0345
-0.360809 1.034
-0.36519 1.0335
-0.368891 1.033
-0.372596 1.0325
-0.376297 1.032
-0.380007 1.0315
-0.383718 1.031
-0.38742 1.0305
-0.39112 1.03
-0.394821 1.0295
-0.398521 1.029
-0.40223 1.0285
-0.405934 1.028
-0.409634 1.0275
-0.413341 1.027
-0.417041 1.0265
-0.420744 1.026
-0.424447 1.0255
-0.428152 1.025
-0.431852 1.0245
-0.435555 1.024
-0.439257 1.0235
-0.442961 1.023
-0.446664 1.0225
-0.450366 1.022
-0.454101 1.0215
-0.457803 1.021
-0.461504 1.0205
-0.465205 1.02
-0.468913 1.0195
-0.472619 1.019
-0.476333 1.0185
-0.480035 1.018
-0.483741 1.0175
-0.487441 1.017
-0.491148 1.0165
-0.494852 1.016
-0.498554 1.0155
-0.502257 1.015
-0.505961 1.0145
-0.509662 1.014
-0.513362 1.0135
-0.517062 1.013
-0.522145 1.0125
-0.525845 1.012
-0.529552 1.0115
-0.533252 1.011
-0.536954 1.0105
-0.540676 1.01
-0.54438 1.0095
-0.548082 1.009
-0.551782 1.0085
-0.555483 1.008
-0.559183 1.0075
-0.562883 1.007
-0.566586 1.0065
-0.570288 1.006
-0.573993 1.0055
-0.577696 1.005
-0.5814 1.0045
-0.5851 1.004
-0.5888 1.0035
-0.592501 1.003
-0.596201 1.0025
-0.599911 1.002
-0.603623 1.0015
-0.607324 1.001
-0.611027 1.0005
-0.614727 1
