Man
0 0
0.00483341 0.001
0.0144903 0.002
0.0109856 0.003
-0.00774998 0.004
-0.0176746 0.005
-0.0158149 0.006
-0.00801543 0.007
-0.00956451 0.008
0.000728709 0.009
-0.0122112 0.01
0.00531861 0.011
0.00568185 0.012
0.000337856 0.013
-0.0222239 0.014
-0.0150754 0.015
-0.031085 0.016
-0.0332864 0.017
-0.0192862 0.018
-0.019166 0.019
-0.025686 0.02
-0.0198578 0.021
-0.017798 0.022
-0.0118577 0.023
-0.0240476 0.024
-0.0100292 0.025
-0.0225829 0.026
-0.0249144 0.027
-0.0298261 0.028
-0.020479 0.029
-0.0417107 0.03
-0.0394861 0.031
-0.0294223 0.032
-0.0189716 0.033
-0.0317072 0.034
-0.0218224 0.035
-0.0325968 0.036
-0.0527807 0.037
-0.0614835 0.038
-0.0810572 0.039
-0.0754532 0.04
-0.05188 0.041
-0.0798024 0.042
-0.0893867 0.043
-0.0880626 0.044
-0.0992958 0.045
-0.113719 0.046
-0.102117 0.047
-0.102974 0.048
-0.109161 0.049
-0.110386 0.05
-0.102019 0.051
-0.120079 0.052
-0.133837 0.053
-0.135289 0.054
-0.13343 0.055
-0.128756 0.056
-0.143782 0.057
-0.152843 0.058
-0.178191 0.059
-0.197054 0.06
-0.195751 0.061
-0.201649 0.062
-0.193761 0.063
-0.181887 0.064
-0.190239 0.065
-0.206674 0.066
-0.208412 0.067
-0.216412 0.068
-0.203366 0.069
-0.194649 0.07
-0.223841 0.071
-0.235894 0.072
-0.246699 0.073
-0.238166 0.074
-0.249638 0.075
-0.205595 0.076
-0.21659 0.077
-0.217222 0.078
-0.214173 0.079
-0.226407 0.08
-0.218618 0.081
-0.225281 0.082
-0.211112 0.083
-0.216815 0.084
-0.201655 0.085
-0.210672 0.086
-0.199567 0.087
-0.226856 0.088
-0.244128 0.089
-0.254526 0.09
-0.259434 0.091
-0.251847 0.092
-0.258888 0.093
-0.256351 0.094
-0.248347 0.095
-0.243758 0.096
-0.26318 0.097
-0.282887 0.098
-0.285797 0.099
-0.30623 0.1
-0.29365 0.101
-0.336481 0.102
-0.329073 0.103
-0.342367 0.104
-0.355183 0.105
-0.385403 0.106
-0.378261 0.107
-0.404974 0.108
-0.457013 0.109
-0.473323 0.11
-0.530484 0.111
-0.529384 0.112
-0.57515 0.113
-0.57356 0.114
-0.571338 0.115
-0.579134 0.116
-0.578943 0.117
-0.58147 0.118
-0.582874 0.119
-0.595388 0.12
-0.63154 0.121
-0.662325 0.122
-0.674763 0.123
-0.681321 0.124
-0.683544 0.125
-0.727325 0.126
-0.727865 0.127
-0.724657 0.128
-0.729533 0.129
-0.729793 0.13
-0.736521 0.131
-0.749912 0.132
-0.772699 0.133
-0.801449 0.134
-0.810116 0.135
-0.803711 0.136
-0.847885 0.137
-0.873092 0.138
-0.887232 0.139
-0.899773 0.14
-0.904263 0.141
-0.910739 0.142
-0.915065 0.143
-0.925349 0.144
-0.94881 0.145
-0.984915 0.146
-1.00322 0.147
-1.00034 0.148
-1.0112 0.149
-1.01945 0.15
-1.06289 0.151
-1.07098 0.152
-1.09117 0.153
-1.09856 0.154
-1.09618 0.155
-1.11342 0.156
-1.12276 0.157
-1.13268 0.158
-1.1431 0.159
-1.13923 0.16
-1.14427 0.161
-1.17349 0.162
-1.1945 0.163
-1.18052 0.164
-1.19251 0.165
-1.20804 0.166
-1.23881 0.167
-1.2473 0.168
-1.24801 0.169
-1.25084 0.17
-1.27279 0.171
-1.28717 0.172
-1.29504 0.173
-1.31985 0.174
-1.31823 0.175
-1.32745 0.176
-1.35249 0.177
-1.36011 0.178
-1.37329 0.179
-1.38415 0.18
-1.39207 0.181
-1.39915 0.182
-1.40686 0.183
-1.40898 0.184
-1.41864 0.185
-1.42566 0.186
-1.43381 0.187
-1.44137 0.188
-1.44922 0.189
-1.45518 0.19
-1.46202 0.191
-1.46826 0.192
-1.4737 0.193
-1.47993 0.194
-1.48592 0.195
-1.49085 0.196
-1.49618 0.197
-1.50143 0.198
-1.50674 0.199
-1.51048 0.2
-1.51569 0.201
-1.52026 0.202
-1.52538 0.203
-1.53024 0.204
-1.53507 0.205
-1.53973 0.206
-1.54461 0.207
-1.54934 0.208
-1.55349 0.209
-1.55838 0.21
-1.56298 0.211
-1.56688 0.212
-1.57143 0.213
-1.57554 0.214
-1.57925 0.215
-1.58325 0.216
-1.58735 0.217
-1.5912 0.218
-1.59553 0.219
-1.59941 0.22
-1.60315 0.221
-1.60667 0.222
-1.61038 0.223
-1.61391 0.224
-1.617 0.225
-1.62062 0.226
-1.62448 0.227
-1.6282 0.228
-1.63163 0.229
-1.63518 0.23
-1.63841 0.231
-1.64179 0.232
-1.64491 0.233
-1.64845 0.234
-1.65129 0.235
-1.65437 0.236
-1.65733 0.237
-1.66031 0.238
-1.66332 0.239
-1.66624 0.24
-1.66914 0.241
-1.67212 0.242
-1.67516 0.243
-1.67799 0.244
-1.68057 0.245
-1.6833 0.246
-1.68624 0.247
-1.68874 0.248
-1.69137 0.249
-1.69403 0.25
-1.69678 0.251
-1.69937 0.252
-1.70197 0.253
-1.70465 0.254
-1.70734 0.255
-1.71012 0.256
-1.71254 0.257
-1.71503 0.258
-1.71733 0.259
-1.71985 0.26
-1.72221 0.261
-1.72467 0.262
-1.72703 0.263
-1.72929 0.264
-1.73181 0.265
-1.7342 0.266
-1.73634 0.267
-1.73879 0.268
-1.74148 0.269
-1.74355 0.27
-1.74628 0.271
-1.74827 0.272
-1.75041 0.273
-1.75252 0.274
-1.75474 0.275
-1.75711 0.276
-1.75943 0.277
-1.76153 0.278
-1.76365 0.279
-1.76584 0.28
-1.76794 0.281
-1.76984 0.282
-1.77187 0.283
-1.77389 0.284
-1.77558 0.285
-1.77768 0.286
-1.77943 0.287
-1.78154 0.288
-1.78326 0.289
-1.78499 0.29
-1.78676 0.291
-1.78852 0.292
-1.79052 0.293
-1.79218 0.294
-1.79375 0.295
-1.79558 0.296
-1.79741 0.297
-1.79965 0.298
-1.80152 0.299
-1.8031 0.3
-1.80501 0.301
-1.80665 0.302
-1.80816 0.303
-1.81017 0.304
-1.81187 0.305
-1.81356 0.306
-1.81527 0.307
-1.81698 0.308
-1.81882 0.309
-1.82029 0.31
-1.82202 0.311
-1.82369 0.312
-1.82533 0.313
-1.82682 0.314
-1.82833 0.315
-1.8299 0.316
-1.83153 0.317
-1.83306 0.318
-1.83449 0.319
-1.83582 0.32
-1.8374 0.321
-1.83912 0.322
-1.84074 0.323
-1.8421 0.324
-1.84349 0.325
-1.84492 0.326
-1.84624 0.327
-1.84759 0.328
-1.84899 0.329
-1.85034 0.33
-1.8517 0.331
-1.85327 0.332
-1.85464 0.333
-1.85624 0.334
-1.85758 0.335
-1.8588 0.336
-1.8602 0.337
-1.86158 0.338
-1.86287 0.339
-1.86425 0.34
-1.86558 0.341
-1.86676 0.342
-1.868 0.343
-1.86914 0.344
-1.87037 0.345
-1.87167 0.346
-1.87288 0.347
-1.87409 0.348
-1.87517 0.349
-1.87644 0.35
-1.87789 0.351
-1.87927 0.352
-1.88032 0.353
-1.88157 0.354
-1.88269 0.355
-1.88375 0.356
-1.88506 0.357
-1.88639 0.358
-1.88749 0.359
-1.88861 0.36
-1.88982 0.361
-1.89088 0.362
-1.89203 0.363
-1.89323 0.364
-1.89448 0.365
-1.89544 0.366
-1.8967 0.367
-1.89785 0.368
-1.89885 0.369
-1.90002 0.37
-1.90124 0.371
-1.90229 0.372
-1.90327 0.373
-1.90425 0.374
-1.90535 0.375
-1.90637 0.376
-1.90754 0.377
-1.90876 0.378
-1.90986 0.379
-1.91088 0.38
-1.91194 0.381
-1.91281 0.382
-1.91383 0.383
-1.91483 0.384
-1.91585 0.385
-1.91684 0.386
-1.91783 0.387
-1.91876 0.388
-1.9197 0.389
-1.92072 0.39
-1.92168 0.391
-1.92277 0.392
-1.92371 0.393
-1.92456 0.394
-1.9256 0.395
-1.92653 0.396
-1.92744 0.397
-1.92847 0.398
-1.92934 0.399
-1.93018 0.4
-1.93108 0.401
-1.93186 0.402
-1.93288 0.403
-1.93391 0.404
-1.93481 0.405
-1.93571 0.406
-1.93672 0.407
-1.93771 0.408
-1.93853 0.409
-1.93931 0.41
-1.94025 0.411
-1.94123 0.412
-1.94209 0.413
-1.94276 0.414
-1.94346 0.415
-1.94429 0.416
-1.94509 0.417
-1.94601 0.418
-1.94688 0.419
-1.9477 0.42
-1.94855 0.421
-1.94952 0.422
-1.95049 0.423
-1.95136 0.424
-1.95206 0.425
-1.95296 0.426
-1.95377 0.427
-1.95432 0.428
-1.95507 0.429
-1.95582 0.43
-1.95663 0.431
-1.95744 0.432
-1.95827 0.433
-1.95908 0.434
-1.95983 0.435
-1.9606 0.436
-1.96143 0.437
-1.96232 0.438
-1.96312 0.439
-1.96393 0.44
-1.96461 0.441
-1.96533 0.442
-1.96607 0.443
-1.9668 0.444
-1.96765 0.445
-1.96848 0.446
-1.96935 0.447
-1.97001 0.448
-1.97077 0.449
-1.97144 0.45
-1.97217 0.451
-1.97301 0.452
-1.97383 0.453
-1.97454 0.454
-1.97523 0.455
-1.97591 0.456
-1.97658 0.457
-1.97725 0.458
-1.97778 0.459
-1.97844 0.46
-1.97918 0.461
-1.97978 0.462
-1.98042 0.463
-1.98101 0.464
-1.98163 0.465
-1.98235 0.466
-1.98315 0.467
-1.98378 0.468
-1.98438 0.469
-1.98497 0.47
-1.98556 0.471
-1.98627 0.472
-1.98685 0.473
-1.98761 0.474
-1.98823 0.475
-1.98881 0.476
-1.98933 0.477
-1.9899 0.478
-1.99051 0.479
-1.99116 0.48
-1.99176 0.481
-1.99241 0.482
-1.99304 0.483
-1.9937 0.484
-1.99426 0.485
-1.99478 0.486
-1.99541 0.487
-1.99601 0.488
-1.99675 0.489
-1.9973 0.49
-1.9979 0.491
-1.99861 0.492
-1.9992 0.493
-1.99986 0.494
-2.0005 0.495
-2.00108 0.496
-2.00163 0.497
-2.0023 0.498
-2.00279 0.499
-2.00331 0.5
-2.00404 0.501
-2.00468 0.502
-2.0053 0.503
-2.00597 0.504
-2.0066 0.505
-2.00705 0.506
-2.00762 0.507
-2.00824 0.508
-2.00886 0.509
-2.00936 0.51
-2.0099 0.511
-2.01029 0.512
-2.01086 0.513
-2.01139 0.514
-2.012 0.515
-2.0124 0.516
-2.01302 0.517
-2.01354 0.518
-2.0141 0.519
-2.0146 0.52
-2.01514 0.521
-2.01563 0.522
-2.01618 0.523
-2.01657 0.524
-2.0171 0.525
-2.01756 0.526
-2.01802 0.527
-2.01853 0.528
-2.019 0.529
-2.01955 0.53
-2.02003 0.531
-2.02045 0.532
-2.02101 0.533
-2.02152 0.534
-2.02202 0.535
-2.02239 0.536
-2.02292 0.537
-2.02343 0.538
-2.02393 0.539
-2.02446 0.54
-2.02498 0.541
-2.02545 0.542
-2.02591 0.543
-2.02639 0.544
-2.02682 0.545
-2.02734 0.546
-2.02782 0.547
-2.02832 0.548
-2.02874 0.549
-2.02929 0.55
-2.02972 0.551
-2.03018 0.552
-2.03064 0.553
-2.03105 0.554
-2.03154 0.555
-2.03204 0.556
-2.03254 0.557
-2.03305 0.558
-2.03352 0.559
-2.03395 0.56
-2.03439 0.561
-2.0348 0.562
-2.03529 0.563
-2.03563 0.564
-2.03606 0.565
-2.03652 0.566
-2.03707 0.567
-2.03755 0.568
-2.03806 0.569
-2.03846 0.57
-2.03885 0.571
-2.03933 0.572
-2.03977 0.573
-2.04019 0.574
-2.04063 0.575
-2.04107 0.576
-2.04149 0.577
-2.04193 0.578
-2.0424 0.579
-2.04277 0.58
-2.04314 0.581
-2.04352 0.582
-2.04396 0.583
-2.04436 0.584
-2.04485 0.585
-2.04535 0.586
-2.04571 0.587
-2.04616 0.588
-2.04658 0.589
-2.04699 0.59
-2.0474 0.591
-2.04778 0.592
-2.04819 0.593
-2.04862 0.594
-2.04912 0.595
-2.04957 0.596
-2.04996 0.597
-2.05039 0.598
-2.05078 0.599
-2.0512 0.6
-2.05166 0.601
-2.05204 0.602
-2.05246 0.603
-2.05293 0.604
-2.05332 0.605
-2.05369 0.606
-2.05414 0.607
-2.05464 0.608
-2.055 0.609
-2.05531 0.61
-2.05576 0.611
-2.05609 0.612
-2.05644 0.613
-2.05687 0.614
-2.05725 0.615
-2.05771 0.616
-2.05812 0.617
-2.05848 0.618
-2.05877 0.619
-2.05915 0.62
-2.05944 0.621
-2.05979 0.622
-2.06026 0.623
-2.06056 0.624
-2.06096 0.625
-2.06127 0.626
-2.06163 0.627
-2.06195 0.628
-2.06232 0.629
-2.06263 0.63
-2.06304 0.631
-2.06335 0.632
-2.06377 0.633
-2.06415 0.634
-2.06454 0.635
-2.06497 0.636
-2.06522 0.637
-2.06554 0.638
-2.066 0.639
-2.06635 0.64
-2.06668 0.641
-2.067 0.642
-2.06738 0.643
-2.06774 0.644
-2.06817 0.645
-2.06855 0.646
-2.06888 0.647
-2.0692 0.648
-2.06949 0.649
-2.06974 0.65
-2.07006 0.651
-2.07037 0.652
-2.0707 0.653
-2.07101 0.654
-2.07134 0.655
-2.07159 0.656
-2.07185 0.657
-2.07217 0.658
-2.07252 0.659
-2.07297 0.66
-2.07332 0.661
-2.0736 0.662
-2.07387 0.663
-2.07417 0.664
-2.07453 0.665
-2.07492 0.666
-2.07522 0.667
-2.07543 0.668
-2.07571 0.669
-2.07601 0.67
-2.07627 0.671
-2.07656 0.672
-2.07689 0.673
-2.07719 0.674
-2.07751 0.675
-2.07781 0.676
-2.07812 0.677
-2.07848 0.678
-2.07868 0.679
-2.07903 0.68
-2.07927 0.681
-2.07956 0.682
-2.07987 0.683
-2.08017 0.684
-2.08051 0.685
-2.08078 0.686
-2.08114 0.687
-2.08141 0.688
-2.08166 0.689
-2.08193 0.69
-2.08222 0.691
-2.08254 0.692
-2.08278 0.693
-2.08313 0.694
-2.08342 0.695
-2.08367 0.696
-2.08397 0.697
-2.08415 0.698
-2.08447 0.699
-2.08477 0.7
-2.08503 0.701
-2.08529 0.702
-2.08567 0.703
-2.08596 0.704
-2.08619 0.705
-2.08647 0.706
-2.08671 0.707
-2.08698 0.708
-2.08728 0.709
-2.08759 0.71
-2.08789 0.711
-2.08819 0.712
-2.08846 0.713
-2.08877 0.714
-2.08902 0.715
-2.08928 0.716
-2.08954 0.717
-2.08981 0.718
-2.09006 0.719
-2.09032 0.72
-2.09059 0.721
-2.09088 0.722
-2.09115 0.723
-2.09146 0.724
-2.09169 0.725
-2.09198 0.726
-2.09232 0.727
-2.09269 0.728
-2.09293 0.729
-2.09314 0.73
-2.09339 0.731
-2.09371 0.732
-2.09392 0.733
-2.09414 0.734
-2.09443 0.735
-2.09468 0.736
-2.09494 0.737
-2.09516 0.738
-2.09546 0.739
-2.09583 0.74
-2.09607 0.741
-2.09635 0.742
-2.09659 0.743
-2.09687 0.744
-2.09721 0.745
-2.09736 0.746
-2.09765 0.747
-2.09786 0.748
-2.09814 0.749
-2.09842 0.75
-2.09864 0.751
-2.09886 0.752
-2.09917 0.753
-2.0993 0.754
-2.0996 0.755
-2.09991 0.756
-2.10015 0.757
-2.10035 0.758
-2.10062 0.759
-2.10086 0.76
-2.10111 0.761
-2.10137 0.762
-2.10164 0.763
-2.10194 0.764
-2.10222 0.765
-2.10239 0.766
-2.10264 0.767
-2.10295 0.768
-2.1031 0.769
-2.10329 0.77
-2.10353 0.771
-2.10375 0.772
-2.10398 0.773
-2.10425 0.774
-2.10446 0.775
-2.10473 0.776
-2.10495 0.777
-2.1052 0.778
-2.10551 0.779
-2.10574 0.78
-2.10602 0.781
-2.10618 0.782
-2.10636 0.783
-2.10657 0.784
-2.10684 0.785
-2.1071 0.786
-2.10731 0.787
-2.10751 0.788
-2.10767 0.789
-2.10786 0.79
-2.10811 0.791
-2.10832 0.792
-2.10855 0.793
-2.10879 0.794
-2.10899 0.795
-2.10918 0.796
-2.10945 0.797
-2.10971 0.798
-2.10998 0.799
-2.11022 0.8
-2.11039 0.801
-2.11059 0.802
-2.11074 0.803
-2.11091 0.804
-2.11119 0.805
-2.11139 0.806
-2.11165 0.807
-2.11188 0.808
-2.11216 0.809
-2.11237 0.81
-2.11253 0.811
-2.11272 0.812
-2.11291 0.813
-2.1131 0.814
-2.11335 0.815
-2.11354 0.816
-2.11371 0.817
-2.11394 0.818
-2.1141 0.819
-2.11433 0.82
-2.11453 0.821
-2.11473 0.822
-2.11489 0.823
-2.11512 0.824
-2.1153 0.825
-2.11552 0.826
-2.1157 0.827
-2.11593 0.828
-2.11616 0.829
-2.11638 0.83
-2.11663 0.831
-2.1168 0.832
-2.11701 0.833
-2.11721 0.834
-2.11741 0.835
-2.11759 0.836
-2.11771 0.837
-2.11795 0.838
-2.11807 0.839
-2.11827 0.84
-2.1185 0.841
-2.11873 0.842
-2.11894 0.843
-2.11909 0.844
-2.11927 0.845
-2.11949 0.846
-2.11969 0.847
-2.11984 0.848
-2.12005 0.849
-2.12032 0.85
-2.12051 0.851
-2.12068 0.852
-2.12089 0.853
-2.12102 0.854
-2.12115 0.855
-2.12136 0.856
-2.12157 0.857
-2.12169 0.858
-2.12192 0.859
-2.12207 0.86
-2.12228 0.861
-2.12247 0.862
-2.12271 0.863
-2.12295 0.864
-2.1232 0.865
-2.12336 0.866
-2.12353 0.867
-2.12373 0.868
-2.12394 0.869
-2.12412 0.87
-2.12433 0.871
-2.12451 0.872
-2.12472 0.873
-2.12489 0.874
-2.12508 0.875
-2.12522 0.876
-2.1254 0.877
-2.12557 0.878
-2.12577 0.879
-2.12596 0.88
-2.12612 0.881
-2.1263 0.882
-2.12645 0.883
-2.12668 0.884
-2.12683 0.885
-2.12705 0.886
-2.12724 0.887
-2.12741 0.888
-2.12758 0.889
-2.1278 0.89
-2.12803 0.891
-2.12818 0.892
-2.12832 0.893
-2.12849 0.894
-2.12865 0.895
-2.1288 0.896
-2.12901 0.897
-2.12921 0.898
-2.12942 0.899
-2.12962 0.9
-2.12982 0.901
-2.12997 0.902
-2.13016 0.903
-2.13033 0.904
-2.13046 0.905
-2.13063 0.906
-2.13085 0.907
-2.13104 0.908
-2.13121 0.909
-2.13137 0.91
-2.13153 0.911
-2.13164 0.912
-2.13185 0.913
-2.13205 0.914
-2.13221 0.915
-2.13238 0.916
-2.13252 0.917
-2.13269 0.918
-2.13287 0.919
-2.13299 0.92
-2.13319 0.921
-2.13337 0.922
-2.13356 0.923
-2.13373 0.924
-2.13386 0.925
-2.13405 0.926
-2.13423 0.927
-2.13438 0.928
-2.13455 0.929
-2.13472 0.93
-2.13487 0.931
-2.13507 0.932
-2.13519 0.933
-2.13531 0.934
-2.13545 0.935
-2.13556 0.936
-2.13573 0.937
-2.13589 0.938
-2.13604 0.939
-2.13615 0.94
-2.1363 0.941
-2.13642 0.942
-2.13657 0.943
-2.13673 0.944
-2.13686 0.945
-2.13708 0.946
-2.13726 0.947
-2.13746 0.948
-2.13761 0.949
-2.13776 0.95
-2.13795 0.951
-2.1381 0.952
-2.13827 0.953
-2.13842 0.954
-2.13856 0.955
-2.13873 0.956
-2.13888 0.957
-2.13904 0.958
-2.13918 0.959
-2.13931 0.96
-2.13944 0.961
-2.13958 0.962
-2.13971 0.963
-2.13987 0.964
-2.14001 0.965
-2.14014 0.966
-2.14029 0.967
-2.14041 0.968
-2.14059 0.969
-2.14074 0.97
-2.1409 0.971
-2.14104 0.972
-2.14113 0.973
-2.14129 0.974
-2.14138 0.975
-2.14149 0.976
-2.14161 0.977
-2.14173 0.978
-2.14187 0.979
-2.142 0.98
-2.14214 0.981
-2.14232 0.982
-2.14246 0.983
-2.14259 0.984
-2.14268 0.985
-2.14284 0.986
-2.14295 0.987
-2.14312 0.988
-2.14326 0.989
-2.14339 0.99
-2.14353 0.991
-2.14366 0.992
-2.14385 0.993
-2.14402 0.994
-2.14414 0.995
-2.1442 0.996
-2.14435 0.997
-2.14451 0.998
-2.14465 0.999
-2.14475 1


Shark
3.14159 1.5
3.13717 1.4995
3.13275 1.499
3.12833 1.4985
3.1239 1.498
3.11948 1.4975
3.11506 1.497
3.11063 1.4965
3.10621 1.496
3.10178 1.4955
3.09732 1.495
3.09283 1.4945
3.08841 1.494
3.08398 1.4935
3.07936 1.493
3.07491 1.4925
3.07036 1.492
3.06594 1.4915
3.06139 1.491
3.05697 1.4905
3.05251 1.49
3.04806 1.4895
3.04364 1.489
3.03918 1.4885
3.03458 1.488
3.02991 1.4875
3.02526 1.487
3.02084 1.4865
3.01638 1.486
3.0118 1.4855
3.00659 1.485
3.00216 1.4845
2.99752 1.484
2.99285 1.4835
2.98805 1.483
2.98338 1.4825
2.97864 1.482
2.97315 1.4815
2.96851 1.481
2.96297 1.4805
2.95844 1.48
2.95233 1.4795
2.94557 1.479
2.9408 1.4785
2.93637 1.478
2.93143 1.4775
2.92614 1.477
2.92112 1.4765
2.91669 1.476
2.91208 1.4755
2.90765 1.475
2.90285 1.4745
2.89682 1.474
2.89136 1.4735
2.88693 1.473
2.88249 1.4725
2.87792 1.472
2.87212 1.4715
2.86714 1.471
2.85924 1.4705
2.85259 1.47
2.84816 1.4695
2.84346 1.469
2.83853 1.4685
2.83299 1.468
2.82797 1.4675
2.82148 1.467
2.81703 1.4665
2.81201 1.466
2.80608 1.4655
2.80091 1.465
2.7908 1.4645
2.78496 1.464
2.77935 1.4635
2.77413 1.463
2.76832 1.4625
2.75297 1.462
2.74719 1.4615
2.74277 1.461
2.73822 1.4605
2.73206 1.46
2.72684 1.4595
2.72181 1.459
2.71501 1.4585
2.71012 1.458
2.70293 1.4575
2.69735 1.457
2.69122 1.4565
2.67978 1.456
2.67171 1.4555
2.66567 1.455
2.66083 1.4545
2.65545 1.454
2.65018 1.4535
2.64564 1.453
2.64009 1.4525
2.63527 1.452
2.62588 1.4515
2.6163 1.451
2.61171 1.4505
2.60169 1.45
2.59457 1.4495
2.57485 1.449
2.5693 1.4485
2.56178 1.448
2.5544 1.4475
2.53963 1.447
2.53408 1.4465
2.52064 1.446
2.49529 1.4455
2.48625 1.445
2.45799 1.4445
2.45353 1.444
2.43035 1.4435
2.42586 1.443
2.4213 1.4425
2.41535 1.442
2.41093 1.4415
2.40632 1.441
2.40184 1.4405
2.39389 1.44
2.37413 1.4395
2.35702 1.439
2.34897 1.4385
2.34328 1.438
2.33869 1.4375
2.31401 1.437
2.30958 1.4365
2.3048 1.436
2.29959 1.4355
2.29516 1.435
2.28928 1.4345
2.28033 1.434
2.26627 1.4335
2.24874 1.433
2.24195 1.4325
2.2361 1.432
2.20909 1.4315
2.19315 1.431
2.18343 1.4305
2.17452 1.43
2.16929 1.4295
2.1633 1.429
2.15811 1.4285
2.15023 1.428
2.1346 1.4275
2.11097 1.427
2.09832 1.4265
2.09351 1.426
2.08513 1.4255
2.07811 1.425
2.04888 1.4245
2.04188 1.424
2.02758 1.4235
2.02089 1.423
2.01619 1.4225
2.00354 1.422
1.99571 1.4215
1.98751 1.421
1.97897 1.4205
1.97378 1.42
1.9681 1.4195
1.94677 1.419
1.93105 1.4185
1.92002 1.418
1.91025 1.4175
1.89805 1.417
1.87498 1.4165
1.8673 1.416
1.86285 1.4155
1.85795 1.415
1.84082 1.4145
1.82906 1.414
1.82161 1.4135
1.80208 1.413
1.79749 1.4125
1.78909 1.412
1.76905 1.4115
1.76162 1.411
1.75032 1.4105
1.74064 1.41
1.73292 1.4095
1.72573 1.409
1.7181 1.4085
1.71336 1.408
1.70432 1.4075
1.69707 1.407
1.68903 1.4065
1.68136 1.406
1.67346 1.4055
1.6668 1.405
1.65953 1.4045
1.65265 1.404
1.64625 1.4035
1.63933 1.403
1.63254 1.4025
1.6264 1.402
1.62 1.4015
1.61363 1.401
1.60721 1.4005
1.6017 1.4
1.59531 1.3995
1.5893 1.399
1.58293 1.3985
1.57671 1.398
1.5705 1.3975
1.56438 1.397
1.55811 1.3965
1.55191 1.396
1.54606 1.3955
1.53974 1.395
1.53359 1.3945
1.52785 1.394
1.52171 1.3935
1.51583 1.393
1.51018 1.3925
1.50435 1.392
1.49844 1.3915
1.49267 1.391
1.48658 1.3905
1.48078 1.39
1.47505 1.3895
1.46944 1.389
1.46372 1.3885
1.45808 1.388
1.45271 1.3875
1.447 1.387
1.44112 1.3865
1.43533 1.386
1.42972 1.3855
1.42402 1.385
1.41851 1.3845
1.4129 1.384
1.40743 1.3835
1.4017 1.383
1.39639 1.3825
1.39093 1.382
1.38553 1.3815
1.38012 1.381
1.37468 1.3805
1.36929 1.38
1.3639 1.3795
1.35845 1.379
1.35296 1.3785
1.34759 1.378
1.34237 1.3775
1.33705 1.377
1.33159 1.3765
1.32639 1.376
1.32111 1.3755
1.31581 1.375
1.31044 1.3745
1.30516 1.374
1.29987 1.3735
1.29453 1.373
1.28917 1.3725
1.28375 1.372
1.27855 1.3715
1.2733 1.371
1.26816 1.3705
1.26288 1.37
1.25769 1.3695
1.25243 1.369
1.24723 1.3685
1.24209 1.368
1.23678 1.3675
1.23154 1.367
1.22645 1.3665
1.22117 1.366
1.21572 1.3655
1.21066 1.365
1.20516 1.3645
1.20014 1.364
1.19502 1.3635
1.18992 1.363
1.18474 1.3625
1.17946 1.362
1.17421 1.3615
1.16909 1.361
1.16397 1.3605
1.15878 1.36
1.15365 1.3595
1.14864 1.359
1.14355 1.3585
1.13845 1.358
1.13355 1.3575
1.12839 1.357
1.12345 1.3565
1.11828 1.356
1.11335 1.3555
1.1084 1.355
1.10343 1.3545
1.09846 1.354
1.09334 1.3535
1.08843 1.353
1.08356 1.3525
1.07853 1.352
1.0735 1.3515
1.06819 1.351
1.06313 1.3505
1.05824 1.35
1.05314 1.3495
1.04821 1.349
1.04335 1.3485
1.03817 1.348
1.0332 1.3475
1.02822 1.347
1.02323 1.3465
1.01824 1.346
1.01316 1.3455
1.0083 1.345
1.00329 1.3445
0.998299 1.344
0.993335 1.3435
0.988453 1.343
0.983561 1.3425
0.978628 1.342
0.973657 1.3415
0.968739 1.341
0.963886 1.3405
0.959084 1.34
0.954129 1.3395
0.949079 1.339
0.944091 1.3385
0.939264 1.338
0.934413 1.3375
0.929536 1.337
0.924724 1.3365
0.91989 1.336
0.915025 1.3355
0.910186 1.335
0.90534 1.3345
0.90036 1.334
0.895504 1.3335
0.890495 1.333
0.885651 1.3325
0.880877 1.332
0.875988 1.3315
0.871115 1.331
0.86629 1.3305
0.861405 1.33
0.856559 1.3295
0.85179 1.329
0.846991 1.3285
0.842243 1.328
0.837442 1.3275
0.832595 1.327
0.827804 1.3265
0.823007 1.326
0.818285 1.3255
0.81345 1.325
0.80849 1.3245
0.803582 1.324
0.798869 1.3235
0.794037 1.323
0.789278 1.3225
0.784556 1.322
0.779679 1.3215
0.774781 1.321
0.770031 1.3205
0.765265 1.32
0.760446 1.3195
0.755712 1.319
0.750923 1.3185
0.746101 1.318
0.741242 1.3175
0.73656 1.317
0.73169 1.3165
0.726888 1.316
0.72218 1.3155
0.717366 1.315
0.712511 1.3145
0.707768 1.314
0.703062 1.3135
0.698357 1.313
0.69358 1.3125
0.688842 1.312
0.684015 1.3115
0.67915 1.311
0.674358 1.3105
0.669619 1.31
0.664855 1.3095
0.6602 1.309
0.655454 1.3085
0.650722 1.308
0.64597 1.3075
0.641239 1.307
0.636508 1.3065
0.631812 1.306
0.627101 1.3055
0.622346 1.305
0.617625 1.3045
0.612824 1.304
0.608114 1.3035
0.603448 1.303
0.598676 1.3025
0.593963 1.302
0.589263 1.3015
0.584487 1.301
0.57981 1.3005
0.57515 1.3
0.570452 1.2995
0.56582 1.299
0.561042 1.2985
0.556258 1.298
0.551553 1.2975
0.546848 1.297
0.542066 1.2965
0.537303 1.296
0.532639 1.2955
0.528 1.295
0.523262 1.2945
0.518499 1.294
0.513809 1.2935
0.50922 1.293
0.504617 1.2925
0.499942 1.292
0.495286 1.2915
0.490547 1.291
0.485847 1.2905
0.481174 1.29
0.47648 1.2895
0.471705 1.289
0.466923 1.2885
0.462215 1.288
0.457602 1.2875
0.452868 1.287
0.448192 1.2865
0.443651 1.286
0.43901 1.2855
0.434366 1.285
0.429689 1.2845
0.425004 1.284
0.42031 1.2835
0.415626 1.283
0.410977 1.2825
0.406315 1.282
0.401612 1.2815
0.396871 1.281
0.392186 1.2805
0.387491 1.28
0.382881 1.2795
0.378239 1.279
0.373591 1.2785
0.368942 1.278
0.364221 1.2775
0.359509 1.277
0.354766 1.2765
0.350157 1.276
0.345485 1.2755
0.34087 1.275
0.336218 1.2745
0.331491 1.274
0.326778 1.2735
0.322135 1.273
0.317497 1.2725
0.312875 1.272
0.308252 1.2715
0.303629 1.271
0.299078 1.2705
0.294463 1.27
0.289793 1.2695
0.285207 1.269
0.280593 1.2685
0.276013 1.268
0.271414 1.2675
0.266752 1.267
0.262034 1.2665
0.257427 1.266
0.252836 1.2655
0.248248 1.265
0.24366 1.2645
0.239002 1.264
0.234419 1.2635
0.229717 1.263
0.225111 1.2625
0.220527 1.262
0.215975 1.2615
0.21139 1.261
0.206791 1.2605
0.202162 1.26
0.197558 1.2595
0.192927 1.259
0.188308 1.2585
0.183665 1.258
0.179089 1.2575
0.174528 1.257
0.169904 1.2565
0.1653 1.256
0.160603 1.2555
0.156027 1.255
0.151418 1.2545
0.146732 1.254
0.142129 1.2535
0.137482 1.253
0.132847 1.2525
0.128248 1.252
0.123668 1.2515
0.11901 1.251
0.114457 1.2505
0.109889 1.25
0.105188 1.2495
0.100543 1.249
0.0959181 1.2485
0.0912527 1.248
0.0866157 1.2475
0.082082 1.247
0.0774797 1.2465
0.0728465 1.246
0.068211 1.2455
0.0636487 1.245
0.0590647 1.2445
0.0545597 1.244
0.0499549 1.2435
0.045369 1.243
0.0407425 1.2425
0.0362276 1.242
0.0315896 1.2415
0.027012 1.241
0.0224097 1.2405
0.0178397 1.24
0.0132508 1.2395
0.00868965 1.239
0.00408848 1.2385
-0.000424899 1.238
-0.00500714 1.2375
-0.00955678 1.237
-0.0141024 1.2365
-0.0186835 1.236
-0.0232339 1.2355
-0.0278393 1.235
-0.0324016 1.2345
-0.0369305 1.234
-0.0415423 1.2335
-0.0461203 1.233
-0.0506984 1.2325
-0.0552062 1.232
-0.0598014 1.2315
-0.0643796 1.231
-0.0689612 1.2305
-0.073556 1.23
-0.0781463 1.2295
-0.0827111 1.229
-0.0872661 1.2285
-0.0918333 1.228
-0.096371 1.2275
-0.100969 1.227
-0.105535 1.2265
-0.110116 1.226
-0.114656 1.2255
-0.119269 1.225
-0.123812 1.2245
-0.128373 1.224
-0.132933 1.2235
-0.137463 1.223
-0.142048 1.2225
-0.146635 1.222
-0.151218 1.2215
-0.155818 1.221
-0.160388 1.2205
-0.164931 1.22
-0.169486 1.2195
-0.174019 1.219
-0.178606 1.2185
-0.183108 1.218
-0.187652 1.2175
-0.192223 1.217
-0.196854 1.2165
-0.201435 1.216
-0.206032 1.2155
-0.210565 1.215
-0.215097 1.2145
-0.219677 1.214
-0.224238 1.2135
-0.228782 1.213
-0.233343 1.2125
-0.237903 1.212
-0.242449 1.2115
-0.247012 1.211
-0.251592 1.2105
-0.256109 1.21
-0.26063 1.2095
-0.265161 1.209
-0.269723 1.2085
-0.274259 1.208
-0.278857 1.2075
-0.283461 1.207
-0.287982 1.2065
-0.292554 1.206
-0.297102 1.2055
-0.301652 1.205
-0.306196 1.2045
-0.310731 1.204
-0.31528 1.2035
-0.319842 1.203
-0.324447 1.2025
-0.329027 1.202
-0.333562 1.2015
-0.338126 1.201
-0.342664 1.2005
-0.347227 1.2
-0.351813 1.1995
-0.356344 1.199
-0.360903 1.1985
-0.365497 1.198
-0.370038 1.1975
-0.374567 1.197
-0.379152 1.1965
-0.383768 1.196
-0.388291 1.1955
-0.392791 1.195
-0.397374 1.1945
-0.401885 1.194
-0.406403 1.1935
-0.410975 1.193
-0.415514 1.1925
-0.420107 1.192
-0.424669 1.1915
-0.429197 1.191
-0.433689 1.1905
-0.438226 1.19
-0.442716 1.1895
-0.447241 1.189
-0.451847 1.1885
-0.456343 1.188
-0.460902 1.1875
-0.465403 1.187
-0.469933 1.1865
-0.474441 1.186
-0.47898 1.1855
-0.483484 1.185
-0.48805 1.1845
-0.49255 1.184
-0.49713 1.1835
-0.501672 1.183
-0.506224 1.1825
-0.51081 1.182
-0.515284 1.1815
-0.519796 1.181
-0.524404 1.1805
-0.52893 1.18
-0.533452 1.1795
-0.537962 1.179
-0.542509 1.1785
-0.547052 1.178
-0.551639 1.1775
-0.556187 1.177
-0.560705 1.1765
-0.56522 1.176
-0.569716 1.1755
-0.574193 1.175
-0.57871 1.1745
-0.583218 1.174
-0.587739 1.1735
-0.592254 1.173
-0.596772 1.1725
-0.60125 1.172
-0.605738 1.1715
-0.610251 1.171
-0.614789 1.1705
-0.619401 1.17
-0.623938 1.1695
-0.628433 1.169
-0.632921 1.1685
-0.63743 1.168
-0.641976 1.1675
-0.646543 1.167
-0.651049 1.1665
-0.655511 1.166
-0.660007 1.1655
-0.664514 1.165
-0.669005 1.1645
-0.673505 1.164
-0.678032 1.1635
-0.68254 1.163
-0.687063 1.1625
-0.691575 1.162
-0.696092 1.1615
-0.700637 1.161
-0.7051 1.1605
-0.709641 1.16
-0.714122 1.1595
-0.718623 1.159
-0.72314 1.1585
-0.727653 1.158
-0.732192 1.1575
-0.736686 1.157
-0.74124 1.1565
-0.745735 1.156
-0.750224 1.1555
-0.754718 1.155
-0.759223 1.1545
-0.763751 1.154
-0.768232 1.1535
-0.772784 1.153
-0.777289 1.1525
-0.781774 1.152
-0.786292 1.1515
-0.790748 1.151
-0.795277 1.1505
-0.799789 1.15
-0.804284 1.1495
-0.808779 1.149
-0.813351 1.1485
-0.817862 1.148
-0.822338 1.1475
-0.826846 1.147
-0.831328 1.1465
-0.835831 1.146
-0.840345 1.1455
-0.844871 1.145
-0.849391 1.1445
-0.853909 1.144
-0.85841 1.1435
-0.862941 1.143
-0.867431 1.1425
-0.871923 1.142
-0.876424 1.1415
-0.880924 1.141
-0.885417 1.1405
-0.889914 1.14
-0.894413 1.1395
-0.898931 1.139
-0.903434 1.1385
-0.907962 1.138
-0.912444 1.1375
-0.91696 1.137
-0.92151 1.1365
-0.926087 1.136
-0.930576 1.1355
-0.935049 1.135
-0.939543 1.1345
-0.944079 1.134
-0.94855 1.1335
-0.953031 1.133
-0.957545 1.1325
-0.962042 1.132
-0.966544 1.1315
-0.971018 1.131
-0.975545 1.1305
-0.980134 1.13
-0.984622 1.1295
-0.989138 1.129
-0.993625 1.1285
-0.998141 1.128
-1.0027 1.1275
-1.00715 1.127
-1.01167 1.1265
-1.01614 1.126
-1.02066 1.1255
-1.02517 1.125
-1.02965 1.1245
-1.03413 1.124
-1.03867 1.1235
-1.04311 1.123
-1.04764 1.1225
-1.05218 1.122
-1.05667 1.1215
-1.06115 1.121
-1.06565 1.1205
-1.07015 1.12
-1.07465 1.1195
-1.07916 1.119
-1.08366 1.1185
-1.0882 1.118
-1.09272 1.1175
-1.09718 1.117
-1.10168 1.1165
-1.10622 1.116
-1.11067 1.1155
-1.11514 1.115
-1.11963 1.1145
-1.12412 1.114
-1.12861 1.1135
-1.13312 1.113
-1.1376 1.1125
-1.14212 1.112
-1.1466 1.1115
-1.1511 1.111
-1.15565 1.1105
-1.16014 1.11
-1.16466 1.1095
-1.16912 1.109
-1.17358 1.1085
-1.17806 1.108
-1.18258 1.1075
-1.18709 1.107
-1.19157 1.1065
-1.19604 1.106
-1.2005 1.1055
-1.20497 1.105
-1.20947 1.1045
-1.21395 1.104
-1.21845 1.1035
-1.22294 1.103
-1.22742 1.1025
-1.23189 1.102
-1.23641 1.1015
-1.24093 1.101
-1.24545 1.1005
-1.24995 1.1
-1.25441 1.0995
-1.25889 1.099
-1.26334 1.0985
-1.2678 1.098
-1.27233 1.0975
-1.27681 1.097
-1.28132 1.0965
-1.28582 1.096
-1.29035 1.0955
-1.29484 1.095
-1.29929 1.0945
-1.30376 1.094
-1.30823 1.0935
-1.31271 1.093
-1.31722 1.0925
-1.32169 1.092
-1.32616 1.0915
-1.33065 1.091
-1.33511 1.0905
-1.3396 1.09
-1.34408 1.0895
-1.34856 1.089
-1.35302 1.0885
-1.35752 1.088
-1.36199 1.0875
-1.36648 1.087
-1.37095 1.0865
-1.37545 1.086
-1.37995 1.0855
-1.38444 1.085
-1.38896 1.0845
-1.39342 1.084
-1.39791 1.0835
-1.40239 1.083
-1.40687 1.0825
-1.41134 1.082
-1.41578 1.0815
-1.42029 1.081
-1.42473 1.0805
-1.42921 1.08
-1.43372 1.0795
-1.43822 1.079
-1.44271 1.0785
-1.44716 1.078
-1.45163 1.0775
-1.45613 1.077
-1.46061 1.0765
-1.46507 1.076
-1.46956 1.0755
-1.47409 1.075
-1.47857 1.0745
-1.48303 1.074
-1.48753 1.0735
-1.49197 1.073
-1.49642 1.0725
-1.50091 1.072
-1.5054 1.0715
-1.50985 1.071
-1.51435 1.0705
-1.51881 1.07
-1.52329 1.0695
-1.52778 1.069
-1.53229 1.0685
-1.5368 1.068
-1.54133 1.0675
-1.54579 1.067
-1.55026 1.0665
-1.55474 1.066
-1.55923 1.0655
-1.56371 1.065
-1.5682 1.0645
-1.57268 1.064
-1.57717 1.0635
-1.58164 1.063
-1.58612 1.0625
-1.59057 1.062
-1.59504 1.0615
-1.59951 1.061
-1.604 1.0605
-1.60848 1.06
-1.61295 1.0595
-1.61742 1.059
-1.62188 1.0585
-1.62639 1.058
-1.63085 1.0575
-1.63535 1.057
-1.63983 1.0565
-1.64431 1.056
-1.64878 1.0555
-1.65328 1.055
-1.65779 1.0545
-1.66225 1.054
-1.66671 1.0535
-1.67118 1.053
-1.67564 1.0525
-1.6801 1.052
-1.6846 1.0515
-1.68909 1.051
-1.69358 1.0505
-1.69808 1.05
-1.70257 1.0495
-1.70703 1.049
-1.71151 1.0485
-1.71598 1.048
-1.72044 1.0475
-1.72491 1.047
-1.72941 1.0465
-1.7339 1.046
-1.73837 1.0455
-1.74284 1.045
-1.7473 1.0445
-1.75175 1.044
-1.75624 1.0435
-1.76074 1.043
-1.76521 1.0425
-1.76968 1.042
-1.77414 1.0415
-1.77861 1.041
-1.78309 1.0405
-1.78754 1.04
-1.79203 1.0395
-1.79651 1.039
-1.801 1.0385
-1.80548 1.038
-1.80993 1.0375
-1.81441 1.037
-1.81889 1.0365
-1.82336 1.036
-1.82783 1.0355
-1.83231 1.035
-1.83677 1.0345
-1.84126 1.034
-1.84571 1.0335
-1.85016 1.033
-1.85462 1.0325
-1.85906 1.032
-1.86354 1.0315
-1.86801 1.031
-1.87247 1.0305
-1.87691 1.03
-1.88137 1.0295
-1.88582 1.029
-1.89029 1.0285
-1.89476 1.028
-1.89921 1.0275
-1.90373 1.027
-1.90821 1.0265
-1.9127 1.026
-1.91717 1.0255
-1.92164 1.025
-1.92613 1.0245
-1.93059 1.024
-1.93507 1.0235
-1.93953 1.023
-1.94399 1.0225
-1.94847 1.022
-1.95294 1.0215
-1.95741 1.021
-1.96187 1.0205
-1.96632 1.02
-1.97078 1.0195
-1.97524 1.019
-1.97969 1.0185
-1.98416 1.018
-1.98863 1.0175
-1.99308 1.017
-1.99754 1.0165
-2.002 1.016
-2.00648 1.0155
-2.01094 1.015
-2.01542 1.0145
-2.01988 1.014
-2.02432 1.0135
-2.02879 1.013
-2.03323 1.0125
-2.03767 1.012
-2.04212 1.0115
-2.04657 1.011
-2.05104 1.0105
-2.05549 1.01
-2.05995 1.0095
-2.06444 1.009
-2.0689 1.0085
-2.07336 1.008
-2.0778 1.0075
-2.08227 1.007
-2.08672 1.0065
-2.09119 1.006
-2.09566 1.0055
-2.10011 1.005
-2.10458 1.0045
-2.10903 1.004
-2.11353 1.0035
-2.11801 1.003
-2.12246 1.0025
-2.12689 1.002
-2.13136 1.0015
-2.13584 1.001
-2.1403 1.0005
-2.14474 1
