Man
0 0
0.00250938 0.001
-0.0010445 0.002
-0.00233759 0.003
-0.00239643 0.004
-0.0103208 0.005
-0.0128384 0.006
-0.0134652 0.007
-0.0168184 0.008
-0.0197654 0.009
-0.0260066 0.01
-0.0286842 0.011
-0.0317446 0.012
-0.0361748 0.013
-0.0394565 0.014
-0.0449983 0.015
-0.0485834 0.016
-0.0510316 0.017
-0.0582968 0.018
-0.0618971 0.019
-0.0603744 0.02
-0.0657063 0.021
-0.0680728 0.022
-0.0672988 0.023
-0.0693253 0.024
-0.0687174 0.025
-0.0712333 0.026
-0.0744051 0.027
-0.0738411 0.028
-0.0788861 0.029
-0.0817156 0.03
-0.0845784 0.031
-0.0865863 0.032
-0.0911915 0.033
-0.0980333 0.034
-0.102916 0.035
-0.103885 0.036
-0.108046 0.037
-0.106883 0.038
-0.109896 0.039
-0.112389 0.04
-0.112105 0.041
-0.113919 0.042
-0.117744 0.043
-0.117663 0.044
-0.122427 0.045
-0.128346 0.046
-0.126669 0.047
-0.131101 0.048
-0.134128 0.049
-0.134322 0.05
-0.136078 0.051
-0.140572 0.052
-0.141009 0.053
-0.141477 0.054
-0.146261 0.055
-0.1506 0.056
-0.154231 0.057
-0.157414 0.058
-0.158315 0.059
-0.162526 0.06
-0.165358 0.061
-0.168435 0.062
-0.172273 0.063
-0.174945 0.064
-0.180939 0.065
-0.182582 0.066
-0.18734 0.067
-0.191773 0.068
-0.19676 0.069
-0.200995 0.07
-0.202482 0.071
-0.205195 0.072
-0.203575 0.073
-0.204024 0.074
-0.205663 0.075
-0.20885 0.076
-0.211571 0.077
-0.21042 0.078
-0.213664 0.079
-0.215208 0.08
-0.215905 0.081
-0.217086 0.082
-0.218549 0.083
-0.220337 0.084
-0.220541 0.085
-0.22745 0.086
-0.229273 0.087
-0.230855 0.088
-0.233183 0.089
-0.232662 0.09
-0.235376 0.091
-0.24087 0.092
-0.247219 0.093
-0.250834 0.094
-0.2526 0.095
-0.258911 0.096
-0.262268 0.097
-0.265869 0.098
-0.268759 0.099
-0.27078 0.1
-0.273067 0.101
-0.278791 0.102
-0.279331 0.103
-0.281746 0.104
-0.284129 0.105
-0.286379 0.106
-0.28721 0.107
-0.288751 0.108
-0.290633 0.109
-0.294919 0.11
-0.297467 0.111
-0.297692 0.112
-0.299016 0.113
-0.302076 0.114
-0.300295 0.115
-0.303713 0.116
-0.3061 0.117
-0.306357 0.118
-0.306683 0.119
-0.310065 0.12
-0.310544 0.121
-0.314013 0.122
-0.316386 0.123
-0.317482 0.124
-0.31929 0.125
-0.323538 0.126
-0.324427 0.127
-0.327227 0.128
-0.330048 0.129
-0.330862 0.13
-0.331398 0.131
-0.331687 0.132
-0.333989 0.133
-0.338343 0.134
-0.338275 0.135
-0.340056 0.136
-0.343024 0.137
-0.344586 0.138
-0.347316 0.139
-0.348776 0.14
-0.350057 0.141
-0.351323 0.142
-0.355606 0.143
-0.3569 0.144
-0.359395 0.145
-0.359956 0.146
-0.363397 0.147
-0.367016 0.148
-0.370398 0.149
-0.371766 0.15
-0.373568 0.151
-0.376114 0.152
-0.378117 0.153
-0.378979 0.154
-0.379238 0.155
-0.380548 0.156
-0.380098 0.157
-0.379898 0.158
-0.380618 0.159
-0.382065 0.16
-0.383422 0.161
-0.384738 0.162
-0.386199 0.163
-0.388328 0.164
-0.389121 0.165
-0.390087 0.166
-0.392323 0.167
-0.392411 0.168
-0.393313 0.169
-0.395361 0.17
-0.398173 0.171
-0.399372 0.172
-0.400455 0.173
-0.403045 0.174
-0.404748 0.175
-0.405383 0.176
-0.40792 0.177
-0.408472 0.178
-0.409954 0.179
-0.410512 0.18
-0.410633 0.181
-0.411402 0.182
-0.412546 0.183
-0.41425 0.184
-0.416187 0.185
-0.417465 0.186
-0.419062 0.187
-0.419199 0.188
-0.420367 0.189
-0.421404 0.19
-0.423065 0.191
-0.423464 0.192
-0.423107 0.193
-0.423691 0.194
-0.424353 0.195
-0.42517 0.196
-0.426028 0.197
-0.426491 0.198
-0.427831 0.199
-0.428539 0.2
-0.428722 0.201
-0.429145 0.202
-0.430155 0.203
-0.430837 0.204
-0.43225 0.205
-0.433739 0.206
-0.434765 0.207
-0.43483 0.208
-0.435932 0.209
-0.436661 0.21
-0.437492 0.211
-0.43797 0.212
-0.439035 0.213
-0.44013 0.214
-0.44058 0.215
-0.441253 0.216
-0.441697 0.217
-0.442523 0.218
-0.442981 0.219
-0.444153 0.22
-0.445121 0.221
-0.445867 0.222
-0.44646 0.223
-0.446701 0.224
-0.447474 0.225
-0.448007 0.226
-0.448544 0.227
-0.448875 0.228
-0.446998 0.229
-0.447144 0.23
-0.447923 0.231
-0.448585 0.232
-0.449214 0.233
-0.448509 0.234
-0.448696 0.235
-0.449068 0.236
-0.449721 0.237
-0.449896 0.238
-0.45021 0.239
-0.45082 0.24
-0.449319 0.241
-0.449609 0.242
-0.45005 0.243
-0.45057 0.244
-0.451228 0.245
-0.45178 0.246
-0.45252 0.247
-0.452816 0.248
-0.453487 0.249
-0.453913 0.25
-0.454612 0.251
-0.453879 0.252
-0.454395 0.253
-0.45486 0.254
-0.455008 0.255
-0.455354 0.256
-0.455808 0.257
-0.455946 0.258
-0.456226 0.259
-0.456656 0.26
-0.457216 0.261
-0.458166 0.262
-0.458565 0.263
-0.459091 0.264
-0.459448 0.265
-0.460238 0.266
-0.460821 0.267
-0.460091 0.268
-0.460992 0.269
-0.461305 0.27
-0.461785 0.271
-0.462372 0.272
-0.462688 0.273
-0.462945 0.274
-0.46313 0.275
-0.463774 0.276
-0.463855 0.277
-0.464355 0.278
-0.464683 0.279
-0.464852 0.28
-0.464848 0.281
-0.464893 0.282
-0.465266 0.283
-0.465754 0.284
-0.466047 0.285
-0.466393 0.286
-0.466854 0.287
-0.467169 0.288
-0.467395 0.289
-0.467703 0.29
-0.467866 0.291
-0.4679 0.292
-0.467755 0.293
-0.468341 0.294
-0.468314 0.295
-0.468232 0.296
-0.4685 0.297
-0.468916 0.298
-0.469224 0.299
-0.46955 0.3
-0.469875 0.301
-0.469017 0.302
-0.469268 0.303
-0.469785 0.304
-0.469935 0.305
-0.470344 0.306
-0.470598 0.307
-0.47068 0.308
-0.470979 0.309
-0.471277 0.31
-0.470952 0.311
-0.471274 0.312
-0.471875 0.313
-0.472378 0.314
-0.472567 0.315
-0.472796 0.316
-0.473028 0.317
-0.473562 0.318
-0.473694 0.319
-0.474014 0.32
-0.474415 0.321
-0.474604 0.322
-0.474762 0.323
-0.474848 0.324
-0.475192 0.325
-0.475474 0.326
-0.475458 0.327
-0.475757 0.328
-0.475741 0.329
-0.475645 0.33
-0.475796 0.331
-0.476022 0.332
-0.476113 0.333
-0.476329 0.334
-0.476722 0.335
-0.47682 0.336
-0.477082 0.337
-0.477349 0.338
-0.477367 0.339
-0.477549 0.34
-0.477788 0.341
-0.477954 0.342
-0.478102 0.343
-0.478274 0.344
-0.478502 0.345
-0.478499 0.346
-0.478548 0.347
-0.478757 0.348
-0.476931 0.349
-0.477072 0.35
-0.477539 0.351
-0.477473 0.352
-0.477695 0.353
-0.477884 0.354
-0.478193 0.355
-0.478407 0.356
-0.478745 0.357
-0.475874 0.358
-0.475747 0.359
-0.475933 0.36
-0.476141 0.361
-0.47638 0.362
-0.476647 0.363
-0.476835 0.364
-0.476794 0.365
-0.476855 0.366
-0.476952 0.367
-0.4773 0.368
-0.477482 0.369
-0.477471 0.37
-0.477393 0.371
-0.477408 0.372
-0.477592 0.373
-0.47756 0.374
-0.47775 0.375
-0.477894 0.376
-0.477971 0.377
-0.478121 0.378
-0.478335 0.379
-0.478222 0.38
-0.478468 0.381
-0.478581 0.382
-0.478687 0.383
-0.478979 0.384
-0.47919 0.385
-0.479341 0.386
-0.479654 0.387
-0.480051 0.388
-0.480183 0.389
-0.480383 0.39
-0.480471 0.391
-0.480565 0.392
-0.480314 0.393
-0.480614 0.394
-0.480871 0.395
-0.480936 0.396
-0.481147 0.397
-0.481214 0.398
-0.481297 0.399
-0.481349 0.4
-0.481395 0.401
-0.481657 0.402
-0.481747 0.403
-0.481797 0.404
-0.48148 0.405
-0.481503 0.406
-0.481705 0.407
-0.48138 0.408
-0.481506 0.409
-0.481632 0.41
-0.481714 0.411
-0.482007 0.412
-0.482112 0.413
-0.481563 0.414
-0.481454 0.415
-0.481466 0.416
-0.481658 0.417
-0.481669 0.418
-0.481683 0.419
-0.481896 0.42
-0.481932 0.421
-0.482066 0.422
-0.482192 0.423
-0.48221 0.424
-0.482233 0.425
-0.482358 0.426
-0.482635 0.427
-0.482684 0.428
-0.482801 0.429
-0.482813 0.43
-0.483005 0.431
-0.483143 0.432
-0.483339 0.433
-0.48345 0.434
-0.483637 0.435
-0.483745 0.436
-0.483933 0.437
-0.484028 0.438
-0.484123 0.439
-0.484246 0.44
-0.484202 0.441
-0.484289 0.442
-0.484198 0.443
-0.484205 0.444
-0.484265 0.445
-0.484455 0.446
-0.484609 0.447
-0.484611 0.448
-0.48466 0.449
-0.484699 0.45
-0.484823 0.451
-0.484751 0.452
-0.484784 0.453
-0.484725 0.454
-0.48474 0.455
-0.484937 0.456
-0.484895 0.457
-0.484898 0.458
-0.485121 0.459
-0.48512 0.46
-0.485287 0.461
-0.485445 0.462
-0.485619 0.463
-0.485813 0.464
-0.486053 0.465
-0.486111 0.466
-0.486194 0.467
-0.4863 0.468
-0.486504 0.469
-0.486716 0.47
-0.486886 0.471
-0.486872 0.472
-0.486947 0.473
-0.487026 0.474
-0.487077 0.475
-0.487166 0.476
-0.486809 0.477
-0.487018 0.478
-0.487017 0.479
-0.487215 0.48
-0.487166 0.481
-0.487448 0.482
-0.487499 0.483
-0.487659 0.484
-0.487536 0.485
-0.487846 0.486
-0.487908 0.487
-0.488156 0.488
-0.488357 0.489
-0.488346 0.49
-0.488481 0.491
-0.488554 0.492
-0.488391 0.493
-0.48861 0.494
-0.488737 0.495
-0.488884 0.496
-0.488778 0.497
-0.489043 0.498
-0.489029 0.499
-0.489256 0.5
-0.489229 0.501
-0.489142 0.502
-0.489077 0.503
-0.489163 0.504
-0.489186 0.505
-0.488503 0.506
-0.488681 0.507
-0.488743 0.508
-0.488966 0.509
-0.48902 0.51
-0.489095 0.511
-0.48912 0.512
-0.489103 0.513
-0.489242 0.514
-0.48921 0.515
-0.48933 0.516
-0.489522 0.517
-0.489659 0.518
-0.489653 0.519
-0.489813 0.52
-0.490099 0.521
-0.490062 0.522
-0.489981 0.523
-0.489892 0.524
-0.490027 0.525
-0.490081 0.526
-0.489941 0.527
-0.48989 0.528
-0.490072 0.529
-0.49008 0.53
-0.490248 0.531
-0.49022 0.532
-0.489054 0.533
-0.489244 0.534
-0.489273 0.535
-0.489239 0.536
-0.489353 0.537
-0.489345 0.538
-0.489369 0.539
-0.489374 0.54
-0.489583 0.541
-0.489633 0.542
-0.489732 0.543
-0.489926 0.544
-0.489773 0.545
-0.489769 0.546
-0.489684 0.547
-0.48969 0.548
-0.489853 0.549
-0.489886 0.55
-0.489977 0.551
-0.490029 0.552
-0.490171 0.553
-0.490163 0.554
-0.490131 0.555
-0.49022 0.556
-0.489441 0.557
-0.489576 0.558
-0.489672 0.559
-0.489881 0.56
-0.489801 0.561
-0.489922 0.562
-0.489978 0.563
-0.490021 0.564
-0.490025 0.565
-0.490077 0.566
-0.490149 0.567
-0.490194 0.568
-0.49017 0.569
-0.490206 0.57
-0.490287 0.571
-0.490306 0.572
-0.490483 0.573
-0.490609 0.574
-0.490817 0.575
-0.490753 0.576
-0.490821 0.577
-0.490777 0.578
-0.490702 0.579
-0.490332 0.58
-0.490203 0.581
-0.490123 0.582
-0.490146 0.583
-0.490206 0.584
-0.490206 0.585
-0.490313 0.586
-0.490322 0.587
-0.490272 0.588
-0.490305 0.589
-0.490353 0.59
-0.49038 0.591
-0.490316 0.592
-0.490324 0.593
-0.490442 0.594
-0.490349 0.595
-0.490154 0.596
-0.490294 0.597
-0.490268 0.598
-0.490279 0.599
-0.49034 0.6
-0.490326 0.601
-0.490372 0.602
-0.490359 0.603
-0.490348 0.604
-0.490319 0.605
-0.490336 0.606
-0.490417 0.607
-0.490526 0.608
-0.490722 0.609
-0.49069 0.61
-0.490796 0.611
-0.490766 0.612
-0.490813 0.613
-0.490931 0.614
-0.491018 0.615
-0.491112 0.616
-0.491086 0.617
-0.491174 0.618
-0.491175 0.619
-0.491247 0.62
-0.491239 0.621
-0.491441 0.622
-0.491375 0.623
-0.491359 0.624
-0.491412 0.625
-0.491575 0.626
-0.491588 0.627
-0.49161 0.628
-0.49171 0.629
-0.491765 0.63
-0.491902 0.631
-0.491891 0.632
-0.491947 0.633
-0.492118 0.634
-0.492118 0.635
-0.492163 0.636
-0.492203 0.637
-0.492262 0.638
-0.492318 0.639
-0.492394 0.64
-0.492441 0.641
-0.492417 0.642
-0.492596 0.643
-0.492278 0.644
-0.492304 0.645
-0.492394 0.646
-0.492566 0.647
-0.492753 0.648
-0.492895 0.649
-0.492925 0.65
-0.492845 0.651
-0.492742 0.652
-0.492844 0.653
-0.492166 0.654
-0.492261 0.655
-0.492349 0.656
-0.492379 0.657
-0.492421 0.658
-0.492457 0.659
-0.492502 0.66
-0.492596 0.661
-0.492579 0.662
-0.491925 0.663
-0.491899 0.664
-0.492014 0.665
-0.492006 0.666
-0.49192 0.667
-0.491971 0.668
-0.49192 0.669
-0.491917 0.67
-0.492033 0.671
-0.491969 0.672
-0.492024 0.673
-0.492108 0.674
-0.492018 0.675
-0.492165 0.676
-0.492273 0.677
-0.49232 0.678
-0.492492 0.679
-0.492483 0.68
-0.492547 0.681
-0.492554 0.682
-0.49259 0.683
-0.492638 0.684
-0.492693 0.685
-0.492831 0.686
-0.492809 0.687
-0.492781 0.688
-0.492808 0.689
-0.492926 0.69
-0.492969 0.691
-0.492906 0.692
-0.493009 0.693
-0.492973 0.694
-0.492927 0.695
-0.492993 0.696
-0.492975 0.697
-0.492954 0.698
-0.492927 0.699
-0.493019 0.7
-0.493099 0.701
-0.49308 0.702
-0.493067 0.703
-0.49305 0.704
-0.49316 0.705
-0.493074 0.706
-0.493134 0.707
-0.49319 0.708
-0.493305 0.709
-0.493292 0.71
-0.493296 0.711
-0.493317 0.712
-0.493265 0.713
-0.493393 0.714
-0.493431 0.715
-0.493475 0.716
-0.493473 0.717
-0.493467 0.718
-0.493563 0.719
-0.493622 0.72
-0.49365 0.721
-0.493665 0.722
-0.493702 0.723
-0.493736 0.724
-0.493174 0.725
-0.493206 0.726
-0.493181 0.727
-0.493225 0.728
-0.493202 0.729
-0.493198 0.73
-0.493372 0.731
-0.493306 0.732
-0.493333 0.733
-0.493392 0.734
-0.493437 0.735
-0.493557 0.736
-0.493508 0.737
-0.493519 0.738
-0.493527 0.739
-0.493549 0.74
-0.49347 0.741
-0.493484 0.742
-0.493107 0.743
-0.493153 0.744
-0.49322 0.745
-0.493167 0.746
-0.493266 0.747
-0.493316 0.748
-0.493292 0.749
-0.493294 0.75
-0.493435 0.751
-0.493328 0.752
-0.493468 0.753
-0.493452 0.754
-0.493556 0.755
-0.493498 0.756
-0.493571 0.757
-0.493546 0.758
-0.493553 0.759
-0.493475 0.76
-0.493365 0.761
-0.493334 0.762
-0.493368 0.763
-0.493392 0.764
-0.49343 0.765
-0.493429 0.766
-0.493508 0.767
-0.493455 0.768
-0.493436 0.769
-0.493458 0.77
-0.493527 0.771
-0.49358 0.772
-0.493627 0.773
-0.493664 0.774
-0.49374 0.775
-0.493813 0.776
-0.493822 0.777
-0.49396 0.778
-0.493911 0.779
-0.493927 0.78
-0.493992 0.781
-0.493992 0.782
-0.494021 0.783
-0.494032 0.784
-0.494128 0.785
-0.494034 0.786
-0.494189 0.787
-0.494361 0.788
-0.494306 0.789
-0.494354 0.79
-0.494475 0.791
-0.494518 0.792
-0.494577 0.793
-0.494505 0.794
-0.493741 0.795
-0.493742 0.796
-0.49379 0.797
-0.493712 0.798
-0.493863 0.799
-0.493854 0.8
-0.493994 0.801
-0.494063 0.802
-0.49412 0.803
-0.494073 0.804
-0.493926 0.805
-0.493939 0.806
-0.493975 0.807
-0.493995 0.808
-0.494032 0.809
-0.494106 0.81
-0.494106 0.811
-0.49416 0.812
-0.494322 0.813
-0.494355 0.814
-0.494366 0.815
-0.494388 0.816
-0.494435 0.817
-0.494483 0.818
-0.494549 0.819
-0.494659 0.82
-0.49469 0.821
-0.494671 0.822
-0.494723 0.823
-0.494782 0.824
-0.494752 0.825
-0.494785 0.826
-0.494946 0.827
-0.494978 0.828
-0.495043 0.829
-0.494952 0.83
-0.495042 0.831
-0.495143 0.832
-0.495209 0.833
-0.494843 0.834
-0.49485 0.835
-0.494712 0.836
-0.494758 0.837
-0.494742 0.838
-0.494692 0.839
-0.494683 0.84
-0.494719 0.841
-0.494735 0.842
-0.494776 0.843
-0.494798 0.844
-0.494783 0.845
-0.494866 0.846
-0.494968 0.847
-0.494999 0.848
-0.495022 0.849
-0.494873 0.85
-0.49491 0.851
-0.494808 0.852
-0.49479 0.853
-0.49481 0.854
-0.494804 0.855
-0.494804 0.856
-0.4948 0.857
-0.494779 0.858
-0.494818 0.859
-0.494825 0.86
-0.494767 0.861
-0.494696 0.862
-0.494737 0.863
-0.494775 0.864
-0.494764 0.865
-0.494788 0.866
-0.494816 0.867
-0.494825 0.868
-0.494877 0.869
-0.494928 0.87
-0.494902 0.871
-0.495038 0.872
-0.495134 0.873
-0.495151 0.874
-0.495193 0.875
-0.495263 0.876
-0.495298 0.877
-0.495433 0.878
-0.49544 0.879
-0.495536 0.88
-0.495631 0.881
-0.495703 0.882
-0.495746 0.883
-0.495802 0.884
-0.494978 0.885
-0.49498 0.886
-0.494935 0.887
-0.494918 0.888
-0.494913 0.889
-0.494915 0.89
-0.494941 0.891
-0.495007 0.892
-0.495076 0.893
-0.495181 0.894
-0.495202 0.895
-0.49528 0.896
-0.495326 0.897
-0.4953 0.898
-0.495247 0.899
-0.495222 0.9
-0.495264 0.901
-0.494513 0.902
-0.493691 0.903
-0.493679 0.904
-0.493708 0.905
-0.493711 0.906
-0.493692 0.907
-0.493758 0.908
-0.493864 0.909
-0.493861 0.91
-0.493877 0.911
-0.49387 0.912
-0.493879 0.913
-0.493915 0.914
-0.493904 0.915
-0.493894 0.916
-0.493958 0.917
-0.493985 0.918
-0.494016 0.919
-0.494045 0.92
-0.49402 0.921
-0.494012 0.922
-0.494004 0.923
-0.494024 0.924
-0.494053 0.925
-0.494036 0.926
-0.494114 0.927
-0.49408 0.928
-0.49419 0.929
-0.494177 0.93
-0.494231 0.931
-0.494283 0.932
-0.494303 0.933
-0.49434 0.934
-0.494322 0.935
-0.494408 0.936
-0.494495 0.937
-0.494551 0.938
-0.494513 0.939
-0.494478 0.94
-0.494524 0.941
-0.494625 0.942
-0.494601 0.943
-0.494638 0.944
-0.494596 0.945
-0.494556 0.946
-0.494571 0.947
-0.494532 0.948
-0.494564 0.949
-0.494626 0.95
-0.494626 0.951
-0.494694 0.952
-0.494712 0.953
-0.494681 0.954
-0.494778 0.955
-0.494827 0.956
-0.494864 0.957
-0.494818 0.958
-0.49479 0.959
-0.494799 0.96
-0.494735 0.961
-0.494814 0.962
-0.494843 0.963
-0.494999 0.964
-0.494993 0.965
-0.495031 0.966
-0.49505 0.967
-0.495069 0.968
-0.495085 0.969
-0.49511 0.97
-0.495131 0.971
-0.495176 0.972
-0.495222 0.973
-0.495178 0.974
-0.4952 0.975
-0.495195 0.976
-0.495173 0.977
-0.495276 0.978
-0.49525 0.979
-0.49533 0.98
-0.495331 0.981
-0.495366 0.982
-0.495341 0.983
-0.495331 0.984
-0.495306 0.985
-0.495309 0.986
-0.494694 0.987
-0.494727 0.988
-0.494786 0.989
-0.494862 0.99
-0.494895 0.991
-0.494935 0.992
-0.494995 0.993
-0.494987 0.994
-0.495062 0.995
-0.495025 0.996
-0.495091 0.997
-0.49505 0.998
-0.494984 0.999
-0.495013 1


Shark
3.14159 1.5
3.13799 1.4995
3.13439 1.499
3.13079 1.4985
3.12719 1.498
3.12359 1.4975
3.11999 1.497
3.11639 1.4965
3.11279 1.496
3.10919 1.4955
3.10558 1.495
3.10198 1.4945
3.09838 1.494
3.09477 1.4935
3.09117 1.493
3.08756 1.4925
3.08395 1.492
3.08035 1.4915
3.07672 1.491
3.07311 1.4905
3.06951 1.49
3.06589 1.4895
3.06228 1.489
3.05868 1.4885
3.05508 1.488
3.05148 1.4875
3.04787 1.487
3.04426 1.4865
3.04066 1.486
3.03702 1.4855
3.03341 1.485
3.0298 1.4845
3.02619 1.484
3.02255 1.4835
3.01885 1.483
3.0152 1.4825
3.0116 1.482
3.00796 1.4815
3.00436 1.481
3.00073 1.4805
2.99712 1.48
2.99352 1.4795
2.98991 1.479
2.98626 1.4785
2.98266 1.478
2.97898 1.4775
2.97525 1.477
2.97164 1.4765
2.96796 1.476
2.96432 1.4755
2.96072 1.475
2.95711 1.4745
2.95341 1.474
2.94981 1.4735
2.94621 1.473
2.94249 1.4725
2.93879 1.472
2.93511 1.4715
2.93145 1.471
2.92785 1.4705
2.92414 1.47
2.92048 1.4695
2.91682 1.469
2.91312 1.4685
2.90947 1.468
2.90561 1.4675
2.90199 1.467
2.89821 1.4665
2.89445 1.466
2.89065 1.4655
2.88689 1.465
2.88327 1.4645
2.87961 1.464
2.87598 1.4635
2.87238 1.463
2.86875 1.4625
2.86505 1.462
2.86137 1.4615
2.85776 1.461
2.85405 1.4605
2.85042 1.46
2.84681 1.4595
2.8432 1.459
2.83957 1.4585
2.83593 1.458
2.83233 1.4575
2.82815 1.457
2.8245 1.4565
2.82087 1.456
2.81719 1.4555
2.81359 1.455
2.80988 1.4545
2.80585 1.454
2.80168 1.4535
2.79788 1.453
2.79423 1.4525
2.79003 1.452
2.78624 1.4515
2.78243 1.451
2.77868 1.4505
2.77501 1.45
2.77132 1.4495
2.76715 1.449
2.76355 1.4485
2.75984 1.448
2.75613 1.4475
2.75243 1.447
2.74881 1.4465
2.74516 1.446
2.74149 1.4455
2.73751 1.445
2.73377 1.4445
2.73017 1.444
2.72653 1.4435
2.72272 1.443
2.71905 1.4425
2.71518 1.442
2.71144 1.4415
2.70784 1.441
2.70424 1.4405
2.70035 1.44
2.69675 1.4395
2.69284 1.439
2.68909 1.4385
2.68546 1.438
2.68177 1.4375
2.67769 1.437
2.67407 1.4365
2.67024 1.436
2.66641 1.4355
2.66279 1.435
2.65919 1.4345
2.65558 1.434
2.65182 1.4335
2.64766 1.433
2.64406 1.4325
2.64035 1.432
2.63647 1.4315
2.63279 1.431
2.62894 1.4305
2.62526 1.43
2.62161 1.4295
2.61795 1.429
2.61373 1.4285
2.61007 1.428
2.60624 1.4275
2.60263 1.427
2.5986 1.4265
2.59452 1.426
2.59049 1.4255
2.58681 1.425
2.58308 1.4245
2.57923 1.424
2.57546 1.4235
2.57183 1.423
2.56823 1.4225
2.56455 1.422
2.56094 1.4215
2.55734 1.421
2.55372 1.4205
2.55002 1.42
2.54634 1.4195
2.54266 1.419
2.53896 1.4185
2.53515 1.418
2.53152 1.4175
2.52787 1.417
2.52403 1.4165
2.52043 1.416
2.51679 1.4155
2.51298 1.415
2.50899 1.4145
2.50531 1.414
2.50165 1.4135
2.4977 1.413
2.49395 1.4125
2.49032 1.412
2.48638 1.4115
2.48276 1.411
2.47904 1.4105
2.47542 1.41
2.47182 1.4095
2.46818 1.409
2.46451 1.4085
2.46073 1.408
2.45691 1.4075
2.45321 1.407
2.44946 1.4065
2.44585 1.406
2.44217 1.4055
2.4385 1.405
2.43472 1.4045
2.43111 1.404
2.4275 1.4035
2.42388 1.403
2.42025 1.4025
2.41661 1.402
2.41296 1.4015
2.40934 1.401
2.40562 1.4005
2.40198 1.4
2.39838 1.3995
2.39476 1.399
2.39109 1.3985
2.38746 1.398
2.38371 1.3975
2.37994 1.397
2.37626 1.3965
2.37266 1.396
2.36897 1.3955
2.36533 1.395
2.36167 1.3945
2.35805 1.394
2.35436 1.3935
2.35067 1.393
2.34705 1.3925
2.34341 1.392
2.3398 1.3915
2.33614 1.391
2.33252 1.3905
2.3288 1.39
2.32512 1.3895
2.32147 1.389
2.31784 1.3885
2.31424 1.388
2.31058 1.3875
2.30696 1.387
2.30333 1.3865
2.29972 1.386
2.2958 1.3855
2.2922 1.385
2.28854 1.3845
2.2849 1.384
2.28126 1.3835
2.27761 1.383
2.27401 1.3825
2.2704 1.382
2.26675 1.3815
2.26315 1.381
2.25954 1.3805
2.2559 1.38
2.25208 1.3795
2.24847 1.379
2.24485 1.3785
2.24122 1.378
2.23757 1.3775
2.23394 1.377
2.23028 1.3765
2.22667 1.376
2.22302 1.3755
2.2194 1.375
2.21574 1.3745
2.21208 1.374
2.20845 1.3735
2.20483 1.373
2.20123 1.3725
2.19761 1.372
2.19399 1.3715
2.19039 1.371
2.18678 1.3705
2.18315 1.37
2.17952 1.3695
2.17581 1.369
2.17219 1.3685
2.16855 1.368
2.16494 1.3675
2.16126 1.367
2.15761 1.3665
2.15395 1.366
2.15024 1.3655
2.14663 1.365
2.143 1.3645
2.13935 1.364
2.13574 1.3635
2.13213 1.363
2.12853 1.3625
2.12487 1.362
2.12127 1.3615
2.11764 1.361
2.11402 1.3605
2.11042 1.36
2.10682 1.3595
2.10322 1.359
2.0996 1.3585
2.09596 1.358
2.09235 1.3575
2.08873 1.357
2.0851 1.3565
2.08149 1.356
2.07788 1.3555
2.07426 1.355
2.07066 1.3545
2.06706 1.354
2.06346 1.3535
2.0598 1.353
2.0562 1.3525
2.0526 1.352
2.04899 1.3515
2.04536 1.351
2.04175 1.3505
2.03813 1.35
2.03451 1.3495
2.0308 1.349
2.02719 1.3485
2.02354 1.348
2.01994 1.3475
2.01631 1.347
2.0127 1.3465
2.0091 1.346
2.00548 1.3455
2.00187 1.345
1.99825 1.3445
1.99463 1.344
1.99097 1.3435
1.98732 1.343
1.98372 1.3425
1.98011 1.342
1.9765 1.3415
1.97285 1.341
1.96924 1.3405
1.96562 1.34
1.962 1.3395
1.95839 1.339
1.95478 1.3385
1.95118 1.338
1.94756 1.3375
1.94395 1.337
1.94035 1.3365
1.93673 1.336
1.93313 1.3355
1.92953 1.335
1.92592 1.3345
1.92231 1.334
1.91871 1.3335
1.9151 1.333
1.91147 1.3325
1.90787 1.332
1.90425 1.3315
1.90064 1.331
1.89704 1.3305
1.89343 1.33
1.88982 1.3295
1.88621 1.329
1.88261 1.3285
1.879 1.328
1.87539 1.3275
1.87179 1.327
1.86819 1.3265
1.86458 1.326
1.86032 1.3255
1.85671 1.325
1.85306 1.3245
1.84946 1.324
1.84585 1.3235
1.84224 1.323
1.83862 1.3225
1.83501 1.322
1.83139 1.3215
1.82623 1.321
1.82262 1.3205
1.81901 1.32
1.8154 1.3195
1.81179 1.319
1.80817 1.3185
1.80457 1.318
1.80097 1.3175
1.79736 1.317
1.79376 1.3165
1.79013 1.316
1.78653 1.3155
1.78293 1.315
1.77932 1.3145
1.77572 1.314
1.77212 1.3135
1.76851 1.313
1.76491 1.3125
1.7613 1.312
1.7577 1.3115
1.75409 1.311
1.75048 1.3105
1.74688 1.31
1.74326 1.3095
1.73966 1.309
1.73606 1.3085
1.73243 1.308
1.72882 1.3075
1.72522 1.307
1.72159 1.3065
1.71795 1.306
1.71434 1.3055
1.71073 1.305
1.70713 1.3045
1.70353 1.304
1.69991 1.3035
1.69628 1.303
1.69267 1.3025
1.68906 1.302
1.68545 1.3015
1.68185 1.301
1.67825 1.3005
1.67465 1.3
1.67105 1.2995
1.66743 1.299
1.66383 1.2985
1.66022 1.298
1.6566 1.2975
1.65299 1.297
1.64938 1.2965
1.64575 1.296
1.64215 1.2955
1.63854 1.295
1.63494 1.2945
1.63131 1.294
1.62771 1.2935
1.62402 1.293
1.62042 1.2925
1.61682 1.292
1.6132 1.2915
1.6096 1.291
1.606 1.2905
1.60239 1.29
1.59879 1.2895
1.59518 1.289
1.59158 1.2885
1.58798 1.288
1.58438 1.2875
1.58077 1.287
1.57715 1.2865
1.57355 1.286
1.56994 1.2855
1.56634 1.285
1.56273 1.2845
1.55912 1.284
1.55551 1.2835
1.55191 1.283
1.54829 1.2825
1.54469 1.282
1.54108 1.2815
1.53748 1.281
1.53387 1.2805
1.53027 1.28
1.52667 1.2795
1.52306 1.279
1.51946 1.2785
1.51586 1.278
1.51226 1.2775
1.50865 1.277
1.50504 1.2765
1.50144 1.276
1.49784 1.2755
1.49424 1.275
1.49063 1.2745
1.48703 1.274
1.48343 1.2735
1.47983 1.273
1.47623 1.2725
1.47261 1.272
1.46901 1.2715
1.46541 1.271
1.46179 1.2705
1.45819 1.27
1.45458 1.2695
1.45097 1.269
1.44736 1.2685
1.44375 1.268
1.44012 1.2675
1.43652 1.267
1.43292 1.2665
1.42932 1.266
1.4257 1.2655
1.42208 1.265
1.41847 1.2645
1.41487 1.264
1.41127 1.2635
1.40767 1.263
1.40406 1.2625
1.40046 1.262
1.39681 1.2615
1.39319 1.261
1.38959 1.2605
1.38598 1.26
1.38237 1.2595
1.37874 1.259
1.37514 1.2585
1.37153 1.258
1.36792 1.2575
1.36428 1.257
1.36068 1.2565
1.35706 1.256
1.35344 1.2555
1.34984 1.255
1.34623 1.2545
1.34263 1.254
1.33902 1.2535
1.3354 1.253
1.33179 1.2525
1.32818 1.252
1.32457 1.2515
1.32094 1.251
1.31734 1.2505
1.31372 1.25
1.31012 1.2495
1.30652 1.249
1.30291 1.2485
1.29931 1.248
1.29571 1.2475
1.2919 1.247
1.28829 1.2465
1.28469 1.246
1.28106 1.2455
1.27746 1.245
1.27386 1.2445
1.27026 1.244
1.26666 1.2435
1.26305 1.243
1.25945 1.2425
1.25584 1.242
1.25222 1.2415
1.24861 1.241
1.24501 1.2405
1.2414 1.24
1.23776 1.2395
1.23416 1.239
1.23056 1.2385
1.22695 1.238
1.22335 1.2375
1.21974 1.237
1.21613 1.2365
1.21253 1.236
1.20892 1.2355
1.20532 1.235
1.2017 1.2345
1.1981 1.234
1.19386 1.2335
1.19025 1.233
1.18665 1.2325
1.18304 1.232
1.17944 1.2315
1.17584 1.231
1.17224 1.2305
1.16864 1.23
1.16501 1.2295
1.16141 1.229
1.15781 1.2285
1.15419 1.228
1.15058 1.2275
1.14698 1.227
1.14337 1.2265
1.13977 1.226
1.13616 1.2255
1.13256 1.225
1.12895 1.2245
1.12535 1.224
1.12174 1.2235
1.11814 1.223
1.11454 1.2225
1.11093 1.222
1.10701 1.2215
1.1034 1.221
1.0998 1.2205
1.09617 1.22
1.09257 1.2195
1.08896 1.219
1.08536 1.2185
1.08176 1.218
1.07816 1.2175
1.07455 1.217
1.07095 1.2165
1.06735 1.216
1.06375 1.2155
1.06015 1.215
1.05655 1.2145
1.05295 1.214
1.04933 1.2135
1.04572 1.213
1.04209 1.2125
1.03849 1.212
1.03489 1.2115
1.03129 1.211
1.02768 1.2105
1.024 1.21
1.02039 1.2095
1.01679 1.209
1.01319 1.2085
1.00958 1.208
1.00598 1.2075
1.00238 1.207
0.998776 1.2065
0.995175 1.206
0.991574 1.2055
0.987973 1.205
0.984372 1.2045
0.98077 1.204
0.97717 1.2035
0.973561 1.203
0.969955 1.2025
0.966331 1.202
0.962719 1.2015
0.959118 1.201
0.955518 1.2005
0.951916 1.2
0.948315 1.1995
0.944714 1.199
0.941114 1.1985
0.937514 1.198
0.933913 1.1975
0.930313 1.197
0.926709 1.1965
0.923101 1.196
0.919475 1.1955
0.915875 1.195
0.912267 1.1945
0.908666 1.194
0.905065 1.1935
0.901455 1.193
0.89785 1.1925
0.894244 1.192
0.890644 1.1915
0.887039 1.191
0.883439 1.1905
0.879835 1.19
0.876235 1.1895
0.872607 1.189
0.869004 1.1885
0.865404 1.188
0.861802 1.1875
0.858183 1.187
0.854583 1.1865
0.850982 1.186
0.847375 1.1855
0.843773 1.185
0.84016 1.1845
0.83656 1.184
0.832957 1.1835
0.829336 1.183
0.825736 1.1825
0.822135 1.182
0.818534 1.1815
0.814931 1.181
0.811329 1.1805
0.807725 1.18
0.804123 1.1795
0.800522 1.179
0.796899 1.1785
0.793224 1.178
0.789623 1.1775
0.786017 1.177
0.782395 1.1765
0.778769 1.176
0.775154 1.1755
0.771553 1.175
0.767948 1.1745
0.76434 1.174
0.760732 1.1735
0.756794 1.173
0.753187 1.1725
0.749581 1.172
0.745981 1.1715
0.742379 1.171
0.738778 1.1705
0.735177 1.17
0.73157 1.1695
0.72797 1.169
0.724046 1.1685
0.720445 1.168
0.716835 1.1675
0.713235 1.167
0.709629 1.1665
0.706027 1.166
0.702425 1.1655
0.698825 1.165
0.695214 1.1645
0.69161 1.164
0.688008 1.1635
0.684402 1.163
0.680796 1.1625
0.677178 1.162
0.673568 1.1615
0.669966 1.161
0.666342 1.1605
0.662742 1.16
0.659138 1.1595
0.655538 1.159
0.651937 1.1585
0.648335 1.158
0.644733 1.1575
0.641117 1.157
0.637516 1.1565
0.633916 1.156
0.630315 1.1555
0.626703 1.155
0.623101 1.1545
0.619498 1.154
0.615889 1.1535
0.612288 1.153
0.608686 1.1525
0.605082 1.152
0.601482 1.1515
0.597881 1.151
0.594281 1.1505
0.590673 1.15
0.587068 1.1495
0.583467 1.149
0.579867 1.1485
0.576267 1.148
0.572656 1.1475
0.56905 1.147
0.565446 1.1465
0.561844 1.146
0.558232 1.1455
0.554632 1.145
0.551032 1.1445
0.547431 1.144
0.543829 1.1435
0.540214 1.143
0.536612 1.1425
0.533011 1.142
0.529411 1.1415
0.525811 1.141
0.522202 1.1405
0.518599 1.14
0.514998 1.1395
0.511398 1.139
0.507797 1.1385
0.504196 1.138
0.500309 1.1375
0.496708 1.137
0.493107 1.1365
0.489505 1.136
0.485905 1.1355
0.482305 1.135
0.478676 1.1345
0.475072 1.134
0.471471 1.1335
0.467868 1.133
0.464266 1.1325
0.460652 1.132
0.457049 1.1315
0.453449 1.131
0.449849 1.1305
0.446249 1.13
0.442643 1.1295
0.439042 1.129
0.435305 1.1285
0.431702 1.128
0.428098 1.1275
0.424495 1.127
0.420885 1.1265
0.417283 1.126
0.413682 1.1255
0.410082 1.125
0.406462 1.1245
0.40285 1.124
0.39923 1.1235
0.39563 1.123
0.392019 1.1225
0.388416 1.122
0.38481 1.1215
0.381209 1.121
0.377609 1.1205
0.374003 1.12
0.37039 1.1195
0.366789 1.119
0.363188 1.1185
0.359587 1.118
0.355986 1.1175
0.352386 1.117
0.348779 1.1165
0.345176 1.116
0.341576 1.1155
0.337975 1.115
0.33437 1.1145
0.330767 1.114
0.327165 1.1135
0.323564 1.113
0.319957 1.1125
0.316352 1.112
0.312751 1.1115
0.309131 1.111
0.305528 1.1105
0.301928 1.11
0.298323 1.1095
0.294723 1.109
0.291122 1.1085
0.287522 1.108
0.283912 1.1075
0.280302 1.107
0.276676 1.1065
0.273043 1.106
0.269439 1.1055
0.265837 1.105
0.26222 1.1045
0.258618 1.104
0.255014 1.1035
0.251408 1.103
0.247197 1.1025
0.243597 1.102
0.239994 1.1015
0.236387 1.101
0.232761 1.1005
0.229161 1.1
0.225538 1.0995
0.221933 1.099
0.218329 1.0985
0.214727 1.098
0.211102 1.0975
0.207501 1.097
0.2039 1.0965
0.200299 1.096
0.196698 1.0955
0.193091 1.095
0.189491 1.0945
0.185888 1.094
0.182257 1.0935
0.178655 1.093
0.175055 1.0925
0.171455 1.092
0.167852 1.0915
0.164249 1.091
0.160644 1.0905
0.157029 1.09
0.153428 1.0895
0.149828 1.089
0.146225 1.0885
0.14262 1.088
0.139019 1.0875
0.135418 1.087
0.131786 1.0865
0.128185 1.086
0.12458 1.0855
0.12097 1.085
0.11736 1.0845
0.113747 1.084
0.110141 1.0835
0.106377 1.083
0.102777 1.0825
0.0991534 1.082
0.0955508 1.0815
0.0919504 1.081
0.0883473 1.0805
0.0847472 1.08
0.0811456 1.0795
0.0775452 1.079
0.0739431 1.0785
0.0703425 1.078
0.0667422 1.0775
0.0631332 1.077
0.0595199 1.0765
0.0559187 1.076
0.052318 1.0755
0.0486892 1.075
0.0450874 1.0745
0.0414739 1.074
0.0378735 1.0735
0.034273 1.073
0.030673 1.0725
0.027073 1.072
0.023473 1.0715
0.0198723 1.071
0.0162703 1.0705
0.0126702 1.07
0.00906574 1.0695
0.00545903 1.069
0.00185679 1.0685
-0.0017452 1.068
-0.00534537 1.0675
-0.00894614 1.067
-0.0125472 1.0665
-0.0161473 1.066
-0.019751 1.0655
-0.0233545 1.065
-0.0269554 1.0645
-0.0305808 1.064
-0.0341934 1.0635
-0.0377938 1.063
-0.0413962 1.0625
-0.0450029 1.062
-0.0486046 1.0615
-0.0522298 1.061
-0.0558298 1.0605
-0.0594427 1.06
-0.0630552 1.0595
-0.0666624 1.059
-0.0702651 1.0585
-0.0738694 1.058
-0.0783233 1.0575
-0.0819233 1.057
-0.0855261 1.0565
-0.0891265 1.056
-0.0927266 1.0555
-0.0963266 1.055
-0.0999276 1.0545
-0.103534 1.054
-0.107141 1.0535
-0.110756 1.053
-0.114357 1.0525
-0.117966 1.052
-0.121569 1.0515
-0.12517 1.051
-0.128774 1.0505
-0.132375 1.05
-0.135977 1.0495
-0.140325 1.049
-0.144806 1.0485
-0.148407 1.048
-0.152008 1.0475
-0.155608 1.047
-0.159208 1.0465
-0.162815 1.046
-0.166432 1.0455
-0.170032 1.045
-0.173632 1.0445
-0.177232 1.044
-0.180832 1.0435
-0.184434 1.043
-0.188034 1.0425
-0.191635 1.042
-0.195241 1.0415
-0.198842 1.041
-0.202443 1.0405
-0.206045 1.04
-0.209646 1.0395
-0.213246 1.039
-0.216846 1.0385
-0.220446 1.038
-0.224048 1.0375
-0.227648 1.037
-0.231258 1.0365
-0.234859 1.036
-0.238478 1.0355
-0.242078 1.035
-0.245683 1.0345
-0.249287 1.034
-0.252888 1.0335
-0.25649 1.033
-0.260091 1.0325
-0.263702 1.032
-0.267314 1.0315
-0.270919 1.031
-0.274521 1.0305
-0.278123 1.03
-0.281727 1.0295
-0.285343 1.029
-0.288944 1.0285
-0.292546 1.028
-0.296149 1.0275
-0.299752 1.027
-0.303352 1.0265
-0.306954 1.026
-0.310556 1.0255
-0.314162 1.025
-0.317762 1.0245
-0.32137 1.024
-0.324971 1.0235
-0.328572 1.023
-0.332187 1.0225
-0.335791 1.022
-0.339394 1.0215
-0.342997 1.021
-0.346599 1.0205
-0.350199 1.02
-0.353805 1.0195
-0.357416 1.019
-0.361017 1.0185
-0.364658 1.018
-0.368258 1.0175
-0.37186 1.017
-0.375461 1.0165
-0.379061 1.016
-0.382662 1.0155
-0.386263 1.015
-0.389864 1.0145
-0.393467 1.014
-0.397071 1.0135
-0.400674 1.013
-0.404274 1.0125
-0.407875 1.012
-0.411475 1.0115
-0.415094 1.011
-0.418695 1.0105
-0.422306 1.01
-0.425906 1.0095
-0.429508 1.009
-0.433109 1.0085
-0.436709 1.008
-0.44031 1.0075
-0.44391 1.007
-0.448122 1.0065
-0.451724 1.006
-0.45533 1.0055
-0.45894 1.005
-0.462542 1.0045
-0.466145 1.004
-0.469751 1.0035
-0.473352 1.003
-0.476962 1.0025
-0.480564 1.002
-0.484172 1.0015
-0.487775 1.001
-0.491383 1.0005
-0.494984 1
