Man
0 0
0.00500266 0.000997009
0.00326858 0.00199402
-0.000488313 0.00299103
-0.00912028 0.00398804
-0.0145686 0.00498504
-0.012928 0.00598205
-0.0165172 0.00697906
-0.0268125 0.00797607
-0.0271766 0.00897308
-0.0290138 0.00997009
-0.0344641 0.0109671
-0.0411787 0.0119641
-0.0442327 0.0129611
-0.0441135 0.0139581
-0.0482831 0.0149551
-0.0515481 0.0159521
-0.057829 0.0169492
-0.0557446 0.0179462
-0.0622632 0.0189432
-0.062898 0.0199402
-0.0656305 0.0209372
-0.0699198 0.0219342
-0.0730605 0.0229312
-0.0765634 0.0239282
-0.0806054 0.0249252
-0.0803276 0.0259222
-0.0816273 0.0269192
-0.089901 0.0279163
-0.0936947 0.0289133
-0.0989152 0.0299103
-0.103644 0.0309073
-0.102613 0.0319043
-0.097972 0.0329013
-0.109761 0.0338983
-0.120657 0.0348953
-0.126427 0.0358923
-0.131627 0.0368893
-0.135403 0.0378863
-0.144058 0.0388833
-0.151407 0.0398804
-0.152337 0.0408774
-0.157784 0.0418744
-0.163141 0.0428714
-0.168123 0.0438684
-0.172193 0.0448654
-0.169303 0.0458624
-0.170009 0.0468594
-0.176374 0.0478564
-0.184034 0.0488534
-0.186273 0.0498504
-0.191984 0.0508475
-0.192679 0.0518445
-0.201145 0.0528415
-0.204852 0.0538385
-0.21827 0.0548355
-0.218084 0.0558325
-0.219958 0.0568295
-0.215745 0.0578265
-0.222391 0.0588235
-0.231806 0.0598205
-0.237192 0.0608175
-0.239568 0.0618146
-0.240817 0.0628116
-0.24618 0.0638086
-0.255855 0.0648056
-0.256488 0.0658026
-0.265305 0.0667996
-0.266109 0.0677966
-0.27322 0.0687936
-0.275437 0.0697906
-0.281694 0.0707876
-0.288343 0.0717846
-0.293881 0.0727817
-0.29584 0.0737787
-0.30291 0.0747757
-0.302012 0.0757727
-0.307154 0.0767697
-0.312172 0.0777667
-0.320588 0.0787637
-0.321589 0.0797607
-0.324216 0.0807577
-0.328137 0.0817547
-0.327608 0.0827517
-0.33406 0.0837488
-0.335022 0.0847458
-0.340548 0.0857428
-0.348609 0.0867398
-0.350252 0.0877368
-0.361338 0.0887338
-0.364766 0.0897308
-0.368424 0.0907278
-0.377286 0.0917248
-0.380232 0.0927218
-0.384929 0.0937188
-0.386907 0.0947159
-0.392635 0.0957129
-0.394062 0.0967099
-0.398788 0.0977069
-0.40397 0.0987039
-0.410838 0.0997009
-0.417431 0.100698
-0.42142 0.101695
-0.425107 0.102692
-0.430791 0.103689
-0.432304 0.104686
-0.435228 0.105683
-0.437083 0.10668
-0.440019 0.107677
-0.448093 0.108674
-0.455073 0.109671
-0.459559 0.110668
-0.463507 0.111665
-0.467644 0.112662
-0.471953 0.113659
-0.476175 0.114656
-0.482405 0.115653
-0.489047 0.11665
-0.492375 0.117647
-0.498431 0.118644
-0.499034 0.119641
-0.505463 0.120638
-0.508643 0.121635
-0.510486 0.122632
-0.515431 0.123629
-0.520716 0.124626
-0.524637 0.125623
-0.525008 0.12662
-0.530249 0.127617
-0.535509 0.128614
-0.540577 0.129611
-0.546344 0.130608
-0.551064 0.131605
-0.556755 0.132602
-0.56172 0.133599
-0.566756 0.134596
-0.57194 0.135593
-0.57687 0.13659
-0.583709 0.137587
-0.589441 0.138584
-0.593948 0.139581
-0.596348 0.140578
-0.600638 0.141575
-0.603102 0.142572
-0.607108 0.143569
-0.613974 0.144566
-0.618546 0.145563
-0.623649 0.14656
-0.62709 0.147557
-0.631324 0.148554
-0.634476 0.149551
-0.633853 0.150548
-0.637108 0.151545
-0.641768 0.152542
-0.645124 0.153539
-0.648724 0.154536
-0.656622 0.155533
-0.659244 0.15653
-0.659901 0.157527
-0.659915 0.158524
-0.664392 0.159521
-0.665679 0.160518
-0.667829 0.161515
-0.670898 0.162512
-0.67363 0.163509
-0.676628 0.164506
-0.680606 0.165503
-0.682819 0.1665
-0.686651 0.167498
-0.687608 0.168495
-0.690811 0.169492
-0.693232 0.170489
-0.696648 0.171486
-0.69841 0.172483
-0.702123 0.17348
-0.703763 0.174477
-0.706333 0.175474
-0.709725 0.176471
-0.711175 0.177468
-0.713036 0.178465
-0.716169 0.179462
-0.717795 0.180459
-0.719492 0.181456
-0.721763 0.182453
-0.723654 0.18345
-0.726422 0.184447
-0.72849 0.185444
-0.730482 0.186441
-0.732209 0.187438
-0.733955 0.188435
-0.736527 0.189432
-0.738609 0.190429
-0.739564 0.191426
-0.741805 0.192423
-0.743569 0.19342
-0.746027 0.194417
-0.74813 0.195414
-0.749582 0.196411
-0.751741 0.197408
-0.752668 0.198405
-0.754629 0.199402
-0.756055 0.200399
-0.757523 0.201396
-0.759292 0.202393
-0.76059 0.20339
-0.762416 0.204387
-0.764162 0.205384
-0.765486 0.206381
-0.766038 0.207378
-0.767357 0.208375
-0.768319 0.209372
-0.770195 0.210369
-0.771931 0.211366
-0.772729 0.212363
-0.773706 0.21336
-0.775116 0.214357
-0.776266 0.215354
-0.777408 0.216351
-0.777926 0.217348
-0.779414 0.218345
-0.780864 0.219342
-0.7822 0.220339
-0.783709 0.221336
-0.784863 0.222333
-0.785848 0.22333
-0.787351 0.224327
-0.788607 0.225324
-0.789675 0.226321
-0.791327 0.227318
-0.792611 0.228315
-0.793654 0.229312
-0.794882 0.230309
-0.796025 0.231306
-0.797304 0.232303
-0.798705 0.2333
-0.799388 0.234297
-0.799264 0.235294
-0.80024 0.236291
-0.801346 0.237288
-0.802799 0.238285
-0.803799 0.239282
-0.804844 0.240279
-0.805841 0.241276
-0.806707 0.242273
-0.807625 0.24327
-0.808763 0.244267
-0.80996 0.245264
-0.810701 0.246261
-0.811599 0.247258
-0.812688 0.248255
-0.813935 0.249252
-0.814725 0.250249
-0.816022 0.251246
-0.816499 0.252243
-0.816902 0.25324
-0.817794 0.254237
-0.818378 0.255234
-0.819241 0.256231
-0.820058 0.257228
-0.820839 0.258225
-0.821919 0.259222
-0.822835 0.260219
-0.823495 0.261216
-0.824511 0.262213
-0.825184 0.26321
-0.825851 0.264207
-0.826629 0.265204
-0.827707 0.266201
-0.82835 0.267198
-0.829335 0.268195
-0.830472 0.269192
-0.831344 0.270189
-0.831981 0.271186
-0.832787 0.272183
-0.833593 0.27318
-0.834463 0.274177
-0.835102 0.275174
-0.835939 0.276171
-0.836327 0.277168
-0.837521 0.278166
-0.83801 0.279163
-0.838732 0.28016
-0.839701 0.281157
-0.840435 0.282154
-0.840889 0.283151
-0.841809 0.284148
-0.842272 0.285145
-0.842831 0.286142
-0.843499 0.287139
-0.844372 0.288136
-0.845122 0.289133
-0.845729 0.29013
-0.846384 0.291127
-0.846554 0.292124
-0.847207 0.293121
-0.847705 0.294118
-0.848289 0.295115
-0.84889 0.296112
-0.849722 0.297109
-0.850602 0.298106
-0.851042 0.299103
-0.851589 0.3001
-0.852158 0.301097
-0.852696 0.302094
-0.853247 0.303091
-0.854022 0.304088
-0.854554 0.305085
-0.854694 0.306082
-0.855204 0.307079
-0.85596 0.308076
-0.856506 0.309073
-0.857 0.31007
-0.85754 0.311067
-0.858117 0.312064
-0.858843 0.313061
-0.859448 0.314058
-0.860158 0.315055
-0.860442 0.316052
-0.860853 0.317049
-0.861628 0.318046
-0.86222 0.319043
-0.86267 0.32004
-0.863111 0.321037
-0.863787 0.322034
-0.864262 0.323031
-0.864638 0.324028
-0.865066 0.325025
-0.865505 0.326022
-0.8662 0.327019
-0.866743 0.328016
-0.867341 0.329013
-0.867765 0.33001
-0.868302 0.331007
-0.869018 0.332004
-0.86951 0.333001
-0.869861 0.333998
-0.870471 0.334995
-0.871081 0.335992
-0.871644 0.336989
-0.872161 0.337986
-0.872684 0.338983
-0.873326 0.33998
-0.873772 0.340977
-0.874045 0.341974
-0.874478 0.342971
-0.875001 0.343968
-0.875244 0.344965
-0.875507 0.345962
-0.875797 0.346959
-0.87639 0.347956
-0.876923 0.348953
-0.877086 0.34995
-0.877465 0.350947
-0.877998 0.351944
-0.878505 0.352941
-0.879084 0.353938
-0.879465 0.354935
-0.880009 0.355932
-0.88054 0.356929
-0.88117 0.357926
-0.881533 0.358923
-0.882104 0.35992
-0.8823 0.360917
-0.882617 0.361914
-0.883252 0.362911
-0.883677 0.363908
-0.884195 0.364905
-0.88469 0.365902
-0.88523 0.366899
-0.88574 0.367896
-0.886161 0.368893
-0.886477 0.36989
-0.886795 0.370887
-0.887124 0.371884
-0.887603 0.372881
-0.887793 0.373878
-0.888256 0.374875
-0.888744 0.375872
-0.889112 0.376869
-0.8894 0.377866
-0.889979 0.378863
-0.89043 0.37986
-0.890798 0.380857
-0.891008 0.381854
-0.891504 0.382851
-0.891828 0.383848
-0.892038 0.384845
-0.892543 0.385842
-0.892956 0.386839
-0.893248 0.387836
-0.893593 0.388833
-0.894033 0.389831
-0.89411 0.390828
-0.894513 0.391825
-0.894982 0.392822
-0.895412 0.393819
-0.895947 0.394816
-0.896399 0.395813
-0.896729 0.39681
-0.897125 0.397807
-0.897462 0.398804
-0.897716 0.399801
-0.89802 0.400798
-0.898292 0.401795
-0.898603 0.402792
-0.89901 0.403789
-0.899178 0.404786
-0.899424 0.405783
-0.89968 0.40678
-0.900118 0.407777
-0.90051 0.408774
-0.9009 0.409771
-0.901143 0.410768
-0.901558 0.411765
-0.901874 0.412762
-0.902259 0.413759
-0.902579 0.414756
-0.902883 0.415753
-0.903135 0.41675
-0.903517 0.417747
-0.903831 0.418744
-0.904232 0.419741
-0.904712 0.420738
-0.904933 0.421735
-0.905254 0.422732
-0.905601 0.423729
-0.905957 0.424726
-0.906103 0.425723
-0.906453 0.42672
-0.906731 0.427717
-0.907011 0.428714
-0.90715 0.429711
-0.907472 0.430708
-0.907671 0.431705
-0.907922 0.432702
-0.908262 0.433699
-0.908483 0.434696
-0.90867 0.435693
-0.908994 0.43669
-0.909393 0.437687
-0.909673 0.438684
-0.909924 0.439681
-0.910029 0.440678
-0.910244 0.441675
-0.910387 0.442672
-0.910573 0.443669
-0.91091 0.444666
-0.911148 0.445663
-0.911415 0.44666
-0.911393 0.447657
-0.910907 0.448654
-0.911156 0.449651
-0.911324 0.450648
-0.911573 0.451645
-0.91161 0.452642
-0.911884 0.453639
-0.91199 0.454636
-0.912248 0.455633
-0.912341 0.45663
-0.912426 0.457627
-0.912603 0.458624
-0.912758 0.459621
-0.912983 0.460618
-0.913243 0.461615
-0.913292 0.462612
-0.913455 0.463609
-0.913607 0.464606
-0.913898 0.465603
-0.914056 0.4666
-0.914382 0.467597
-0.914614 0.468594
-0.914907 0.469591
-0.915196 0.470588
-0.915528 0.471585
-0.915739 0.472582
-0.916027 0.473579
-0.916165 0.474576
-0.916272 0.475573
-0.916417 0.47657
-0.916611 0.477567
-0.916787 0.478564
-0.917046 0.479561
-0.917341 0.480558
-0.917647 0.481555
-0.917877 0.482552
-0.918159 0.483549
-0.918291 0.484546
-0.918616 0.485543
-0.918791 0.48654
-0.919029 0.487537
-0.919243 0.488534
-0.919554 0.489531
-0.91987 0.490528
-0.92003 0.491525
-0.920161 0.492522
-0.920521 0.493519
-0.920791 0.494516
-0.921057 0.495513
-0.921377 0.49651
-0.921546 0.497507
-0.921751 0.498504
-0.921907 0.499501
-0.922168 0.500499
-0.922333 0.501496
-0.922596 0.502493
-0.922682 0.50349
-0.922993 0.504487
-0.923306 0.505484
-0.923401 0.506481
-0.923535 0.507478
-0.923915 0.508475
-0.924282 0.509472
-0.924431 0.510469
-0.92466 0.511466
-0.924678 0.512463
-0.924906 0.51346
-0.925163 0.514457
-0.92537 0.515454
-0.925592 0.516451
-0.925224 0.517448
-0.925463 0.518445
-0.925686 0.519442
-0.926002 0.520439
-0.926306 0.521436
-0.926373 0.522433
-0.926571 0.52343
-0.926889 0.524427
-0.92717 0.525424
-0.927279 0.526421
-0.927517 0.527418
-0.927683 0.528415
-0.927911 0.529412
-0.92805 0.530409
-0.928335 0.531406
-0.928536 0.532403
-0.928651 0.5334
-0.928765 0.534397
-0.92886 0.535394
-0.92903 0.536391
-0.929247 0.537388
-0.929403 0.538385
-0.929545 0.539382
-0.929779 0.540379
-0.929869 0.541376
-0.930052 0.542373
-0.930203 0.54337
-0.93046 0.544367
-0.930512 0.545364
-0.930652 0.546361
-0.930816 0.547358
-0.930887 0.548355
-0.931084 0.549352
-0.931163 0.550349
-0.931231 0.551346
-0.931425 0.552343
-0.931685 0.55334
-0.931884 0.554337
-0.932059 0.555334
-0.932239 0.556331
-0.932517 0.557328
-0.932727 0.558325
-0.932814 0.559322
-0.932914 0.560319
-0.933125 0.561316
-0.93322 0.562313
-0.933314 0.56331
-0.933492 0.564307
-0.93354 0.565304
-0.933654 0.566301
-0.933801 0.567298
-0.933892 0.568295
-0.933957 0.569292
-0.934102 0.570289
-0.934338 0.571286
-0.93455 0.572283
-0.934831 0.57328
-0.935012 0.574277
-0.935279 0.575274
-0.935313 0.576271
-0.935456 0.577268
-0.935593 0.578265
-0.93571 0.579262
-0.935934 0.580259
-0.936086 0.581256
-0.936119 0.582253
-0.936323 0.58325
-0.936405 0.584247
-0.936516 0.585244
-0.936634 0.586241
-0.936683 0.587238
-0.936761 0.588235
-0.936831 0.589232
-0.93695 0.590229
-0.937079 0.591226
-0.937015 0.592223
-0.937103 0.59322
-0.937214 0.594217
-0.937376 0.595214
-0.937463 0.596211
-0.936241 0.597208
-0.936455 0.598205
-0.936704 0.599202
-0.936792 0.600199
-0.936964 0.601196
-0.937001 0.602193
-0.93703 0.60319
-0.937266 0.604187
-0.937422 0.605184
-0.937484 0.606181
-0.937666 0.607178
-0.937908 0.608175
-0.938002 0.609172
-0.938023 0.610169
-0.938176 0.611167
-0.938398 0.612164
-0.93846 0.613161
-0.938605 0.614158
-0.938698 0.615155
-0.938781 0.616152
-0.938951 0.617149
-0.939142 0.618146
-0.939345 0.619143
-0.939487 0.62014
-0.939582 0.621137
-0.939673 0.622134
-0.939839 0.623131
-0.939876 0.624128
-0.939985 0.625125
-0.940266 0.626122
-0.940576 0.627119
-0.940714 0.628116
-0.942586 0.629113
-0.942688 0.63011
-0.94233 0.631107
-0.942497 0.632104
-0.942692 0.633101
-0.942926 0.634098
-0.942989 0.635095
-0.943048 0.636092
-0.943176 0.637089
-0.943338 0.638086
-0.943499 0.639083
-0.943623 0.64008
-0.943729 0.641077
-0.943979 0.642074
-0.944112 0.643071
-0.944187 0.644068
-0.944354 0.645065
-0.944493 0.646062
-0.944633 0.647059
-0.944829 0.648056
-0.94639 0.649053
-0.946503 0.65005
-0.946613 0.651047
-0.9467 0.652044
-0.946772 0.653041
-0.946959 0.654038
-0.946985 0.655035
-0.947137 0.656032
-0.947239 0.657029
-0.947288 0.658026
-0.947538 0.659023
-0.947728 0.66002
-0.947816 0.661017
-0.947984 0.662014
-0.948057 0.663011
-0.948118 0.664008
-0.948309 0.665005
-0.948363 0.666002
-0.948439 0.666999
-0.948603 0.667996
-0.948705 0.668993
-0.948928 0.66999
-0.949068 0.670987
-0.949174 0.671984
-0.949222 0.672981
-0.949345 0.673978
-0.949421 0.674975
-0.949494 0.675972
-0.949627 0.676969
-0.949759 0.677966
-0.949832 0.678963
-0.950023 0.67996
-0.950101 0.680957
-0.950115 0.681954
-0.950251 0.682951
-0.95029 0.683948
-0.950415 0.684945
-0.950504 0.685942
-0.950644 0.686939
-0.950632 0.687936
-0.950713 0.688933
-0.950817 0.68993
-0.950839 0.690927
-0.951026 0.691924
-0.951084 0.692921
-0.95121 0.693918
-0.951251 0.694915
-0.951415 0.695912
-0.951582 0.696909
-0.951699 0.697906
-0.951876 0.698903
-0.951959 0.6999
-0.952156 0.700897
-0.952193 0.701894
-0.952185 0.702891
-0.952294 0.703888
-0.952366 0.704885
-0.952377 0.705882
-0.952438 0.706879
-0.952637 0.707876
-0.952721 0.708873
-0.952879 0.70987
-0.953031 0.710867
-0.953133 0.711864
-0.953354 0.712861
-0.953462 0.713858
-0.95356 0.714855
-0.953672 0.715852
-0.953819 0.716849
-0.953855 0.717846
-0.953988 0.718843
-0.954206 0.71984
-0.954275 0.720837
-0.95437 0.721834
-0.954359 0.722832
-0.954432 0.723829
-0.954469 0.724826
-0.954523 0.725823
-0.954619 0.72682
-0.954623 0.727817
-0.954636 0.728814
-0.954697 0.729811
-0.954781 0.730808
-0.954942 0.731805
-0.955035 0.732802
-0.955109 0.733799
-0.955238 0.734796
-0.955393 0.735793
-0.955527 0.73679
-0.955607 0.737787
-0.955599 0.738784
-0.955659 0.739781
-0.955772 0.740778
-0.955887 0.741775
-0.955949 0.742772
-0.956134 0.743769
-0.956284 0.744766
-0.956366 0.745763
-0.956525 0.74676
-0.95661 0.747757
-0.9567 0.748754
-0.956785 0.749751
-0.956854 0.750748
-0.95684 0.751745
-0.956986 0.752742
-0.956978 0.753739
-0.957095 0.754736
-0.957176 0.755733
-0.957234 0.75673
-0.957156 0.757727
-0.957202 0.758724
-0.957302 0.759721
-0.957381 0.760718
-0.957461 0.761715
-0.957438 0.762712
-0.957513 0.763709
-0.957628 0.764706
-0.957654 0.765703
-0.95779 0.7667
-0.957444 0.767697
-0.957576 0.768694
-0.957669 0.769691
-0.957757 0.770688
-0.957767 0.771685
-0.957855 0.772682
-0.957964 0.773679
-0.958053 0.774676
-0.957994 0.775673
-0.958083 0.77667
-0.958193 0.777667
-0.958302 0.778664
-0.958459 0.779661
-0.958582 0.780658
-0.958617 0.781655
-0.958674 0.782652
-0.958866 0.783649
-0.958998 0.784646
-0.959093 0.785643
-0.959224 0.78664
-0.959218 0.787637
-0.959292 0.788634
-0.959345 0.789631
-0.959421 0.790628
-0.959496 0.791625
-0.959607 0.792622
-0.959611 0.793619
-0.959713 0.794616
-0.959834 0.795613
-0.959862 0.79661
-0.959913 0.797607
-0.959936 0.798604
-0.960078 0.799601
-0.960069 0.800598
-0.960201 0.801595
-0.960268 0.802592
-0.960357 0.803589
-0.961624 0.804586
-0.961712 0.805583
-0.96178 0.80658
-0.961841 0.807577
-0.961825 0.808574
-0.961909 0.809571
-0.96195 0.810568
-0.96205 0.811565
-0.962075 0.812562
-0.962164 0.813559
-0.962158 0.814556
-0.962252 0.815553
-0.962358 0.81655
-0.962484 0.817547
-0.9626 0.818544
-0.962727 0.819541
-0.962828 0.820538
-0.962814 0.821535
-0.962899 0.822532
-0.962964 0.823529
-0.962972 0.824526
-0.962599 0.825523
-0.962677 0.82652
-0.964998 0.827517
-0.965161 0.828514
-0.965254 0.829511
-0.965261 0.830508
-0.965376 0.831505
-0.965469 0.832502
-0.965203 0.8335
-0.965305 0.834497
-0.965182 0.835494
-0.965298 0.836491
-0.965509 0.837488
-0.965575 0.838485
-0.965554 0.839482
-0.965626 0.840479
-0.965666 0.841476
-0.96575 0.842473
-0.9658 0.84347
-0.967852 0.844467
-0.967524 0.845464
-0.967578 0.846461
-0.967659 0.847458
-0.967716 0.848455
-0.967808 0.849452
-0.967832 0.850449
-0.967985 0.851446
-0.968062 0.852443
-0.968095 0.85344
-0.968147 0.854437
-0.968195 0.855434
-0.968252 0.856431
-0.968339 0.857428
-0.968428 0.858425
-0.968446 0.859422
-0.968501 0.860419
-0.968507 0.861416
-0.968575 0.862413
-0.968666 0.86341
-0.968764 0.864407
-0.968801 0.865404
-0.968926 0.866401
-0.968956 0.867398
-0.969011 0.868395
-0.968138 0.869392
-0.968254 0.870389
-0.968274 0.871386
-0.968342 0.872383
-0.968472 0.87338
-0.968501 0.874377
-0.968543 0.875374
-0.968568 0.876371
-0.96862 0.877368
-0.968747 0.878365
-0.968836 0.879362
-0.968926 0.880359
-0.969 0.881356
-0.969093 0.882353
-0.969125 0.88335
-0.969179 0.884347
-0.969291 0.885344
-0.969309 0.886341
-0.969241 0.887338
-0.969182 0.888335
-0.969254 0.889332
-0.969327 0.890329
-0.969273 0.891326
-0.969344 0.892323
-0.969443 0.89332
-0.969552 0.894317
-0.969646 0.895314
-0.969721 0.896311
-0.969787 0.897308
-0.96981 0.898305
-0.969883 0.899302
-0.96992 0.900299
-0.969964 0.901296
-0.970017 0.902293
-0.970082 0.90329
-0.970125 0.904287
-0.97007 0.905284
-0.970074 0.906281
-0.970166 0.907278
-0.97021 0.908275
-0.970304 0.909272
-0.970376 0.910269
-0.970438 0.911266
-0.97048 0.912263
-0.970572 0.91326
-0.970602 0.914257
-0.970678 0.915254
-0.970794 0.916251
-0.970827 0.917248
-0.970861 0.918245
-0.970881 0.919242
-0.970925 0.920239
-0.970974 0.921236
-0.971005 0.922233
-0.971068 0.92323
-0.971157 0.924227
-0.971123 0.925224
-0.971253 0.926221
-0.971264 0.927218
-0.971318 0.928215
-0.971425 0.929212
-0.971526 0.930209
-0.971658 0.931206
-0.971632 0.932203
-0.971697 0.9332
-0.971722 0.934197
-0.971838 0.935194
-0.971857 0.936191
-0.97193 0.937188
-0.971982 0.938185
-0.972062 0.939182
-0.972087 0.940179
-0.972109 0.941176
-0.97207 0.942173
-0.971828 0.94317
-0.971857 0.944167
-0.971932 0.945165
-0.971972 0.946162
-0.972112 0.947159
-0.972151 0.948156
-0.97216 0.949153
-0.972257 0.95015
-0.971589 0.951147
-0.97166 0.952144
-0.971723 0.953141
-0.971794 0.954138
-0.971897 0.955135
-0.971902 0.956132
-0.971962 0.957129
-0.972033 0.958126
-0.972033 0.959123
-0.972113 0.96012
-0.972144 0.961117
-0.972247 0.962114
-0.972319 0.963111
-0.972376 0.964108
-0.972455 0.965105
-0.972532 0.966102
-0.972563 0.967099
-0.97254 0.968096
-0.972591 0.969093
-0.972655 0.97009
-0.972644 0.971087
-0.97271 0.972084
-0.972678 0.973081
-0.972731 0.974078
-0.972276 0.975075
-0.972268 0.976072
-0.972347 0.977069
-0.97235 0.978066
-0.972395 0.979063
-0.972455 0.98006
-0.972511 0.981057
-0.97254 0.982054
-0.972659 0.983051
-0.972691 0.984048
-0.972708 0.985045
-0.972722 0.986042
-0.972816 0.987039
-0.972864 0.988036
-0.972928 0.989033
-0.973001 0.99003
-0.973131 0.991027
-0.9732 0.992024
-0.973271 0.993021
-0.973393 0.994018
-0.973421 0.995015
-0.973451 0.996012
-0.973472 0.997009
-0.973473 0.998006
-0.97354 0.999003
-0.973524 1


Shark
3.14159 1.5
3.1376 1.4995
3.13362 1.499
3.12963 1.4985
3.12564 1.49801
3.12165 1.49751
3.11766 1.49701
3.11367 1.49651
3.10967 1.49601
3.10568 1.49551
3.1017 1.49501
3.0977 1.49452
3.0937 1.49402
3.08971 1.49352
3.08572 1.49302
3.08173 1.49252
3.07773 1.49202
3.07372 1.49153
3.06973 1.49103
3.06572 1.49053
3.06173 1.49003
3.05773 1.48953
3.05373 1.48903
3.04973 1.48853
3.04573 1.48804
3.04172 1.48754
3.03773 1.48704
3.03374 1.48654
3.02965 1.48604
3.02564 1.48554
3.02161 1.48504
3.01758 1.48455
3.01359 1.48405
3.00955 1.48355
3.00527 1.48305
3.00101 1.48255
2.99694 1.48205
2.99288 1.48156
2.98885 1.48106
2.98465 1.48056
2.98049 1.48006
2.9765 1.47956
2.97241 1.47906
2.96832 1.47856
2.96424 1.47807
2.96019 1.47757
2.95617 1.47707
2.95218 1.47657
2.94801 1.47607
2.94376 1.47557
2.93974 1.47507
2.93559 1.47458
2.9316 1.47408
2.92724 1.47358
2.92317 1.47308
2.91823 1.47258
2.91424 1.47208
2.91023 1.47159
2.90613 1.47109
2.90185 1.47059
2.89728 1.47009
2.89309 1.46959
2.88906 1.46909
2.88506 1.46859
2.88084 1.4681
2.87614 1.4676
2.87215 1.4671
2.86753 1.4666
2.86353 1.4661
2.8591 1.4656
2.85506 1.4651
2.8507 1.46461
2.84629 1.46411
2.84199 1.46361
2.83796 1.46311
2.83345 1.46261
2.82946 1.46211
2.82517 1.46162
2.82089 1.46112
2.81611 1.46062
2.81211 1.46012
2.80804 1.45962
2.80385 1.45912
2.79986 1.45862
2.79533 1.45813
2.79133 1.45763
2.78692 1.45713
2.78205 1.45663
2.77802 1.45613
2.77244 1.45563
2.76827 1.45513
2.76406 1.45464
2.75893 1.45414
2.7548 1.45364
2.75044 1.45314
2.74638 1.45264
2.74184 1.45214
2.73781 1.45165
2.73342 1.45115
2.72894 1.45065
2.72411 1.45015
2.71933 1.44965
2.71503 1.44915
2.71076 1.44865
2.70614 1.44816
2.7021 1.44766
2.69793 1.44716
2.69386 1.44666
2.68968 1.44616
2.68438 1.44566
2.67936 1.44516
2.67491 1.44467
2.67055 1.44417
2.66615 1.44367
2.66171 1.44317
2.65728 1.44267
2.65237 1.44217
2.64733 1.44167
2.64304 1.44118
2.63814 1.44068
2.63414 1.44018
2.62909 1.43968
2.62482 1.43918
2.62073 1.43868
2.61606 1.43819
2.61128 1.43769
2.60684 1.43719
2.60284 1.43669
2.59805 1.43619
2.59323 1.43569
2.58846 1.43519
2.58347 1.4347
2.57878 1.4342
2.57378 1.4337
2.569 1.4332
2.56418 1.4327
2.55931 1.4322
2.5545 1.4317
2.54903 1.43121
2.54394 1.43071
2.53923 1.43021
2.53502 1.42971
2.53035 1.42921
2.52612 1.42871
2.52152 1.42822
2.51591 1.42772
2.51112 1.42722
2.50614 1.42672
2.50167 1.42622
2.49696 1.42572
2.49255 1.42522
2.48854 1.42473
2.48409 1.42423
2.4792 1.42373
2.47472 1.42323
2.47015 1.42273
2.46384 1.42223
2.45953 1.42173
2.45552 1.42124
2.45153 1.42074
2.44663 1.42024
2.44256 1.41974
2.43833 1.41924
2.43388 1.41874
2.42951 1.41825
2.42506 1.41775
2.42029 1.41725
2.41604 1.41675
2.4113 1.41625
2.40726 1.41575
2.40272 1.41525
2.39841 1.41476
2.39379 1.41426
2.38962 1.41376
2.38487 1.41326
2.38073 1.41276
2.37635 1.41226
2.3717 1.41176
2.36758 1.41127
2.36338 1.41077
2.35881 1.41027
2.35465 1.40977
2.35048 1.40927
2.34616 1.40877
2.34194 1.40828
2.33746 1.40778
2.33319 1.40728
2.32893 1.40678
2.32474 1.40628
2.32054 1.40578
2.31611 1.40528
2.31182 1.40479
2.30776 1.40429
2.30342 1.40379
2.29921 1.40329
2.29479 1.40279
2.29047 1.40229
2.28633 1.40179
2.28199 1.4013
2.27794 1.4008
2.27365 1.4003
2.26951 1.3998
2.26535 1.3993
2.26111 1.3988
2.25699 1.39831
2.25273 1.39781
2.24849 1.39731
2.24436 1.39681
2.24034 1.39631
2.23621 1.39581
2.23214 1.39531
2.22785 1.39482
2.2236 1.39432
2.21956 1.39382
2.21548 1.39332
2.21132 1.39282
2.20721 1.39232
2.2031 1.39182
2.19909 1.39133
2.19489 1.39083
2.19071 1.39033
2.18655 1.38983
2.18235 1.38933
2.17823 1.38883
2.17415 1.38833
2.16994 1.38784
2.16579 1.38734
2.16169 1.38684
2.15743 1.38634
2.15327 1.38584
2.14917 1.38534
2.14503 1.38485
2.1409 1.38435
2.13674 1.38385
2.13255 1.38335
2.12851 1.38285
2.12452 1.38235
2.12042 1.38185
2.1163 1.38136
2.11208 1.38086
2.10798 1.38036
2.10387 1.37986
2.09977 1.37936
2.09569 1.37886
2.0916 1.37836
2.08746 1.37787
2.08331 1.37737
2.07925 1.37687
2.07517 1.37637
2.07104 1.37587
2.06686 1.37537
2.06279 1.37488
2.0586 1.37438
2.05458 1.37388
2.05057 1.37338
2.04648 1.37288
2.04245 1.37238
2.03837 1.37188
2.03429 1.37139
2.03022 1.37089
2.02608 1.37039
2.02198 1.36989
2.01794 1.36939
2.01381 1.36889
2.00976 1.36839
2.00571 1.3679
2.00164 1.3674
1.99749 1.3669
1.99344 1.3664
1.98931 1.3659
1.98514 1.3654
1.98105 1.36491
1.977 1.36441
1.97292 1.36391
1.96883 1.36341
1.96473 1.36291
1.96068 1.36241
1.95659 1.36191
1.95258 1.36142
1.94838 1.36092
1.94435 1.36042
1.94028 1.35992
1.93615 1.35942
1.93207 1.35892
1.92805 1.35842
1.92393 1.35793
1.91991 1.35743
1.91587 1.35693
1.91181 1.35643
1.9077 1.35593
1.90362 1.35543
1.89957 1.35494
1.89551 1.35444
1.89151 1.35394
1.88745 1.35344
1.88342 1.35294
1.87937 1.35244
1.87532 1.35194
1.87121 1.35145
1.86709 1.35095
1.86307 1.35045
1.85903 1.34995
1.85498 1.34945
1.85094 1.34895
1.8469 1.34845
1.8428 1.34796
1.83876 1.34746
1.83477 1.34696
1.83073 1.34646
1.82664 1.34596
1.82259 1.34546
1.81856 1.34497
1.81451 1.34447
1.81046 1.34397
1.80637 1.34347
1.80231 1.34297
1.79822 1.34247
1.79422 1.34197
1.7902 1.34148
1.78609 1.34098
1.78203 1.34048
1.778 1.33998
1.77397 1.33948
1.76989 1.33898
1.76586 1.33848
1.76184 1.33799
1.75781 1.33749
1.75378 1.33699
1.74969 1.33649
1.74564 1.33599
1.74158 1.33549
1.73755 1.335
1.7335 1.3345
1.7294 1.334
1.72536 1.3335
1.72135 1.333
1.71727 1.3325
1.7132 1.332
1.70914 1.33151
1.7051 1.33101
1.70104 1.33051
1.69696 1.33001
1.69293 1.32951
1.68892 1.32901
1.68489 1.32851
1.68084 1.32802
1.67684 1.32752
1.67283 1.32702
1.66882 1.32652
1.66475 1.32602
1.6607 1.32552
1.6567 1.32502
1.65268 1.32453
1.64862 1.32403
1.64457 1.32353
1.6405 1.32303
1.63647 1.32253
1.63241 1.32203
1.62835 1.32154
1.62426 1.32104
1.62024 1.32054
1.61617 1.32004
1.61217 1.31954
1.60816 1.31904
1.60406 1.31854
1.60003 1.31805
1.59597 1.31755
1.59192 1.31705
1.58785 1.31655
1.58379 1.31605
1.57976 1.31555
1.57574 1.31505
1.57173 1.31456
1.56771 1.31406
1.56366 1.31356
1.55966 1.31306
1.55561 1.31256
1.55156 1.31206
1.54753 1.31157
1.54352 1.31107
1.53943 1.31057
1.53539 1.31007
1.53136 1.30957
1.52736 1.30907
1.5233 1.30857
1.51928 1.30808
1.51528 1.30758
1.51122 1.30708
1.50718 1.30658
1.50316 1.30608
1.49914 1.30558
1.49509 1.30508
1.4911 1.30459
1.48707 1.30409
1.48301 1.30359
1.47897 1.30309
1.47489 1.30259
1.47084 1.30209
1.46682 1.3016
1.46278 1.3011
1.45875 1.3006
1.45475 1.3001
1.45073 1.2996
1.44672 1.2991
1.4427 1.2986
1.43866 1.29811
1.43466 1.29761
1.43065 1.29711
1.42664 1.29661
1.42259 1.29611
1.41855 1.29561
1.41451 1.29511
1.4105 1.29462
1.40646 1.29412
1.40244 1.29362
1.3984 1.29312
1.39437 1.29262
1.39035 1.29212
1.38634 1.29163
1.38231 1.29113
1.37828 1.29063
1.37424 1.29013
1.37017 1.28963
1.36616 1.28913
1.36214 1.28863
1.35811 1.28814
1.35408 1.28764
1.35008 1.28714
1.34605 1.28664
1.34203 1.28614
1.33801 1.28564
1.33402 1.28514
1.32999 1.28465
1.32599 1.28415
1.32198 1.28365
1.31795 1.28315
1.31394 1.28265
1.30994 1.28215
1.30591 1.28166
1.30186 1.28116
1.29784 1.28066
1.29383 1.28016
1.28984 1.27966
1.28583 1.27916
1.28184 1.27866
1.27784 1.27817
1.2738 1.27767
1.26979 1.27717
1.26578 1.27667
1.26179 1.27617
1.25771 1.27567
1.25369 1.27517
1.24969 1.27468
1.24568 1.27418
1.24169 1.27368
1.23767 1.27318
1.23368 1.27268
1.22966 1.27218
1.22567 1.27168
1.22168 1.27119
1.21768 1.27069
1.21368 1.27019
1.20967 1.26969
1.20566 1.26919
1.20167 1.26869
1.19767 1.2682
1.19367 1.2677
1.18964 1.2672
1.18565 1.2667
1.18161 1.2662
1.1776 1.2657
1.17357 1.2652
1.16955 1.26471
1.16551 1.26421
1.1615 1.26371
1.15748 1.26321
1.15348 1.26271
1.14949 1.26221
1.14549 1.26171
1.14149 1.26122
1.13748 1.26072
1.13347 1.26022
1.12944 1.25972
1.12541 1.25922
1.12139 1.25872
1.11737 1.25823
1.11337 1.25773
1.10933 1.25723
1.10533 1.25673
1.10132 1.25623
1.09731 1.25573
1.09327 1.25523
1.08924 1.25474
1.08524 1.25424
1.08124 1.25374
1.07719 1.25324
1.07317 1.25274
1.06914 1.25224
1.06511 1.25174
1.0611 1.25125
1.05709 1.25075
1.05309 1.25025
1.04907 1.24975
1.04507 1.24925
1.04105 1.24875
1.03706 1.24826
1.03302 1.24776
1.02898 1.24726
1.02499 1.24676
1.02099 1.24626
1.01693 1.24576
1.01287 1.24526
1.00887 1.24477
1.00486 1.24427
1.00087 1.24377
0.996853 1.24327
0.99283 1.24277
0.988819 1.24227
0.984805 1.24177
0.980746 1.24128
0.976727 1.24078
0.972712 1.24028
0.96867 1.23978
0.964632 1.23928
0.960642 1.23878
0.956632 1.23829
0.952589 1.23779
0.948558 1.23729
0.944563 1.23679
0.940543 1.23629
0.93654 1.23579
0.932523 1.23529
0.928524 1.2348
0.92449 1.2343
0.92048 1.2338
0.916484 1.2333
0.912488 1.2328
0.908495 1.2323
0.904491 1.2318
0.900475 1.23131
0.896473 1.23081
0.892474 1.23031
0.888454 1.22981
0.884461 1.22931
0.880453 1.22881
0.876452 1.22832
0.872425 1.22782
0.868435 1.22732
0.864435 1.22682
0.860431 1.22632
0.85644 1.22582
0.852429 1.22532
0.848437 1.22483
0.844446 1.22433
0.840435 1.22383
0.836406 1.22333
0.832393 1.22283
0.828386 1.22233
0.824378 1.22183
0.820343 1.22134
0.816327 1.22084
0.812334 1.22034
0.80834 1.21984
0.804324 1.21934
0.80033 1.21884
0.796337 1.21834
0.792328 1.21785
0.788339 1.21735
0.784343 1.21685
0.78034 1.21635
0.776347 1.21585
0.772356 1.21535
0.768355 1.21486
0.76433 1.21436
0.760313 1.21386
0.756273 1.21336
0.752264 1.21286
0.748229 1.21236
0.74424 1.21186
0.740238 1.21137
0.736237 1.21087
0.73224 1.21037
0.728219 1.20987
0.724215 1.20937
0.720226 1.20887
0.71621 1.20837
0.712217 1.20788
0.708221 1.20738
0.704223 1.20688
0.700234 1.20638
0.696241 1.20588
0.69225 1.20538
0.688252 1.20489
0.684252 1.20439
0.680261 1.20389
0.676268 1.20339
0.672271 1.20289
0.668265 1.20239
0.664271 1.20189
0.659329 1.2014
0.655308 1.2009
0.651276 1.2004
0.647282 1.1999
0.643273 1.1994
0.639284 1.1989
0.635295 1.1984
0.631266 1.19791
0.627261 1.19741
0.62327 1.19691
0.619257 1.19641
0.615226 1.19591
0.611232 1.19541
0.607243 1.19492
0.603238 1.19442
0.599213 1.19392
0.595222 1.19342
0.591218 1.19292
0.587223 1.19242
0.58323 1.19192
0.57922 1.19143
0.575204 1.19093
0.571185 1.19043
0.567181 1.18993
0.563186 1.18943
0.559192 1.18893
0.555182 1.18843
0.551193 1.18794
0.547196 1.18744
0.543146 1.18694
0.539083 1.18644
0.53508 1.18594
0.528912 1.18544
0.524916 1.18495
0.520826 1.18445
0.516816 1.18395
0.512798 1.18345
0.508766 1.18295
0.504775 1.18245
0.500784 1.18195
0.496782 1.18146
0.492773 1.18096
0.488764 1.18046
0.484763 1.17996
0.480766 1.17946
0.476726 1.17896
0.472724 1.17846
0.468731 1.17797
0.46472 1.17747
0.460716 1.17697
0.456711 1.17647
0.452691 1.17597
0.447008 1.17547
0.443009 1.17498
0.43901 1.17448
0.435016 1.17398
0.431024 1.17348
0.427006 1.17298
0.423017 1.17248
0.419009 1.17198
0.415012 1.17149
0.411022 1.17099
0.40698 1.17049
0.402961 1.16999
0.398966 1.16949
0.394953 1.16899
0.39096 1.16849
0.386969 1.168
0.382949 1.1675
0.378958 1.167
0.374965 1.1665
0.370953 1.166
0.366956 1.1655
0.362923 1.165
0.358917 1.16451
0.354919 1.16401
0.350929 1.16351
0.346927 1.16301
0.342934 1.16251
0.338941 1.16201
0.334937 1.16152
0.330933 1.16102
0.32694 1.16052
0.322918 1.16002
0.318924 1.15952
0.314936 1.15902
0.310931 1.15852
0.306941 1.15803
0.302938 1.15753
0.298943 1.15703
0.294936 1.15653
0.290948 1.15603
0.286954 1.15553
0.282956 1.15503
0.278967 1.15454
0.274946 1.15404
0.270955 1.15354
0.266951 1.15304
0.262961 1.15254
0.258947 1.15204
0.254932 1.15155
0.250931 1.15105
0.246912 1.15055
0.242918 1.15005
0.238892 1.14955
0.234902 1.14905
0.230914 1.14855
0.226914 1.14806
0.222921 1.14756
0.218933 1.14706
0.214941 1.14656
0.210913 1.14606
0.206918 1.14556
0.202905 1.14506
0.198894 1.14457
0.194895 1.14407
0.190858 1.14357
0.186858 1.14307
0.18286 1.14257
0.178859 1.14207
0.174849 1.14158
0.17086 1.14108
0.166853 1.14058
0.162816 1.14008
0.158823 1.13958
0.154826 1.13908
0.150838 1.13858
0.146844 1.13809
0.142855 1.13759
0.138864 1.13709
0.134866 1.13659
0.130878 1.13609
0.12689 1.13559
0.122897 1.13509
0.118902 1.1346
0.114886 1.1341
0.110889 1.1336
0.106895 1.1331
0.102889 1.1326
0.098875 1.1321
0.0948676 1.13161
0.0908726 1.13111
0.0868844 1.13061
0.0828925 1.13011
0.0788903 1.12961
0.0748877 1.12911
0.0708954 1.12861
0.0668699 1.12812
0.0628569 1.12762
0.0588614 1.12712
0.0548452 1.12662
0.050849 1.12612
0.046852 1.12562
0.0428558 1.12512
0.0388623 1.12463
0.0348741 1.12413
0.0308617 1.12363
0.0268736 1.12313
0.0228698 1.12263
0.0188743 1.12213
0.0148825 1.12164
0.0108876 1.12114
0.00689721 1.12064
0.00289766 1.12014
-0.00109767 1.11964
-0.00509321 1.11914
-0.00908191 1.11864
-0.0130767 1.11815
-0.0170801 1.11765
-0.0210689 1.11715
-0.0250788 1.11665
-0.0292058 1.11615
-0.0332143 1.11565
-0.0372127 1.11515
-0.0412099 1.11466
-0.045198 1.11416
-0.0491953 1.11366
-0.0531974 1.11316
-0.057195 1.11266
-0.0611872 1.11216
-0.0651848 1.11167
-0.0691874 1.11117
-0.0731899 1.11067
-0.0772079 1.11017
-0.0812141 1.10967
-0.0852037 1.10917
-0.0891958 1.10867
-0.0932287 1.10818
-0.0972383 1.10768
-0.101237 1.10718
-0.105247 1.10668
-0.109235 1.10618
-0.113229 1.10568
-0.117221 1.10518
-0.121216 1.10469
-0.125211 1.10419
-0.129215 1.10369
-0.133203 1.10319
-0.137204 1.10269
-0.141211 1.10219
-0.1452 1.10169
-0.149191 1.1012
-0.15318 1.1007
-0.157193 1.1002
-0.161181 1.0997
-0.165191 1.0992
-0.169185 1.0987
-0.173184 1.09821
-0.178885 1.09771
-0.182883 1.09721
-0.186877 1.09671
-0.19087 1.09621
-0.194858 1.09571
-0.198855 1.09521
-0.202846 1.09472
-0.206847 1.09422
-0.210836 1.09372
-0.214834 1.09322
-0.218822 1.09272
-0.222822 1.09222
-0.226825 1.09172
-0.230834 1.09123
-0.234841 1.09073
-0.23885 1.09023
-0.242852 1.08973
-0.24684 1.08923
-0.250838 1.08873
-0.254832 1.08824
-0.25882 1.08774
-0.262993 1.08724
-0.266989 1.08674
-0.275642 1.08624
-0.279666 1.08574
-0.283666 1.08524
-0.287654 1.08475
-0.291661 1.08425
-0.295661 1.08375
-0.299745 1.08325
-0.303748 1.08275
-0.307757 1.08225
-0.311764 1.08175
-0.315814 1.08126
-0.319808 1.08076
-0.323797 1.08026
-0.327792 1.07976
-0.331782 1.07926
-0.335781 1.07876
-0.339772 1.07827
-0.347765 1.07777
-0.351904 1.07727
-0.355896 1.07677
-0.359894 1.07627
-0.363887 1.07577
-0.367887 1.07527
-0.371876 1.07478
-0.375897 1.07428
-0.379894 1.07378
-0.383884 1.07328
-0.387876 1.07278
-0.391867 1.07228
-0.39586 1.07178
-0.399859 1.07129
-0.403859 1.07079
-0.407847 1.07029
-0.41184 1.06979
-0.415828 1.06929
-0.419823 1.06879
-0.423823 1.0683
-0.427826 1.0678
-0.431816 1.0673
-0.435827 1.0668
-0.439817 1.0663
-0.443809 1.0658
-0.448821 1.0653
-0.452829 1.06481
-0.456818 1.06431
-0.460813 1.06381
-0.464827 1.06331
-0.468816 1.06281
-0.472807 1.06231
-0.476796 1.06181
-0.480788 1.06132
-0.484801 1.06082
-0.488801 1.06032
-0.492802 1.05982
-0.496798 1.05932
-0.5008 1.05882
-0.504789 1.05833
-0.508782 1.05783
-0.51279 1.05733
-0.516778 1.05683
-0.520774 1.05633
-0.524767 1.05583
-0.528763 1.05533
-0.53276 1.05484
-0.536753 1.05434
-0.540749 1.05384
-0.544752 1.05334
-0.548759 1.05284
-0.552762 1.05234
-0.556759 1.05184
-0.560754 1.05135
-0.564743 1.05085
-0.568739 1.05035
-0.57273 1.04985
-0.576721 1.04935
-0.580713 1.04885
-0.584708 1.04835
-0.588699 1.04786
-0.592692 1.04736
-0.59668 1.04686
-0.600682 1.04636
-0.604674 1.04586
-0.608676 1.04536
-0.612673 1.04487
-0.616667 1.04437
-0.620658 1.04387
-0.62466 1.04337
-0.62865 1.04287
-0.632648 1.04237
-0.636658 1.04187
-0.640648 1.04138
-0.644638 1.04088
-0.648627 1.04038
-0.652618 1.03988
-0.65661 1.03938
-0.6606 1.03888
-0.664595 1.03838
-0.668596 1.03789
-0.672586 1.03739
-0.676603 1.03689
-0.680592 1.03639
-0.684585 1.03589
-0.688593 1.03539
-0.692598 1.0349
-0.696617 1.0344
-0.700606 1.0339
-0.704601 1.0334
-0.70859 1.0329
-0.712602 1.0324
-0.716591 1.0319
-0.720588 1.03141
-0.724581 1.03091
-0.72858 1.03041
-0.73257 1.02991
-0.736558 1.02941
-0.740549 1.02891
-0.744641 1.02841
-0.74863 1.02792
-0.752628 1.02742
-0.756619 1.02692
-0.760642 1.02642
-0.764633 1.02592
-0.768621 1.02542
-0.772626 1.02493
-0.777355 1.02443
-0.781353 1.02393
-0.785348 1.02343
-0.789345 1.02293
-0.793352 1.02243
-0.79734 1.02193
-0.801335 1.02144
-0.805333 1.02094
-0.809321 1.02044
-0.81332 1.01994
-0.81731 1.01944
-0.821318 1.01894
-0.825316 1.01844
-0.82931 1.01795
-0.833309 1.01745
-0.837308 1.01695
-0.841298 1.01645
-0.845287 1.01595
-0.84928 1.01545
-0.853276 1.01496
-0.857264 1.01446
-0.861261 1.01396
-0.865251 1.01346
-0.869244 1.01296
-0.87361 1.01246
-0.877598 1.01196
-0.881597 1.01147
-0.885585 1.01097
-0.889577 1.01047
-0.893572 1.00997
-0.897566 1.00947
-0.901556 1.00897
-0.905571 1.00847
-0.909561 1.00798
-0.91355 1.00748
-0.917538 1.00698
-0.921544 1.00648
-0.925536 1.00598
-0.929532 1.00548
-0.933531 1.00499
-0.937552 1.00449
-0.941549 1.00399
-0.945547 1.00349
-0.949564 1.00299
-0.953554 1.00249
-0.957544 1.00199
-0.961533 1.0015
-0.965521 1.001
-0.969518 1.0005
-0.973506 1
