Man
0 0
0.0039974 0.000998004
-0.00258858 0.00199601
-0.00554365 0.00299401
-0.00996348 0.00399202
-0.0124502 0.00499002
-0.0132961 0.00598802
-0.0151533 0.00698603
-0.0187307 0.00798403
-0.023629 0.00898204
-0.0305419 0.00998004
-0.0298828 0.010978
-0.0366756 0.011976
-0.037069 0.0129741
-0.0425104 0.0139721
-0.0506621 0.0149701
-0.0526113 0.0159681
-0.057793 0.0169661
-0.0590742 0.0179641
-0.0669715 0.0189621
-0.0696913 0.0199601
-0.0730542 0.0209581
-0.0770809 0.0219561
-0.0843966 0.0229541
-0.0889907 0.0239521
-0.0951104 0.0249501
-0.0965352 0.0259481
-0.101391 0.0269461
-0.102467 0.0279441
-0.107243 0.0289421
-0.111453 0.0299401
-0.115656 0.0309381
-0.111782 0.0319361
-0.113505 0.0329341
-0.122506 0.0339321
-0.132904 0.0349301
-0.14052 0.0359281
-0.142201 0.0369261
-0.147395 0.0379242
-0.147041 0.0389222
-0.155665 0.0399202
-0.15725 0.0409182
-0.164844 0.0419162
-0.167603 0.0429142
-0.171483 0.0439122
-0.176224 0.0449102
-0.175324 0.0459082
-0.179932 0.0469062
-0.186113 0.0479042
-0.190119 0.0489022
-0.190938 0.0499002
-0.197421 0.0508982
-0.199169 0.0518962
-0.206034 0.0528942
-0.209525 0.0538922
-0.216409 0.0548902
-0.220595 0.0558882
-0.226463 0.0568862
-0.22521 0.0578842
-0.228191 0.0588822
-0.233852 0.0598802
-0.240777 0.0608782
-0.240194 0.0618762
-0.244343 0.0628743
-0.246056 0.0638723
-0.249857 0.0648703
-0.25329 0.0658683
-0.256988 0.0668663
-0.255974 0.0678643
-0.260956 0.0688623
-0.266129 0.0698603
-0.272532 0.0708583
-0.279012 0.0718563
-0.283778 0.0728543
-0.290038 0.0738523
-0.295519 0.0748503
-0.295758 0.0758483
-0.303562 0.0768463
-0.305791 0.0778443
-0.308718 0.0788423
-0.310121 0.0798403
-0.313939 0.0808383
-0.326286 0.0818363
-0.328128 0.0828343
-0.333033 0.0838323
-0.337128 0.0848303
-0.340454 0.0858283
-0.343576 0.0868263
-0.350606 0.0878244
-0.36203 0.0888224
-0.363899 0.0898204
-0.367024 0.0908184
-0.373528 0.0918164
-0.376661 0.0928144
-0.377885 0.0938124
-0.380456 0.0948104
-0.385935 0.0958084
-0.394019 0.0968064
-0.397069 0.0978044
-0.397752 0.0988024
-0.405157 0.0998004
-0.412438 0.100798
-0.416597 0.101796
-0.420579 0.102794
-0.425765 0.103792
-0.430264 0.10479
-0.43311 0.105788
-0.440471 0.106786
-0.444864 0.107784
-0.448374 0.108782
-0.455647 0.10978
-0.460812 0.110778
-0.465599 0.111776
-0.46832 0.112774
-0.47048 0.113772
-0.472014 0.11477
-0.477734 0.115768
-0.487428 0.116766
-0.490058 0.117764
-0.495602 0.118762
-0.500686 0.11976
-0.501799 0.120758
-0.51004 0.121756
-0.514329 0.122754
-0.518646 0.123752
-0.523901 0.12475
-0.530547 0.125749
-0.532418 0.126747
-0.53805 0.127745
-0.543955 0.128743
-0.549269 0.129741
-0.551915 0.130739
-0.555376 0.131737
-0.55939 0.132735
-0.562193 0.133733
-0.564762 0.134731
-0.566228 0.135729
-0.569695 0.136727
-0.575193 0.137725
-0.580383 0.138723
-0.584241 0.139721
-0.58897 0.140719
-0.592552 0.141717
-0.599998 0.142715
-0.604135 0.143713
-0.607456 0.144711
-0.612466 0.145709
-0.615199 0.146707
-0.619915 0.147705
-0.623685 0.148703
-0.62777 0.149701
-0.627964 0.150699
-0.6326 0.151697
-0.636885 0.152695
-0.64042 0.153693
-0.643743 0.154691
-0.647523 0.155689
-0.651228 0.156687
-0.645725 0.157685
-0.647111 0.158683
-0.650718 0.159681
-0.654282 0.160679
-0.657388 0.161677
-0.659011 0.162675
-0.662506 0.163673
-0.665062 0.164671
-0.66755 0.165669
-0.670906 0.166667
-0.674979 0.167665
-0.672073 0.168663
-0.676135 0.169661
-0.679709 0.170659
-0.682897 0.171657
-0.686186 0.172655
-0.688181 0.173653
-0.689894 0.174651
-0.692675 0.175649
-0.694325 0.176647
-0.696791 0.177645
-0.699148 0.178643
-0.702497 0.179641
-0.706074 0.180639
-0.707959 0.181637
-0.710415 0.182635
-0.71248 0.183633
-0.715418 0.184631
-0.71798 0.185629
-0.719991 0.186627
-0.722663 0.187625
-0.724054 0.188623
-0.726706 0.189621
-0.72886 0.190619
-0.730999 0.191617
-0.733496 0.192615
-0.735061 0.193613
-0.737082 0.194611
-0.738638 0.195609
-0.74086 0.196607
-0.743302 0.197605
-0.745011 0.198603
-0.746949 0.199601
-0.744429 0.200599
-0.744882 0.201597
-0.747016 0.202595
-0.748435 0.203593
-0.750498 0.204591
-0.752585 0.205589
-0.754972 0.206587
-0.755605 0.207585
-0.756715 0.208583
-0.75896 0.209581
-0.760326 0.210579
-0.76168 0.211577
-0.762933 0.212575
-0.764499 0.213573
-0.766072 0.214571
-0.767598 0.215569
-0.768973 0.216567
-0.770225 0.217565
-0.771813 0.218563
-0.773577 0.219561
-0.77501 0.220559
-0.776261 0.221557
-0.777431 0.222555
-0.778903 0.223553
-0.780075 0.224551
-0.781259 0.225549
-0.782441 0.226547
-0.783916 0.227545
-0.785239 0.228543
-0.786475 0.229541
-0.78787 0.230539
-0.789626 0.231537
-0.790594 0.232535
-0.791755 0.233533
-0.792744 0.234531
-0.79366 0.235529
-0.795126 0.236527
-0.796173 0.237525
-0.797609 0.238523
-0.798442 0.239521
-0.799723 0.240519
-0.800986 0.241517
-0.802175 0.242515
-0.802929 0.243513
-0.803999 0.244511
-0.80546 0.245509
-0.806272 0.246507
-0.807525 0.247505
-0.808421 0.248503
-0.809634 0.249501
-0.810594 0.250499
-0.811389 0.251497
-0.812406 0.252495
-0.813264 0.253493
-0.814232 0.254491
-0.815059 0.255489
-0.815845 0.256487
-0.816801 0.257485
-0.817411 0.258483
-0.818393 0.259481
-0.819292 0.260479
-0.820367 0.261477
-0.821042 0.262475
-0.821854 0.263473
-0.822975 0.264471
-0.823866 0.265469
-0.824745 0.266467
-0.82547 0.267465
-0.826625 0.268463
-0.827716 0.269461
-0.828525 0.270459
-0.829504 0.271457
-0.8301 0.272455
-0.831002 0.273453
-0.831774 0.274451
-0.832722 0.275449
-0.833226 0.276447
-0.834281 0.277445
-0.835189 0.278443
-0.836015 0.279441
-0.836483 0.280439
-0.83736 0.281437
-0.837835 0.282435
-0.838563 0.283433
-0.839446 0.284431
-0.840074 0.285429
-0.84075 0.286427
-0.841599 0.287425
-0.842062 0.288423
-0.842825 0.289421
-0.843351 0.290419
-0.843774 0.291417
-0.843311 0.292415
-0.844079 0.293413
-0.844818 0.294411
-0.845512 0.295409
-0.845949 0.296407
-0.846838 0.297405
-0.84761 0.298403
-0.848002 0.299401
-0.848428 0.300399
-0.849139 0.301397
-0.849648 0.302395
-0.850459 0.303393
-0.850967 0.304391
-0.851691 0.305389
-0.852343 0.306387
-0.853138 0.307385
-0.853806 0.308383
-0.854155 0.309381
-0.854909 0.310379
-0.855564 0.311377
-0.856154 0.312375
-0.857044 0.313373
-0.857964 0.314371
-0.858628 0.315369
-0.859015 0.316367
-0.85969 0.317365
-0.8602 0.318363
-0.861095 0.319361
-0.861663 0.320359
-0.862339 0.321357
-0.86285 0.322355
-0.863547 0.323353
-0.863807 0.324351
-0.864317 0.325349
-0.864822 0.326347
-0.865258 0.327345
-0.865791 0.328343
-0.86638 0.329341
-0.866795 0.330339
-0.867329 0.331337
-0.868089 0.332335
-0.868524 0.333333
-0.86908 0.334331
-0.869796 0.335329
-0.870532 0.336327
-0.87099 0.337325
-0.871465 0.338323
-0.872266 0.339321
-0.872879 0.340319
-0.873529 0.341317
-0.874128 0.342315
-0.874564 0.343313
-0.875094 0.344311
-0.875515 0.345309
-0.875974 0.346307
-0.876532 0.347305
-0.877068 0.348303
-0.877592 0.349301
-0.878027 0.350299
-0.878568 0.351297
-0.879022 0.352295
-0.879398 0.353293
-0.879799 0.354291
-0.880201 0.355289
-0.880694 0.356287
-0.880952 0.357285
-0.881231 0.358283
-0.881828 0.359281
-0.882396 0.360279
-0.882726 0.361277
-0.883242 0.362275
-0.883768 0.363273
-0.884145 0.364271
-0.88464 0.365269
-0.885219 0.366267
-0.885564 0.367265
-0.885946 0.368263
-0.886295 0.369261
-0.886759 0.370259
-0.887232 0.371257
-0.887749 0.372255
-0.88795 0.373253
-0.88837 0.374251
-0.888864 0.37525
-0.889299 0.376248
-0.889391 0.377246
-0.88992 0.378244
-0.890361 0.379242
-0.890816 0.38024
-0.891161 0.381238
-0.891468 0.382236
-0.89193 0.383234
-0.892401 0.384232
-0.892823 0.38523
-0.893069 0.386228
-0.893575 0.387226
-0.893984 0.388224
-0.894176 0.389222
-0.894371 0.39022
-0.894695 0.391218
-0.895121 0.392216
-0.895466 0.393214
-0.89574 0.394212
-0.896053 0.39521
-0.896367 0.396208
-0.896786 0.397206
-0.897373 0.398204
-0.897673 0.399202
-0.897941 0.4002
-0.898257 0.401198
-0.89858 0.402196
-0.898976 0.403194
-0.899348 0.404192
-0.899602 0.40519
-0.899916 0.406188
-0.900253 0.407186
-0.900697 0.408184
-0.901182 0.409182
-0.90153 0.41018
-0.901846 0.411178
-0.902203 0.412176
-0.902368 0.413174
-0.902672 0.414172
-0.902917 0.41517
-0.903097 0.416168
-0.903388 0.417166
-0.903656 0.418164
-0.904057 0.419162
-0.904455 0.42016
-0.904743 0.421158
-0.905079 0.422156
-0.905417 0.423154
-0.905657 0.424152
-0.905896 0.42515
-0.906128 0.426148
-0.906685 0.427146
-0.906901 0.428144
-0.907207 0.429142
-0.907443 0.43014
-0.907726 0.431138
-0.908209 0.432136
-0.908419 0.433134
-0.908556 0.434132
-0.908971 0.43513
-0.909326 0.436128
-0.909668 0.437126
-0.91 0.438124
-0.91023 0.439122
-0.910561 0.44012
-0.910783 0.441118
-0.910952 0.442116
-0.911265 0.443114
-0.91158 0.444112
-0.911667 0.44511
-0.912114 0.446108
-0.912398 0.447106
-0.912556 0.448104
-0.912912 0.449102
-0.913191 0.4501
-0.913435 0.451098
-0.91366 0.452096
-0.913827 0.453094
-0.914016 0.454092
-0.914252 0.45509
-0.914474 0.456088
-0.914684 0.457086
-0.914891 0.458084
-0.915103 0.459082
-0.915344 0.46008
-0.915774 0.461078
-0.915925 0.462076
-0.916223 0.463074
-0.916464 0.464072
-0.916731 0.46507
-0.917037 0.466068
-0.917346 0.467066
-0.917662 0.468064
-0.917847 0.469062
-0.918172 0.47006
-0.918441 0.471058
-0.918739 0.472056
-0.918942 0.473054
-0.919295 0.474052
-0.919518 0.47505
-0.919758 0.476048
-0.919945 0.477046
-0.920246 0.478044
-0.920517 0.479042
-0.920673 0.48004
-0.920828 0.481038
-0.921129 0.482036
-0.921369 0.483034
-0.921606 0.484032
-0.921702 0.48503
-0.922067 0.486028
-0.9223 0.487026
-0.922629 0.488024
-0.922879 0.489022
-0.92315 0.49002
-0.923316 0.491018
-0.923573 0.492016
-0.923696 0.493014
-0.923973 0.494012
-0.924184 0.49501
-0.924309 0.496008
-0.924697 0.497006
-0.92495 0.498004
-0.925109 0.499002
-0.925384 0.5
-0.92569 0.500998
-0.925855 0.501996
-0.926191 0.502994
-0.926365 0.503992
-0.926597 0.50499
-0.926784 0.505988
-0.926895 0.506986
-0.927272 0.507984
-0.927588 0.508982
-0.92774 0.50998
-0.92807 0.510978
-0.928267 0.511976
-0.928369 0.512974
-0.928614 0.513972
-0.928857 0.51497
-0.929006 0.515968
-0.929172 0.516966
-0.929385 0.517964
-0.929501 0.518962
-0.929706 0.51996
-0.929965 0.520958
-0.93006 0.521956
-0.93023 0.522954
-0.930492 0.523952
-0.930706 0.52495
-0.930906 0.525948
-0.931146 0.526946
-0.931338 0.527944
-0.930674 0.528942
-0.930909 0.52994
-0.93106 0.530938
-0.931357 0.531936
-0.931631 0.532934
-0.931823 0.533932
-0.931975 0.53493
-0.932141 0.535928
-0.932281 0.536926
-0.932443 0.537924
-0.93256 0.538922
-0.932748 0.53992
-0.932902 0.540918
-0.933213 0.541916
-0.933509 0.542914
-0.933719 0.543912
-0.933919 0.54491
-0.934087 0.545908
-0.934413 0.546906
-0.934535 0.547904
-0.934667 0.548902
-0.934805 0.5499
-0.934946 0.550898
-0.934984 0.551896
-0.935172 0.552894
-0.935308 0.553892
-0.935449 0.55489
-0.935734 0.555888
-0.935879 0.556886
-0.936136 0.557884
-0.936302 0.558882
-0.936411 0.55988
-0.936608 0.560878
-0.937042 0.561876
-0.937198 0.562874
-0.937391 0.563872
-0.937572 0.56487
-0.937841 0.565868
-0.938026 0.566866
-0.938283 0.567864
-0.93844 0.568862
-0.938524 0.56986
-0.938635 0.570858
-0.938908 0.571856
-0.939183 0.572854
-0.939323 0.573852
-0.939513 0.57485
-0.939703 0.575848
-0.939914 0.576846
-0.940021 0.577844
-0.940136 0.578842
-0.940466 0.57984
-0.940655 0.580838
-0.940779 0.581836
-0.940992 0.582834
-0.941143 0.583832
-0.941423 0.58483
-0.941587 0.585828
-0.941627 0.586826
-0.941716 0.587824
-0.941833 0.588822
-0.941968 0.58982
-0.942221 0.590818
-0.942367 0.591816
-0.942508 0.592814
-0.942566 0.593812
-0.942693 0.59481
-0.942857 0.595808
-0.943059 0.596806
-0.943319 0.597804
-0.943372 0.598802
-0.943572 0.5998
-0.943705 0.600798
-0.943831 0.601796
-0.943995 0.602794
-0.944088 0.603792
-0.944325 0.60479
-0.944377 0.605788
-0.944641 0.606786
-0.944876 0.607784
-0.94502 0.608782
-0.945164 0.60978
-0.945279 0.610778
-0.945452 0.611776
-0.945614 0.612774
-0.945724 0.613772
-0.945789 0.61477
-0.94602 0.615768
-0.946137 0.616766
-0.946307 0.617764
-0.94652 0.618762
-0.946716 0.61976
-0.946724 0.620758
-0.946847 0.621756
-0.947003 0.622754
-0.947134 0.623752
-0.947144 0.62475
-0.947385 0.625749
-0.947524 0.626747
-0.947661 0.627745
-0.947791 0.628743
-0.947884 0.629741
-0.948 0.630739
-0.948114 0.631737
-0.94819 0.632735
-0.948325 0.633733
-0.948587 0.634731
-0.948756 0.635729
-0.948986 0.636727
-0.949151 0.637725
-0.949311 0.638723
-0.949442 0.639721
-0.948281 0.640719
-0.948354 0.641717
-0.94851 0.642715
-0.948578 0.643713
-0.948751 0.644711
-0.948939 0.645709
-0.949177 0.646707
-0.949367 0.647705
-0.949491 0.648703
-0.949556 0.649701
-0.949687 0.650699
-0.949813 0.651697
-0.949927 0.652695
-0.949985 0.653693
-0.950111 0.654691
-0.955707 0.655689
-0.955784 0.656687
-0.955978 0.657685
-0.956229 0.658683
-0.956392 0.659681
-0.956589 0.660679
-0.956617 0.661677
-0.956823 0.662675
-0.95695 0.663673
-0.957165 0.664671
-0.957253 0.665669
-0.957252 0.666667
-0.957491 0.667665
-0.957556 0.668663
-0.957601 0.669661
-0.957716 0.670659
-0.957914 0.671657
-0.958079 0.672655
-0.958175 0.673653
-0.958317 0.674651
-0.958512 0.675649
-0.958628 0.676647
-0.958784 0.677645
-0.958948 0.678643
-0.959094 0.679641
-0.959206 0.680639
-0.959198 0.681637
-0.959271 0.682635
-0.959386 0.683633
-0.959441 0.684631
-0.959647 0.685629
-0.959734 0.686627
-0.959757 0.687625
-0.95982 0.688623
-0.959911 0.689621
-0.959976 0.690619
-0.960116 0.691617
-0.96027 0.692615
-0.960369 0.693613
-0.960453 0.694611
-0.960476 0.695609
-0.960539 0.696607
-0.960649 0.697605
-0.960731 0.698603
-0.964725 0.699601
-0.964872 0.700599
-0.964983 0.701597
-0.965064 0.702595
-0.96526 0.703593
-0.965441 0.704591
-0.965491 0.705589
-0.965715 0.706587
-0.965832 0.707585
-0.965922 0.708583
-0.966043 0.709581
-0.966118 0.710579
-0.966152 0.711577
-0.966366 0.712575
-0.966543 0.713573
-0.966556 0.714571
-0.966693 0.715569
-0.96692 0.716567
-0.966962 0.717565
-0.967058 0.718563
-0.967233 0.719561
-0.967321 0.720559
-0.967378 0.721557
-0.96748 0.722555
-0.967564 0.723553
-0.967658 0.724551
-0.967757 0.725549
-0.967865 0.726547
-0.967996 0.727545
-0.968057 0.728543
-0.968163 0.729541
-0.968262 0.730539
-0.968443 0.731537
-0.968553 0.732535
-0.968669 0.733533
-0.968692 0.734531
-0.968862 0.735529
-0.968969 0.736527
-0.96909 0.737525
-0.969177 0.738523
-0.969252 0.739521
-0.969399 0.740519
-0.969495 0.741517
-0.969615 0.742515
-0.969769 0.743513
-0.96976 0.744511
-0.969953 0.745509
-0.970028 0.746507
-0.970182 0.747505
-0.970322 0.748503
-0.97055 0.749501
-0.970611 0.750499
-0.970706 0.751497
-0.970868 0.752495
-0.9704 0.753493
-0.970491 0.754491
-0.970588 0.755489
-0.970559 0.756487
-0.970668 0.757485
-0.970784 0.758483
-0.970948 0.759481
-0.971023 0.760479
-0.97111 0.761477
-0.971158 0.762475
-0.971251 0.763473
-0.971425 0.764471
-0.971475 0.765469
-0.971682 0.766467
-0.971741 0.767465
-0.971765 0.768463
-0.971765 0.769461
-0.971847 0.770459
-0.971917 0.771457
-0.971979 0.772455
-0.972032 0.773453
-0.972166 0.774451
-0.972243 0.775449
-0.972368 0.776447
-0.972468 0.777445
-0.972573 0.778443
-0.972706 0.779441
-0.972842 0.780439
-0.972892 0.781437
-0.973035 0.782435
-0.973151 0.783433
-0.973323 0.784431
-0.973406 0.785429
-0.973549 0.786427
-0.973597 0.787425
-0.97364 0.788423
-0.973784 0.789421
-0.973906 0.790419
-0.973985 0.791417
-0.974014 0.792415
-0.974081 0.793413
-0.97418 0.794411
-0.974236 0.795409
-0.974215 0.796407
-0.974302 0.797405
-0.974356 0.798403
-0.974428 0.799401
-0.97446 0.800399
-0.974554 0.801397
-0.974642 0.802395
-0.974805 0.803393
-0.974848 0.804391
-0.974942 0.805389
-0.97498 0.806387
-0.974982 0.807385
-0.975116 0.808383
-0.975193 0.809381
-0.975225 0.810379
-0.975349 0.811377
-0.97541 0.812375
-0.975479 0.813373
-0.975487 0.814371
-0.975592 0.815369
-0.975709 0.816367
-0.975864 0.817365
-0.976036 0.818363
-0.976166 0.819361
-0.976234 0.820359
-0.976352 0.821357
-0.976448 0.822355
-0.976514 0.823353
-0.976585 0.824351
-0.976616 0.825349
-0.97666 0.826347
-0.976803 0.827345
-0.976895 0.828343
-0.977004 0.829341
-0.977002 0.830339
-0.977109 0.831337
-0.977168 0.832335
-0.977238 0.833333
-0.977387 0.834331
-0.977496 0.835329
-0.977576 0.836327
-0.977562 0.837325
-0.977689 0.838323
-0.977752 0.839321
-0.977822 0.840319
-0.977908 0.841317
-0.977935 0.842315
-0.977972 0.843313
-0.978133 0.844311
-0.978259 0.845309
-0.978351 0.846307
-0.978448 0.847305
-0.978548 0.848303
-0.978663 0.849301
-0.97872 0.850299
-0.978826 0.851297
-0.978891 0.852295
-0.978946 0.853293
-0.979016 0.854291
-0.979082 0.855289
-0.979145 0.856287
-0.979243 0.857285
-0.979337 0.858283
-0.979388 0.859281
-0.979502 0.860279
-0.979547 0.861277
-0.979654 0.862275
-0.979712 0.863273
-0.979853 0.864271
-0.979974 0.865269
-0.980071 0.866267
-0.980099 0.867265
-0.980125 0.868263
-0.980146 0.869261
-0.980281 0.870259
-0.97929 0.871257
-0.97932 0.872255
-0.97944 0.873253
-0.979481 0.874251
-0.979555 0.87525
-0.979649 0.876248
-0.979756 0.877246
-0.97983 0.878244
-0.97992 0.879242
-0.980006 0.88024
-0.980032 0.881238
-0.98015 0.882236
-0.980226 0.883234
-0.980348 0.884232
-0.980325 0.88523
-0.980454 0.886228
-0.980455 0.887226
-0.980487 0.888224
-0.980547 0.889222
-0.980576 0.89022
-0.980543 0.891218
-0.980657 0.892216
-0.98068 0.893214
-0.980755 0.894212
-0.980833 0.89521
-0.98093 0.896208
-0.981004 0.897206
-0.98118 0.898204
-0.981141 0.899202
-0.981188 0.9002
-0.981223 0.901198
-0.981335 0.902196
-0.981343 0.903194
-0.981386 0.904192
-0.981429 0.90519
-0.981493 0.906188
-0.981558 0.907186
-0.981586 0.908184
-0.981679 0.909182
-0.981675 0.91018
-0.981651 0.911178
-0.981732 0.912176
-0.981824 0.913174
-0.981349 0.914172
-0.981436 0.91517
-0.981466 0.916168
-0.981554 0.917166
-0.981606 0.918164
-0.981621 0.919162
-0.981668 0.92016
-0.98174 0.921158
-0.981815 0.922156
-0.981881 0.923154
-0.981926 0.924152
-0.982021 0.92515
-0.98209 0.926148
-0.982152 0.927146
-0.982201 0.928144
-0.982302 0.929142
-0.981321 0.93014
-0.98139 0.931138
-0.981467 0.932136
-0.981531 0.933134
-0.981583 0.934132
-0.9817 0.93513
-0.981789 0.936128
-0.981584 0.937126
-0.981639 0.938124
-0.981717 0.939122
-0.981806 0.94012
-0.981873 0.941118
-0.981901 0.942116
-0.982054 0.943114
-0.982099 0.944112
-0.981564 0.94511
-0.981625 0.946108
-0.981673 0.947106
-0.981799 0.948104
-0.981898 0.949102
-0.98193 0.9501
-0.981974 0.951098
-0.982024 0.952096
-0.9821 0.953094
-0.982185 0.954092
-0.982262 0.95509
-0.982326 0.956088
-0.982379 0.957086
-0.982433 0.958084
-0.982476 0.959082
-0.98256 0.96008
-0.982663 0.961078
-0.982716 0.962076
-0.982713 0.963074
-0.982821 0.964072
-0.982823 0.96507
-0.982895 0.966068
-0.982925 0.967066
-0.982923 0.968064
-0.983029 0.969062
-0.983123 0.97006
-0.983145 0.971058
-0.98321 0.972056
-0.983278 0.973054
-0.983267 0.974052
-0.98329 0.97505
-0.983267 0.976048
-0.983374 0.977046
-0.983408 0.978044
-0.983439 0.979042
-0.983466 0.98004
-0.983184 0.981038
-0.983265 0.982036
-0.983383 0.983034
-0.983446 0.984032
-0.983479 0.98503
-0.983576 0.986028
-0.983667 0.987026
-0.983699 0.988024
-0.983839 0.989022
-0.983856 0.99002
-0.983931 0.991018
-0.983993 0.992016
-0.984086 0.993014
-0.98413 0.994012
-0.984193 0.99501
-0.984232 0.996008
-0.984302 0.997006
-0.984352 0.998004
-0.984448 0.999002
-0.984503 1


Shark
3.14159 1.5
3.1376 1.4995
3.13361 1.499
3.12962 1.4985
3.12562 1.498
3.12163 1.4975
3.11764 1.49701
3.11365 1.49651
3.10965 1.49601
3.10566 1.49551
3.10166 1.49501
3.09767 1.49451
3.09366 1.49401
3.08967 1.49351
3.08567 1.49301
3.08165 1.49251
3.07765 1.49202
3.07365 1.49152
3.06965 1.49102
3.06562 1.49052
3.06162 1.49002
3.05762 1.48952
3.05361 1.48902
3.04957 1.48852
3.04555 1.48802
3.04152 1.48752
3.03752 1.48703
3.0335 1.48653
3.0295 1.48603
3.02547 1.48553
3.02145 1.48503
3.01743 1.48453
3.0134 1.48403
3.00941 1.48353
3.00524 1.48303
3.001 1.48253
2.99686 1.48204
2.99286 1.48154
2.98879 1.48104
2.9848 1.48054
2.98058 1.48004
2.97658 1.47954
2.9724 1.47904
2.96838 1.47854
2.96433 1.47804
2.96025 1.47754
2.95626 1.47705
2.95217 1.47655
2.94801 1.47605
2.94395 1.47555
2.93995 1.47505
2.93575 1.47455
2.93174 1.47405
2.9275 1.47355
2.92344 1.47305
2.91917 1.47255
2.91507 1.47206
2.91087 1.47156
2.90687 1.47106
2.90281 1.47056
2.8986 1.47006
2.89427 1.46956
2.89028 1.46906
2.88616 1.46856
2.88214 1.46806
2.87803 1.46756
2.87394 1.46707
2.86983 1.46657
2.86583 1.46607
2.86161 1.46557
2.85737 1.46507
2.85299 1.46457
2.84859 1.46407
2.84436 1.46357
2.83997 1.46307
2.83566 1.46257
2.83166 1.46208
2.82701 1.46158
2.82296 1.46108
2.81887 1.46058
2.81485 1.46008
2.81067 1.45958
2.80501 1.45908
2.80097 1.45858
2.79666 1.45808
2.79243 1.45758
2.78828 1.45709
2.78415 1.45659
2.77946 1.45609
2.77379 1.45559
2.76974 1.45509
2.76559 1.45459
2.76094 1.45409
2.75679 1.45359
2.75277 1.45309
2.74866 1.45259
2.74416 1.4521
2.73909 1.4516
2.73493 1.4511
2.73093 1.4506
2.72597 1.4501
2.72102 1.4496
2.71669 1.4491
2.71238 1.4486
2.70785 1.4481
2.70344 1.4476
2.69927 1.44711
2.6942 1.44661
2.68978 1.44611
2.68551 1.44561
2.68041 1.44511
2.67581 1.44461
2.67128 1.44411
2.66711 1.44361
2.663 1.44311
2.65895 1.44261
2.65416 1.44212
2.64814 1.44162
2.64396 1.44112
2.63918 1.44062
2.63451 1.44012
2.63049 1.43962
2.62484 1.43912
2.62033 1.43862
2.6158 1.43812
2.61103 1.43762
2.60583 1.43713
2.60173 1.43663
2.59682 1.43613
2.59181 1.43563
2.58696 1.43513
2.58274 1.43463
2.57835 1.43413
2.57383 1.43363
2.56957 1.43313
2.56534 1.43263
2.56127 1.43214
2.55686 1.43164
2.55185 1.43114
2.54694 1.43064
2.5424 1.43014
2.53761 1.42964
2.53314 1.42914
2.52731 1.42864
2.52267 1.42814
2.51824 1.42764
2.5133 1.42715
2.509 1.42665
2.50414 1.42615
2.49957 1.42565
2.49489 1.42515
2.49089 1.42465
2.48602 1.42415
2.48125 1.42365
2.47671 1.42315
2.47222 1.42265
2.46759 1.42216
2.46297 1.42166
2.45769 1.42116
2.4536 1.42066
2.449 1.42016
2.4444 1.41966
2.43993 1.41916
2.43581 1.41866
2.43121 1.41816
2.42688 1.41766
2.42256 1.41717
2.41799 1.41667
2.41315 1.41617
2.40871 1.41567
2.40386 1.41517
2.39919 1.41467
2.39464 1.41417
2.39005 1.41367
2.38582 1.41317
2.38166 1.41267
2.37722 1.41218
2.37306 1.41168
2.3687 1.41118
2.36437 1.41068
2.35971 1.41018
2.35496 1.40968
2.35074 1.40918
2.34637 1.40868
2.3421 1.40818
2.33756 1.40768
2.33314 1.40719
2.32887 1.40669
2.32441 1.40619
2.32028 1.40569
2.31581 1.40519
2.3115 1.40469
2.30718 1.40419
2.30275 1.40369
2.29858 1.40319
2.29429 1.40269
2.29012 1.4022
2.28577 1.4017
2.28133 1.4012
2.27712 1.4007
2.27284 1.4002
2.26837 1.3997
2.26436 1.3992
2.26001 1.3987
2.25585 1.3982
2.25152 1.3977
2.24718 1.39721
2.24273 1.39671
2.2387 1.39621
2.2346 1.39571
2.23019 1.39521
2.22604 1.39471
2.22188 1.39421
2.21775 1.39371
2.21354 1.39321
2.20933 1.39271
2.20513 1.39222
2.20096 1.39172
2.19683 1.39122
2.1926 1.39072
2.18832 1.39022
2.18413 1.38972
2.17999 1.38922
2.17587 1.38872
2.17166 1.38822
2.16754 1.38772
2.1634 1.38723
2.15927 1.38673
2.15506 1.38623
2.15089 1.38573
2.14674 1.38523
2.14255 1.38473
2.13824 1.38423
2.13415 1.38373
2.13001 1.38323
2.12591 1.38273
2.12183 1.38224
2.1176 1.38174
2.11349 1.38124
2.10927 1.38074
2.1052 1.38024
2.10102 1.37974
2.09685 1.37924
2.09269 1.37874
2.08863 1.37824
2.08451 1.37774
2.08027 1.37725
2.0762 1.37675
2.07202 1.37625
2.06793 1.37575
2.06376 1.37525
2.05965 1.37475
2.05558 1.37425
2.05146 1.37375
2.04737 1.37325
2.04326 1.37275
2.03918 1.37226
2.03511 1.37176
2.031 1.37126
2.02696 1.37076
2.02284 1.37026
2.01874 1.36976
2.01459 1.36926
2.01054 1.36876
2.00645 1.36826
2.00229 1.36776
1.99819 1.36727
1.99409 1.36677
1.99002 1.36627
1.98584 1.36577
1.98168 1.36527
1.97759 1.36477
1.97346 1.36427
1.96942 1.36377
1.96531 1.36327
1.96123 1.36277
1.9571 1.36228
1.95307 1.36178
1.94891 1.36128
1.94479 1.36078
1.9407 1.36028
1.93667 1.35978
1.93256 1.35928
1.92853 1.35878
1.92445 1.35828
1.92034 1.35778
1.91628 1.35729
1.91221 1.35679
1.90811 1.35629
1.90408 1.35579
1.89999 1.35529
1.89595 1.35479
1.89193 1.35429
1.8879 1.35379
1.88381 1.35329
1.87972 1.35279
1.87565 1.3523
1.87162 1.3518
1.86749 1.3513
1.8634 1.3508
1.85938 1.3503
1.85535 1.3498
1.85127 1.3493
1.84723 1.3488
1.84312 1.3483
1.83908 1.3478
1.83499 1.34731
1.83092 1.34681
1.82681 1.34631
1.82274 1.34581
1.81872 1.34531
1.81462 1.34481
1.81055 1.34431
1.80649 1.34381
1.80234 1.34331
1.79819 1.34281
1.79411 1.34232
1.79009 1.34182
1.786 1.34132
1.78196 1.34082
1.77781 1.34032
1.77375 1.33982
1.76966 1.33932
1.76562 1.33882
1.76153 1.33832
1.75752 1.33782
1.75347 1.33733
1.74943 1.33683
1.74539 1.33633
1.74134 1.33583
1.73728 1.33533
1.73325 1.33483
1.72919 1.33433
1.72507 1.33383
1.72104 1.33333
1.71698 1.33283
1.71287 1.33234
1.70876 1.33184
1.70472 1.33134
1.70068 1.33084
1.69654 1.33034
1.69246 1.32984
1.68837 1.32934
1.6843 1.32884
1.68026 1.32834
1.6762 1.32784
1.67217 1.32735
1.66813 1.32685
1.66406 1.32635
1.66 1.32585
1.65594 1.32535
1.6519 1.32485
1.64784 1.32435
1.6438 1.32385
1.63977 1.32335
1.63574 1.32285
1.63171 1.32236
1.62765 1.32186
1.62364 1.32136
1.61963 1.32086
1.61555 1.32036
1.61147 1.31986
1.60745 1.31936
1.60339 1.31886
1.59933 1.31836
1.5953 1.31786
1.59124 1.31737
1.58716 1.31687
1.58314 1.31637
1.57911 1.31587
1.57508 1.31537
1.57103 1.31487
1.56698 1.31437
1.56291 1.31387
1.55891 1.31337
1.55487 1.31287
1.55081 1.31238
1.54676 1.31188
1.54277 1.31138
1.5387 1.31088
1.53465 1.31038
1.5306 1.30988
1.52657 1.30938
1.52255 1.30888
1.5185 1.30838
1.51444 1.30788
1.5104 1.30739
1.50639 1.30689
1.50232 1.30639
1.49828 1.30589
1.49427 1.30539
1.49027 1.30489
1.48625 1.30439
1.4822 1.30389
1.47817 1.30339
1.47415 1.30289
1.47013 1.3024
1.46611 1.3019
1.46206 1.3014
1.45796 1.3009
1.45394 1.3004
1.44993 1.2999
1.4459 1.2994
1.44188 1.2989
1.43783 1.2984
1.4338 1.2979
1.42978 1.29741
1.42576 1.29691
1.42173 1.29641
1.41767 1.29591
1.4136 1.29541
1.40957 1.29491
1.40554 1.29441
1.40151 1.29391
1.39751 1.29341
1.39348 1.29291
1.38947 1.29242
1.38547 1.29192
1.38145 1.29142
1.37743 1.29092
1.37338 1.29042
1.36934 1.28992
1.36531 1.28942
1.36128 1.28892
1.35725 1.28842
1.35324 1.28792
1.34922 1.28743
1.34521 1.28693
1.34111 1.28643
1.3371 1.28593
1.33307 1.28543
1.32906 1.28493
1.32504 1.28443
1.32096 1.28393
1.31695 1.28343
1.31295 1.28293
1.3089 1.28244
1.30486 1.28194
1.30082 1.28144
1.29679 1.28094
1.29277 1.28044
1.28874 1.27994
1.28473 1.27944
1.28073 1.27894
1.27669 1.27844
1.27266 1.27794
1.26867 1.27745
1.2646 1.27695
1.26057 1.27645
1.25657 1.27595
1.25253 1.27545
1.24851 1.27495
1.24449 1.27445
1.24048 1.27395
1.23647 1.27345
1.23247 1.27295
1.22845 1.27246
1.22444 1.27196
1.22043 1.27146
1.21642 1.27096
1.21241 1.27046
1.20839 1.26996
1.20432 1.26946
1.20032 1.26896
1.19629 1.26846
1.19227 1.26796
1.18825 1.26747
1.18422 1.26697
1.18018 1.26647
1.17615 1.26597
1.17214 1.26547
1.1681 1.26497
1.16408 1.26447
1.16005 1.26397
1.15604 1.26347
1.15199 1.26297
1.14798 1.26248
1.14396 1.26198
1.13995 1.26148
1.13592 1.26098
1.13189 1.26048
1.12789 1.25998
1.12388 1.25948
1.11985 1.25898
1.11583 1.25848
1.11181 1.25798
1.10782 1.25749
1.10376 1.25699
1.09974 1.25649
1.0957 1.25599
1.09168 1.25549
1.08765 1.25499
1.08365 1.25449
1.07962 1.25399
1.07562 1.25349
1.07159 1.25299
1.06758 1.2525
1.06358 1.252
1.05952 1.2515
1.05549 1.251
1.05149 1.2505
1.04746 1.25
1.04342 1.2495
1.03941 1.249
1.03536 1.2485
1.03136 1.248
1.02734 1.2475
1.02333 1.24701
1.01933 1.24651
1.01526 1.24601
1.01122 1.24551
1.00722 1.24501
1.00317 1.24451
0.999157 1.24401
0.995159 1.24351
0.991136 1.24301
0.987112 1.24251
0.983108 1.24202
0.979102 1.24152
0.975085 1.24102
0.971086 1.24052
0.967071 1.24002
0.963043 1.23952
0.959046 1.23902
0.955038 1.23852
0.951009 1.23802
0.946992 1.23752
0.942978 1.23703
0.938954 1.23653
0.934941 1.23603
0.93071 1.23553
0.926687 1.23503
0.922682 1.23453
0.918641 1.23403
0.914606 1.23353
0.910593 1.23303
0.906588 1.23253
0.90258 1.23204
0.898577 1.23154
0.89457 1.23104
0.89057 1.23054
0.886557 1.23004
0.882551 1.22954
0.878503 1.22904
0.874459 1.22854
0.870441 1.22804
0.866426 1.22754
0.862417 1.22705
0.858362 1.22655
0.854361 1.22605
0.850358 1.22555
0.846355 1.22505
0.842351 1.22455
0.838358 1.22405
0.834344 1.22355
0.830341 1.22305
0.826337 1.22255
0.822295 1.22206
0.81829 1.22156
0.814257 1.22106
0.810248 1.22056
0.806248 1.22006
0.802232 1.21956
0.798122 1.21906
0.794115 1.21856
0.790099 1.21806
0.786087 1.21756
0.782048 1.21707
0.778035 1.21657
0.774 1.21607
0.769992 1.21557
0.765996 1.21507
0.761995 1.21457
0.757955 1.21407
0.753914 1.21357
0.749909 1.21307
0.745893 1.21257
0.741877 1.21208
0.737855 1.21158
0.733856 1.21108
0.729855 1.21058
0.72579 1.21008
0.721774 1.20958
0.717772 1.20908
0.713749 1.20858
0.709742 1.20808
0.705696 1.20758
0.701686 1.20709
0.697693 1.20659
0.693695 1.20609
0.689694 1.20559
0.685689 1.20509
0.681652 1.20459
0.677646 1.20409
0.67364 1.20359
0.669645 1.20309
0.665642 1.20259
0.661631 1.2021
0.65761 1.2016
0.65357 1.2011
0.649576 1.2006
0.645555 1.2001
0.64155 1.1996
0.637547 1.1991
0.633535 1.1986
0.629537 1.1981
0.625504 1.1976
0.62151 1.19711
0.617467 1.19661
0.613434 1.19611
0.609427 1.19561
0.60542 1.19511
0.601418 1.19461
0.597403 1.19411
0.593392 1.19361
0.58939 1.19311
0.585395 1.19261
0.581363 1.19212
0.577361 1.19162
0.573346 1.19112
0.56932 1.19062
0.565299 1.19012
0.561307 1.18962
0.557303 1.18912
0.553292 1.18862
0.549287 1.18812
0.545294 1.18762
0.541257 1.18713
0.53725 1.18663
0.533243 1.18613
0.529238 1.18563
0.525239 1.18513
0.521236 1.18463
0.517234 1.18413
0.513237 1.18363
0.509231 1.18313
0.505183 1.18263
0.501168 1.18214
0.497134 1.18164
0.49312 1.18114
0.489107 1.18064
0.485101 1.18014
0.480123 1.17964
0.476126 1.17914
0.472114 1.17864
0.468118 1.17814
0.464101 1.17764
0.46008 1.17715
0.456041 1.17665
0.452019 1.17615
0.448014 1.17565
0.444018 1.17515
0.440012 1.17465
0.436006 1.17415
0.432003 1.17365
0.428008 1.17315
0.424003 1.17265
0.408803 1.17216
0.404806 1.17166
0.400781 1.17116
0.396735 1.17066
0.39272 1.17016
0.388694 1.16966
0.384701 1.16916
0.380672 1.16866
0.376666 1.16816
0.372633 1.16766
0.368634 1.16717
0.364642 1.16667
0.3606 1.16617
0.356604 1.16567
0.35261 1.16517
0.348606 1.16467
0.344579 1.16417
0.340562 1.16367
0.336562 1.16317
0.332551 1.16267
0.328525 1.16218
0.324521 1.16168
0.320506 1.16118
0.316489 1.16068
0.312478 1.16018
0.308474 1.15968
0.304482 1.15918
0.300485 1.15868
0.296481 1.15818
0.292486 1.15768
0.288455 1.15719
0.284455 1.15669
0.280463 1.15619
0.276467 1.15569
0.272467 1.15519
0.268471 1.15469
0.26446 1.15419
0.260445 1.15369
0.256444 1.15319
0.252445 1.15269
0.248453 1.1522
0.244457 1.1517
0.240453 1.1512
0.236455 1.1507
0.224593 1.1502
0.22058 1.1497
0.216576 1.1492
0.212577 1.1487
0.208548 1.1482
0.204523 1.1477
0.200528 1.14721
0.196487 1.14671
0.192481 1.14621
0.188481 1.14571
0.184474 1.14521
0.180476 1.14471
0.176483 1.14421
0.172445 1.14371
0.168421 1.14321
0.164429 1.14271
0.160418 1.14222
0.156373 1.14172
0.152379 1.14122
0.148378 1.14072
0.144354 1.14022
0.140354 1.13972
0.136359 1.13922
0.132356 1.13872
0.128357 1.13822
0.124355 1.13772
0.120353 1.13723
0.116349 1.13673
0.112338 1.13623
0.108343 1.13573
0.104339 1.13523
0.100336 1.13473
0.0963092 1.13423
0.0923041 1.13373
0.0882977 1.13323
0.0843051 1.13273
0.0802821 1.13224
0.0762775 1.13174
0.0722697 1.13124
0.0682695 1.13074
0.0642713 1.13024
0.0602557 1.12974
0.0562535 1.12924
0.0522457 1.12874
0.0482275 1.12824
0.0442354 1.12774
0.0402022 1.12725
0.0362038 1.12675
0.0321856 1.12625
0.0281717 1.12575
0.0241217 1.12525
0.0201253 1.12475
0.0161233 1.12425
0.0121016 1.12375
0.00786831 1.12325
0.00386696 1.12275
-0.000135839 1.12226
-0.00412883 1.12176
-0.00813453 1.12126
-0.012142 1.12076
-0.016165 1.12026
-0.0201635 1.11976
-0.0241642 1.11926
-0.028159 1.11876
-0.0321609 1.11826
-0.0361885 1.11776
-0.0401834 1.11727
-0.0442256 1.11677
-0.0482217 1.11627
-0.0522144 1.11577
-0.0562064 1.11527
-0.0602064 1.11477
-0.0642042 1.11427
-0.0682008 1.11377
-0.0721962 1.11327
-0.0762098 1.11277
-0.0802088 1.11228
-0.0842197 1.11178
-0.0882239 1.11128
-0.0922291 1.11078
-0.0962428 1.11028
-0.100257 1.10978
-0.104252 1.10928
-0.108269 1.10878
-0.112278 1.10828
-0.116306 1.10778
-0.120307 1.10729
-0.124324 1.10679
-0.128319 1.10629
-0.132313 1.10579
-0.136331 1.10529
-0.140341 1.10479
-0.144341 1.10429
-0.148334 1.10379
-0.152332 1.10329
-0.156336 1.10279
-0.160332 1.1023
-0.164325 1.1018
-0.168327 1.1013
-0.172322 1.1008
-0.176321 1.1003
-0.180315 1.0998
-0.184318 1.0993
-0.18832 1.0988
-0.192346 1.0983
-0.19634 1.0978
-0.200344 1.09731
-0.204338 1.09681
-0.20833 1.09631
-0.212345 1.09581
-0.216345 1.09531
-0.220338 1.09481
-0.22435 1.09431
-0.228347 1.09381
-0.232346 1.09331
-0.236338 1.09281
-0.240345 1.09232
-0.244355 1.09182
-0.248379 1.09132
-0.25241 1.09082
-0.256425 1.09032
-0.260423 1.08982
-0.264434 1.08932
-0.268438 1.08882
-0.272436 1.08832
-0.276435 1.08782
-0.280429 1.08733
-0.284423 1.08683
-0.288443 1.08633
-0.292447 1.08583
-0.296455 1.08533
-0.300447 1.08483
-0.304455 1.08433
-0.308452 1.08383
-0.31245 1.08333
-0.316473 1.08283
-0.320482 1.08234
-0.324483 1.08184
-0.328475 1.08134
-0.33249 1.08084
-0.336487 1.08034
-0.340486 1.07984
-0.344489 1.07934
-0.348482 1.07884
-0.352475 1.07834
-0.356504 1.07784
-0.360519 1.07735
-0.364523 1.07685
-0.368529 1.07635
-0.372535 1.07585
-0.376546 1.07535
-0.380543 1.07485
-0.384551 1.07435
-0.388549 1.07385
-0.392546 1.07335
-0.396545 1.07285
-0.400543 1.07236
-0.404541 1.07186
-0.408547 1.07136
-0.412552 1.07086
-0.416548 1.07036
-0.420559 1.06986
-0.424555 1.06936
-0.428563 1.06886
-0.43256 1.06836
-0.436582 1.06786
-0.440596 1.06737
-0.444602 1.06687
-0.448596 1.06637
-0.452589 1.06587
-0.456581 1.06537
-0.460601 1.06487
-0.46588 1.06437
-0.469873 1.06387
-0.473888 1.06337
-0.477882 1.06287
-0.481882 1.06238
-0.485888 1.06188
-0.489898 1.06138
-0.493898 1.06088
-0.497903 1.06038
-0.501906 1.05988
-0.505899 1.05938
-0.509913 1.05888
-0.513914 1.05838
-0.517929 1.05788
-0.521922 1.05739
-0.52594 1.05689
-0.529932 1.05639
-0.533926 1.05589
-0.537923 1.05539
-0.541917 1.05489
-0.545911 1.05439
-0.549923 1.05389
-0.553916 1.05339
-0.557917 1.05289
-0.561919 1.0524
-0.565926 1.0519
-0.569927 1.0514
-0.573968 1.0509
-0.577963 1.0504
-0.581958 1.0499
-0.585952 1.0494
-0.589965 1.0489
-0.593957 1.0484
-0.597952 1.0479
-0.601947 1.04741
-0.605946 1.04691
-0.609945 1.04641
-0.613938 1.04591
-0.617944 1.04541
-0.621937 1.04491
-0.625929 1.04441
-0.629932 1.04391
-0.633939 1.04341
-0.638291 1.04291
-0.642296 1.04242
-0.646289 1.04192
-0.650294 1.04142
-0.654291 1.04092
-0.658283 1.04042
-0.662279 1.03992
-0.66628 1.03942
-0.670282 1.03892
-0.674281 1.03842
-0.678276 1.03792
-0.682284 1.03743
-0.686284 1.03693
-0.690283 1.03643
-0.694279 1.03593
-0.698288 1.03543
-0.703696 1.03493
-0.707696 1.03443
-0.711699 1.03393
-0.715698 1.03343
-0.719694 1.03293
-0.72371 1.03244
-0.727716 1.03194
-0.731781 1.03144
-0.735778 1.03094
-0.739781 1.03044
-0.743787 1.02994
-0.747787 1.02944
-0.751781 1.02894
-0.755814 1.02844
-0.75981 1.02794
-0.764286 1.02745
-0.768284 1.02695
-0.772281 1.02645
-0.776301 1.02595
-0.780311 1.02545
-0.784304 1.02495
-0.7883 1.02445
-0.792297 1.02395
-0.796299 1.02345
-0.800304 1.02295
-0.804307 1.02246
-0.808307 1.02196
-0.812304 1.02146
-0.816301 1.02096
-0.820297 1.02046
-0.824302 1.01996
-0.828313 1.01946
-0.83231 1.01896
-0.836302 1.01846
-0.840316 1.01796
-0.844308 1.01747
-0.848309 1.01697
-0.852303 1.01647
-0.856295 1.01597
-0.860308 1.01547
-0.864317 1.01497
-0.86831 1.01447
-0.87231 1.01397
-0.876311 1.01347
-0.880303 1.01297
-0.884296 1.01248
-0.888289 1.01198
-0.892303 1.01148
-0.896297 1.01098
-0.900291 1.01048
-0.904284 1.00998
-0.908427 1.00948
-0.912432 1.00898
-0.916451 1.00848
-0.92045 1.00798
-0.924444 1.00749
-0.928454 1.00699
-0.932463 1.00649
-0.936457 1.00599
-0.940487 1.00549
-0.944479 1.00499
-0.948482 1.00449
-0.952482 1.00399
-0.956491 1.00349
-0.960487 1.00299
-0.964487 1.0025
-0.968482 1.002
-0.972483 1.0015
-0.97648 1.001
-0.980491 1.0005
-0.984489 1
