Man
0 0
0 0.001
0 0.002
0 0.003
0 0.004
0 0.005
0 0.006
0 0.007
0 0.008
0 0.009
0 0.01
0 0.011
0 0.012
0 0.013
0 0.014
0 0.015
0 0.016
0 0.017
0 0.018
0 0.019
0 0.02
0 0.021
0 0.022
0 0.023
0 0.024
0 0.025
0 0.026
0 0.027
0 0.028
0 0.029
0 0.03
0 0.031
0 0.032
0 0.033
0 0.034
0 0.035
0 0.036
0 0.037
0 0.038
0 0.039
0 0.04
0 0.041
0 0.042
0 0.043
0 0.044
0 0.045
0 0.046
0 0.047
0 0.048
0 0.049
0 0.05
0 0.051
0 0.052
0 0.053
0 0.054
0 0.055
0 0.056
0 0.057
0 0.058
0 0.059
0 0.06
0 0.061
0 0.062
0 0.063
0 0.064
0 0.065
0 0.066
0 0.067
0 0.068
0 0.069
0 0.07
0 0.071
0 0.072
0 0.073
0 0.074
0 0.075
0 0.076
0 0.077
0 0.078
0 0.079
0 0.08
0 0.081
0 0.082
0 0.083
0 0.084
0 0.085
0 0.086
0 0.087
0 0.088
0 0.089
0 0.09
0 0.091
0 0.092
0 0.093
0 0.094
0 0.095
0 0.096
0 0.097
0 0.098
0 0.099
0 0.1
0 0.101
0 0.102
0 0.103
0 0.104
0 0.105
0 0.106
0 0.107
0 0.108
0 0.109
0 0.11
0 0.111
0 0.112
0 0.113
0 0.114
0 0.115
0 0.116
0 0.117
0 0.118
0 0.119
0 0.12
0 0.121
0 0.122
0 0.123
0 0.124
0 0.125
-0.5 0.126
-0.478744 0.127
-0.456248 0.128
-0.434172 0.129
-0.416873 0.13
-0.398845 0.131
-0.379573 0.132
-0.36476 0.133
-0.349523 0.134
-0.33603 0.135
-0.325655 0.136
-0.31528 0.137
-0.300234 0.138
-0.285189 0.139
-0.270143 0.14
-0.255098 0.141
-0.242046 0.142
-0.229611 0.143
-0.22098 0.144
-0.208545 0.145
-0.199914 0.146
-0.186862 0.147
-0.178232 0.148
-0.169601 0.149
-0.162693 0.15
-0.151027 0.151
-0.142397 0.152
-0.133766 0.153
-0.122101 0.154
-0.113046 0.155
-0.104415 0.156
-0.0999937 0.157
-0.0909387 0.158
-0.0823081 0.159
-0.0778867 0.16
-0.0734653 0.161
-0.0683718 0.162
-0.0593168 0.163
-0.0542234 0.164
-0.0451683 0.165
-0.0400749 0.166
-0.0310199 0.167
-0.0259264 0.168
-0.0168714 0.169
-0.0117779 0.17
-0.00272291 0.171
0.00237054 0.172
0.0114256 0.173
0.0204806 0.174
0.0295356 0.175
0.0385906 0.176
0.0476457 0.177
0.0567007 0.178
0.0657557 0.179
0.0748107 0.18
0.0838658 0.181
0.0929208 0.182
0.101976 0.183
0.111031 0.184
0.120086 0.185
0.129141 0.186
0.138196 0.187
0.147251 0.188
0.156306 0.189
0.165361 0.19
0.167172 0.191
0.174416 0.192
0.18166 0.193
0.188904 0.194
0.196148 0.195
0.203392 0.196
0.210636 0.197
0.21788 0.198
0.225124 0.199
0.232368 0.2
0.239612 0.201
0.246856 0.202
0.2541 0.203
0.261344 0.204
0.268588 0.205
0.275832 0.206
0.283076 0.207
0.29032 0.208
0.297564 0.209
0.304801 0.21
0.311892 0.211
0.318844 0.212
0.325578 0.213
0.332266 0.214
0.337137 0.215
0.342007 0.216
0.344381 0.217
0.344381 0.218
0.344381 0.219
0.344381 0.22
0.344381 0.221
0.344381 0.222
0.344381 0.223
0.344381 0.224
0.344381 0.225
0.344381 0.226
0.344381 0.227
0.344381 0.228
0.344381 0.229
0.344381 0.23
0.344381 0.231
0.344381 0.232
0.344381 0.233
0.344381 0.234
0.344381 0.235
0.344381 0.236
0.344381 0.237
0.344381 0.238
0.344381 0.239
0.344381 0.24
0.344381 0.241
0.344381 0.242
0.344381 0.243
0.344381 0.244
0.344381 0.245
0.344381 0.246
0.344381 0.247
0.344381 0.248
0.344381 0.249
0.344381 0.25
0.344381 0.251
0.344381 0.252
0.344381 0.253
0.344381 0.254
0.344381 0.255
0.344381 0.256
0.344381 0.257
0.344381 0.258
0.344381 0.259
0.344381 0.26
0.344381 0.261
0.344381 0.262
0.344381 0.263
0.344381 0.264
0.344381 0.265
0.344381 0.266
0.344381 0.267
0.344381 0.268
0.344381 0.269
0.344381 0.27
0.344381 0.271
0.344381 0.272
0.344381 0.273
0.344381 0.274
0.344381 0.275
0.344381 0.276
0.344381 0.277
0.344381 0.278
0.344381 0.279
0.344381 0.28
0.344381 0.281
0.344381 0.282
0.344381 0.283
0.344381 0.284
0.344381 0.285
0.344381 0.286
0.344381 0.287
0.344381 0.288
0.344381 0.289
0.344381 0.29
0.344381 0.291
0.344381 0.292
0.344381 0.293
0.344381 0.294
0.344381 0.295
0.344381 0.296
0.344381 0.297
0.344381 0.298
0.344381 0.299
0.344381 0.3
0.344381 0.301
0.344381 0.302
0.344381 0.303
0.344381 0.304
0.344381 0.305
0.344381 0.306
0.344381 0.307
0.344381 0.308
0.344381 0.309
0.344381 0.31
0.344381 0.311
0.344381 0.312
0.344381 0.313
0.344381 0.314
0.344381 0.315
0.344381 0.316
0.344381 0.317
0.344381 0.318
0.344381 0.319
0.344381 0.32
0.344381 0.321
0.344381 0.322
0.344381 0.323
0.344381 0.324
0.344381 0.325
0.344381 0.326
0.344381 0.327
0.344381 0.328
0.344381 0.329
0.344381 0.33
0.344381 0.331
0.344381 0.332
0.344381 0.333
0.344381 0.334
0.344381 0.335
0.344381 0.336
0.344381 0.337
0.344381 0.338
0.344381 0.339
0.344381 0.34
0.344381 0.341
0.344381 0.342
0.344381 0.343
0.344381 0.344
0.344381 0.345
0.344381 0.346
0.344381 0.347
0.344381 0.348
0.344381 0.349
0.344381 0.35
0.344381 0.351
0.344381 0.352
0.344381 0.353
0.344381 0.354
0.344381 0.355
0.344381 0.356
0.344381 0.357
0.344381 0.358
0.344381 0.359
0.344381 0.36
0.344381 0.361
0.344381 0.362
0.344381 0.363
0.344381 0.364
0.344381 0.365
0.344381 0.366
0.344381 0.367
0.344381 0.368
0.344381 0.369
0.344381 0.37
0.344381 0.371
0.344381 0.372
0.344381 0.373
0.344381 0.374
0.344381 0.375
0.344381 0.376
0.344381 0.377
0.344381 0.378
0.344381 0.379
0.344381 0.38
0.344381 0.381
0.344381 0.382
0.344381 0.383
0.344381 0.384
0.344381 0.385
0.344381 0.386
0.344381 0.387
0.344381 0.388
0.344381 0.389
0.344381 0.39
0.344381 0.391
0.344381 0.392
0.344381 0.393
0.344381 0.394
0.344381 0.395
0.344381 0.396
0.344381 0.397
0.344381 0.398
0.344381 0.399
0.344381 0.4
0.344381 0.401
0.344381 0.402
0.344381 0.403
0.344381 0.404
0.344381 0.405
0.344381 0.406
0.344381 0.407
0.344381 0.408
0.344381 0.409
0.344381 0.41
0.344381 0.411
0.344381 0.412
0.344381 0.413
0.344381 0.414
0.344381 0.415
0.344381 0.416
0.344381 0.417
0.344381 0.418
0.344381 0.419
0.344381 0.42
0.344381 0.421
0.344381 0.422
0.344381 0.423
0.344381 0.424
0.344381 0.425
0.344381 0.426
0.344381 0.427
0.344381 0.428
0.344381 0.429
0.344381 0.43
0.344381 0.431
0.344381 0.432
0.344381 0.433
0.344381 0.434
0.344381 0.435
0.344381 0.436
0.344381 0.437
0.344381 0.438
0.344381 0.439
0.344381 0.44
0.344381 0.441
0.344381 0.442
0.344381 0.443
0.344381 0.444
0.344381 0.445
0.344381 0.446
0.344381 0.447
0.344381 0.448
0.344381 0.449
0.344381 0.45
0.344381 0.451
0.344381 0.452
0.344381 0.453
0.344381 0.454
0.344381 0.455
0.344381 0.456
0.344381 0.457
0.344381 0.458
0.344381 0.459
0.344381 0.46
0.344381 0.461
0.344381 0.462
0.344381 0.463
0.344381 0.464
0.344381 0.465
0.344381 0.466
0.344381 0.467
0.344381 0.468
0.344381 0.469
0.344381 0.47
0.344381 0.471
0.344381 0.472
0.344381 0.473
0.344381 0.474
0.344381 0.475
0.344381 0.476
0.344381 0.477
0.344381 0.478
0.344381 0.479
0.344381 0.48
0.344381 0.481
0.344381 0.482
0.344381 0.483
0.344381 0.484
0.344381 0.485
0.344381 0.486
0.344381 0.487
0.344381 0.488
0.344381 0.489
0.344381 0.49
0.344381 0.491
0.344381 0.492
0.344381 0.493
0.344381 0.494
0.344381 0.495
0.344381 0.496
0.344381 0.497
0.344381 0.498
0.344381 0.499
0.344381 0.5
0.344381 0.501
0.344381 0.502
0.344381 0.503
0.344381 0.504
0.344381 0.505
0.344381 0.506
0.344381 0.507
0.344381 0.508
0.344381 0.509
0.344381 0.51
0.344381 0.511
0.344381 0.512
0.344381 0.513
0.344381 0.514
0.344381 0.515
0.344381 0.516
0.344381 0.517
0.344381 0.518
0.344381 0.519
0.344381 0.52
0.344381 0.521
0.344381 0.522
0.344381 0.523
0.344381 0.524
0.344381 0.525
0.344381 0.526
0.344381 0.527
0.344381 0.528
0.344381 0.529
0.344381 0.53
0.344381 0.531
0.344381 0.532
0.344381 0.533
0.344381 0.534
0.344381 0.535
0.344381 0.536
0.344381 0.537
0.344381 0.538
0.344381 0.539
0.344381 0.54
0.344381 0.541
0.344381 0.542
0.344381 0.543
0.344381 0.544
0.344381 0.545
0.344381 0.546
0.344381 0.547
0.344381 0.548
0.344381 0.549
0.344381 0.55
0.344381 0.551
0.344381 0.552
0.344381 0.553
0.344381 0.554
0.344381 0.555
0.344381 0.556
0.344381 0.557
0.344381 0.558
0.344381 0.559
0.344381 0.56
0.344381 0.561
0.344381 0.562
0.344381 0.563
0.344381 0.564
0.344381 0.565
0.344381 0.566
0.344381 0.567
0.344381 0.568
0.344381 0.569
0.344381 0.57
0.344381 0.571
0.344381 0.572
0.344381 0.573
0.344381 0.574
0.344381 0.575
0.344381 0.576
0.344381 0.577
0.344381 0.578
0.344381 0.579
0.344381 0.58
0.344381 0.581
0.344381 0.582
0.344381 0.583
0.344381 0.584
0.344381 0.585
0.344381 0.586
0.344381 0.587
0.344381 0.588
0.344381 0.589
0.344381 0.59
0.344381 0.591
0.344381 0.592
0.344381 0.593
0.344381 0.594
0.344381 0.595
0.344381 0.596
0.344381 0.597
0.344381 0.598
0.344381 0.599
0.344381 0.6
0.344381 0.601
0.344381 0.602
0.344381 0.603
0.344381 0.604
0.344381 0.605
0.344381 0.606
0.344381 0.607
0.344381 0.608
0.344381 0.609
0.344381 0.61
0.344381 0.611
0.344381 0.612
0.344381 0.613
0.344381 0.614
0.344381 0.615
0.344381 0.616
0.344381 0.617
0.344381 0.618
0.344381 0.619
0.344381 0.62
0.344381 0.621
0.344381 0.622
0.344381 0.623
0.344381 0.624
0.344381 0.625
0.344381 0.626
0.344381 0.627
0.344381 0.628
0.344381 0.629
0.344381 0.63
0.344381 0.631
0.344381 0.632
0.344381 0.633
0.344381 0.634
0.344381 0.635
0.344381 0.636
0.344381 0.637
0.344381 0.638
0.344381 0.639
0.344381 0.64
0.344381 0.641
0.344381 0.642
0.344381 0.643
0.344381 0.644
0.344381 0.645
0.344381 0.646
0.344381 0.647
0.344381 0.648
0.344381 0.649
0.344381 0.65
0.344381 0.651
0.344381 0.652
0.344381 0.653
0.344381 0.654
0.344381 0.655
0.344381 0.656
0.344381 0.657
0.344381 0.658
0.344381 0.659
0.344381 0.66
0.344381 0.661
0.344381 0.662
0.344381 0.663
0.344381 0.664
0.344381 0.665
0.344381 0.666
0.344381 0.667
0.344381 0.668
0.344381 0.669
0.344381 0.67
0.344381 0.671
0.344381 0.672
0.344381 0.673
0.344381 0.674
0.344381 0.675
0.344381 0.676
0.344381 0.677
0.344381 0.678
0.344381 0.679
0.344381 0.68
0.344381 0.681
0.344381 0.682
0.344381 0.683
0.344381 0.684
0.344381 0.685
0.344381 0.686
0.344381 0.687
0.344381 0.688
0.344381 0.689
0.344381 0.69
0.344381 0.691
0.344381 0.692
0.344381 0.693
0.344381 0.694
0.344381 0.695
0.344381 0.696
0.344381 0.697
0.344381 0.698
0.344381 0.699
0.344381 0.7
0.344381 0.701
0.344381 0.702
0.344381 0.703
0.344381 0.704
0.344381 0.705
0.344381 0.706
0.344381 0.707
0.344381 0.708
0.344381 0.709
0.344381 0.71
0.344381 0.711
0.344381 0.712
0.344381 0.713
0.344381 0.714
0.344381 0.715
0.344381 0.716
0.344381 0.717
0.344381 0.718
0.344381 0.719
0.344381 0.72
0.344381 0.721
0.344381 0.722
0.344381 0.723
0.344381 0.724
0.344381 0.725
0.344381 0.726
0.344381 0.727
0.344381 0.728
0.344381 0.729
0.344381 0.73
0.344381 0.731
0.344381 0.732
0.344381 0.733
0.344381 0.734
0.344381 0.735
0.344381 0.736
0.344381 0.737
0.344381 0.738
0.344381 0.739
0.344381 0.74
0.344381 0.741
0.344381 0.742
0.344381 0.743
0.344381 0.744
0.344381 0.745
0.344381 0.746
0.344381 0.747
0.344381 0.748
0.344381 0.749
0.344381 0.75
0.344381 0.751
0.344381 0.752
0.344381 0.753
0.344381 0.754
0.344381 0.755
0.344381 0.756
0.344381 0.757
0.344381 0.758
0.344381 0.759
0.344381 0.76
0.344381 0.761
0.344381 0.762
0.344381 0.763
0.344381 0.764
0.344381 0.765
0.344381 0.766
0.344381 0.767
0.344381 0.768
0.344381 0.769
0.344381 0.77
0.344381 0.771
0.344381 0.772
0.344381 0.773
0.344381 0.774
0.344381 0.775
0.344381 0.776
0.344381 0.777
0.344381 0.778
0.344381 0.779
0.344381 0.78
0.344381 0.781
0.344381 0.782
0.344381 0.783
0.344381 0.784
0.344381 0.785
0.344381 0.786
0.344381 0.787
0.344381 0.788
0.344381 0.789
0.344381 0.79
0.344381 0.791
0.344381 0.792
0.344381 0.793
0.344381 0.794
0.344381 0.795
0.344381 0.796
0.344381 0.797
0.344381 0.798
0.344381 0.799
0.344381 0.8
0.344381 0.801
0.344381 0.802
0.344381 0.803
0.344381 0.804
0.344381 0.805
0.344381 0.806
0.344381 0.807
0.344381 0.808
0.344381 0.809
0.344381 0.81
0.344381 0.811
0.344381 0.812
0.344381 0.813
0.344381 0.814
0.344381 0.815
0.344381 0.816
0.344381 0.817
0.344381 0.818
0.344381 0.819
0.344381 0.82
0.344381 0.821
0.344381 0.822
0.344381 0.823
0.344381 0.824
0.344381 0.825
0.344381 0.826
0.344381 0.827
0.344381 0.828
0.344381 0.829
0.344381 0.83
0.344381 0.831
0.344381 0.832
0.344381 0.833
0.344381 0.834
0.344381 0.835
0.344381 0.836
0.344381 0.837
0.344381 0.838
0.344381 0.839
0.344381 0.84
0.344381 0.841
0.344381 0.842
0.344381 0.843
0.344381 0.844
0.344381 0.845
0.344381 0.846
0.344381 0.847
0.344381 0.848
0.344381 0.849
0.344381 0.85
0.344381 0.851
0.344381 0.852
0.344381 0.853
0.344381 0.854
0.344381 0.855
0.344381 0.856
0.344381 0.857
0.344381 0.858
0.344381 0.859
0.344381 0.86
0.344381 0.861
0.344381 0.862
0.344381 0.863
0.344381 0.864
0.344381 0.865
0.344381 0.866
0.344381 0.867
0.344381 0.868
0.344381 0.869
0.344381 0.87
0.344381 0.871
0.344381 0.872
0.344381 0.873
0.344381 0.874
0.344381 0.875
0.344381 0.876
0.344381 0.877
0.344381 0.878
0.344381 0.879
0.344381 0.88
0.344381 0.881
0.344381 0.882
0.344381 0.883
0.344381 0.884
0.344381 0.885
0.344381 0.886
0.344381 0.887
0.344381 0.888
0.344381 0.889
0.344381 0.89
0.344381 0.891
0.344381 0.892
0.344381 0.893
0.344381 0.894
0.344381 0.895
0.344381 0.896
0.344381 0.897
0.344381 0.898
0.344381 0.899
0.344381 0.9
0.344381 0.901
0.344381 0.902
0.344381 0.903
0.344381 0.904
0.344381 0.905
0.344381 0.906
0.344381 0.907
0.344381 0.908
0.344381 0.909
0.344381 0.91
0.344381 0.911
0.344381 0.912
0.344381 0.913
0.344381 0.914
0.344381 0.915
0.344381 0.916
0.344381 0.917
0.344381 0.918
0.344381 0.919
0.344381 0.92
0.344381 0.921
0.344381 0.922
0.344381 0.923
0.344381 0.924
0.344381 0.925
0.344381 0.926
0.344381 0.927
0.344381 0.928
0.344381 0.929
0.344381 0.93
0.344381 0.931
0.344381 0.932
0.344381 0.933
0.344381 0.934
0.344381 0.935
0.344381 0.936
0.344381 0.937
0.344381 0.938
0.344381 0.939
0.344381 0.94
0.344381 0.941
0.344381 0.942
0.344381 0.943
0.344381 0.944
0.344381 0.945
0.344381 0.946
0.344381 0.947
0.344381 0.948
0.344381 0.949
0.344381 0.95
0.344381 0.951
0.344381 0.952
0.344381 0.953
0.344381 0.954
0.344381 0.955
0.344381 0.956
0.344381 0.957
0.344381 0.958
0.344381 0.959
0.344381 0.96
0.344381 0.961
0.344381 0.962
0.344381 0.963
0.344381 0.964
0.344381 0.965
0.344381 0.966
0.344381 0.967
0.344381 0.968
0.344381 0.969
0.344381 0.97
0.344381 0.971
0.344381 0.972
0.344381 0.973
0.344381 0.974
0.344381 0.975
0.344381 0.976
0.344381 0.977
0.344381 0.978
0.344381 0.979
0.344381 0.98
0.344381 0.981
0.344381 0.982
0.344381 0.983
0.344381 0.984
0.344381 0.985
0.343381 0.986
0.342381 0.987
0.341381 0.988
0.340381 0.989
0.339381 0.99
0.33838 0.991
0.33738 0.992
0.33638 0.993
0.33538 0.994
0.33438 0.995
0.33338 0.996
0.33238 0.997
0.33138 0.998
0.33038 0.999
0.32938 1


Shark
3.14159 1.5
3.13759 1.4995
3.13359 1.499
3.12959 1.4985
3.12559 1.498
3.12159 1.4975
3.11759 1.497
3.11359 1.4965
3.10959 1.496
3.10559 1.4955
3.10159 1.495
3.09759 1.4945
3.09359 1.494
3.08959 1.4935
3.08559 1.493
3.08159 1.4925
3.07759 1.492
3.07359 1.4915
3.06959 1.491
3.06559 1.4905
3.06159 1.49
3.05759 1.4895
3.05359 1.489
3.04959 1.4885
3.04559 1.488
3.04159 1.4875
3.03759 1.487
3.03359 1.4865
3.02959 1.486
3.02559 1.4855
3.02159 1.485
3.01759 1.4845
3.01359 1.484
3.00959 1.4835
3.00559 1.483
3.00159 1.4825
2.99759 1.482
2.99359 1.4815
2.98959 1.481
2.98559 1.4805
2.98159 1.48
2.97759 1.4795
2.97359 1.479
2.96959 1.4785
2.96559 1.478
2.96159 1.4775
2.95759 1.477
2.95359 1.4765
2.94959 1.476
2.94559 1.4755
2.94159 1.475
2.93759 1.4745
2.93359 1.474
2.92959 1.4735
2.92559 1.473
2.92159 1.4725
2.91759 1.472
2.91359 1.4715
2.90959 1.471
2.90559 1.4705
2.90159 1.47
2.89759 1.4695
2.89359 1.469
2.88959 1.4685
2.88559 1.468
2.88159 1.4675
2.87759 1.467
2.87359 1.4665
2.86959 1.466
2.86559 1.4655
2.86159 1.465
2.85759 1.4645
2.85359 1.464
2.84959 1.4635
2.84559 1.463
2.84159 1.4625
2.83759 1.462
2.83359 1.4615
2.82959 1.461
2.82559 1.4605
2.82159 1.46
2.81759 1.4595
2.81359 1.459
2.80959 1.4585
2.80559 1.458
2.80159 1.4575
2.79759 1.457
2.79359 1.4565
2.78959 1.456
2.78559 1.4555
2.78159 1.455
2.77759 1.4545
2.77359 1.454
2.76959 1.4535
2.76559 1.453
2.76159 1.4525
2.75759 1.452
2.75359 1.4515
2.74959 1.451
2.74559 1.4505
2.74159 1.45
2.73759 1.4495
2.73359 1.449
2.72959 1.4485
2.72559 1.448
2.72159 1.4475
2.71759 1.447
2.71359 1.4465
2.70959 1.446
2.70559 1.4455
2.70159 1.445
2.69759 1.4445
2.69359 1.444
2.68959 1.4435
2.68559 1.443
2.68159 1.4425
2.67759 1.442
2.67359 1.4415
2.66959 1.441
2.66559 1.4405
2.66159 1.44
2.65759 1.4395
2.65359 1.439
2.64959 1.4385
2.64559 1.438
2.64159 1.4375
2.89002 1.437
2.90149 1.4365
2.91364 1.436
2.92567 1.4355
2.93549 1.435
2.94571 1.4345
2.95661 1.434
2.96542 1.4335
2.97449 1.433
2.98277 1.4325
2.98967 1.432
2.99661 1.4315
3.0058 1.431
3.01505 1.4305
3.02435 1.43
3.0337 1.4295
3.0421 1.429
3.05024 1.4285
3.05661 1.428
3.06483 1.4275
3.07125 1.427
3.07988 1.4265
3.08636 1.426
3.09286 1.4255
3.09861 1.425
3.10669 1.4245
3.11328 1.424
3.11989 1.4235
3.12809 1.423
3.13497 1.4225
3.14167 1.422
3.14653 1.4215
3.1535 1.421
3.16028 1.4205
3.16517 1.42
3.17008 1.4195
3.17525 1.419
3.18237 1.4185
3.18758 1.418
3.19475 1.4175
3.19998 1.417
3.20722 1.4165
3.21248 1.416
3.21978 1.4155
3.22506 1.415
3.23242 1.4145
3.23773 1.414
3.24515 1.4135
3.2526 1.413
3.26008 1.4125
3.26759 1.412
3.27513 1.4115
3.2827 1.411
3.2903 1.4105
3.29794 1.41
3.3056 1.4095
3.3133 1.409
3.32102 1.4085
3.32878 1.408
3.33657 1.4075
3.34439 1.407
3.35224 1.4065
3.36012 1.406
3.36803 1.4055
3.37598 1.405
3.38021 1.4045
3.38705 1.404
3.39391 1.4035
3.4008 1.403
3.40771 1.4025
3.41464 1.402
3.4216 1.4015
3.42858 1.401
3.43559 1.4005
3.44262 1.4
3.44967 1.3995
3.45675 1.399
3.46385 1.3985
3.47098 1.398
3.47813 1.3975
3.4853 1.397
3.4925 1.3965
3.49972 1.396
3.50697 1.3955
3.51423 1.395
3.52142 1.3945
3.52853 1.394
3.53551 1.3935
3.54249 1.393
3.54827 1.3925
3.55407 1.392
3.55857 1.3915
3.56257 1.391
3.56657 1.3905
3.57057 1.39
3.57457 1.3895
3.57857 1.389
3.58257 1.3885
3.58657 1.388
3.59057 1.3875
3.59457 1.387
3.59857 1.3865
3.60257 1.386
3.60657 1.3855
3.61057 1.385
3.61457 1.3845
3.61857 1.384
3.62257 1.3835
3.62657 1.383
3.63057 1.3825
3.63457 1.382
3.63857 1.3815
3.64257 1.381
3.64657 1.3805
3.65057 1.38
3.65457 1.3795
3.65857 1.379
3.66257 1.3785
3.66657 1.378
3.67057 1.3775
3.67457 1.377
3.67857 1.3765
3.68257 1.376
3.68657 1.3755
3.69057 1.375
3.69457 1.3745
3.69857 1.374
3.70257 1.3735
3.70657 1.373
3.71057 1.3725
3.71457 1.372
3.71857 1.3715
3.72257 1.371
3.72657 1.3705
3.73057 1.37
3.73457 1.3695
3.73857 1.369
3.74257 1.3685
3.74657 1.368
3.75057 1.3675
3.75457 1.367
3.75857 1.3665
3.76257 1.366
3.76657 1.3655
3.77057 1.365
3.77457 1.3645
3.77857 1.364
3.78257 1.3635
3.78657 1.363
3.79057 1.3625
3.79457 1.362
3.79857 1.3615
3.80257 1.361
3.80657 1.3605
3.81057 1.36
3.81457 1.3595
3.81857 1.359
3.82257 1.3585
3.82657 1.358
3.83057 1.3575
3.83457 1.357
3.83857 1.3565
3.84257 1.356
3.84657 1.3555
3.85057 1.355
3.85457 1.3545
3.85857 1.354
3.86257 1.3535
3.86657 1.353
3.87057 1.3525
3.87457 1.352
3.87857 1.3515
3.88257 1.351
3.88657 1.3505
3.89057 1.35
3.89457 1.3495
3.89857 1.349
3.90257 1.3485
3.90657 1.348
3.91057 1.3475
3.91457 1.347
3.91857 1.3465
3.92257 1.346
3.92657 1.3455
3.93057 1.345
3.93457 1.3445
3.93857 1.344
3.94257 1.3435
3.94657 1.343
3.95057 1.3425
3.95457 1.342
3.95857 1.3415
3.96257 1.341
3.96657 1.3405
3.97057 1.34
3.97457 1.3395
3.97857 1.339
3.98257 1.3385
3.98657 1.338
3.99057 1.3375
3.99457 1.337
3.99857 1.3365
4.00257 1.336
4.00657 1.3355
4.01057 1.335
4.01457 1.3345
4.01857 1.334
4.02257 1.3335
4.02657 1.333
4.03057 1.3325
4.03457 1.332
4.03857 1.3315
4.04257 1.331
4.04657 1.3305
4.05057 1.33
4.05457 1.3295
4.05857 1.329
4.06257 1.3285
4.06657 1.328
4.07057 1.3275
4.07457 1.327
4.07857 1.3265
4.08257 1.326
4.08657 1.3255
4.09057 1.325
4.09457 1.3245
4.09857 1.324
4.10257 1.3235
4.10657 1.323
4.11057 1.3225
4.11457 1.322
4.11857 1.3215
4.12257 1.321
4.12657 1.3205
4.13057 1.32
4.13457 1.3195
4.13857 1.319
4.14257 1.3185
4.14657 1.318
4.15057 1.3175
4.15457 1.317
4.15857 1.3165
4.16257 1.316
4.16657 1.3155
4.17057 1.315
4.17457 1.3145
4.17857 1.314
4.18257 1.3135
4.18657 1.313
4.19057 1.3125
4.19457 1.312
4.19857 1.3115
4.20257 1.311
4.20657 1.3105
4.21057 1.31
4.21457 1.3095
4.21857 1.309
4.22257 1.3085
4.22657 1.308
4.23057 1.3075
4.23457 1.307
4.23857 1.3065
4.24257 1.306
4.24657 1.3055
4.25057 1.305
4.25457 1.3045
4.25857 1.304
4.26257 1.3035
4.26657 1.303
4.27057 1.3025
4.27457 1.302
4.27857 1.3015
4.28257 1.301
4.28657 1.3005
4.29057 1.3
4.29457 1.2995
4.29857 1.299
4.30257 1.2985
4.30657 1.298
4.31057 1.2975
4.31457 1.297
4.31857 1.2965
4.32257 1.296
4.32657 1.2955
4.33057 1.295
4.33457 1.2945
4.33857 1.294
4.34257 1.2935
4.34657 1.293
4.35057 1.2925
4.35457 1.292
4.35857 1.2915
4.36257 1.291
4.36657 1.2905
4.37057 1.29
4.37457 1.2895
4.37857 1.289
4.38257 1.2885
4.38657 1.288
4.39057 1.2875
4.39457 1.287
4.39857 1.2865
4.40257 1.286
4.40657 1.2855
4.41057 1.285
4.41457 1.2845
4.41857 1.284
4.42257 1.2835
4.42657 1.283
4.43057 1.2825
4.43457 1.282
4.43857 1.2815
4.44257 1.281
4.44657 1.2805
4.45057 1.28
4.45457 1.2795
4.45857 1.279
4.46257 1.2785
4.46657 1.278
4.47057 1.2775
4.47457 1.277
4.47857 1.2765
4.48257 1.276
4.48657 1.2755
4.49057 1.275
4.49457 1.2745
4.49857 1.274
4.50257 1.2735
4.50657 1.273
4.51057 1.2725
4.51457 1.272
4.51857 1.2715
4.52257 1.271
4.52657 1.2705
4.53057 1.27
4.53457 1.2695
4.53857 1.269
4.54257 1.2685
4.54657 1.268
4.55057 1.2675
4.55457 1.267
4.55857 1.2665
4.56257 1.266
4.56657 1.2655
4.57057 1.265
4.57457 1.2645
4.57857 1.264
4.58257 1.2635
4.58657 1.263
4.59057 1.2625
4.59457 1.262
4.59857 1.2615
4.60257 1.261
4.60657 1.2605
4.61057 1.26
4.61457 1.2595
4.61857 1.259
4.62257 1.2585
4.62657 1.258
4.63057 1.2575
4.63457 1.257
4.63857 1.2565
4.64257 1.256
4.64657 1.2555
4.65057 1.255
4.65457 1.2545
4.65857 1.254
4.66257 1.2535
4.66657 1.253
4.67057 1.2525
4.67457 1.252
4.67857 1.2515
4.68257 1.251
4.68657 1.2505
4.69057 1.25
4.69457 1.2495
4.69857 1.249
4.70257 1.2485
4.70657 1.248
4.71057 1.2475
4.71457 1.247
4.71857 1.2465
4.72257 1.246
4.72657 1.2455
4.73057 1.245
4.73457 1.2445
4.73857 1.244
4.74257 1.2435
4.74657 1.243
4.75057 1.2425
4.75457 1.242
4.75857 1.2415
4.76257 1.241
4.76657 1.2405
4.77057 1.24
4.77457 1.2395
4.77857 1.239
4.78257 1.2385
4.78657 1.238
4.79057 1.2375
4.79457 1.237
4.79857 1.2365
4.80257 1.236
4.80657 1.2355
4.81057 1.235
4.81457 1.2345
4.81857 1.234
4.82257 1.2335
4.82657 1.233
4.83057 1.2325
4.83457 1.232
4.83857 1.2315
4.84257 1.231
4.84657 1.2305
4.85057 1.23
4.85457 1.2295
4.85857 1.229
4.86257 1.2285
4.86657 1.228
4.87057 1.2275
4.87457 1.227
4.87857 1.2265
4.88257 1.226
4.88657 1.2255
4.89057 1.225
4.89457 1.2245
4.89857 1.224
4.90257 1.2235
4.90657 1.223
4.91057 1.2225
4.91457 1.222
4.91857 1.2215
4.92257 1.221
4.92657 1.2205
4.93057 1.22
4.93457 1.2195
4.93857 1.219
4.94257 1.2185
4.94657 1.218
4.95057 1.2175
4.95457 1.217
4.95857 1.2165
4.96257 1.216
4.96657 1.2155
4.97057 1.215
4.97457 1.2145
4.97857 1.214
4.98257 1.2135
4.98657 1.213
4.99057 1.2125
4.99457 1.212
4.99857 1.2115
5.00257 1.211
5.00657 1.2105
5.01057 1.21
5.01457 1.2095
5.01857 1.209
5.02257 1.2085
5.02657 1.208
5.03057 1.2075
5.03457 1.207
5.03857 1.2065
5.04257 1.206
5.04657 1.2055
5.05057 1.205
5.05457 1.2045
5.05857 1.204
5.06257 1.2035
5.06657 1.203
5.07057 1.2025
5.07457 1.202
5.07857 1.2015
5.08257 1.201
5.08657 1.2005
5.09057 1.2
5.09457 1.1995
5.09857 1.199
5.10257 1.1985
5.10657 1.198
5.11057 1.1975
5.11457 1.197
5.11857 1.1965
5.12257 1.196
5.12657 1.1955
5.13057 1.195
5.13457 1.1945
5.13857 1.194
5.14257 1.1935
5.14657 1.193
5.15057 1.1925
5.15457 1.192
5.15857 1.1915
5.16257 1.191
5.16657 1.1905
5.17057 1.19
5.17457 1.1895
5.17857 1.189
5.18257 1.1885
5.18657 1.188
5.19057 1.1875
5.19457 1.187
5.19857 1.1865
5.20257 1.186
5.20657 1.1855
5.21057 1.185
5.21457 1.1845
5.21857 1.184
5.22257 1.1835
5.22657 1.183
5.23057 1.1825
5.23457 1.182
5.23857 1.1815
5.24257 1.181
5.24657 1.1805
5.25057 1.18
5.25457 1.1795
5.25857 1.179
5.26257 1.1785
5.26657 1.178
5.27057 1.1775
5.27457 1.177
5.27857 1.1765
5.28257 1.176
5.28657 1.1755
5.29057 1.175
5.29457 1.1745
5.29857 1.174
5.30257 1.1735
5.30657 1.173
5.31057 1.1725
5.31457 1.172
5.31857 1.1715
5.32257 1.171
5.32657 1.1705
5.33057 1.17
5.33457 1.1695
5.33857 1.169
5.34257 1.1685
5.34657 1.168
5.35057 1.1675
5.35457 1.167
5.35857 1.1665
5.36257 1.166
5.36657 1.1655
5.37057 1.165
5.37457 1.1645
5.37857 1.164
5.38257 1.1635
5.38657 1.163
5.39057 1.1625
5.39457 1.162
5.39857 1.1615
5.40257 1.161
5.40657 1.1605
5.41057 1.16
5.41457 1.1595
5.41857 1.159
5.42257 1.1585
5.42657 1.158
5.43057 1.1575
5.43457 1.157
5.43857 1.1565
5.44257 1.156
5.44657 1.1555
5.45057 1.155
5.45457 1.1545
5.45857 1.154
5.46257 1.1535
5.46657 1.153
5.47057 1.1525
5.47457 1.152
5.47857 1.1515
5.48257 1.151
5.48657 1.1505
5.49057 1.15
5.49457 1.1495
5.49857 1.149
5.50257 1.1485
5.50657 1.148
5.51057 1.1475
5.51457 1.147
5.51857 1.1465
5.52257 1.146
5.52657 1.1455
5.53057 1.145
5.53457 1.1445
5.53857 1.144
5.54257 1.1435
5.54657 1.143
5.55057 1.1425
5.55457 1.142
5.55857 1.1415
5.56257 1.141
5.56657 1.1405
5.57057 1.14
5.57457 1.1395
5.57857 1.139
5.58257 1.1385
5.58657 1.138
5.59057 1.1375
5.59457 1.137
5.59857 1.1365
5.60257 1.136
5.60657 1.1355
5.61057 1.135
5.61457 1.1345
5.61857 1.134
5.62257 1.1335
5.62657 1.133
5.63057 1.1325
5.63457 1.132
5.63857 1.1315
5.64257 1.131
5.64657 1.1305
5.65057 1.13
5.65457 1.1295
5.65857 1.129
5.66257 1.1285
5.66657 1.128
5.67057 1.1275
5.67457 1.127
5.67857 1.1265
5.68257 1.126
5.68657 1.1255
5.69057 1.125
5.69457 1.1245
5.69857 1.124
5.70257 1.1235
5.70657 1.123
5.71057 1.1225
5.71457 1.122
5.71857 1.1215
5.72257 1.121
5.72657 1.1205
5.73057 1.12
5.73457 1.1195
5.73857 1.119
5.74257 1.1185
5.74657 1.118
5.75057 1.1175
5.75457 1.117
5.75857 1.1165
5.76257 1.116
5.76657 1.1155
5.77057 1.115
5.77457 1.1145
5.77857 1.114
5.78257 1.1135
5.78657 1.113
5.79057 1.1125
5.79457 1.112
5.79857 1.1115
5.80257 1.111
5.80657 1.1105
5.81057 1.11
5.81457 1.1095
5.81857 1.109
5.82257 1.1085
5.82657 1.108
5.83057 1.1075
5.83457 1.107
5.83857 1.1065
5.84257 1.106
5.84657 1.1055
5.85057 1.105
5.85457 1.1045
5.85857 1.104
5.86257 1.1035
5.86657 1.103
5.87057 1.1025
5.87457 1.102
5.87857 1.1015
5.88257 1.101
5.88657 1.1005
5.89057 1.1
5.89457 1.0995
5.89857 1.099
5.90257 1.0985
5.90657 1.098
5.91057 1.0975
5.91457 1.097
5.91857 1.0965
5.92257 1.096
5.92657 1.0955
5.93057 1.095
5.93457 1.0945
5.93857 1.094
5.94257 1.0935
5.94657 1.093
5.95057 1.0925
5.95457 1.092
5.95857 1.0915
5.96257 1.091
5.96657 1.0905
5.97057 1.09
5.97457 1.0895
5.97857 1.089
5.98257 1.0885
5.98657 1.088
5.99057 1.0875
5.99457 1.087
5.99857 1.0865
6.00257 1.086
6.00657 1.0855
6.01057 1.085
6.01457 1.0845
6.01857 1.084
6.02257 1.0835
6.02657 1.083
6.03057 1.0825
6.03457 1.082
6.03857 1.0815
6.04257 1.081
6.04657 1.0805
6.05057 1.08
6.05457 1.0795
6.05857 1.079
6.06257 1.0785
6.06657 1.078
6.07057 1.0775
6.07457 1.077
6.07857 1.0765
6.08257 1.076
6.08657 1.0755
6.09057 1.075
6.09457 1.0745
6.09857 1.074
6.10257 1.0735
6.10657 1.073
6.11057 1.0725
6.11457 1.072
6.11857 1.0715
6.12257 1.071
6.12657 1.0705
6.13057 1.07
6.13457 1.0695
6.13857 1.069
6.14257 1.0685
6.14657 1.068
6.15057 1.0675
6.15457 1.067
6.15857 1.0665
6.16257 1.066
6.16657 1.0655
6.17057 1.065
6.17457 1.0645
6.17857 1.064
6.18257 1.0635
6.18657 1.063
6.19057 1.0625
6.19457 1.062
6.19857 1.0615
6.20257 1.061
6.20657 1.0605
6.21057 1.06
6.21457 1.0595
6.21857 1.059
6.22257 1.0585
6.22657 1.058
6.23057 1.0575
6.23457 1.057
6.23857 1.0565
6.24257 1.056
6.24657 1.0555
6.25057 1.055
6.25457 1.0545
6.25857 1.054
6.26257 1.0535
6.26657 1.053
6.27057 1.0525
6.27457 1.052
6.27857 1.0515
6.28257 1.051
6.28657 1.0505
6.29057 1.05
6.29457 1.0495
6.29857 1.049
6.30257 1.0485
6.30657 1.048
6.31057 1.0475
6.31457 1.047
6.31857 1.0465
6.32257 1.046
6.32657 1.0455
6.33057 1.045
6.33457 1.0445
6.33857 1.044
6.34257 1.0435
6.34657 1.043
6.35057 1.0425
6.35457 1.042
6.35857 1.0415
6.36257 1.041
6.36657 1.0405
6.37057 1.04
6.37457 1.0395
6.37857 1.039
6.38257 1.0385
6.38657 1.038
6.39057 1.0375
6.39457 1.037
6.39857 1.0365
6.40257 1.036
6.40657 1.0355
6.41057 1.035
6.41457 1.0345
6.41857 1.034
6.42257 1.0335
6.42657 1.033
6.43057 1.0325
6.43457 1.032
6.43857 1.0315
6.44257 1.031
6.44657 1.0305
6.45057 1.03
6.45457 1.0295
6.45857 1.029
6.46257 1.0285
6.46657 1.028
6.47057 1.0275
6.47457 1.027
6.47857 1.0265
6.48257 1.026
6.48657 1.0255
6.49057 1.025
6.49457 1.0245
6.49857 1.024
6.50257 1.0235
6.50657 1.023
6.51057 1.0225
6.51457 1.022
6.51857 1.0215
6.52257 1.021
6.52657 1.0205
6.53057 1.02
6.53457 1.0195
6.53857 1.019
6.54257 1.0185
6.54657 1.018
6.55057 1.0175
6.55457 1.017
6.55857 1.0165
6.56257 1.016
6.56657 1.0155
6.57057 1.015
6.57457 1.0145
6.57857 1.014
6.58257 1.0135
6.58657 1.013
6.59057 1.0125
6.59457 1.012
6.59857 1.0115
6.60257 1.011
6.60657 1.0105
6.61057 1.01
6.61457 1.0095
6.61857 1.009
6.62257 1.0085
6.62657 1.008
6.62757 1.0075
6.62657 1.007
6.62557 1.0065
6.62457 1.006
6.62357 1.0055
6.62257 1.005
6.62157 1.0045
6.62057 1.004
6.61957 1.0035
6.61857 1.003
6.61757 1.0025
6.61657 1.002
6.61557 1.0015
6.61457 1.001
6.61357 1.0005
6.61257 1
