Man
0 0
0 0.001
0 0.002
0 0.003
0 0.004
0 0.005
0 0.006
0 0.007
0 0.008
0 0.009
0 0.01
0 0.011
0 0.012
0 0.013
0 0.014
0 0.015
0 0.016
0 0.017
0 0.018
0 0.019
0 0.02
0 0.021
0 0.022
0 0.023
0 0.024
0 0.025
0 0.026
0 0.027
0 0.028
0 0.029
0 0.03
0 0.031
0 0.032
0 0.033
0 0.034
0 0.035
0 0.036
0 0.037
0 0.038
0 0.039
0 0.04
0 0.041
0 0.042
0 0.043
0 0.044
0 0.045
0 0.046
0 0.047
0 0.048
0 0.049
0 0.05
0 0.051
0 0.052
0 0.053
0 0.054
0 0.055
0 0.056
0 0.057
0 0.058
0 0.059
0 0.06
0 0.061
0 0.062
0 0.063
0 0.064
0 0.065
0 0.066
0 0.067
0 0.068
0 0.069
0 0.07
0 0.071
0 0.072
0 0.073
0 0.074
0 0.075
0 0.076
0 0.077
0 0.078
0 0.079
0 0.08
0 0.081
0 0.082
0 0.083
0 0.084
0 0.085
0 0.086
0 0.087
-0.392699 0.088
-0.392699 0.089
-0.392699 0.09
-0.392699 0.091
-0.392699 0.092
-0.392699 0.093
-0.392699 0.094
-0.392699 0.095
-0.392699 0.096
-0.392699 0.097
-0.19635 0.098
-0.19635 0.099
-0.19635 0.1
-0.19635 0.101
-0.292289 0.102
-0.292289 0.103
-0.292289 0.104
-0.292289 0.105
-0.292289 0.106
-0.292289 0.107
-0.292289 0.108
-0.292289 0.109
-0.292289 0.11
-0.292289 0.111
-0.292289 0.112
-0.292289 0.113
-0.390463 0.114
-0.341376 0.115
-0.341376 0.116
-0.341376 0.117
-0.341376 0.118
-0.341376 0.119
-0.341376 0.12
-0.292288 0.121
-0.292288 0.122
-0.292288 0.123
-0.292288 0.124
-0.292288 0.125
-0.292288 0.126
-0.267745 0.127
-0.243201 0.128
-0.243201 0.129
-0.218657 0.13
-0.194114 0.131
-0.194114 0.132
-0.194114 0.133
-0.16957 0.134
-0.16957 0.135
-0.16957 0.136
-0.148276 0.137
-0.14214 0.138
-0.14214 0.139
-0.129868 0.14
-0.117596 0.141
-0.105325 0.142
-0.105325 0.143
-0.0930527 0.144
-0.0869168 0.145
-0.0807808 0.146
-0.0746449 0.147
-0.068509 0.148
-0.0623731 0.149
-0.0562371 0.15
-0.0501012 0.151
-0.0439653 0.152
-0.0378294 0.153
-0.0316935 0.154
-0.0255575 0.155
-0.0194216 0.156
-0.0132857 0.157
-0.00714976 0.158
-0.00101384 0.159
0.00512209 0.16
0.00512209 0.161
0.00512209 0.162
0.00512209 0.163
0.00512209 0.164
0.00512209 0.165
0.00512209 0.166
0.00512209 0.167
0.00512209 0.168
0.00512209 0.169
0.00512209 0.17
0.00512209 0.171
0.00512209 0.172
0.00512209 0.173
0.00512209 0.174
0.00512209 0.175
0.00512209 0.176
0.00512209 0.177
0.00512209 0.178
0.00512209 0.179
0.00512209 0.18
0.00512209 0.181
0.00512209 0.182
0.00512209 0.183
0.00512209 0.184
0.00512209 0.185
0.00512209 0.186
0.00512209 0.187
0.00512209 0.188
0.00512209 0.189
0.00512209 0.19
0.00512209 0.191
0.00512209 0.192
0.00512209 0.193
0.00512209 0.194
0.00512209 0.195
0.00512209 0.196
0.00512209 0.197
0.00512209 0.198
0.00512209 0.199
0.00512209 0.2
0.00512209 0.201
0.00512209 0.202
0.00512209 0.203
0.00512209 0.204
0.00512209 0.205
0.00512209 0.206
0.00512209 0.207
0.00512209 0.208
0.00512209 0.209
0.00512209 0.21
0.00512209 0.211
0.00512209 0.212
0.00512209 0.213
0.00512209 0.214
0.00512209 0.215
0.00512209 0.216
0.00512209 0.217
0.00512209 0.218
0.00512209 0.219
0.00512209 0.22
0.00512209 0.221
0.00512209 0.222
0.00512209 0.223
0.00512209 0.224
0.00512209 0.225
0.00512209 0.226
0.00512209 0.227
0.00512209 0.228
0.00512209 0.229
0.00512209 0.23
0.00512209 0.231
0.00512209 0.232
0.00512209 0.233
0.00512209 0.234
0.00512209 0.235
0.00512209 0.236
0.00512209 0.237
0.00512209 0.238
0.00512209 0.239
0.00512209 0.24
0.00512209 0.241
0.00512209 0.242
0.00512209 0.243
0.00512209 0.244
0.00512209 0.245
0.00512209 0.246
0.00512209 0.247
0.00512209 0.248
0.00512209 0.249
0.00512209 0.25
0.00512209 0.251
0.00512209 0.252
0.00512209 0.253
0.00512209 0.254
0.00512209 0.255
0.00512209 0.256
0.00512209 0.257
0.00512209 0.258
0.00512209 0.259
0.00512209 0.26
0.00512209 0.261
0.00512209 0.262
0.00512209 0.263
0.00512209 0.264
0.00512209 0.265
0.00512209 0.266
0.00512209 0.267
0.00512209 0.268
0.00512209 0.269
0.00512209 0.27
0.00512209 0.271
0.00512209 0.272
0.00512209 0.273
0.00512209 0.274
0.00512209 0.275
0.00512209 0.276
0.00512209 0.277
0.00512209 0.278
0.00512209 0.279
0.00512209 0.28
0.00512209 0.281
0.00512209 0.282
0.00512209 0.283
0.00512209 0.284
0.00512209 0.285
0.00512209 0.286
0.00512209 0.287
0.00512209 0.288
0.00512209 0.289
0.00512209 0.29
0.00512209 0.291
0.00512209 0.292
0.00512209 0.293
0.00512209 0.294
0.00512209 0.295
0.00512209 0.296
0.00512209 0.297
0.00512209 0.298
0.00512209 0.299
0.00512209 0.3
0.00512209 0.301
0.00512209 0.302
0.00512209 0.303
0.00512209 0.304
0.00512209 0.305
0.00512209 0.306
0.00512209 0.307
0.00512209 0.308
0.00512209 0.309
0.00512209 0.31
0.00512209 0.311
0.00512209 0.312
0.00512209 0.313
0.00512209 0.314
0.00512209 0.315
0.00512209 0.316
0.00512209 0.317
0.00512209 0.318
0.00512209 0.319
0.00512209 0.32
0.00512209 0.321
0.00512209 0.322
0.00512209 0.323
0.00512209 0.324
0.00512209 0.325
0.00512209 0.326
0.00512209 0.327
0.00512209 0.328
0.00512209 0.329
0.00512209 0.33
0.00512209 0.331
0.00512209 0.332
0.00512209 0.333
0.00512209 0.334
0.00512209 0.335
0.00512209 0.336
0.00512209 0.337
0.00512209 0.338
0.00512209 0.339
0.00512209 0.34
0.00512209 0.341
0.00512209 0.342
0.00512209 0.343
0.00512209 0.344
0.00512209 0.345
0.00512209 0.346
0.00512209 0.347
0.00512209 0.348
0.00512209 0.349
0.00512209 0.35
0.00512209 0.351
0.00512209 0.352
0.00512209 0.353
0.00512209 0.354
0.00512209 0.355
0.00512209 0.356
0.00512209 0.357
0.00512209 0.358
0.00512209 0.359
0.00512209 0.36
0.00512209 0.361
0.00512209 0.362
0.00512209 0.363
0.00512209 0.364
0.00512209 0.365
0.00512209 0.366
0.00512209 0.367
0.00512209 0.368
0.00512209 0.369
0.00512209 0.37
0.00512209 0.371
0.00512209 0.372
0.00512209 0.373
0.00512209 0.374
0.00512209 0.375
0.00512209 0.376
0.00512209 0.377
0.00512209 0.378
0.00512209 0.379
0.00512209 0.38
0.00512209 0.381
0.00512209 0.382
0.00512209 0.383
0.00512209 0.384
0.00512209 0.385
0.00512209 0.386
0.00512209 0.387
0.00512209 0.388
0.00512209 0.389
0.00512209 0.39
0.00512209 0.391
0.00512209 0.392
0.00512209 0.393
0.00512209 0.394
0.00512209 0.395
0.00512209 0.396
0.00512209 0.397
0.00512209 0.398
0.00512209 0.399
0.00512209 0.4
0.00512209 0.401
0.00512209 0.402
0.00512209 0.403
0.00512209 0.404
0.00512209 0.405
0.00512209 0.406
0.00512209 0.407
0.00512209 0.408
0.00512209 0.409
0.00512209 0.41
0.00512209 0.411
0.00512209 0.412
0.00512209 0.413
0.00512209 0.414
0.00512209 0.415
0.00512209 0.416
0.00512209 0.417
0.00512209 0.418
0.00512209 0.419
0.00512209 0.42
0.00512209 0.421
0.00512209 0.422
0.00512209 0.423
0.00512209 0.424
0.00512209 0.425
0.00512209 0.426
0.00512209 0.427
0.00512209 0.428
0.00512209 0.429
0.00512209 0.43
0.00512209 0.431
0.00512209 0.432
0.00512209 0.433
0.00512209 0.434
0.00512209 0.435
0.00512209 0.436
0.00512209 0.437
0.00512209 0.438
0.00512209 0.439
0.00512209 0.44
0.00512209 0.441
0.00512209 0.442
0.00512209 0.443
0.00512209 0.444
0.00512209 0.445
0.00512209 0.446
0.00512209 0.447
0.00512209 0.448
0.00512209 0.449
0.00512209 0.45
0.00512209 0.451
0.00512209 0.452
0.00512209 0.453
0.00512209 0.454
0.00512209 0.455
0.00512209 0.456
0.00512209 0.457
0.00512209 0.458
0.00512209 0.459
0.00512209 0.46
0.00512209 0.461
0.00512209 0.462
0.00512209 0.463
0.00512209 0.464
0.00512209 0.465
0.00512209 0.466
0.00512209 0.467
0.00512209 0.468
0.00512209 0.469
0.00512209 0.47
0.00512209 0.471
0.00512209 0.472
0.00512209 0.473
0.00512209 0.474
0.00512209 0.475
0.00512209 0.476
0.00512209 0.477
0.00512209 0.478
0.00512209 0.479
0.00512209 0.48
0.00512209 0.481
0.00512209 0.482
0.00512209 0.483
0.00512209 0.484
0.00512209 0.485
0.00512209 0.486
0.00512209 0.487
0.00512209 0.488
0.00512209 0.489
0.00512209 0.49
0.00512209 0.491
0.00512209 0.492
0.00512209 0.493
0.00512209 0.494
0.00512209 0.495
0.00512209 0.496
0.00512209 0.497
0.00512209 0.498
0.00512209 0.499
0.00512209 0.5
0.00512209 0.501
0.00512209 0.502
0.00512209 0.503
0.00512209 0.504
0.00512209 0.505
0.00512209 0.506
0.00512209 0.507
0.00512209 0.508
0.00512209 0.509
0.00512209 0.51
0.00512209 0.511
0.00512209 0.512
0.00512209 0.513
0.00512209 0.514
0.00512209 0.515
0.00512209 0.516
0.00512209 0.517
0.00512209 0.518
0.00512209 0.519
0.00512209 0.52
0.00512209 0.521
0.00512209 0.522
0.00512209 0.523
0.00512209 0.524
0.00512209 0.525
0.00512209 0.526
0.00512209 0.527
0.00512209 0.528
0.00512209 0.529
0.00512209 0.53
0.00512209 0.531
0.00512209 0.532
0.00512209 0.533
0.00512209 0.534
0.00512209 0.535
0.00512209 0.536
0.00512209 0.537
0.00512209 0.538
0.00512209 0.539
0.00512209 0.54
0.00512209 0.541
0.00512209 0.542
0.00512209 0.543
0.00512209 0.544
0.00512209 0.545
0.00512209 0.546
0.00512209 0.547
0.00512209 0.548
0.00512209 0.549
0.00512209 0.55
0.00512209 0.551
0.00512209 0.552
0.00512209 0.553
0.00512209 0.554
0.00512209 0.555
0.00512209 0.556
0.00512209 0.557
0.00512209 0.558
0.00512209 0.559
0.00512209 0.56
0.00512209 0.561
0.00512209 0.562
0.00512209 0.563
0.00512209 0.564
0.00512209 0.565
0.00512209 0.566
0.00512209 0.567
0.00512209 0.568
0.00512209 0.569
0.00512209 0.57
0.00512209 0.571
0.00512209 0.572
0.00512209 0.573
0.00512209 0.574
0.00512209 0.575
0.00512209 0.576
0.00512209 0.577
0.00512209 0.578
0.00512209 0.579
0.00512209 0.58
0.00512209 0.581
0.00512209 0.582
0.00512209 0.583
0.00512209 0.584
0.00512209 0.585
0.00512209 0.586
0.00512209 0.587
0.00512209 0.588
0.00512209 0.589
0.00512209 0.59
0.00512209 0.591
0.00512209 0.592
0.00512209 0.593
0.00512209 0.594
0.00512209 0.595
0.00512209 0.596
0.00512209 0.597
0.00512209 0.598
0.00512209 0.599
0.00512209 0.6
0.00512209 0.601
0.00512209 0.602
0.00512209 0.603
0.00512209 0.604
0.00512209 0.605
0.00512209 0.606
0.00512209 0.607
0.00512209 0.608
0.00512209 0.609
0.00512209 0.61
0.00512209 0.611
0.00512209 0.612
0.00512209 0.613
0.00512209 0.614
0.00512209 0.615
0.00512209 0.616
0.00512209 0.617
0.00512209 0.618
0.00512209 0.619
0.00512209 0.62
0.00512209 0.621
0.00512209 0.622
0.00512209 0.623
0.00512209 0.624
0.00512209 0.625
0.00512209 0.626
0.00512209 0.627
0.00512209 0.628
0.00512209 0.629
0.00512209 0.63
0.00512209 0.631
0.00512209 0.632
0.00512209 0.633
0.00512209 0.634
0.00512209 0.635
0.00512209 0.636
0.00512209 0.637
0.00512209 0.638
0.00512209 0.639
0.00512209 0.64
0.00512209 0.641
0.00512209 0.642
0.00512209 0.643
0.00512209 0.644
0.00512209 0.645
0.00512209 0.646
0.00512209 0.647
0.00512209 0.648
0.00512209 0.649
0.00512209 0.65
0.00512209 0.651
0.00512209 0.652
0.00512209 0.653
0.00512209 0.654
0.00512209 0.655
0.00512209 0.656
0.00512209 0.657
0.00512209 0.658
0.00512209 0.659
0.00512209 0.66
0.00512209 0.661
0.00512209 0.662
0.00512209 0.663
0.00512209 0.664
0.00512209 0.665
0.00512209 0.666
0.00512209 0.667
0.00512209 0.668
0.00512209 0.669
0.00512209 0.67
0.00512209 0.671
0.00512209 0.672
0.00512209 0.673
0.00512209 0.674
0.00512209 0.675
0.00512209 0.676
0.00512209 0.677
0.00512209 0.678
0.00512209 0.679
0.00512209 0.68
0.00512209 0.681
0.00512209 0.682
0.00512209 0.683
0.00512209 0.684
0.00512209 0.685
0.00512209 0.686
0.00512209 0.687
0.00512209 0.688
0.00512209 0.689
0.00512209 0.69
0.00512209 0.691
0.00512209 0.692
0.00512209 0.693
0.00512209 0.694
0.00512209 0.695
0.00512209 0.696
0.00512209 0.697
0.00512209 0.698
0.00512209 0.699
0.00512209 0.7
0.00512209 0.701
0.00512209 0.702
0.00512209 0.703
0.00512209 0.704
0.00512209 0.705
0.00512209 0.706
0.00512209 0.707
0.00512209 0.708
0.00512209 0.709
0.00512209 0.71
0.00512209 0.711
0.00512209 0.712
0.00512209 0.713
0.00512209 0.714
0.00512209 0.715
0.00512209 0.716
0.00512209 0.717
0.00512209 0.718
0.00512209 0.719
0.00512209 0.72
0.00512209 0.721
0.00512209 0.722
0.00512209 0.723
0.00512209 0.724
0.00512209 0.725
0.00512209 0.726
0.00512209 0.727
0.00512209 0.728
0.00512209 0.729
0.00512209 0.73
0.00512209 0.731
0.00512209 0.732
0.00512209 0.733
0.00512209 0.734
0.00512209 0.735
0.00512209 0.736
0.00512209 0.737
0.00512209 0.738
0.00512209 0.739
0.00512209 0.74
0.00512209 0.741
0.00512209 0.742
0.00512209 0.743
0.00512209 0.744
0.00512209 0.745
0.00512209 0.746
0.00512209 0.747
0.00512209 0.748
0.00512209 0.749
0.00512209 0.75
0.00512209 0.751
0.00512209 0.752
0.00512209 0.753
0.00512209 0.754
0.00512209 0.755
0.00512209 0.756
0.00512209 0.757
0.00512209 0.758
0.00512209 0.759
0.00512209 0.76
0.00512209 0.761
0.00512209 0.762
0.00512209 0.763
0.00512209 0.764
0.00512209 0.765
0.00512209 0.766
0.00512209 0.767
0.00512209 0.768
0.00512209 0.769
0.00512209 0.77
0.00512209 0.771
0.00512209 0.772
0.00512209 0.773
0.00512209 0.774
0.00512209 0.775
0.00512209 0.776
0.00512209 0.777
0.00512209 0.778
0.00512209 0.779
0.00512209 0.78
0.00512209 0.781
0.00512209 0.782
0.00512209 0.783
0.00512209 0.784
0.00512209 0.785
0.00512209 0.786
0.00512209 0.787
0.00512209 0.788
0.00512209 0.789
0.00512209 0.79
0.00512209 0.791
0.00512209 0.792
0.00512209 0.793
0.00512209 0.794
0.00512209 0.795
0.00512209 0.796
0.00512209 0.797
0.00512209 0.798
0.00512209 0.799
0.00512209 0.8
0.00512209 0.801
0.00512209 0.802
0.00512209 0.803
0.00512209 0.804
0.00512209 0.805
0.00512209 0.806
0.00512209 0.807
0.00512209 0.808
0.00512209 0.809
0.00512209 0.81
0.00512209 0.811
0.00512209 0.812
0.00512209 0.813
0.00512209 0.814
0.00512209 0.815
0.00512209 0.816
0.00512209 0.817
0.00512209 0.818
0.00512209 0.819
0.00512209 0.82
0.00512209 0.821
0.00512209 0.822
0.00512209 0.823
0.00512209 0.824
0.00512209 0.825
0.00512209 0.826
0.00512209 0.827
0.00512209 0.828
0.00512209 0.829
0.00512209 0.83
0.00512209 0.831
0.00512209 0.832
0.00512209 0.833
0.00512209 0.834
0.00512209 0.835
0.00512209 0.836
0.00512209 0.837
0.00512209 0.838
0.00512209 0.839
0.00512209 0.84
0.00512209 0.841
0.00512209 0.842
0.00512209 0.843
0.00512209 0.844
0.00512209 0.845
0.00512209 0.846
0.00512209 0.847
0.00512209 0.848
0.00512209 0.849
0.00512209 0.85
0.00512209 0.851
0.00512209 0.852
0.00512209 0.853
0.00512209 0.854
0.00512209 0.855
0.00512209 0.856
0.00612211 0.857
0.00712214 0.858
0.00812217 0.859
0.0091222 0.86
0.0101222 0.861
0.0111223 0.862
0.0121223 0.863
0.0131223 0.864
0.0141223 0.865
0.0151224 0.866
0.0161224 0.867
0.0171224 0.868
0.0181224 0.869
0.0191225 0.87
0.0201225 0.871
0.0211225 0.872
0.0221226 0.873
0.0231226 0.874
0.0241226 0.875
0.0251226 0.876
0.0261227 0.877
0.0271227 0.878
0.0281227 0.879
0.0291227 0.88
0.0301228 0.881
0.0311228 0.882
0.0321228 0.883
0.0331229 0.884
0.0341229 0.885
0.0351229 0.886
0.0361229 0.887
0.037123 0.888
0.038123 0.889
0.039123 0.89
0.040123 0.891
0.0411231 0.892
0.0421231 0.893
0.0431231 0.894
0.0441232 0.895
0.0451232 0.896
0.0461232 0.897
0.0471232 0.898
0.0481233 0.899
0.0491233 0.9
0.0501233 0.901
0.0511233 0.902
0.0521234 0.903
0.0531234 0.904
0.0541234 0.905
0.0551235 0.906
0.0561235 0.907
0.0571235 0.908
0.0581235 0.909
0.0591236 0.91
0.0601236 0.911
0.0611236 0.912
0.0621236 0.913
0.0631237 0.914
0.0641237 0.915
0.0651237 0.916
0.0661238 0.917
0.0671238 0.918
0.0681238 0.919
0.0691238 0.92
0.0701239 0.921
0.0711239 0.922
0.0721239 0.923
0.0731239 0.924
0.074124 0.925
0.075124 0.926
0.076124 0.927
0.0771241 0.928
0.0781241 0.929
0.0791241 0.93
0.0801241 0.931
0.0811242 0.932
0.0821242 0.933
0.0831242 0.934
0.0841242 0.935
0.0851243 0.936
0.0861243 0.937
0.0871243 0.938
0.0881244 0.939
0.0891244 0.94
0.0901244 0.941
0.0911244 0.942
0.0921245 0.943
0.0931245 0.944
0.0941245 0.945
0.0951246 0.946
0.0961246 0.947
0.0971246 0.948
0.0981246 0.949
0.0991247 0.95
0.100125 0.951
0.101125 0.952
0.102125 0.953
0.103125 0.954
0.104125 0.955
0.105125 0.956
0.106125 0.957
0.107125 0.958
0.108125 0.959
0.109125 0.96
0.110125 0.961
0.111125 0.962
0.112125 0.963
0.113125 0.964
0.114125 0.965
0.115125 0.966
0.116125 0.967
0.117125 0.968
0.118125 0.969
0.119125 0.97
0.120125 0.971
0.121125 0.972
0.122125 0.973
0.123125 0.974
0.124125 0.975
0.125125 0.976
0.126125 0.977
0.127125 0.978
0.128125 0.979
0.129125 0.98
0.130126 0.981
0.131126 0.982
0.132126 0.983
0.133126 0.984
0.134126 0.985
0.135126 0.986
0.136126 0.987
0.137126 0.988
0.138126 0.989
0.139126 0.99
0.140126 0.991
0.141126 0.992
0.142126 0.993
0.143126 0.994
0.144126 0.995
0.145126 0.996
0.146126 0.997
0.147126 0.998
0.148126 0.999
0.149126 1


Shark
3.14159 1.5
3.13709 1.4995
3.13259 1.499
3.12809 1.4985
3.12359 1.498
3.11909 1.4975
3.11459 1.497
3.11009 1.4965
3.10559 1.496
3.10109 1.4955
3.09659 1.495
3.09209 1.4945
3.08759 1.494
3.08309 1.4935
3.07859 1.493
3.07409 1.4925
3.06959 1.492
3.06509 1.4915
3.06059 1.491
3.05609 1.4905
3.05159 1.49
3.04709 1.4895
3.04259 1.489
3.03809 1.4885
3.03359 1.488
3.02909 1.4875
3.02459 1.487
3.02009 1.4865
3.01559 1.486
3.01109 1.4855
3.00659 1.485
3.00209 1.4845
2.99759 1.484
2.99309 1.4835
2.98859 1.483
2.98409 1.4825
2.97959 1.482
2.97509 1.4815
2.97059 1.481
2.96609 1.4805
2.96159 1.48
2.95709 1.4795
2.95259 1.479
2.94809 1.4785
2.94359 1.478
2.93909 1.4775
2.93459 1.477
2.93009 1.4765
2.92559 1.476
2.92109 1.4755
2.91659 1.475
2.91209 1.4745
2.90759 1.474
2.90309 1.4735
2.89859 1.473
2.89409 1.4725
2.88959 1.472
2.88509 1.4715
2.88059 1.471
2.87609 1.4705
2.87159 1.47
2.86709 1.4695
2.86259 1.469
2.85809 1.4685
2.85359 1.468
2.84909 1.4675
2.84459 1.467
2.84009 1.4665
2.83559 1.466
2.83109 1.4655
2.82659 1.465
2.82209 1.4645
2.81759 1.464
2.81309 1.4635
2.80859 1.463
2.80409 1.4625
2.79959 1.462
2.79509 1.4615
2.79059 1.461
2.78609 1.4605
2.78159 1.46
2.77709 1.4595
2.77259 1.459
2.76809 1.4585
2.76359 1.458
2.75909 1.4575
2.75459 1.457
2.75009 1.4565
2.90379 1.456
2.90829 1.4555
2.91279 1.455
2.91729 1.4545
2.92179 1.454
2.92629 1.4535
2.93079 1.453
2.93529 1.4525
2.93979 1.452
2.94429 1.4515
2.85816 1.451
2.85366 1.4505
2.84916 1.45
2.84466 1.4495
2.80063 1.449
2.79613 1.4485
2.79163 1.448
2.78713 1.4475
2.78263 1.447
2.77813 1.4465
2.77363 1.446
2.76913 1.4455
2.76463 1.445
2.76013 1.4445
2.75563 1.444
2.75113 1.4435
2.80145 1.443
2.82714 1.4425
2.83164 1.442
2.83614 1.4415
2.84064 1.441
2.84514 1.4405
2.84964 1.44
2.87663 1.4395
2.88113 1.439
2.88563 1.4385
2.89013 1.438
2.89463 1.4375
2.89913 1.437
2.91381 1.4365
2.92859 1.436
2.93309 1.4355
2.94809 1.435
2.96319 1.4345
2.96769 1.434
2.97219 1.4335
2.9876 1.433
2.9921 1.4325
2.9966 1.432
3.01043 1.4315
3.01632 1.431
3.02082 1.4305
3.02974 1.43
3.03871 1.4295
3.04773 1.429
3.05223 1.4285
3.06134 1.428
3.06736 1.4275
3.07339 1.427
3.07944 1.4265
3.08551 1.426
3.0916 1.4255
3.0977 1.425
3.10383 1.4245
3.10997 1.424
3.11613 1.4235
3.12232 1.423
3.12852 1.4225
3.13474 1.422
3.14098 1.4215
3.14723 1.421
3.15351 1.4205
3.15981 1.42
3.16431 1.4195
3.16881 1.419
3.17331 1.4185
3.17781 1.418
3.18231 1.4175
3.18681 1.417
3.19131 1.4165
3.19581 1.416
3.20031 1.4155
3.20481 1.415
3.20931 1.4145
3.21381 1.414
3.21831 1.4135
3.22281 1.413
3.22731 1.4125
3.23181 1.412
3.23631 1.4115
3.24081 1.411
3.24531 1.4105
3.24981 1.41
3.25431 1.4095
3.25881 1.409
3.26331 1.4085
3.26781 1.408
3.27231 1.4075
3.27681 1.407
3.28131 1.4065
3.28581 1.406
3.29031 1.4055
3.29481 1.405
3.29931 1.4045
3.30381 1.404
3.30831 1.4035
3.31281 1.403
3.31731 1.4025
3.32181 1.402
3.32631 1.4015
3.33081 1.401
3.33531 1.4005
3.33981 1.4
3.34431 1.3995
3.34881 1.399
3.35331 1.3985
3.35781 1.398
3.36231 1.3975
3.36681 1.397
3.37131 1.3965
3.37581 1.396
3.38031 1.3955
3.38481 1.395
3.38931 1.3945
3.39381 1.394
3.39831 1.3935
3.40281 1.393
3.40731 1.3925
3.41181 1.392
3.41631 1.3915
3.42081 1.391
3.42531 1.3905
3.42981 1.39
3.43431 1.3895
3.43881 1.389
3.44331 1.3885
3.44781 1.388
3.45231 1.3875
3.45681 1.387
3.46131 1.3865
3.46581 1.386
3.47031 1.3855
3.47481 1.385
3.47931 1.3845
3.48381 1.384
3.48831 1.3835
3.49281 1.383
3.49731 1.3825
3.50181 1.382
3.50631 1.3815
3.51081 1.381
3.51531 1.3805
3.51981 1.38
3.52431 1.3795
3.52881 1.379
3.53331 1.3785
3.53781 1.378
3.54231 1.3775
3.54681 1.377
3.55131 1.3765
3.55581 1.376
3.56031 1.3755
3.56481 1.375
3.56931 1.3745
3.57381 1.374
3.57831 1.3735
3.58281 1.373
3.58731 1.3725
3.59181 1.372
3.59631 1.3715
3.60081 1.371
3.60531 1.3705
3.60981 1.37
3.61431 1.3695
3.61881 1.369
3.62331 1.3685
3.62781 1.368
3.63231 1.3675
3.63681 1.367
3.64131 1.3665
3.64581 1.366
3.65031 1.3655
3.65481 1.365
3.65931 1.3645
3.66381 1.364
3.66831 1.3635
3.67281 1.363
3.67731 1.3625
3.68181 1.362
3.68631 1.3615
3.69081 1.361
3.69531 1.3605
3.69981 1.36
3.70431 1.3595
3.70881 1.359
3.71331 1.3585
3.71781 1.358
3.72231 1.3575
3.72681 1.357
3.73131 1.3565
3.73581 1.356
3.74031 1.3555
3.74481 1.355
3.74931 1.3545
3.75381 1.354
3.75831 1.3535
3.76281 1.353
3.76731 1.3525
3.77181 1.352
3.77631 1.3515
3.78081 1.351
3.78531 1.3505
3.78981 1.35
3.79431 1.3495
3.79881 1.349
3.80331 1.3485
3.80781 1.348
3.81231 1.3475
3.81681 1.347
3.82131 1.3465
3.82581 1.346
3.83031 1.3455
3.83481 1.345
3.83931 1.3445
3.84381 1.344
3.84831 1.3435
3.85281 1.343
3.85731 1.3425
3.86181 1.342
3.86631 1.3415
3.87081 1.341
3.87531 1.3405
3.87981 1.34
3.88431 1.3395
3.88881 1.339
3.89331 1.3385
3.89781 1.338
3.90231 1.3375
3.90681 1.337
3.91131 1.3365
3.91581 1.336
3.92031 1.3355
3.92481 1.335
3.92931 1.3345
3.93381 1.334
3.93831 1.3335
3.94281 1.333
3.94731 1.3325
3.95181 1.332
3.95631 1.3315
3.96081 1.331
3.96531 1.3305
3.96981 1.33
3.97431 1.3295
3.97881 1.329
3.98331 1.3285
3.98781 1.328
3.99231 1.3275
3.99681 1.327
4.00131 1.3265
4.00581 1.326
4.01031 1.3255
4.01481 1.325
4.01931 1.3245
4.02381 1.324
4.02831 1.3235
4.03281 1.323
4.03731 1.3225
4.04181 1.322
4.04631 1.3215
4.05081 1.321
4.05531 1.3205
4.05981 1.32
4.06431 1.3195
4.06881 1.319
4.07331 1.3185
4.07781 1.318
4.08231 1.3175
4.08681 1.317
4.09131 1.3165
4.09581 1.316
4.10031 1.3155
4.10481 1.315
4.10931 1.3145
4.11381 1.314
4.11831 1.3135
4.12281 1.313
4.12731 1.3125
4.13181 1.312
4.13631 1.3115
4.14081 1.311
4.14531 1.3105
4.14981 1.31
4.15431 1.3095
4.15881 1.309
4.16331 1.3085
4.16781 1.308
4.17231 1.3075
4.17681 1.307
4.18131 1.3065
4.18581 1.306
4.19031 1.3055
4.19481 1.305
4.19931 1.3045
4.20381 1.304
4.20831 1.3035
4.21281 1.303
4.21731 1.3025
4.22181 1.302
4.22631 1.3015
4.23081 1.301
4.23531 1.3005
4.23981 1.3
4.24431 1.2995
4.24881 1.299
4.25331 1.2985
4.25781 1.298
4.26231 1.2975
4.26681 1.297
4.27131 1.2965
4.27581 1.296
4.28031 1.2955
4.28481 1.295
4.28931 1.2945
4.29381 1.294
4.29831 1.2935
4.30281 1.293
4.30731 1.2925
4.31181 1.292
4.31631 1.2915
4.32081 1.291
4.32531 1.2905
4.32981 1.29
4.33431 1.2895
4.33881 1.289
4.34331 1.2885
4.34781 1.288
4.35231 1.2875
4.35681 1.287
4.36131 1.2865
4.36581 1.286
4.37031 1.2855
4.37481 1.285
4.37931 1.2845
4.38381 1.284
4.38831 1.2835
4.39281 1.283
4.39731 1.2825
4.40181 1.282
4.40631 1.2815
4.41081 1.281
4.41531 1.2805
4.41981 1.28
4.42431 1.2795
4.42881 1.279
4.43331 1.2785
4.43781 1.278
4.44231 1.2775
4.44681 1.277
4.45131 1.2765
4.45581 1.276
4.46031 1.2755
4.46481 1.275
4.46931 1.2745
4.47381 1.274
4.47831 1.2735
4.48281 1.273
4.48731 1.2725
4.49181 1.272
4.49631 1.2715
4.50081 1.271
4.50531 1.2705
4.50981 1.27
4.51431 1.2695
4.51881 1.269
4.52331 1.2685
4.52781 1.268
4.53231 1.2675
4.53681 1.267
4.54131 1.2665
4.54581 1.266
4.55031 1.2655
4.55481 1.265
4.55931 1.2645
4.56381 1.264
4.56831 1.2635
4.57281 1.263
4.57731 1.2625
4.58181 1.262
4.58631 1.2615
4.59081 1.261
4.59531 1.2605
4.59981 1.26
4.60431 1.2595
4.60881 1.259
4.61331 1.2585
4.61781 1.258
4.62231 1.2575
4.62681 1.257
4.63131 1.2565
4.63581 1.256
4.64031 1.2555
4.64481 1.255
4.64931 1.2545
4.65381 1.254
4.65831 1.2535
4.66281 1.253
4.66731 1.2525
4.67181 1.252
4.67631 1.2515
4.68081 1.251
4.68531 1.2505
4.68981 1.25
4.69431 1.2495
4.69881 1.249
4.70331 1.2485
4.70781 1.248
4.71231 1.2475
4.71681 1.247
4.72131 1.2465
4.72581 1.246
4.73031 1.2455
4.73481 1.245
4.73931 1.2445
4.74381 1.244
4.74831 1.2435
4.75281 1.243
4.75731 1.2425
4.76181 1.242
4.76631 1.2415
4.77081 1.241
4.77531 1.2405
4.77981 1.24
4.78431 1.2395
4.78881 1.239
4.79331 1.2385
4.79781 1.238
4.80231 1.2375
4.80681 1.237
4.81131 1.2365
4.81581 1.236
4.82031 1.2355
4.82481 1.235
4.82931 1.2345
4.83381 1.234
4.83831 1.2335
4.84281 1.233
4.84731 1.2325
4.85181 1.232
4.85631 1.2315
4.86081 1.231
4.86531 1.2305
4.86981 1.23
4.87431 1.2295
4.87881 1.229
4.88331 1.2285
4.88781 1.228
4.89231 1.2275
4.89681 1.227
4.90131 1.2265
4.90581 1.226
4.91031 1.2255
4.91481 1.225
4.91931 1.2245
4.92381 1.224
4.92831 1.2235
4.93281 1.223
4.93731 1.2225
4.94181 1.222
4.94631 1.2215
4.95081 1.221
4.95531 1.2205
4.95981 1.22
4.96431 1.2195
4.96881 1.219
4.97331 1.2185
4.97781 1.218
4.98231 1.2175
4.98681 1.217
4.99131 1.2165
4.99581 1.216
5.00031 1.2155
5.00481 1.215
5.00931 1.2145
5.01381 1.214
5.01831 1.2135
5.02281 1.213
5.02731 1.2125
5.03181 1.212
5.03631 1.2115
5.04081 1.211
5.04531 1.2105
5.04981 1.21
5.05431 1.2095
5.05881 1.209
5.06331 1.2085
5.06781 1.208
5.07231 1.2075
5.07681 1.207
5.08131 1.2065
5.08581 1.206
5.09031 1.2055
5.09481 1.205
5.09931 1.2045
5.10381 1.204
5.10831 1.2035
5.11281 1.203
5.11731 1.2025
5.12181 1.202
5.12631 1.2015
5.13081 1.201
5.13531 1.2005
5.13981 1.2
5.14431 1.1995
5.14881 1.199
5.15331 1.1985
5.15781 1.198
5.16231 1.1975
5.16681 1.197
5.17131 1.1965
5.17581 1.196
5.18031 1.1955
5.18481 1.195
5.18931 1.1945
5.19381 1.194
5.19831 1.1935
5.20281 1.193
5.20731 1.1925
5.21181 1.192
5.21631 1.1915
5.22081 1.191
5.22531 1.1905
5.22981 1.19
5.23431 1.1895
5.23881 1.189
5.24331 1.1885
5.24781 1.188
5.25231 1.1875
5.25681 1.187
5.26131 1.1865
5.26581 1.186
5.27031 1.1855
5.27481 1.185
5.27931 1.1845
5.28381 1.184
5.28831 1.1835
5.29281 1.183
5.29731 1.1825
5.30181 1.182
5.30631 1.1815
5.31081 1.181
5.31531 1.1805
5.31981 1.18
5.32431 1.1795
5.32881 1.179
5.33331 1.1785
5.33781 1.178
5.34231 1.1775
5.34681 1.177
5.35131 1.1765
5.35581 1.176
5.36031 1.1755
5.36481 1.175
5.36931 1.1745
5.37381 1.174
5.37831 1.1735
5.38281 1.173
5.38731 1.1725
5.39181 1.172
5.39631 1.1715
5.40081 1.171
5.40531 1.1705
5.40981 1.17
5.41431 1.1695
5.41881 1.169
5.42331 1.1685
5.42781 1.168
5.43231 1.1675
5.43681 1.167
5.44131 1.1665
5.44581 1.166
5.45031 1.1655
5.45481 1.165
5.45931 1.1645
5.46381 1.164
5.46831 1.1635
5.47281 1.163
5.47731 1.1625
5.48181 1.162
5.48631 1.1615
5.49081 1.161
5.49531 1.1605
5.49981 1.16
5.50431 1.1595
5.50881 1.159
5.51331 1.1585
5.51781 1.158
5.52231 1.1575
5.52681 1.157
5.53131 1.1565
5.53581 1.156
5.54031 1.1555
5.54481 1.155
5.54931 1.1545
5.55381 1.154
5.55831 1.1535
5.56281 1.153
5.56731 1.1525
5.57181 1.152
5.57631 1.1515
5.58081 1.151
5.58531 1.1505
5.58981 1.15
5.59431 1.1495
5.59881 1.149
5.60331 1.1485
5.60781 1.148
5.61231 1.1475
5.61681 1.147
5.62131 1.1465
5.62581 1.146
5.63031 1.1455
5.63481 1.145
5.63931 1.1445
5.64381 1.144
5.64831 1.1435
5.65281 1.143
5.65731 1.1425
5.66181 1.142
5.66631 1.1415
5.67081 1.141
5.67531 1.1405
5.67981 1.14
5.68431 1.1395
5.68881 1.139
5.69331 1.1385
5.69781 1.138
5.70231 1.1375
5.70681 1.137
5.71131 1.1365
5.71581 1.136
5.72031 1.1355
5.72481 1.135
5.72931 1.1345
5.73381 1.134
5.73831 1.1335
5.74281 1.133
5.74731 1.1325
5.75181 1.132
5.75631 1.1315
5.76081 1.131
5.76531 1.1305
5.76981 1.13
5.77431 1.1295
5.77881 1.129
5.78331 1.1285
5.78781 1.128
5.79231 1.1275
5.79681 1.127
5.80131 1.1265
5.80581 1.126
5.81031 1.1255
5.81481 1.125
5.81931 1.1245
5.82381 1.124
5.82831 1.1235
5.83281 1.123
5.83731 1.1225
5.84181 1.122
5.84631 1.1215
5.85081 1.121
5.85531 1.1205
5.85981 1.12
5.86431 1.1195
5.86881 1.119
5.87331 1.1185
5.87781 1.118
5.88231 1.1175
5.88681 1.117
5.89131 1.1165
5.89581 1.116
5.90031 1.1155
5.90481 1.115
5.90931 1.1145
5.91381 1.114
5.91831 1.1135
5.92281 1.113
5.92731 1.1125
5.93181 1.112
5.93631 1.1115
5.94081 1.111
5.94531 1.1105
5.94981 1.11
5.95431 1.1095
5.95881 1.109
5.96331 1.1085
5.96781 1.108
5.97231 1.1075
5.97681 1.107
5.98131 1.1065
5.98581 1.106
5.99031 1.1055
5.99481 1.105
5.99931 1.1045
6.00381 1.104
6.00831 1.1035
6.01281 1.103
6.01731 1.1025
6.02181 1.102
6.02631 1.1015
6.03081 1.101
6.03531 1.1005
6.03981 1.1
6.04431 1.0995
6.04881 1.099
6.05331 1.0985
6.05781 1.098
6.06231 1.0975
6.06681 1.097
6.07131 1.0965
6.07581 1.096
6.08031 1.0955
6.08481 1.095
6.08931 1.0945
6.09381 1.094
6.09831 1.0935
6.10281 1.093
6.10731 1.0925
6.11181 1.092
6.11631 1.0915
6.12081 1.091
6.12531 1.0905
6.12981 1.09
6.13431 1.0895
6.13881 1.089
6.14331 1.0885
6.14781 1.088
6.15231 1.0875
6.15681 1.087
6.16131 1.0865
6.16581 1.086
6.17031 1.0855
6.17481 1.085
6.17931 1.0845
6.18381 1.084
6.18831 1.0835
6.19281 1.083
6.19731 1.0825
6.20181 1.082
6.20631 1.0815
6.21081 1.081
6.21531 1.0805
6.21981 1.08
6.22431 1.0795
6.22881 1.079
6.23331 1.0785
6.23781 1.078
6.24231 1.0775
6.24681 1.077
6.25131 1.0765
6.25581 1.076
6.26031 1.0755
6.26481 1.075
6.26931 1.0745
6.27381 1.074
6.27831 1.0735
6.28281 1.073
6.28731 1.0725
6.28831 1.072
6.28931 1.0715
6.29031 1.071
6.29131 1.0705
6.29231 1.07
6.29331 1.0695
6.29431 1.069
6.29531 1.0685
6.29631 1.068
6.29731 1.0675
6.29831 1.067
6.29931 1.0665
6.30031 1.066
6.30131 1.0655
6.30231 1.065
6.30331 1.0645
6.30431 1.064
6.30531 1.0635
6.30631 1.063
6.30731 1.0625
6.30831 1.062
6.30931 1.0615
6.31031 1.061
6.31131 1.0605
6.31231 1.06
6.31331 1.0595
6.31431 1.059
6.31531 1.0585
6.31631 1.058
6.31731 1.0575
6.31831 1.057
6.31931 1.0565
6.32031 1.056
6.32131 1.0555
6.32231 1.055
6.32331 1.0545
6.32431 1.054
6.32531 1.0535
6.32631 1.053
6.32731 1.0525
6.32831 1.052
6.32931 1.0515
6.33031 1.051
6.33131 1.0505
6.33231 1.05
6.33331 1.0495
6.33431 1.049
6.33531 1.0485
6.33631 1.048
6.33731 1.0475
6.33831 1.047
6.33931 1.0465
6.34031 1.046
6.34131 1.0455
6.34231 1.045
6.34331 1.0445
6.34431 1.044
6.34531 1.0435
6.34631 1.043
6.34731 1.0425
6.34831 1.042
6.34931 1.0415
6.35031 1.041
6.35131 1.0405
6.35231 1.04
6.35331 1.0395
6.35431 1.039
6.35531 1.0385
6.35631 1.038
6.35731 1.0375
6.35831 1.037
6.35931 1.0365
6.36031 1.036
6.36131 1.0355
6.36231 1.035
6.36331 1.0345
6.36431 1.034
6.36531 1.0335
6.36631 1.033
6.36731 1.0325
6.36831 1.032
6.36931 1.0315
6.37031 1.031
6.37131 1.0305
6.37231 1.03
6.37331 1.0295
6.37431 1.029
6.37531 1.0285
6.37631 1.028
6.37731 1.0275
6.37831 1.027
6.37931 1.0265
6.38031 1.026
6.38131 1.0255
6.38231 1.025
6.38331 1.0245
6.38431 1.024
6.38531 1.0235
6.38631 1.023
6.38731 1.0225
6.38831 1.022
6.38931 1.0215
6.39031 1.021
6.39131 1.0205
6.39231 1.02
6.39331 1.0195
6.39431 1.019
6.39531 1.0185
6.39631 1.018
6.39731 1.0175
6.39831 1.017
6.39931 1.0165
6.40031 1.016
6.40131 1.0155
6.40231 1.015
6.40331 1.0145
6.40431 1.014
6.40531 1.0135
6.40631 1.013
6.40731 1.0125
6.40831 1.012
6.40931 1.0115
6.41031 1.011
6.41131 1.0105
6.41231 1.01
6.41331 1.0095
6.41431 1.009
6.41531 1.0085
6.41631 1.008
6.41731 1.0075
6.41831 1.007
6.41931 1.0065
6.42031 1.006
6.42131 1.0055
6.42231 1.005
6.42331 1.0045
6.42431 1.004
6.42531 1.0035
6.42631 1.003
6.42731 1.0025
6.42831 1.002
6.42931 1.0015
6.43031 1.001
6.43131 1.0005
6.43231 1
