Man
0 0
0 0.001
0 0.002
0 0.003
0 0.004
0 0.005
0 0.006
0 0.007
0 0.008
0 0.009
0 0.01
0 0.011
0 0.012
0 0.013
0 0.014
0 0.015
0 0.016
0 0.017
0 0.018
0 0.019
0 0.02
0 0.021
0 0.022
0 0.023
0 0.024
0 0.025
0 0.026
0 0.027
0 0.028
0 0.029
0 0.03
0 0.031
0 0.032
0 0.033
0 0.034
0 0.035
0 0.036
0 0.037
0 0.038
0 0.039
0 0.04
0 0.041
0 0.042
0 0.043
0 0.044
0 0.045
0 0.046
0 0.047
0 0.048
0 0.049
0 0.05
0 0.051
0 0.052
0 0.053
0 0.054
0 0.055
0 0.056
0 0.057
0 0.058
0 0.059
0 0.06
0 0.061
0 0.062
0 0.063
0 0.064
0 0.065
0 0.066
0 0.067
0 0.068
0 0.069
0 0.07
0 0.071
0 0.072
0 0.073
0 0.074
0 0.075
0 0.076
0 0.077
0 0.078
0 0.079
0 0.08
0 0.081
0 0.082
0 0.083
0 0.084
0 0.085
0 0.086
0 0.087
0 0.088
0 0.089
-0.392699 0.09
-0.392699 0.091
-0.392699 0.092
-0.392699 0.093
-0.392699 0.094
-0.392699 0.095
-0.392699 0.096
-0.392699 0.097
-0.392699 0.098
-0.392699 0.099
-0.392699 0.1
-0.19635 0.101
-0.19635 0.102
-0.19635 0.103
-0.0981748 0.104
-0.0981748 0.105
-0.0981748 0.106
-0.0981748 0.107
-0.0981748 0.108
-0.0981748 0.109
-0.0981748 0.11
-0.0981748 0.111
-0.0981748 0.112
-0.0981748 0.113
-0.0981748 0.114
-0.0981748 0.115
-0.0981748 0.116
-0.19635 0.117
-0.147262 0.118
-0.147262 0.119
-0.147262 0.12
-0.147262 0.121
-0.147262 0.122
-0.147262 0.123
-0.0981748 0.124
-0.0981748 0.125
-0.0981748 0.126
-0.0981748 0.127
-0.0981748 0.128
-0.0981748 0.129
-0.0736311 0.13
-0.0490874 0.131
-0.0490874 0.132
-0.0245437 0.133
-0.00134514 0.134
-0.00134514 0.135
-0.00134514 0.136
0.0231986 0.137
0.0231986 0.138
0.0231986 0.139
0.000169418 0.14
-0.00596651 0.141
-0.00596651 0.142
-0.0243743 0.143
-0.0305102 0.144
-0.0366461 0.145
-0.042782 0.146
-0.048918 0.147
-0.0550539 0.148
-0.0611898 0.149
-0.0673257 0.15
-0.0734617 0.151
-0.0795976 0.152
-0.0857335 0.153
-0.0918694 0.154
-0.0980054 0.155
-0.104141 0.156
-0.110277 0.157
-0.116413 0.158
-0.122549 0.159
-0.128685 0.16
-0.134821 0.161
-0.140957 0.162
-0.147093 0.163
-0.153229 0.164
-0.159365 0.165
-0.159365 0.166
-0.159365 0.167
-0.159365 0.168
-0.159365 0.169
-0.159365 0.17
-0.159365 0.171
-0.159365 0.172
-0.159365 0.173
-0.159365 0.174
-0.159365 0.175
-0.159365 0.176
-0.159365 0.177
-0.159365 0.178
-0.159365 0.179
-0.159365 0.18
-0.159365 0.181
-0.159365 0.182
-0.159365 0.183
-0.159365 0.184
-0.159365 0.185
-0.159365 0.186
-0.159365 0.187
-0.159365 0.188
-0.159365 0.189
-0.159365 0.19
-0.159365 0.191
-0.159365 0.192
-0.159365 0.193
-0.159365 0.194
-0.159365 0.195
-0.159365 0.196
-0.159365 0.197
-0.159365 0.198
-0.159365 0.199
-0.159365 0.2
-0.159365 0.201
-0.159365 0.202
-0.159365 0.203
-0.159365 0.204
-0.159365 0.205
-0.159365 0.206
-0.159365 0.207
-0.159365 0.208
-0.159365 0.209
-0.159365 0.21
-0.159365 0.211
-0.159365 0.212
-0.159365 0.213
-0.159365 0.214
-0.159365 0.215
-0.159365 0.216
-0.159365 0.217
-0.159365 0.218
-0.159365 0.219
-0.159365 0.22
-0.159365 0.221
-0.159365 0.222
-0.159365 0.223
-0.159365 0.224
-0.159365 0.225
-0.159365 0.226
-0.159365 0.227
-0.159365 0.228
-0.159365 0.229
-0.159365 0.23
-0.159365 0.231
-0.159365 0.232
-0.159365 0.233
-0.159365 0.234
-0.159365 0.235
-0.159365 0.236
-0.159365 0.237
-0.159365 0.238
-0.159365 0.239
-0.159365 0.24
-0.159365 0.241
-0.159365 0.242
-0.159365 0.243
-0.159365 0.244
-0.159365 0.245
-0.159365 0.246
-0.159365 0.247
-0.159365 0.248
-0.159365 0.249
-0.159365 0.25
-0.159365 0.251
-0.159365 0.252
-0.159365 0.253
-0.159365 0.254
-0.159365 0.255
-0.159365 0.256
-0.159365 0.257
-0.159365 0.258
-0.159365 0.259
-0.159365 0.26
-0.159365 0.261
-0.159365 0.262
-0.159365 0.263
-0.159365 0.264
-0.159365 0.265
-0.159365 0.266
-0.159365 0.267
-0.159365 0.268
-0.159365 0.269
-0.159365 0.27
-0.159365 0.271
-0.159365 0.272
-0.159365 0.273
-0.159365 0.274
-0.159365 0.275
-0.159365 0.276
-0.159365 0.277
-0.159365 0.278
-0.159365 0.279
-0.159365 0.28
-0.159365 0.281
-0.159365 0.282
-0.159365 0.283
-0.159365 0.284
-0.159365 0.285
-0.159365 0.286
-0.159365 0.287
-0.159365 0.288
-0.159365 0.289
-0.159365 0.29
-0.159365 0.291
-0.159365 0.292
-0.159365 0.293
-0.159365 0.294
-0.159365 0.295
-0.159365 0.296
-0.159365 0.297
-0.159365 0.298
-0.159365 0.299
-0.159365 0.3
-0.159365 0.301
-0.159365 0.302
-0.159365 0.303
-0.159365 0.304
-0.159365 0.305
-0.159365 0.306
-0.159365 0.307
-0.159365 0.308
-0.159365 0.309
-0.159365 0.31
-0.159365 0.311
-0.159365 0.312
-0.159365 0.313
-0.159365 0.314
-0.159365 0.315
-0.159365 0.316
-0.159365 0.317
-0.159365 0.318
-0.159365 0.319
-0.159365 0.32
-0.159365 0.321
-0.159365 0.322
-0.159365 0.323
-0.159365 0.324
-0.159365 0.325
-0.159365 0.326
-0.159365 0.327
-0.159365 0.328
-0.159365 0.329
-0.159365 0.33
-0.159365 0.331
-0.159365 0.332
-0.159365 0.333
-0.159365 0.334
-0.159365 0.335
-0.159365 0.336
-0.159365 0.337
-0.159365 0.338
-0.159365 0.339
-0.159365 0.34
-0.159365 0.341
-0.159365 0.342
-0.159365 0.343
-0.159365 0.344
-0.159365 0.345
-0.159365 0.346
-0.159365 0.347
-0.159365 0.348
-0.159365 0.349
-0.159365 0.35
-0.159365 0.351
-0.159365 0.352
-0.159365 0.353
-0.159365 0.354
-0.159365 0.355
-0.159365 0.356
-0.159365 0.357
-0.159365 0.358
-0.159365 0.359
-0.159365 0.36
-0.159365 0.361
-0.159365 0.362
-0.159365 0.363
-0.159365 0.364
-0.159365 0.365
-0.159365 0.366
-0.159365 0.367
-0.159365 0.368
-0.159365 0.369
-0.159365 0.37
-0.159365 0.371
-0.159365 0.372
-0.159365 0.373
-0.159365 0.374
-0.159365 0.375
-0.159365 0.376
-0.159365 0.377
-0.159365 0.378
-0.159365 0.379
-0.159365 0.38
-0.159365 0.381
-0.159365 0.382
-0.159365 0.383
-0.159365 0.384
-0.159365 0.385
-0.159365 0.386
-0.159365 0.387
-0.159365 0.388
-0.159365 0.389
-0.159365 0.39
-0.159365 0.391
-0.159365 0.392
-0.159365 0.393
-0.159365 0.394
-0.159365 0.395
-0.159365 0.396
-0.159365 0.397
-0.159365 0.398
-0.159365 0.399
-0.159365 0.4
-0.159365 0.401
-0.159365 0.402
-0.159365 0.403
-0.159365 0.404
-0.159365 0.405
-0.159365 0.406
-0.159365 0.407
-0.159365 0.408
-0.159365 0.409
-0.159365 0.41
-0.159365 0.411
-0.159365 0.412
-0.159365 0.413
-0.159365 0.414
-0.159365 0.415
-0.159365 0.416
-0.159365 0.417
-0.159365 0.418
-0.159365 0.419
-0.159365 0.42
-0.159365 0.421
-0.159365 0.422
-0.159365 0.423
-0.159365 0.424
-0.159365 0.425
-0.159365 0.426
-0.159365 0.427
-0.159365 0.428
-0.159365 0.429
-0.159365 0.43
-0.159365 0.431
-0.159365 0.432
-0.159365 0.433
-0.159365 0.434
-0.159365 0.435
-0.159365 0.436
-0.159365 0.437
-0.159365 0.438
-0.159365 0.439
-0.159365 0.44
-0.159365 0.441
-0.159365 0.442
-0.159365 0.443
-0.159365 0.444
-0.159365 0.445
-0.159365 0.446
-0.159365 0.447
-0.159365 0.448
-0.159365 0.449
-0.159365 0.45
-0.159365 0.451
-0.159365 0.452
-0.159365 0.453
-0.159365 0.454
-0.159365 0.455
-0.159365 0.456
-0.159365 0.457
-0.159365 0.458
-0.159365 0.459
-0.159365 0.46
-0.159365 0.461
-0.159365 0.462
-0.159365 0.463
-0.159365 0.464
-0.159365 0.465
-0.159365 0.466
-0.159365 0.467
-0.159365 0.468
-0.159365 0.469
-0.159365 0.47
-0.159365 0.471
-0.159365 0.472
-0.159365 0.473
-0.159365 0.474
-0.159365 0.475
-0.159365 0.476
-0.159365 0.477
-0.159365 0.478
-0.159365 0.479
-0.159365 0.48
-0.159365 0.481
-0.159365 0.482
-0.159365 0.483
-0.159365 0.484
-0.159365 0.485
-0.159365 0.486
-0.159365 0.487
-0.159365 0.488
-0.159365 0.489
-0.159365 0.49
-0.159365 0.491
-0.159365 0.492
-0.159365 0.493
-0.159365 0.494
-0.159365 0.495
-0.159365 0.496
-0.159365 0.497
-0.159365 0.498
-0.159365 0.499
-0.159365 0.5
-0.159365 0.501
-0.159365 0.502
-0.159365 0.503
-0.159365 0.504
-0.159365 0.505
-0.159365 0.506
-0.159365 0.507
-0.159365 0.508
-0.159365 0.509
-0.159365 0.51
-0.159365 0.511
-0.159365 0.512
-0.159365 0.513
-0.159365 0.514
-0.159365 0.515
-0.159365 0.516
-0.159365 0.517
-0.159365 0.518
-0.159365 0.519
-0.159365 0.52
-0.159365 0.521
-0.159365 0.522
-0.159365 0.523
-0.159365 0.524
-0.159365 0.525
-0.159365 0.526
-0.159365 0.527
-0.159365 0.528
-0.159365 0.529
-0.159365 0.53
-0.159365 0.531
-0.159365 0.532
-0.159365 0.533
-0.159365 0.534
-0.159365 0.535
-0.159365 0.536
-0.159365 0.537
-0.159365 0.538
-0.159365 0.539
-0.159365 0.54
-0.159365 0.541
-0.159365 0.542
-0.159365 0.543
-0.159365 0.544
-0.159365 0.545
-0.159365 0.546
-0.159365 0.547
-0.159365 0.548
-0.159365 0.549
-0.159365 0.55
-0.159365 0.551
-0.159365 0.552
-0.159365 0.553
-0.159365 0.554
-0.159365 0.555
-0.159365 0.556
-0.159365 0.557
-0.159365 0.558
-0.159365 0.559
-0.159365 0.56
-0.159365 0.561
-0.159365 0.562
-0.159365 0.563
-0.159365 0.564
-0.159365 0.565
-0.159365 0.566
-0.159365 0.567
-0.159365 0.568
-0.159365 0.569
-0.159365 0.57
-0.159365 0.571
-0.159365 0.572
-0.159365 0.573
-0.159365 0.574
-0.159365 0.575
-0.159365 0.576
-0.159365 0.577
-0.159365 0.578
-0.159365 0.579
-0.159365 0.58
-0.159365 0.581
-0.159365 0.582
-0.159365 0.583
-0.159365 0.584
-0.159365 0.585
-0.159365 0.586
-0.159365 0.587
-0.159365 0.588
-0.159365 0.589
-0.159365 0.59
-0.159365 0.591
-0.159365 0.592
-0.159365 0.593
-0.159365 0.594
-0.159365 0.595
-0.159365 0.596
-0.159365 0.597
-0.159365 0.598
-0.159365 0.599
-0.159365 0.6
-0.159365 0.601
-0.159365 0.602
-0.159365 0.603
-0.159365 0.604
-0.159365 0.605
-0.159365 0.606
-0.159365 0.607
-0.159365 0.608
-0.159365 0.609
-0.159365 0.61
-0.159365 0.611
-0.159365 0.612
-0.159365 0.613
-0.159365 0.614
-0.159365 0.615
-0.159365 0.616
-0.159365 0.617
-0.159365 0.618
-0.159365 0.619
-0.159365 0.62
-0.159365 0.621
-0.159365 0.622
-0.159365 0.623
-0.159365 0.624
-0.159365 0.625
-0.159365 0.626
-0.159365 0.627
-0.159365 0.628
-0.159365 0.629
-0.159365 0.63
-0.159365 0.631
-0.159365 0.632
-0.159365 0.633
-0.159365 0.634
-0.159365 0.635
-0.159365 0.636
-0.159365 0.637
-0.159365 0.638
-0.159365 0.639
-0.159365 0.64
-0.159365 0.641
-0.159365 0.642
-0.159365 0.643
-0.159365 0.644
-0.159365 0.645
-0.159365 0.646
-0.159365 0.647
-0.159365 0.648
-0.159365 0.649
-0.159365 0.65
-0.159365 0.651
-0.159365 0.652
-0.159365 0.653
-0.159365 0.654
-0.159365 0.655
-0.159365 0.656
-0.159365 0.657
-0.159365 0.658
-0.159365 0.659
-0.159365 0.66
-0.159365 0.661
-0.159365 0.662
-0.159365 0.663
-0.159365 0.664
-0.159365 0.665
-0.159365 0.666
-0.159365 0.667
-0.159365 0.668
-0.159365 0.669
-0.159365 0.67
-0.159365 0.671
-0.159365 0.672
-0.159365 0.673
-0.159365 0.674
-0.159365 0.675
-0.159365 0.676
-0.159365 0.677
-0.159365 0.678
-0.159365 0.679
-0.159365 0.68
-0.159365 0.681
-0.159365 0.682
-0.159365 0.683
-0.159365 0.684
-0.159365 0.685
-0.159365 0.686
-0.159365 0.687
-0.159365 0.688
-0.159365 0.689
-0.159365 0.69
-0.159365 0.691
-0.159365 0.692
-0.159365 0.693
-0.159365 0.694
-0.159365 0.695
-0.159365 0.696
-0.159365 0.697
-0.159365 0.698
-0.159365 0.699
-0.159365 0.7
-0.159365 0.701
-0.159365 0.702
-0.159365 0.703
-0.159365 0.704
-0.159365 0.705
-0.159365 0.706
-0.159365 0.707
-0.159365 0.708
-0.159365 0.709
-0.159365 0.71
-0.159365 0.711
-0.159365 0.712
-0.159365 0.713
-0.159365 0.714
-0.159365 0.715
-0.159365 0.716
-0.159365 0.717
-0.159365 0.718
-0.159365 0.719
-0.159365 0.72
-0.159365 0.721
-0.159365 0.722
-0.159365 0.723
-0.159365 0.724
-0.159365 0.725
-0.159365 0.726
-0.159365 0.727
-0.159365 0.728
-0.159365 0.729
-0.159365 0.73
-0.159365 0.731
-0.159365 0.732
-0.159365 0.733
-0.159365 0.734
-0.159365 0.735
-0.159365 0.736
-0.159365 0.737
-0.159365 0.738
-0.159365 0.739
-0.159365 0.74
-0.159365 0.741
-0.159365 0.742
-0.159365 0.743
-0.159365 0.744
-0.159365 0.745
-0.159365 0.746
-0.159365 0.747
-0.159365 0.748
-0.159365 0.749
-0.159365 0.75
-0.159365 0.751
-0.159365 0.752
-0.159365 0.753
-0.159365 0.754
-0.159365 0.755
-0.159365 0.756
-0.159365 0.757
-0.159365 0.758
-0.159365 0.759
-0.159365 0.76
-0.159365 0.761
-0.159365 0.762
-0.159365 0.763
-0.159365 0.764
-0.159365 0.765
-0.159365 0.766
-0.159365 0.767
-0.159365 0.768
-0.159365 0.769
-0.159365 0.77
-0.159365 0.771
-0.159365 0.772
-0.159365 0.773
-0.159365 0.774
-0.159365 0.775
-0.159365 0.776
-0.159365 0.777
-0.159365 0.778
-0.159365 0.779
-0.159365 0.78
-0.159365 0.781
-0.159365 0.782
-0.159365 0.783
-0.159365 0.784
-0.159365 0.785
-0.159365 0.786
-0.159365 0.787
-0.159365 0.788
-0.159365 0.789
-0.159365 0.79
-0.159365 0.791
-0.159365 0.792
-0.159365 0.793
-0.159365 0.794
-0.159365 0.795
-0.159365 0.796
-0.159365 0.797
-0.159365 0.798
-0.159365 0.799
-0.159365 0.8
-0.159365 0.801
-0.159365 0.802
-0.159365 0.803
-0.159365 0.804
-0.159365 0.805
-0.159365 0.806
-0.159365 0.807
-0.159365 0.808
-0.159365 0.809
-0.159365 0.81
-0.159365 0.811
-0.159365 0.812
-0.159365 0.813
-0.159365 0.814
-0.159365 0.815
-0.159365 0.816
-0.159365 0.817
-0.159365 0.818
-0.159365 0.819
-0.159365 0.82
-0.159365 0.821
-0.159365 0.822
-0.159365 0.823
-0.159365 0.824
-0.159365 0.825
-0.159365 0.826
-0.159365 0.827
-0.159365 0.828
-0.159365 0.829
-0.159365 0.83
-0.159365 0.831
-0.159365 0.832
-0.159365 0.833
-0.159365 0.834
-0.159365 0.835
-0.159365 0.836
-0.159365 0.837
-0.159365 0.838
-0.159365 0.839
-0.159365 0.84
-0.159365 0.841
-0.159365 0.842
-0.159365 0.843
-0.159365 0.844
-0.159365 0.845
-0.159365 0.846
-0.159365 0.847
-0.159365 0.848
-0.159365 0.849
-0.159365 0.85
-0.159365 0.851
-0.159365 0.852
-0.159365 0.853
-0.159365 0.854
-0.159365 0.855
-0.159365 0.856
-0.159365 0.857
-0.159365 0.858
-0.159365 0.859
-0.159365 0.86
-0.159365 0.861
-0.159365 0.862
-0.159365 0.863
-0.159365 0.864
-0.159365 0.865
-0.159365 0.866
-0.159365 0.867
-0.159365 0.868
-0.159365 0.869
-0.159365 0.87
-0.159365 0.871
-0.159365 0.872
-0.159365 0.873
-0.159365 0.874
-0.159365 0.875
-0.159365 0.876
-0.159365 0.877
-0.160365 0.878
-0.161365 0.879
-0.162365 0.88
-0.163365 0.881
-0.164365 0.882
-0.165365 0.883
-0.166365 0.884
-0.167365 0.885
-0.168365 0.886
-0.169365 0.887
-0.170365 0.888
-0.171365 0.889
-0.172365 0.89
-0.173365 0.891
-0.174365 0.892
-0.175365 0.893
-0.176365 0.894
-0.177365 0.895
-0.178365 0.896
-0.179365 0.897
-0.180365 0.898
-0.181365 0.899
-0.182365 0.9
-0.183365 0.901
-0.184365 0.902
-0.185365 0.903
-0.186365 0.904
-0.187365 0.905
-0.188365 0.906
-0.189365 0.907
-0.190365 0.908
-0.191365 0.909
-0.192365 0.91
-0.193366 0.911
-0.194366 0.912
-0.195366 0.913
-0.196366 0.914
-0.197366 0.915
-0.198366 0.916
-0.199366 0.917
-0.200366 0.918
-0.201366 0.919
-0.202366 0.92
-0.203366 0.921
-0.204366 0.922
-0.205366 0.923
-0.206366 0.924
-0.207366 0.925
-0.208366 0.926
-0.209366 0.927
-0.210366 0.928
-0.211366 0.929
-0.212366 0.93
-0.213366 0.931
-0.214366 0.932
-0.215366 0.933
-0.216366 0.934
-0.217366 0.935
-0.218366 0.936
-0.219366 0.937
-0.220366 0.938
-0.221366 0.939
-0.222366 0.94
-0.223366 0.941
-0.224366 0.942
-0.225366 0.943
-0.226366 0.944
-0.227366 0.945
-0.228366 0.946
-0.229367 0.947
-0.230367 0.948
-0.231367 0.949
-0.232367 0.95
-0.233367 0.951
-0.234367 0.952
-0.235367 0.953
-0.236367 0.954
-0.237367 0.955
-0.238367 0.956
-0.239367 0.957
-0.240367 0.958
-0.241367 0.959
-0.242367 0.96
-0.243367 0.961
-0.244367 0.962
-0.245367 0.963
-0.246367 0.964
-0.247367 0.965
-0.248367 0.966
-0.249367 0.967
-0.250367 0.968
-0.251367 0.969
-0.252367 0.97
-0.253367 0.971
-0.254367 0.972
-0.255367 0.973
-0.256367 0.974
-0.257367 0.975
-0.258367 0.976
-0.259367 0.977
-0.260367 0.978
-0.261367 0.979
-0.262367 0.98
-0.263367 0.981
-0.264367 0.982
-0.265367 0.983
-0.266368 0.984
-0.267368 0.985
-0.268368 0.986
-0.269368 0.987
-0.270368 0.988
-0.271368 0.989
-0.272368 0.99
-0.273368 0.991
-0.274368 0.992
-0.275368 0.993
-0.276368 0.994
-0.277368 0.995
-0.278368 0.996
-0.279368 0.997
-0.280368 0.998
-0.281368 0.999
-0.280368 1


Shark
3.14159 1.5
3.13719 1.4995
3.13279 1.499
3.12839 1.4985
3.12399 1.498
3.11959 1.4975
3.11519 1.497
3.11079 1.4965
3.10639 1.496
3.10199 1.4955
3.09759 1.495
3.09319 1.4945
3.08879 1.494
3.08439 1.4935
3.07999 1.493
3.07559 1.4925
3.07119 1.492
3.06679 1.4915
3.06239 1.491
3.05799 1.4905
3.05359 1.49
3.04919 1.4895
3.04479 1.489
3.04039 1.4885
3.03599 1.488
3.03159 1.4875
3.02719 1.487
3.02279 1.4865
3.01839 1.486
3.01399 1.4855
3.00959 1.485
3.00519 1.4845
3.00079 1.484
2.99639 1.4835
2.99199 1.483
2.98759 1.4825
2.98319 1.482
2.97879 1.4815
2.97439 1.481
2.96999 1.4805
2.96559 1.48
2.96119 1.4795
2.95679 1.479
2.95239 1.4785
2.94799 1.478
2.94359 1.4775
2.93919 1.477
2.93479 1.4765
2.93039 1.476
2.92599 1.4755
2.92159 1.475
2.91719 1.4745
2.91279 1.474
2.90839 1.4735
2.90399 1.473
2.89959 1.4725
2.89519 1.472
2.89079 1.4715
2.88639 1.471
2.88199 1.4705
2.87759 1.47
2.87319 1.4695
2.86879 1.469
2.86439 1.4685
2.85999 1.468
2.85559 1.4675
2.85119 1.467
2.84679 1.4665
2.84239 1.466
2.83799 1.4655
2.83359 1.465
2.82919 1.4645
2.82479 1.464
2.82039 1.4635
2.81599 1.463
2.81159 1.4625
2.80719 1.462
2.80279 1.4615
2.79839 1.461
2.79399 1.4605
2.78959 1.46
2.78519 1.4595
2.78079 1.459
2.77639 1.4585
2.77199 1.458
2.76759 1.4575
2.76319 1.457
2.75879 1.4565
2.75439 1.456
2.74999 1.4555
2.90371 1.455
2.90811 1.4545
2.91251 1.454
2.91691 1.4535
2.92131 1.453
2.92571 1.4525
2.93011 1.452
2.93451 1.4515
2.93891 1.451
2.94331 1.4505
2.94771 1.45
3.0345 1.4495
3.0389 1.449
3.0433 1.4485
2.9984 1.448
2.994 1.4475
2.9896 1.447
2.9852 1.4465
2.9808 1.446
2.9764 1.4455
2.972 1.445
2.9676 1.4445
2.9632 1.444
2.9588 1.4435
2.9544 1.443
2.95 1.4425
2.9456 1.442
2.99609 1.4415
3.02185 1.441
3.02625 1.4405
3.03065 1.44
3.03505 1.4395
3.03945 1.439
3.04385 1.4385
3.07088 1.438
3.07528 1.4375
3.07968 1.437
3.08408 1.4365
3.08848 1.436
3.09288 1.4355
3.10754 1.435
3.1223 1.4345
3.1267 1.434
3.14167 1.4335
3.15599 1.433
3.16039 1.4325
3.16479 1.432
3.14941 1.4315
3.14501 1.431
3.14061 1.4305
3.1258 1.43
3.11999 1.4295
3.11559 1.429
3.10324 1.4285
3.09738 1.428
3.0915 1.4275
3.0856 1.427
3.07969 1.4265
3.07375 1.426
3.0678 1.4255
3.06183 1.425
3.05584 1.4245
3.04983 1.424
3.04381 1.4235
3.03776 1.423
3.0317 1.4225
3.02562 1.422
3.01952 1.4215
3.0134 1.421
3.00726 1.4205
3.0011 1.42
2.99493 1.4195
2.98873 1.419
2.98252 1.4185
2.97629 1.418
2.97004 1.4175
2.96564 1.417
2.96124 1.4165
2.95684 1.416
2.95244 1.4155
2.94804 1.415
2.94364 1.4145
2.93924 1.414
2.93484 1.4135
2.93044 1.413
2.92604 1.4125
2.92164 1.412
2.91724 1.4115
2.91284 1.411
2.90844 1.4105
2.90404 1.41
2.89964 1.4095
2.89524 1.409
2.89084 1.4085
2.88644 1.408
2.88204 1.4075
2.87764 1.407
2.87324 1.4065
2.86884 1.406
2.86444 1.4055
2.86004 1.405
2.85564 1.4045
2.85124 1.404
2.84684 1.4035
2.84244 1.403
2.83804 1.4025
2.83364 1.402
2.82924 1.4015
2.82484 1.401
2.82044 1.4005
2.81604 1.4
2.81164 1.3995
2.80724 1.399
2.80284 1.3985
2.79844 1.398
2.79404 1.3975
2.78964 1.397
2.78524 1.3965
2.78084 1.396
2.77644 1.3955
2.77204 1.395
2.76764 1.3945
2.76324 1.394
2.75884 1.3935
2.75444 1.393
2.75004 1.3925
2.74564 1.392
2.74124 1.3915
2.73684 1.391
2.73244 1.3905
2.72804 1.39
2.72364 1.3895
2.71924 1.389
2.71484 1.3885
2.71044 1.388
2.70604 1.3875
2.70164 1.387
2.69724 1.3865
2.69284 1.386
2.68844 1.3855
2.68404 1.385
2.67964 1.3845
2.67524 1.384
2.67084 1.3835
2.66644 1.383
2.66204 1.3825
2.65764 1.382
2.65324 1.3815
2.64884 1.381
2.64444 1.3805
2.64004 1.38
2.63564 1.3795
2.63124 1.379
2.62684 1.3785
2.62244 1.378
2.61804 1.3775
2.61364 1.377
2.60924 1.3765
2.60484 1.376
2.60044 1.3755
2.59604 1.375
2.59164 1.3745
2.58724 1.374
2.58284 1.3735
2.57844 1.373
2.57404 1.3725
2.56964 1.372
2.56524 1.3715
2.56084 1.371
2.55644 1.3705
2.55204 1.37
2.54764 1.3695
2.54324 1.369
2.53884 1.3685
2.53444 1.368
2.53004 1.3675
2.52564 1.367
2.52124 1.3665
2.51684 1.366
2.51244 1.3655
2.50804 1.365
2.50364 1.3645
2.49924 1.364
2.49484 1.3635
2.49044 1.363
2.48604 1.3625
2.48164 1.362
2.47724 1.3615
2.47284 1.361
2.46844 1.3605
2.46404 1.36
2.45964 1.3595
2.45524 1.359
2.45084 1.3585
2.44644 1.358
2.44204 1.3575
2.43764 1.357
2.43324 1.3565
2.42884 1.356
2.42444 1.3555
2.42004 1.355
2.41564 1.3545
2.41124 1.354
2.40684 1.3535
2.40244 1.353
2.39804 1.3525
2.39364 1.352
2.38924 1.3515
2.38484 1.351
2.38044 1.3505
2.37604 1.35
2.37164 1.3495
2.36724 1.349
2.36284 1.3485
2.35844 1.348
2.35404 1.3475
2.34964 1.347
2.34524 1.3465
2.34084 1.346
2.33644 1.3455
2.33204 1.345
2.32764 1.3445
2.32324 1.344
2.31884 1.3435
2.31444 1.343
2.31004 1.3425
2.30564 1.342
2.30124 1.3415
2.29684 1.341
2.29244 1.3405
2.28804 1.34
2.28364 1.3395
2.27924 1.339
2.27484 1.3385
2.27044 1.338
2.26604 1.3375
2.26164 1.337
2.25724 1.3365
2.25284 1.336
2.24844 1.3355
2.24404 1.335
2.23964 1.3345
2.23524 1.334
2.23084 1.3335
2.22644 1.333
2.22204 1.3325
2.21764 1.332
2.21324 1.3315
2.20884 1.331
2.20444 1.3305
2.20004 1.33
2.19564 1.3295
2.19124 1.329
2.18684 1.3285
2.18244 1.328
2.17804 1.3275
2.17364 1.327
2.16924 1.3265
2.16484 1.326
2.16044 1.3255
2.15604 1.325
2.15164 1.3245
2.14724 1.324
2.14284 1.3235
2.13844 1.323
2.13404 1.3225
2.12964 1.322
2.12524 1.3215
2.12084 1.321
2.11644 1.3205
2.11204 1.32
2.10764 1.3195
2.10324 1.319
2.09884 1.3185
2.09444 1.318
2.09004 1.3175
2.08564 1.317
2.08124 1.3165
2.07684 1.316
2.07244 1.3155
2.06804 1.315
2.06364 1.3145
2.05924 1.314
2.05484 1.3135
2.05044 1.313
2.04604 1.3125
2.04164 1.312
2.03724 1.3115
2.03284 1.311
2.02844 1.3105
2.02404 1.31
2.01964 1.3095
2.01524 1.309
2.01084 1.3085
2.00644 1.308
2.00204 1.3075
1.99764 1.307
1.99324 1.3065
1.98884 1.306
1.98444 1.3055
1.98004 1.305
1.97564 1.3045
1.97124 1.304
1.96684 1.3035
1.96244 1.303
1.95804 1.3025
1.95364 1.302
1.94924 1.3015
1.94484 1.301
1.94044 1.3005
1.93604 1.3
1.93164 1.2995
1.92724 1.299
1.92284 1.2985
1.91844 1.298
1.91404 1.2975
1.90964 1.297
1.90524 1.2965
1.90084 1.296
1.89644 1.2955
1.89204 1.295
1.88764 1.2945
1.88324 1.294
1.87884 1.2935
1.87444 1.293
1.87004 1.2925
1.86564 1.292
1.86124 1.2915
1.85684 1.291
1.85244 1.2905
1.84804 1.29
1.84364 1.2895
1.83924 1.289
1.83484 1.2885
1.83044 1.288
1.82604 1.2875
1.82164 1.287
1.81724 1.2865
1.81284 1.286
1.80844 1.2855
1.80404 1.285
1.79964 1.2845
1.79524 1.284
1.79084 1.2835
1.78644 1.283
1.78204 1.2825
1.77764 1.282
1.77324 1.2815
1.76884 1.281
1.76444 1.2805
1.76004 1.28
1.75564 1.2795
1.75124 1.279
1.74684 1.2785
1.74244 1.278
1.73804 1.2775
1.73364 1.277
1.72924 1.2765
1.72484 1.276
1.72044 1.2755
1.71604 1.275
1.71164 1.2745
1.70724 1.274
1.70284 1.2735
1.69844 1.273
1.69404 1.2725
1.68964 1.272
1.68524 1.2715
1.68084 1.271
1.67644 1.2705
1.67204 1.27
1.66764 1.2695
1.66324 1.269
1.65884 1.2685
1.65444 1.268
1.65004 1.2675
1.64564 1.267
1.64124 1.2665
1.63684 1.266
1.63244 1.2655
1.62804 1.265
1.62364 1.2645
1.61924 1.264
1.61484 1.2635
1.61044 1.263
1.60604 1.2625
1.60164 1.262
1.59724 1.2615
1.59284 1.261
1.58844 1.2605
1.58404 1.26
1.57964 1.2595
1.57524 1.259
1.57084 1.2585
1.56644 1.258
1.56204 1.2575
1.55764 1.257
1.55324 1.2565
1.54884 1.256
1.54444 1.2555
1.54004 1.255
1.53564 1.2545
1.53124 1.254
1.52684 1.2535
1.52244 1.253
1.51804 1.2525
1.51364 1.252
1.50924 1.2515
1.50484 1.251
1.50044 1.2505
1.49604 1.25
1.49164 1.2495
1.48724 1.249
1.48284 1.2485
1.47844 1.248
1.47404 1.2475
1.46964 1.247
1.46524 1.2465
1.46084 1.246
1.45644 1.2455
1.45204 1.245
1.44764 1.2445
1.44324 1.244
1.43884 1.2435
1.43444 1.243
1.43004 1.2425
1.42564 1.242
1.42124 1.2415
1.41684 1.241
1.41244 1.2405
1.40804 1.24
1.40364 1.2395
1.39924 1.239
1.39484 1.2385
1.39044 1.238
1.38604 1.2375
1.38164 1.237
1.37724 1.2365
1.37284 1.236
1.36844 1.2355
1.36404 1.235
1.35964 1.2345
1.35524 1.234
1.35084 1.2335
1.34644 1.233
1.34204 1.2325
1.33764 1.232
1.33324 1.2315
1.32884 1.231
1.32444 1.2305
1.32004 1.23
1.31564 1.2295
1.31124 1.229
1.30684 1.2285
1.30244 1.228
1.29804 1.2275
1.29364 1.227
1.28924 1.2265
1.28484 1.226
1.28044 1.2255
1.27604 1.225
1.27164 1.2245
1.26724 1.224
1.26284 1.2235
1.25844 1.223
1.25404 1.2225
1.24964 1.222
1.24524 1.2215
1.24084 1.221
1.23644 1.2205
1.23204 1.22
1.22764 1.2195
1.22324 1.219
1.21884 1.2185
1.21444 1.218
1.21004 1.2175
1.20564 1.217
1.20124 1.2165
1.19684 1.216
1.19244 1.2155
1.18804 1.215
1.18364 1.2145
1.17924 1.214
1.17484 1.2135
1.17044 1.213
1.16604 1.2125
1.16164 1.212
1.15724 1.2115
1.15284 1.211
1.14844 1.2105
1.14404 1.21
1.13964 1.2095
1.13524 1.209
1.13084 1.2085
1.12644 1.208
1.12204 1.2075
1.11764 1.207
1.11324 1.2065
1.10884 1.206
1.10444 1.2055
1.10004 1.205
1.09564 1.2045
1.09124 1.204
1.08684 1.2035
1.08244 1.203
1.07804 1.2025
1.07364 1.202
1.06924 1.2015
1.06484 1.201
1.06044 1.2005
1.05604 1.2
1.05164 1.1995
1.04724 1.199
1.04284 1.1985
1.03844 1.198
1.03404 1.1975
1.02964 1.197
1.02524 1.1965
1.02084 1.196
1.01644 1.1955
1.01204 1.195
1.00764 1.1945
1.00324 1.194
0.998835 1.1935
0.994435 1.193
0.990035 1.1925
0.985635 1.192
0.981235 1.1915
0.976835 1.191
0.972435 1.1905
0.968035 1.19
0.963635 1.1895
0.959235 1.189
0.954835 1.1885
0.950435 1.188
0.946035 1.1875
0.941635 1.187
0.937235 1.1865
0.932835 1.186
0.928435 1.1855
0.924035 1.185
0.919635 1.1845
0.915235 1.184
0.910835 1.1835
0.906435 1.183
0.902035 1.1825
0.897635 1.182
0.893235 1.1815
0.888835 1.181
0.884435 1.1805
0.880035 1.18
0.875635 1.1795
0.871235 1.179
0.866835 1.1785
0.862435 1.178
0.858035 1.1775
0.853635 1.177
0.849235 1.1765
0.844835 1.176
0.840435 1.1755
0.836035 1.175
0.831635 1.1745
0.827235 1.174
0.822835 1.1735
0.818435 1.173
0.814035 1.1725
0.809635 1.172
0.805235 1.1715
0.800835 1.171
0.796435 1.1705
0.792035 1.17
0.787635 1.1695
0.783235 1.169
0.778835 1.1685
0.774435 1.168
0.770035 1.1675
0.765635 1.167
0.761235 1.1665
0.756835 1.166
0.752435 1.1655
0.748035 1.165
0.743635 1.1645
0.739235 1.164
0.734835 1.1635
0.730435 1.163
0.726035 1.1625
0.721635 1.162
0.717235 1.1615
0.712835 1.161
0.708435 1.1605
0.704035 1.16
0.699635 1.1595
0.695235 1.159
0.690835 1.1585
0.686435 1.158
0.682035 1.1575
0.677635 1.157
0.673235 1.1565
0.668835 1.156
0.664435 1.1555
0.660035 1.155
0.655635 1.1545
0.651235 1.154
0.646835 1.1535
0.642435 1.153
0.638035 1.1525
0.633635 1.152
0.629235 1.1515
0.624835 1.151
0.620435 1.1505
0.616035 1.15
0.611635 1.1495
0.607235 1.149
0.602835 1.1485
0.598435 1.148
0.594035 1.1475
0.589635 1.147
0.585235 1.1465
0.580835 1.146
0.576435 1.1455
0.572035 1.145
0.567635 1.1445
0.563235 1.144
0.558835 1.1435
0.554435 1.143
0.550035 1.1425
0.545635 1.142
0.541235 1.1415
0.536835 1.141
0.532435 1.1405
0.528035 1.14
0.523635 1.1395
0.519235 1.139
0.514835 1.1385
0.510435 1.138
0.506035 1.1375
0.501635 1.137
0.497235 1.1365
0.492835 1.136
0.488435 1.1355
0.484035 1.135
0.479635 1.1345
0.475235 1.134
0.470835 1.1335
0.466435 1.133
0.462035 1.1325
0.457635 1.132
0.453235 1.1315
0.448835 1.131
0.444435 1.1305
0.440035 1.13
0.435635 1.1295
0.431235 1.129
0.426835 1.1285
0.422435 1.128
0.418035 1.1275
0.413635 1.127
0.409235 1.1265
0.404835 1.126
0.400435 1.1255
0.396035 1.125
0.391635 1.1245
0.387235 1.124
0.382835 1.1235
0.378435 1.123
0.374035 1.1225
0.369635 1.122
0.365235 1.1215
0.360835 1.121
0.356435 1.1205
0.352035 1.12
0.347635 1.1195
0.343235 1.119
0.338835 1.1185
0.334435 1.118
0.330035 1.1175
0.325635 1.117
0.321235 1.1165
0.316835 1.116
0.312435 1.1155
0.308035 1.115
0.303635 1.1145
0.299235 1.114
0.294835 1.1135
0.290435 1.113
0.286035 1.1125
0.281635 1.112
0.277235 1.1115
0.272835 1.111
0.268435 1.1105
0.264035 1.11
0.259635 1.1095
0.255235 1.109
0.250835 1.1085
0.246435 1.108
0.242035 1.1075
0.237635 1.107
0.233235 1.1065
0.228835 1.106
0.224435 1.1055
0.220035 1.105
0.215635 1.1045
0.211235 1.104
0.206835 1.1035
0.202435 1.103
0.198035 1.1025
0.193635 1.102
0.189235 1.1015
0.184835 1.101
0.180435 1.1005
0.176035 1.1
0.171635 1.0995
0.167235 1.099
0.162835 1.0985
0.158435 1.098
0.154035 1.0975
0.149635 1.097
0.145235 1.0965
0.140835 1.096
0.136435 1.0955
0.132035 1.095
0.127635 1.0945
0.123235 1.094
0.118835 1.0935
0.114435 1.093
0.110035 1.0925
0.105635 1.092
0.101235 1.0915
0.0968354 1.091
0.0924354 1.0905
0.0880354 1.09
0.0836354 1.0895
0.0792354 1.089
0.0748354 1.0885
0.0704354 1.088
0.0660354 1.0875
0.0616354 1.087
0.0572354 1.0865
0.0528354 1.086
0.0484354 1.0855
0.0440354 1.085
0.0396354 1.0845
0.0352354 1.084
0.0308354 1.0835
0.0264354 1.083
0.0220354 1.0825
0.0176354 1.082
0.0132354 1.0815
0.00883542 1.081
0.00443542 1.0805
3.54214e-05 1.08
-0.00436458 1.0795
-0.00876458 1.079
-0.0131646 1.0785
-0.0175646 1.078
-0.0219646 1.0775
-0.0263646 1.077
-0.0307646 1.0765
-0.0351646 1.076
-0.0395646 1.0755
-0.0439646 1.075
-0.0483646 1.0745
-0.0527646 1.074
-0.0571646 1.0735
-0.0615646 1.073
-0.0659646 1.0725
-0.0703646 1.072
-0.0747646 1.0715
-0.0791646 1.071
-0.0835646 1.0705
-0.0879646 1.07
-0.0923646 1.0695
-0.0967646 1.069
-0.101165 1.0685
-0.105565 1.068
-0.109965 1.0675
-0.114365 1.067
-0.118765 1.0665
-0.123165 1.066
-0.127565 1.0655
-0.131965 1.065
-0.136365 1.0645
-0.140765 1.064
-0.145165 1.0635
-0.149565 1.063
-0.153965 1.0625
-0.158365 1.062
-0.159365 1.0615
-0.160365 1.061
-0.161365 1.0605
-0.162365 1.06
-0.163365 1.0595
-0.164365 1.059
-0.165365 1.0585
-0.166365 1.058
-0.167365 1.0575
-0.168365 1.057
-0.169365 1.0565
-0.170365 1.056
-0.171365 1.0555
-0.172365 1.055
-0.173365 1.0545
-0.174365 1.054
-0.175365 1.0535
-0.176365 1.053
-0.177365 1.0525
-0.178365 1.052
-0.179365 1.0515
-0.180365 1.051
-0.181365 1.0505
-0.182365 1.05
-0.183365 1.0495
-0.184365 1.049
-0.185365 1.0485
-0.186365 1.048
-0.187365 1.0475
-0.188365 1.047
-0.189365 1.0465
-0.190365 1.046
-0.191365 1.0455
-0.192365 1.045
-0.193366 1.0445
-0.194366 1.044
-0.195366 1.0435
-0.196366 1.043
-0.197366 1.0425
-0.198366 1.042
-0.199366 1.0415
-0.200366 1.041
-0.201366 1.0405
-0.202366 1.04
-0.203366 1.0395
-0.204366 1.039
-0.205366 1.0385
-0.206366 1.038
-0.207366 1.0375
-0.208366 1.037
-0.209366 1.0365
-0.210366 1.036
-0.211366 1.0355
-0.212366 1.035
-0.213366 1.0345
-0.214366 1.034
-0.215366 1.0335
-0.216366 1.033
-0.217366 1.0325
-0.218366 1.032
-0.219366 1.0315
-0.220366 1.031
-0.221366 1.0305
-0.222366 1.03
-0.223366 1.0295
-0.224366 1.029
-0.225366 1.0285
-0.226366 1.028
-0.227366 1.0275
-0.228366 1.027
-0.229367 1.0265
-0.230367 1.026
-0.231367 1.0255
-0.232367 1.025
-0.233367 1.0245
-0.234367 1.024
-0.235367 1.0235
-0.236367 1.023
-0.237367 1.0225
-0.238367 1.022
-0.239367 1.0215
-0.240367 1.021
-0.241367 1.0205
-0.242367 1.02
-0.243367 1.0195
-0.244367 1.019
-0.245367 1.0185
-0.246367 1.018
-0.247367 1.0175
-0.248367 1.017
-0.249367 1.0165
-0.250367 1.016
-0.251367 1.0155
-0.252367 1.015
-0.253367 1.0145
-0.254367 1.014
-0.255367 1.0135
-0.256367 1.013
-0.257367 1.0125
-0.258367 1.012
-0.259367 1.0115
-0.260367 1.011
-0.261367 1.0105
-0.262367 1.01
-0.263367 1.0095
-0.264367 1.009
-0.265367 1.0085
-0.266368 1.008
-0.267368 1.0075
-0.268368 1.007
-0.269368 1.0065
-0.270368 1.006
-0.271368 1.0055
-0.272368 1.005
-0.273368 1.0045
-0.274368 1.004
-0.275368 1.0035
-0.276368 1.003
-0.277368 1.0025
-0.278368 1.002
-0.279368 1.0015
-0.280368 1.001
-0.281368 1.0005
-0.280368 1
