Man
0 0
0 0.001
0 0.002
0 0.003
0 0.004
0 0.005
0 0.006
0 0.007
0 0.008
0 0.009
0 0.01
0 0.011
0 0.012
0 0.013
0 0.014
0 0.015
0 0.016
0 0.017
0 0.018
0 0.019
0 0.02
0 0.021
0 0.022
0 0.023
0 0.024
0 0.025
0 0.026
0 0.027
0 0.028
0 0.029
0 0.03
0 0.031
0 0.032
0 0.033
0 0.034
0 0.035
0 0.036
0 0.037
0 0.038
0 0.039
0 0.04
0 0.041
0 0.042
0 0.043
0 0.044
0 0.045
0 0.046
0 0.047
0 0.048
0 0.049
0 0.05
0 0.051
0 0.052
0 0.053
0 0.054
0 0.055
0 0.056
0 0.057
0 0.058
0 0.059
0 0.06
0 0.061
0 0.062
0 0.063
0 0.064
0 0.065
0 0.066
0 0.067
0 0.068
0 0.069
0 0.07
0 0.071
0 0.072
0 0.073
0 0.074
0 0.075
0 0.076
0 0.077
0 0.078
0 0.079
0 0.08
0 0.081
0 0.082
-0.392699 0.083
-0.392699 0.084
-0.392699 0.085
-0.392699 0.086
-0.392699 0.087
-0.392699 0.088
-0.392699 0.089
-0.392699 0.09
-0.392699 0.091
-0.392699 0.092
-0.589049 0.093
-0.589049 0.094
-0.589049 0.095
-0.687223 0.096
-0.687223 0.097
-0.687223 0.098
-0.687223 0.099
-0.687223 0.1
-0.687223 0.101
-0.687223 0.102
-0.687223 0.103
-0.687223 0.104
-0.687223 0.105
-0.687223 0.106
-0.687223 0.107
-0.736311 0.108
-0.785398 0.109
-0.785398 0.11
-0.785398 0.111
-0.785398 0.112
-0.785398 0.113
-0.834486 0.114
-0.883573 0.115
-0.908117 0.116
-0.908117 0.117
-0.908117 0.118
-0.908117 0.119
-0.908117 0.12
-0.93266 0.121
-0.957204 0.122
-0.957204 0.123
-0.957204 0.124
-0.980831 0.125
-0.993102 0.126
-1.00537 0.127
-1.01765 0.128
-1.01765 0.129
-1.00881 0.13
-0.996539 0.131
-1.00881 0.132
-0.996539 0.133
-1.00881 0.134
-0.996539 0.135
-0.996539 0.136
-1.0078 0.137
-1.0187 0.138
-1.0187 0.139
-1.02896 0.14
-1.04123 0.141
-1.03539 0.142
-1.02965 0.143
-1.02409 0.144
-1.02409 0.145
-1.02409 0.146
-1.02409 0.147
-1.02409 0.148
-1.02409 0.149
-1.02409 0.15
-1.02409 0.151
-1.02409 0.152
-1.02409 0.153
-1.02409 0.154
-1.02409 0.155
-1.02409 0.156
-1.02409 0.157
-1.02409 0.158
-1.02409 0.159
-1.02409 0.16
-1.02409 0.161
-1.02409 0.162
-1.02409 0.163
-1.02409 0.164
-1.02409 0.165
-1.02409 0.166
-1.02409 0.167
-1.02409 0.168
-1.02409 0.169
-1.02409 0.17
-1.02409 0.171
-1.02409 0.172
-1.02409 0.173
-1.02409 0.174
-1.02409 0.175
-1.02409 0.176
-1.02409 0.177
-1.02409 0.178
-1.02409 0.179
-1.02409 0.18
-1.02409 0.181
-1.02409 0.182
-1.02409 0.183
-1.02409 0.184
-1.02409 0.185
-1.02409 0.186
-1.02409 0.187
-1.02409 0.188
-1.02409 0.189
-1.02409 0.19
-1.02409 0.191
-1.02409 0.192
-1.02409 0.193
-1.02409 0.194
-1.02409 0.195
-1.02409 0.196
-1.02409 0.197
-1.02409 0.198
-1.02409 0.199
-1.02409 0.2
-1.02409 0.201
-1.02409 0.202
-1.02409 0.203
-1.02409 0.204
-1.02409 0.205
-1.02409 0.206
-1.02409 0.207
-1.02409 0.208
-1.02409 0.209
-1.02409 0.21
-1.02409 0.211
-1.02409 0.212
-1.02409 0.213
-1.02409 0.214
-1.02409 0.215
-1.02409 0.216
-1.02409 0.217
-1.02409 0.218
-1.02409 0.219
-1.02409 0.22
-1.02409 0.221
-1.02409 0.222
-1.02409 0.223
-1.02409 0.224
-1.02409 0.225
-1.02409 0.226
-1.02409 0.227
-1.02409 0.228
-1.02409 0.229
-1.02409 0.23
-1.02409 0.231
-1.02409 0.232
-1.02409 0.233
-1.02409 0.234
-1.02409 0.235
-1.02409 0.236
-1.02409 0.237
-1.02409 0.238
-1.02409 0.239
-1.02409 0.24
-1.02409 0.241
-1.02409 0.242
-1.02409 0.243
-1.02409 0.244
-1.02409 0.245
-1.02409 0.246
-1.02409 0.247
-1.02409 0.248
-1.02409 0.249
-1.02409 0.25
-1.02409 0.251
-1.02409 0.252
-1.02409 0.253
-1.02409 0.254
-1.02409 0.255
-1.02409 0.256
-1.02409 0.257
-1.02409 0.258
-1.02409 0.259
-1.02409 0.26
-1.02409 0.261
-1.02409 0.262
-1.02409 0.263
-1.02409 0.264
-1.02409 0.265
-1.02409 0.266
-1.02409 0.267
-1.02409 0.268
-1.02409 0.269
-1.02409 0.27
-1.02409 0.271
-1.02409 0.272
-1.02409 0.273
-1.02409 0.274
-1.02409 0.275
-1.02409 0.276
-1.02409 0.277
-1.02409 0.278
-1.02409 0.279
-1.02409 0.28
-1.02409 0.281
-1.02409 0.282
-1.02409 0.283
-1.02409 0.284
-1.02409 0.285
-1.02409 0.286
-1.02409 0.287
-1.02409 0.288
-1.02409 0.289
-1.02409 0.29
-1.02409 0.291
-1.02409 0.292
-1.02409 0.293
-1.02409 0.294
-1.02409 0.295
-1.02409 0.296
-1.02409 0.297
-1.02409 0.298
-1.02409 0.299
-1.02409 0.3
-1.02409 0.301
-1.02409 0.302
-1.02409 0.303
-1.02409 0.304
-1.02409 0.305
-1.02409 0.306
-1.02409 0.307
-1.02409 0.308
-1.02409 0.309
-1.02409 0.31
-1.02409 0.311
-1.02409 0.312
-1.02409 0.313
-1.02409 0.314
-1.02409 0.315
-1.02409 0.316
-1.02409 0.317
-1.02409 0.318
-1.02409 0.319
-1.02409 0.32
-1.02409 0.321
-1.02409 0.322
-1.02409 0.323
-1.02409 0.324
-1.02409 0.325
-1.02409 0.326
-1.02409 0.327
-1.02409 0.328
-1.02409 0.329
-1.02409 0.33
-1.02409 0.331
-1.02409 0.332
-1.02409 0.333
-1.02409 0.334
-1.02409 0.335
-1.02409 0.336
-1.02409 0.337
-1.02409 0.338
-1.02409 0.339
-1.02409 0.34
-1.02409 0.341
-1.02409 0.342
-1.02409 0.343
-1.02409 0.344
-1.02409 0.345
-1.02409 0.346
-1.02409 0.347
-1.02409 0.348
-1.02409 0.349
-1.02409 0.35
-1.02409 0.351
-1.02409 0.352
-1.02409 0.353
-1.02409 0.354
-1.02409 0.355
-1.02409 0.356
-1.02409 0.357
-1.02409 0.358
-1.02409 0.359
-1.02409 0.36
-1.02409 0.361
-1.02409 0.362
-1.02409 0.363
-1.02409 0.364
-1.02409 0.365
-1.02409 0.366
-1.02409 0.367
-1.02409 0.368
-1.02409 0.369
-1.02409 0.37
-1.02409 0.371
-1.02409 0.372
-1.02409 0.373
-1.02409 0.374
-1.02409 0.375
-1.02409 0.376
-1.02409 0.377
-1.02409 0.378
-1.02409 0.379
-1.02409 0.38
-1.02409 0.381
-1.02409 0.382
-1.02409 0.383
-1.02409 0.384
-1.02409 0.385
-1.02409 0.386
-1.02409 0.387
-1.02409 0.388
-1.02409 0.389
-1.02409 0.39
-1.02409 0.391
-1.02409 0.392
-1.02409 0.393
-1.02409 0.394
-1.02409 0.395
-1.02409 0.396
-1.02409 0.397
-1.02409 0.398
-1.02409 0.399
-1.02409 0.4
-1.02409 0.401
-1.02409 0.402
-1.02409 0.403
-1.02409 0.404
-1.02409 0.405
-1.02409 0.406
-1.02409 0.407
-1.02409 0.408
-1.02409 0.409
-1.02409 0.41
-1.02409 0.411
-1.02409 0.412
-1.02409 0.413
-1.02409 0.414
-1.02409 0.415
-1.02409 0.416
-1.02409 0.417
-1.02409 0.418
-1.02409 0.419
-1.02409 0.42
-1.02409 0.421
-1.02409 0.422
-1.02409 0.423
-1.02409 0.424
-1.02409 0.425
-1.02409 0.426
-1.02409 0.427
-1.02409 0.428
-1.02409 0.429
-1.02409 0.43
-1.02409 0.431
-1.02409 0.432
-1.02409 0.433
-1.02409 0.434
-1.02409 0.435
-1.02409 0.436
-1.02409 0.437
-1.02409 0.438
-1.02409 0.439
-1.02409 0.44
-1.02409 0.441
-1.02409 0.442
-1.02409 0.443
-1.02409 0.444
-1.02409 0.445
-1.02409 0.446
-1.02409 0.447
-1.02409 0.448
-1.02409 0.449
-1.02409 0.45
-1.02409 0.451
-1.02409 0.452
-1.02409 0.453
-1.02409 0.454
-1.02409 0.455
-1.02409 0.456
-1.02409 0.457
-1.02409 0.458
-1.02409 0.459
-1.02409 0.46
-1.02409 0.461
-1.02409 0.462
-1.02409 0.463
-1.02409 0.464
-1.02409 0.465
-1.02409 0.466
-1.02409 0.467
-1.02409 0.468
-1.02409 0.469
-1.02409 0.47
-1.02409 0.471
-1.02409 0.472
-1.02409 0.473
-1.02409 0.474
-1.02409 0.475
-1.02409 0.476
-1.02409 0.477
-1.02409 0.478
-1.02409 0.479
-1.02409 0.48
-1.02409 0.481
-1.02409 0.482
-1.02409 0.483
-1.02409 0.484
-1.02409 0.485
-1.02409 0.486
-1.02409 0.487
-1.02409 0.488
-1.02409 0.489
-1.02409 0.49
-1.02409 0.491
-1.02409 0.492
-1.02409 0.493
-1.02409 0.494
-1.02409 0.495
-1.02409 0.496
-1.02409 0.497
-1.02409 0.498
-1.02409 0.499
-1.02409 0.5
-1.02409 0.501
-1.02409 0.502
-1.02409 0.503
-1.02409 0.504
-1.02409 0.505
-1.02409 0.506
-1.02409 0.507
-1.02409 0.508
-1.02409 0.509
-1.02409 0.51
-1.02409 0.511
-1.02409 0.512
-1.02409 0.513
-1.02409 0.514
-1.02409 0.515
-1.02409 0.516
-1.02409 0.517
-1.02409 0.518
-1.02409 0.519
-1.02409 0.52
-1.02409 0.521
-1.02409 0.522
-1.02409 0.523
-1.02409 0.524
-1.02409 0.525
-1.02409 0.526
-1.02409 0.527
-1.02409 0.528
-1.02409 0.529
-1.02409 0.53
-1.02409 0.531
-1.02409 0.532
-1.02409 0.533
-1.02409 0.534
-1.02409 0.535
-1.02409 0.536
-1.02409 0.537
-1.02409 0.538
-1.02409 0.539
-1.02409 0.54
-1.02409 0.541
-1.02409 0.542
-1.02409 0.543
-1.02409 0.544
-1.02409 0.545
-1.02409 0.546
-1.02409 0.547
-1.02409 0.548
-1.02409 0.549
-1.02409 0.55
-1.02409 0.551
-1.02409 0.552
-1.02409 0.553
-1.02409 0.554
-1.02409 0.555
-1.02409 0.556
-1.02409 0.557
-1.02409 0.558
-1.02409 0.559
-1.02409 0.56
-1.02409 0.561
-1.02409 0.562
-1.02409 0.563
-1.02409 0.564
-1.02409 0.565
-1.02409 0.566
-1.02409 0.567
-1.02409 0.568
-1.02409 0.569
-1.02409 0.57
-1.02409 0.571
-1.02409 0.572
-1.02409 0.573
-1.02409 0.574
-1.02409 0.575
-1.02409 0.576
-1.02409 0.577
-1.02409 0.578
-1.02409 0.579
-1.02409 0.58
-1.02409 0.581
-1.02409 0.582
-1.02409 0.583
-1.02409 0.584
-1.02409 0.585
-1.02409 0.586
-1.02409 0.587
-1.02409 0.588
-1.02409 0.589
-1.02409 0.59
-1.02409 0.591
-1.02409 0.592
-1.02409 0.593
-1.02409 0.594
-1.02409 0.595
-1.02409 0.596
-1.02409 0.597
-1.02409 0.598
-1.02409 0.599
-1.02409 0.6
-1.02409 0.601
-1.02409 0.602
-1.02409 0.603
-1.02409 0.604
-1.02409 0.605
-1.02409 0.606
-1.02409 0.607
-1.02409 0.608
-1.02409 0.609
-1.02409 0.61
-1.02409 0.611
-1.02409 0.612
-1.02409 0.613
-1.02409 0.614
-1.02409 0.615
-1.02409 0.616
-1.02409 0.617
-1.02409 0.618
-1.02409 0.619
-1.02409 0.62
-1.02409 0.621
-1.02409 0.622
-1.02409 0.623
-1.02409 0.624
-1.02409 0.625
-1.02409 0.626
-1.02409 0.627
-1.02409 0.628
-1.02409 0.629
-1.02409 0.63
-1.02409 0.631
-1.02409 0.632
-1.02409 0.633
-1.02409 0.634
-1.02409 0.635
-1.02409 0.636
-1.02409 0.637
-1.02409 0.638
-1.02409 0.639
-1.02409 0.64
-1.02409 0.641
-1.02409 0.642
-1.02409 0.643
-1.02409 0.644
-1.02409 0.645
-1.02409 0.646
-1.02409 0.647
-1.02409 0.648
-1.02409 0.649
-1.02409 0.65
-1.02409 0.651
-1.02409 0.652
-1.02409 0.653
-1.02409 0.654
-1.02409 0.655
-1.02409 0.656
-1.02409 0.657
-1.02409 0.658
-1.02409 0.659
-1.02409 0.66
-1.02409 0.661
-1.02409 0.662
-1.02409 0.663
-1.02409 0.664
-1.02409 0.665
-1.02409 0.666
-1.02409 0.667
-1.02409 0.668
-1.02409 0.669
-1.02409 0.67
-1.02409 0.671
-1.02409 0.672
-1.02409 0.673
-1.02409 0.674
-1.02409 0.675
-1.02409 0.676
-1.02409 0.677
-1.02409 0.678
-1.02409 0.679
-1.02409 0.68
-1.02409 0.681
-1.02409 0.682
-1.02409 0.683
-1.02409 0.684
-1.02409 0.685
-1.02409 0.686
-1.02409 0.687
-1.02409 0.688
-1.02409 0.689
-1.02409 0.69
-1.02409 0.691
-1.02409 0.692
-1.02409 0.693
-1.02409 0.694
-1.02409 0.695
-1.02409 0.696
-1.02409 0.697
-1.02409 0.698
-1.02409 0.699
-1.02409 0.7
-1.02409 0.701
-1.02409 0.702
-1.02409 0.703
-1.02409 0.704
-1.02409 0.705
-1.02409 0.706
-1.02409 0.707
-1.02409 0.708
-1.02409 0.709
-1.02409 0.71
-1.02409 0.711
-1.02409 0.712
-1.02409 0.713
-1.02409 0.714
-1.02409 0.715
-1.02409 0.716
-1.02409 0.717
-1.02409 0.718
-1.02409 0.719
-1.02409 0.72
-1.02409 0.721
-1.02409 0.722
-1.02409 0.723
-1.02409 0.724
-1.02409 0.725
-1.02409 0.726
-1.02409 0.727
-1.02409 0.728
-1.02409 0.729
-1.02409 0.73
-1.02409 0.731
-1.02409 0.732
-1.02409 0.733
-1.02409 0.734
-1.02409 0.735
-1.02409 0.736
-1.02409 0.737
-1.02409 0.738
-1.02409 0.739
-1.02409 0.74
-1.02409 0.741
-1.02409 0.742
-1.02409 0.743
-1.02409 0.744
-1.02409 0.745
-1.02409 0.746
-1.02409 0.747
-1.02409 0.748
-1.02409 0.749
-1.02409 0.75
-1.02409 0.751
-1.02409 0.752
-1.02409 0.753
-1.02409 0.754
-1.02409 0.755
-1.02409 0.756
-1.02409 0.757
-1.02409 0.758
-1.02409 0.759
-1.02409 0.76
-1.02409 0.761
-1.02409 0.762
-1.02409 0.763
-1.02409 0.764
-1.02409 0.765
-1.02409 0.766
-1.02409 0.767
-1.02409 0.768
-1.02409 0.769
-1.02409 0.77
-1.02409 0.771
-1.02409 0.772
-1.02409 0.773
-1.02409 0.774
-1.02409 0.775
-1.02409 0.776
-1.02409 0.777
-1.02409 0.778
-1.02409 0.779
-1.02409 0.78
-1.02409 0.781
-1.02409 0.782
-1.02409 0.783
-1.02409 0.784
-1.02409 0.785
-1.02409 0.786
-1.02409 0.787
-1.02409 0.788
-1.02409 0.789
-1.02409 0.79
-1.02409 0.791
-1.02409 0.792
-1.02409 0.793
-1.02409 0.794
-1.02409 0.795
-1.02409 0.796
-1.02409 0.797
-1.02509 0.798
-1.02609 0.799
-1.02709 0.8
-1.02809 0.801
-1.02909 0.802
-1.03009 0.803
-1.03109 0.804
-1.03209 0.805
-1.03309 0.806
-1.03409 0.807
-1.03509 0.808
-1.03609 0.809
-1.03709 0.81
-1.03809 0.811
-1.03909 0.812
-1.04009 0.813
-1.04109 0.814
-1.04209 0.815
-1.04309 0.816
-1.04409 0.817
-1.04509 0.818
-1.04609 0.819
-1.04709 0.82
-1.04809 0.821
-1.04909 0.822
-1.05009 0.823
-1.05109 0.824
-1.05209 0.825
-1.05309 0.826
-1.05409 0.827
-1.05509 0.828
-1.05609 0.829
-1.05709 0.83
-1.05809 0.831
-1.05909 0.832
-1.06009 0.833
-1.06109 0.834
-1.06209 0.835
-1.06309 0.836
-1.06409 0.837
-1.06509 0.838
-1.06609 0.839
-1.06709 0.84
-1.06809 0.841
-1.06909 0.842
-1.07009 0.843
-1.07109 0.844
-1.07209 0.845
-1.07309 0.846
-1.07409 0.847
-1.07509 0.848
-1.07609 0.849
-1.07709 0.85
-1.07809 0.851
-1.07909 0.852
-1.08009 0.853
-1.08109 0.854
-1.08209 0.855
-1.08309 0.856
-1.08409 0.857
-1.08509 0.858
-1.08609 0.859
-1.08709 0.86
-1.08809 0.861
-1.08909 0.862
-1.09009 0.863
-1.09109 0.864
-1.09209 0.865
-1.09309 0.866
-1.09409 0.867
-1.09509 0.868
-1.09609 0.869
-1.09709 0.87
-1.09809 0.871
-1.09909 0.872
-1.10009 0.873
-1.10109 0.874
-1.10209 0.875
-1.10309 0.876
-1.10409 0.877
-1.10509 0.878
-1.10609 0.879
-1.10709 0.88
-1.10809 0.881
-1.10909 0.882
-1.11009 0.883
-1.11109 0.884
-1.11209 0.885
-1.11309 0.886
-1.11409 0.887
-1.11509 0.888
-1.11609 0.889
-1.11709 0.89
-1.11809 0.891
-1.11909 0.892
-1.12009 0.893
-1.12109 0.894
-1.12209 0.895
-1.12309 0.896
-1.12409 0.897
-1.12509 0.898
-1.12609 0.899
-1.12709 0.9
-1.12809 0.901
-1.12909 0.902
-1.13009 0.903
-1.13109 0.904
-1.13209 0.905
-1.13309 0.906
-1.13409 0.907
-1.13509 0.908
-1.13609 0.909
-1.13709 0.91
-1.13809 0.911
-1.13909 0.912
-1.14009 0.913
-1.14109 0.914
-1.14209 0.915
-1.14309 0.916
-1.14409 0.917
-1.14509 0.918
-1.14609 0.919
-1.14709 0.92
-1.14809 0.921
-1.14909 0.922
-1.15009 0.923
-1.15109 0.924
-1.15209 0.925
-1.15309 0.926
-1.15409 0.927
-1.15509 0.928
-1.15609 0.929
-1.15709 0.93
-1.15809 0.931
-1.15909 0.932
-1.16009 0.933
-1.16109 0.934
-1.16209 0.935
-1.16309 0.936
-1.16409 0.937
-1.16509 0.938
-1.16609 0.939
-1.16709 0.94
-1.16809 0.941
-1.16909 0.942
-1.17009 0.943
-1.17109 0.944
-1.17209 0.945
-1.17309 0.946
-1.17409 0.947
-1.17509 0.948
-1.17609 0.949
-1.17709 0.95
-1.17809 0.951
-1.17909 0.952
-1.18009 0.953
-1.18109 0.954
-1.18209 0.955
-1.18309 0.956
-1.18409 0.957
-1.18509 0.958
-1.18609 0.959
-1.18709 0.96
-1.18809 0.961
-1.18909 0.962
-1.19009 0.963
-1.19109 0.964
-1.19209 0.965
-1.19309 0.966
-1.19409 0.967
-1.19509 0.968
-1.19609 0.969
-1.19709 0.97
-1.19809 0.971
-1.19909 0.972
-1.20009 0.973
-1.20109 0.974
-1.20209 0.975
-1.20309 0.976
-1.20409 0.977
-1.20509 0.978
-1.20609 0.979
-1.20709 0.98
-1.20809 0.981
-1.20909 0.982
-1.21009 0.983
-1.21109 0.984
-1.21209 0.985
-1.21309 0.986
-1.21409 0.987
-1.21509 0.988
-1.21609 0.989
-1.21709 0.99
-1.21809 0.991
-1.21909 0.992
-1.22009 0.993
-1.22109 0.994
-1.22209 0.995
-1.22309 0.996
-1.22409 0.997
-1.22509 0.998
-1.22609 0.999
-1.22509 1


Shark
3.14159 1.5
3.13679 1.4995
3.13199 1.499
3.12719 1.4985
3.12239 1.498
3.11759 1.4975
3.11279 1.497
3.10799 1.4965
3.10319 1.496
3.09839 1.4955
3.09359 1.495
3.08879 1.4945
3.08399 1.494
3.07919 1.4935
3.07439 1.493
3.06959 1.4925
3.06479 1.492
3.05999 1.4915
3.05519 1.491
3.05039 1.4905
3.04559 1.49
3.04079 1.4895
3.03599 1.489
3.03119 1.4885
3.02639 1.488
3.02159 1.4875
3.01679 1.487
3.01199 1.4865
3.00719 1.486
3.00239 1.4855
2.99759 1.485
2.99279 1.4845
2.98799 1.484
2.98319 1.4835
2.97839 1.483
2.97359 1.4825
2.96879 1.482
2.96399 1.4815
2.95919 1.481
2.95439 1.4805
2.94959 1.48
2.94479 1.4795
2.93999 1.479
2.93519 1.4785
2.93039 1.478
2.92559 1.4775
2.92079 1.477
2.91599 1.4765
2.91119 1.476
2.90639 1.4755
2.90159 1.475
2.89679 1.4745
2.89199 1.474
2.88719 1.4735
2.88239 1.473
2.87759 1.4725
2.87279 1.472
2.86799 1.4715
2.86319 1.471
2.85839 1.4705
2.85359 1.47
2.84879 1.4695
2.84399 1.469
2.83919 1.4685
2.83439 1.468
2.82959 1.4675
2.82479 1.467
2.81999 1.4665
2.81519 1.466
2.81039 1.4655
2.80559 1.465
2.80079 1.4645
2.79599 1.464
2.79119 1.4635
2.78639 1.463
2.78159 1.4625
2.77679 1.462
2.77199 1.4615
2.76719 1.461
2.76239 1.4605
2.75759 1.46
2.75279 1.4595
2.74799 1.459
2.59341 1.4585
2.58861 1.458
2.58381 1.4575
2.57901 1.457
2.57421 1.4565
2.56941 1.456
2.56461 1.4555
2.55981 1.455
2.55501 1.4545
2.55021 1.454
2.46304 1.4535
2.45824 1.453
2.45344 1.4525
2.4082 1.452
2.4034 1.4515
2.3986 1.451
2.3938 1.4505
2.389 1.45
2.3842 1.4495
2.3794 1.449
2.3746 1.4485
2.3698 1.448
2.365 1.4475
2.3602 1.447
2.3554 1.4465
2.32962 1.446
2.30361 1.4455
2.29881 1.445
2.29401 1.4445
2.28921 1.444
2.28441 1.4435
2.25725 1.443
2.22985 1.4425
2.21542 1.442
2.21062 1.4415
2.20582 1.441
2.20102 1.4405
2.19622 1.44
2.18123 1.4395
2.16614 1.439
2.16134 1.4385
2.15654 1.438
2.14162 1.4375
2.13281 1.437
2.12395 1.4365
2.13286 1.436
2.13766 1.4355
2.14495 1.435
2.13589 1.4345
2.145 1.434
2.13584 1.4335
2.14505 1.433
2.13579 1.4325
2.13099 1.432
2.12219 1.4315
2.11354 1.431
2.10874 1.4305
2.10036 1.43
2.10993 1.4295
2.11615 1.429
2.12236 1.4285
2.1285 1.428
2.1333 1.4275
2.1381 1.427
2.1429 1.4265
2.1477 1.426
2.1525 1.4255
2.1573 1.425
2.1621 1.4245
2.1669 1.424
2.1717 1.4235
2.1765 1.423
2.1813 1.4225
2.1861 1.422
2.1909 1.4215
2.1957 1.421
2.2005 1.4205
2.2053 1.42
2.2101 1.4195
2.2149 1.419
2.2197 1.4185
2.2245 1.418
2.2293 1.4175
2.2341 1.417
2.2389 1.4165
2.2437 1.416
2.2485 1.4155
2.2533 1.415
2.2581 1.4145
2.2629 1.414
2.2677 1.4135
2.2725 1.413
2.2773 1.4125
2.2821 1.412
2.2869 1.4115
2.2917 1.411
2.2965 1.4105
2.3013 1.41
2.3061 1.4095
2.3109 1.409
2.3157 1.4085
2.3205 1.408
2.3253 1.4075
2.3301 1.407
2.3349 1.4065
2.3397 1.406
2.3445 1.4055
2.3493 1.405
2.3541 1.4045
2.3589 1.404
2.3637 1.4035
2.3685 1.403
2.3733 1.4025
2.3781 1.402
2.3829 1.4015
2.3877 1.401
2.3925 1.4005
2.3973 1.4
2.4021 1.3995
2.4069 1.399
2.4117 1.3985
2.4165 1.398
2.4213 1.3975
2.4261 1.397
2.4309 1.3965
2.4357 1.396
2.4405 1.3955
2.4453 1.395
2.4501 1.3945
2.4549 1.394
2.4597 1.3935
2.4645 1.393
2.4693 1.3925
2.4741 1.392
2.4789 1.3915
2.4837 1.391
2.4885 1.3905
2.4933 1.39
2.4981 1.3895
2.5029 1.389
2.5077 1.3885
2.5125 1.388
2.5173 1.3875
2.5221 1.387
2.5269 1.3865
2.5317 1.386
2.5365 1.3855
2.5413 1.385
2.5461 1.3845
2.5509 1.384
2.5557 1.3835
2.5605 1.383
2.5653 1.3825
2.5701 1.382
2.5749 1.3815
2.5797 1.381
2.5845 1.3805
2.5893 1.38
2.5941 1.3795
2.5989 1.379
2.6037 1.3785
2.6085 1.378
2.6133 1.3775
2.6181 1.377
2.6229 1.3765
2.6277 1.376
2.6325 1.3755
2.6373 1.375
2.6421 1.3745
2.6469 1.374
2.6517 1.3735
2.6565 1.373
2.6613 1.3725
2.6661 1.372
2.6709 1.3715
2.6757 1.371
2.6805 1.3705
2.6853 1.37
2.6901 1.3695
2.6949 1.369
2.6997 1.3685
2.7045 1.368
2.7093 1.3675
2.7141 1.367
2.7189 1.3665
2.7237 1.366
2.7285 1.3655
2.7333 1.365
2.7381 1.3645
2.7429 1.364
2.7477 1.3635
2.7525 1.363
2.7573 1.3625
2.7621 1.362
2.7669 1.3615
2.7717 1.361
2.7765 1.3605
2.7813 1.36
2.7861 1.3595
2.7909 1.359
2.7957 1.3585
2.8005 1.358
2.8053 1.3575
2.8101 1.357
2.8149 1.3565
2.8197 1.356
2.8245 1.3555
2.8293 1.355
2.8341 1.3545
2.8389 1.354
2.8437 1.3535
2.8485 1.353
2.8533 1.3525
2.8581 1.352
2.8629 1.3515
2.8677 1.351
2.8725 1.3505
2.8773 1.35
2.8821 1.3495
2.8869 1.349
2.8917 1.3485
2.8965 1.348
2.9013 1.3475
2.9061 1.347
2.9109 1.3465
2.9157 1.346
2.9205 1.3455
2.9253 1.345
2.9301 1.3445
2.9349 1.344
2.9397 1.3435
2.9445 1.343
2.9493 1.3425
2.9541 1.342
2.9589 1.3415
2.9637 1.341
2.9685 1.3405
2.9733 1.34
2.9781 1.3395
2.9829 1.339
2.9877 1.3385
2.9925 1.338
2.9973 1.3375
3.0021 1.337
3.0069 1.3365
3.0117 1.336
3.0165 1.3355
3.0213 1.335
3.0261 1.3345
3.0309 1.334
3.0357 1.3335
3.0405 1.333
3.0453 1.3325
3.0501 1.332
3.0549 1.3315
3.0597 1.331
3.0645 1.3305
3.0693 1.33
3.0741 1.3295
3.0789 1.329
3.0837 1.3285
3.0885 1.328
3.0933 1.3275
3.0981 1.327
3.1029 1.3265
3.1077 1.326
3.1125 1.3255
3.1173 1.325
3.1221 1.3245
3.1269 1.324
3.1317 1.3235
3.1365 1.323
3.1413 1.3225
3.1461 1.322
3.1509 1.3215
3.1557 1.321
3.1605 1.3205
3.1653 1.32
3.1701 1.3195
3.1749 1.319
3.1797 1.3185
3.1845 1.318
3.1893 1.3175
3.1941 1.317
3.1989 1.3165
3.2037 1.316
3.2085 1.3155
3.2133 1.315
3.2181 1.3145
3.2229 1.314
3.2277 1.3135
3.2325 1.313
3.2373 1.3125
3.2421 1.312
3.2469 1.3115
3.2517 1.311
3.2565 1.3105
3.2613 1.31
3.2661 1.3095
3.2709 1.309
3.2757 1.3085
3.2805 1.308
3.2853 1.3075
3.2901 1.307
3.2949 1.3065
3.2997 1.306
3.3045 1.3055
3.3093 1.305
3.3141 1.3045
3.3189 1.304
3.3237 1.3035
3.3285 1.303
3.3333 1.3025
3.3381 1.302
3.3429 1.3015
3.3477 1.301
3.3525 1.3005
3.3573 1.3
3.3621 1.2995
3.3669 1.299
3.3717 1.2985
3.3765 1.298
3.3813 1.2975
3.3861 1.297
3.3909 1.2965
3.3957 1.296
3.4005 1.2955
3.4053 1.295
3.4101 1.2945
3.4149 1.294
3.4197 1.2935
3.4245 1.293
3.4293 1.2925
3.4341 1.292
3.4389 1.2915
3.4437 1.291
3.4485 1.2905
3.4533 1.29
3.4581 1.2895
3.4629 1.289
3.4677 1.2885
3.4725 1.288
3.4773 1.2875
3.4821 1.287
3.4869 1.2865
3.4917 1.286
3.4965 1.2855
3.5013 1.285
3.5061 1.2845
3.5109 1.284
3.5157 1.2835
3.5205 1.283
3.5253 1.2825
3.5301 1.282
3.5349 1.2815
3.5397 1.281
3.5445 1.2805
3.5493 1.28
3.5541 1.2795
3.5589 1.279
3.5637 1.2785
3.5685 1.278
3.5733 1.2775
3.5781 1.277
3.5829 1.2765
3.5877 1.276
3.5925 1.2755
3.5973 1.275
3.6021 1.2745
3.6069 1.274
3.6117 1.2735
3.6165 1.273
3.6213 1.2725
3.6261 1.272
3.6309 1.2715
3.6357 1.271
3.6405 1.2705
3.6453 1.27
3.6501 1.2695
3.6549 1.269
3.6597 1.2685
3.6645 1.268
3.6693 1.2675
3.6741 1.267
3.6789 1.2665
3.6837 1.266
3.6885 1.2655
3.6933 1.265
3.6981 1.2645
3.7029 1.264
3.7077 1.2635
3.7125 1.263
3.7173 1.2625
3.7221 1.262
3.7269 1.2615
3.7317 1.261
3.7365 1.2605
3.7413 1.26
3.7461 1.2595
3.7509 1.259
3.7557 1.2585
3.7605 1.258
3.7653 1.2575
3.7701 1.257
3.7749 1.2565
3.7797 1.256
3.7845 1.2555
3.7893 1.255
3.7941 1.2545
3.7989 1.254
3.8037 1.2535
3.8085 1.253
3.8133 1.2525
3.8181 1.252
3.8229 1.2515
3.8277 1.251
3.8325 1.2505
3.8373 1.25
3.8421 1.2495
3.8469 1.249
3.8517 1.2485
3.8565 1.248
3.8613 1.2475
3.8661 1.247
3.8709 1.2465
3.8757 1.246
3.8805 1.2455
3.8853 1.245
3.8901 1.2445
3.8949 1.244
3.8997 1.2435
3.9045 1.243
3.9093 1.2425
3.9141 1.242
3.9189 1.2415
3.9237 1.241
3.9285 1.2405
3.9333 1.24
3.9381 1.2395
3.9429 1.239
3.9477 1.2385
3.9525 1.238
3.9573 1.2375
3.9621 1.237
3.9669 1.2365
3.9717 1.236
3.9765 1.2355
3.9813 1.235
3.9861 1.2345
3.9909 1.234
3.9957 1.2335
4.0005 1.233
4.0053 1.2325
4.0101 1.232
4.0149 1.2315
4.0197 1.231
4.0245 1.2305
4.0293 1.23
4.0341 1.2295
4.0389 1.229
4.0437 1.2285
4.0485 1.228
4.0533 1.2275
4.0581 1.227
4.0629 1.2265
4.0677 1.226
4.0725 1.2255
4.0773 1.225
4.0821 1.2245
4.0869 1.224
4.0917 1.2235
4.0965 1.223
4.1013 1.2225
4.1061 1.222
4.1109 1.2215
4.1157 1.221
4.1205 1.2205
4.1253 1.22
4.1301 1.2195
4.1349 1.219
4.1397 1.2185
4.1445 1.218
4.1493 1.2175
4.1541 1.217
4.1589 1.2165
4.1637 1.216
4.1685 1.2155
4.1733 1.215
4.1781 1.2145
4.1829 1.214
4.1877 1.2135
4.1925 1.213
4.1973 1.2125
4.2021 1.212
4.2069 1.2115
4.2117 1.211
4.2165 1.2105
4.2213 1.21
4.2261 1.2095
4.2309 1.209
4.2357 1.2085
4.2405 1.208
4.2453 1.2075
4.2501 1.207
4.2549 1.2065
4.2597 1.206
4.2645 1.2055
4.2693 1.205
4.2741 1.2045
4.2789 1.204
4.2837 1.2035
4.2885 1.203
4.2933 1.2025
4.2981 1.202
4.3029 1.2015
4.3077 1.201
4.3125 1.2005
4.3173 1.2
4.3221 1.1995
4.3269 1.199
4.3317 1.1985
4.3365 1.198
4.3413 1.1975
4.3461 1.197
4.3509 1.1965
4.3557 1.196
4.3605 1.1955
4.3653 1.195
4.3701 1.1945
4.3749 1.194
4.3797 1.1935
4.3845 1.193
4.3893 1.1925
4.3941 1.192
4.3989 1.1915
4.4037 1.191
4.4085 1.1905
4.4133 1.19
4.4181 1.1895
4.4229 1.189
4.4277 1.1885
4.4325 1.188
4.4373 1.1875
4.4421 1.187
4.4469 1.1865
4.4517 1.186
4.4565 1.1855
4.4613 1.185
4.4661 1.1845
4.4709 1.184
4.4757 1.1835
4.4805 1.183
4.4853 1.1825
4.4901 1.182
4.4949 1.1815
4.4997 1.181
4.5045 1.1805
4.5093 1.18
4.5141 1.1795
4.5189 1.179
4.5237 1.1785
4.5285 1.178
4.5333 1.1775
4.5381 1.177
4.5429 1.1765
4.5477 1.176
4.5525 1.1755
4.5573 1.175
4.5621 1.1745
4.5669 1.174
4.5717 1.1735
4.5765 1.173
4.5813 1.1725
4.5861 1.172
4.5909 1.1715
4.5957 1.171
4.6005 1.1705
4.6053 1.17
4.6101 1.1695
4.6149 1.169
4.6197 1.1685
4.6245 1.168
4.6293 1.1675
4.6341 1.167
4.6389 1.1665
4.6437 1.166
4.6485 1.1655
4.6533 1.165
4.6581 1.1645
4.6629 1.164
4.6677 1.1635
4.6725 1.163
4.6773 1.1625
4.6821 1.162
4.6869 1.1615
4.6917 1.161
4.6965 1.1605
4.7013 1.16
4.7061 1.1595
4.7109 1.159
4.7157 1.1585
4.7205 1.158
4.7253 1.1575
4.7301 1.157
4.7349 1.1565
4.7397 1.156
4.7445 1.1555
4.7493 1.155
4.7541 1.1545
4.7589 1.154
4.7637 1.1535
4.7685 1.153
4.7733 1.1525
4.7781 1.152
4.7829 1.1515
4.7877 1.151
4.7925 1.1505
4.7973 1.15
4.8021 1.1495
4.8069 1.149
4.8117 1.1485
4.8165 1.148
4.8213 1.1475
4.8261 1.147
4.8309 1.1465
4.8357 1.146
4.8405 1.1455
4.8453 1.145
4.8501 1.1445
4.8549 1.144
4.8597 1.1435
4.8645 1.143
4.8693 1.1425
4.8741 1.142
4.8789 1.1415
4.8837 1.141
4.8885 1.1405
4.8933 1.14
4.8981 1.1395
4.9029 1.139
4.9077 1.1385
4.9125 1.138
4.9173 1.1375
4.9221 1.137
4.9269 1.1365
4.9317 1.136
4.9365 1.1355
4.9413 1.135
4.9461 1.1345
4.9509 1.134
4.9557 1.1335
4.9605 1.133
4.9653 1.1325
4.9701 1.132
4.9749 1.1315
4.9797 1.131
4.9845 1.1305
4.9893 1.13
4.9941 1.1295
4.9989 1.129
5.0037 1.1285
5.0085 1.128
5.0133 1.1275
5.0181 1.127
5.0229 1.1265
5.0277 1.126
5.0325 1.1255
5.0373 1.125
5.0421 1.1245
5.0469 1.124
5.0517 1.1235
5.0565 1.123
5.0613 1.1225
5.0661 1.122
5.0709 1.1215
5.0757 1.121
5.0805 1.1205
5.0853 1.12
5.0901 1.1195
5.0949 1.119
5.0997 1.1185
5.1045 1.118
5.1093 1.1175
5.1141 1.117
5.1189 1.1165
5.1237 1.116
5.1285 1.1155
5.1333 1.115
5.1381 1.1145
5.1429 1.114
5.1477 1.1135
5.1525 1.113
5.1573 1.1125
5.1621 1.112
5.1669 1.1115
5.1717 1.111
5.1765 1.1105
5.1813 1.11
5.1861 1.1095
5.1909 1.109
5.1957 1.1085
5.2005 1.108
5.2053 1.1075
5.2101 1.107
5.2149 1.1065
5.2197 1.106
5.2245 1.1055
5.2293 1.105
5.2341 1.1045
5.2389 1.104
5.2437 1.1035
5.2485 1.103
5.2533 1.1025
5.2581 1.102
5.2591 1.1015
5.2581 1.101
5.2571 1.1005
5.2561 1.1
5.2551 1.0995
5.2541 1.099
5.2531 1.0985
5.2521 1.098
5.2511 1.0975
5.2501 1.097
5.2491 1.0965
5.2481 1.096
5.2471 1.0955
5.2461 1.095
5.2451 1.0945
5.2441 1.094
5.2431 1.0935
5.2421 1.093
5.2411 1.0925
5.2401 1.092
5.2391 1.0915
5.2381 1.091
5.2371 1.0905
5.2361 1.09
5.2351 1.0895
5.2341 1.089
5.2331 1.0885
5.2321 1.088
5.2311 1.0875
5.2301 1.087
5.2291 1.0865
5.2281 1.086
5.2271 1.0855
5.2261 1.085
5.2251 1.0845
5.2241 1.084
5.2231 1.0835
5.2221 1.083
5.2211 1.0825
5.2201 1.082
5.2191 1.0815
5.2181 1.081
5.2171 1.0805
5.21609 1.08
5.21509 1.0795
5.21409 1.079
5.21309 1.0785
5.21209 1.078
5.21109 1.0775
5.21009 1.077
5.20909 1.0765
5.20809 1.076
5.20709 1.0755
5.20609 1.075
5.20509 1.0745
5.20409 1.074
5.20309 1.0735
5.20209 1.073
5.20109 1.0725
5.20009 1.072
5.19909 1.0715
5.19809 1.071
5.19709 1.0705
5.19609 1.07
5.19509 1.0695
5.19409 1.069
5.19309 1.0685
5.19209 1.068
5.19109 1.0675
5.19009 1.067
5.18909 1.0665
5.18809 1.066
5.18709 1.0655
5.18609 1.065
5.18509 1.0645
5.18409 1.064
5.18309 1.0635
5.18209 1.063
5.18109 1.0625
5.18009 1.062
5.17909 1.0615
5.17809 1.061
5.17709 1.0605
5.17609 1.06
5.17509 1.0595
5.17409 1.059
5.17309 1.0585
5.17209 1.058
5.17109 1.0575
5.17009 1.057
5.16909 1.0565
5.16809 1.056
5.16709 1.0555
5.16609 1.055
5.16509 1.0545
5.16409 1.054
5.16309 1.0535
5.16209 1.053
5.16109 1.0525
5.16009 1.052
5.15909 1.0515
5.15809 1.051
5.15709 1.0505
5.15609 1.05
5.15509 1.0495
5.15409 1.049
5.15309 1.0485
5.15209 1.048
5.15109 1.0475
5.15009 1.047
5.14909 1.0465
5.14809 1.046
5.14709 1.0455
5.14609 1.045
5.14509 1.0445
5.14409 1.044
5.14309 1.0435
5.14209 1.043
5.14109 1.0425
5.14009 1.042
5.13909 1.0415
5.13809 1.041
5.13709 1.0405
5.13609 1.04
5.13509 1.0395
5.13409 1.039
5.13309 1.0385
5.13209 1.038
5.13109 1.0375
5.13009 1.037
5.12909 1.0365
5.12809 1.036
5.12709 1.0355
5.12609 1.035
5.12509 1.0345
5.12409 1.034
5.12309 1.0335
5.12209 1.033
5.12109 1.0325
5.12009 1.032
5.11909 1.0315
5.11809 1.031
5.11709 1.0305
5.11609 1.03
5.11509 1.0295
5.11409 1.029
5.11309 1.0285
5.11209 1.028
5.11109 1.0275
5.11009 1.027
5.10909 1.0265
5.10809 1.026
5.10709 1.0255
5.10609 1.025
5.10509 1.0245
5.10409 1.024
5.10309 1.0235
5.10209 1.023
5.10109 1.0225
5.10009 1.022
5.09909 1.0215
5.09809 1.021
5.09709 1.0205
5.09609 1.02
5.09509 1.0195
5.09409 1.019
5.09309 1.0185
5.09209 1.018
5.09109 1.0175
5.09009 1.017
5.08909 1.0165
5.08809 1.016
5.08709 1.0155
5.08609 1.015
5.08509 1.0145
5.08409 1.014
5.08309 1.0135
5.08209 1.013
5.08109 1.0125
5.08009 1.012
5.07909 1.0115
5.07809 1.011
5.07709 1.0105
5.07609 1.01
5.07509 1.0095
5.07409 1.009
5.07309 1.0085
5.07209 1.008
5.07109 1.0075
5.07009 1.007
5.06909 1.0065
5.06809 1.006
5.06709 1.0055
5.06609 1.005
5.06509 1.0045
5.06409 1.004
5.06309 1.0035
5.06209 1.003
5.06109 1.0025
5.06009 1.002
5.05909 1.0015
5.05809 1.001
5.05709 1.0005
5.05809 1
