Man
0 0
0 0.001
0 0.002
0 0.003
0 0.004
0 0.005
0 0.006
0 0.007
0 0.008
0 0.009
0 0.01
0 0.011
0 0.012
0 0.013
0 0.014
0 0.015
0 0.016
0 0.017
0 0.018
0 0.019
0 0.02
0 0.021
0 0.022
-0.000287621 0.023
-0.000191748 0.024
-0.0458277 0.025
-0.0918471 0.026
-0.0918471 0.027
-0.0918471 0.028
-0.0918471 0.029
-0.0918471 0.03
-0.0918471 0.031
-0.0918471 0.032
-0.0918471 0.033
-0.0918471 0.034
-0.0918471 0.035
-0.0918471 0.036
-0.0918471 0.037
-0.0918471 0.038
-0.0918471 0.039
-0.0918471 0.04
-0.0918471 0.041
-0.0918471 0.042
-0.0918471 0.043
-0.0918471 0.044
-0.0918471 0.045
-0.0918471 0.046
-0.0918471 0.047
-0.0918471 0.048
-0.0918471 0.049
-0.0918471 0.05
-0.0918471 0.051
-0.0918471 0.052
-0.0918471 0.053
-0.0918471 0.054
-0.0918471 0.055
-0.0918471 0.056
-0.0918471 0.057
-0.0918471 0.058
-0.0918471 0.059
-0.0918471 0.06
-0.0918471 0.061
-0.0918471 0.062
-0.0918471 0.063
-0.0918471 0.064
-0.0918471 0.065
-0.0918471 0.066
-0.0918471 0.067
-0.0918471 0.068
-0.0918471 0.069
-0.0918471 0.07
-0.0918471 0.071
-0.0918471 0.072
-0.0918471 0.073
-0.0918471 0.074
-0.0918471 0.075
-0.0918471 0.076
-0.0918471 0.077
-0.0918471 0.078
-0.0918471 0.079
-0.0918471 0.08
-0.0952986 0.081
-0.0496626 0.082
-0.147837 0.083
-0.2951 0.084
-0.2951 0.085
-0.2951 0.086
-0.2951 0.087
-0.2951 0.088
-0.296058 0.089
-0.284745 0.09
-0.309289 0.091
-0.331004 0.092
-0.35272 0.093
-0.389535 0.094
-0.4136 0.095
-0.434596 0.096
-0.431144 0.097
-0.430863 0.098
-0.431264 0.099
-0.43118 0.1
-0.439234 0.101
-0.447671 0.102
-0.459943 0.103
-0.484486 0.104
-0.49254 0.105
-0.497525 0.106
-0.506729 0.107
-0.505962 0.108
-0.517467 0.109
-0.532807 0.11
-0.536258 0.111
-0.538176 0.112
-0.530506 0.113
-0.521302 0.114
-0.524753 0.115
-0.519768 0.116
-0.511331 0.117
-0.511283 0.118
-0.512769 0.119
-0.505099 0.12
-0.495895 0.121
-0.497429 0.122
-0.489759 0.123
-0.480555 0.124
-0.47442 0.125
-0.462148 0.126
-0.452944 0.127
-0.45256 0.128
-0.454861 0.129
-0.459847 0.13
-0.465216 0.131
-0.468284 0.132
-0.47442 0.133
-0.480555 0.134
-0.482796 0.135
-0.485038 0.136
-0.491173 0.137
-0.497309 0.138
-0.499562 0.139
-0.501815 0.14
-0.507951 0.141
-0.514087 0.142
-0.516173 0.143
-0.518258 0.144
-0.524394 0.145
-0.527078 0.146
-0.529763 0.147
-0.535899 0.148
-0.542035 0.149
-0.544144 0.15
-0.546253 0.151
-0.552389 0.152
-0.558525 0.153
-0.560346 0.154
-0.562168 0.155
-0.568304 0.156
-0.570413 0.157
-0.572522 0.158
-0.578658 0.159
-0.584794 0.16
-0.587479 0.161
-0.590163 0.162
-0.596299 0.163
-0.602435 0.164
-0.604257 0.165
-0.606078 0.166
-0.612214 0.167
-0.61835 0.168
-0.61998 0.169
-0.62161 0.17
-0.627746 0.171
-0.633882 0.172
-0.636566 0.173
-0.639251 0.174
-0.645386 0.175
-0.651522 0.176
-0.653248 0.177
-0.654974 0.178
-0.66111 0.179
-0.667246 0.18
-0.668971 0.181
-0.670697 0.182
-0.676833 0.183
-0.682969 0.184
-0.685653 0.185
-0.688338 0.186
-0.694474 0.187
-0.70061 0.188
-0.705212 0.189
-0.707513 0.19
-0.708663 0.191
-0.709238 0.192
-0.709526 0.193
-0.70967 0.194
-0.709742 0.195
-0.709778 0.196
-0.709796 0.197
-0.709805 0.198
-0.709809 0.199
-0.709811 0.2
-0.709813 0.201
-0.709813 0.202
-0.709813 0.203
-0.709814 0.204
-0.709814 0.205
-0.709814 0.206
-0.709814 0.207
-0.709814 0.208
-0.709814 0.209
-0.709814 0.21
-0.709814 0.211
-0.709814 0.212
-0.709814 0.213
-0.709814 0.214
-0.709814 0.215
-0.709814 0.216
-0.709814 0.217
-0.709814 0.218
-0.709814 0.219
-0.709814 0.22
-0.709814 0.221
-0.709814 0.222
-0.709814 0.223
-0.709814 0.224
-0.709814 0.225
-0.709814 0.226
-0.709814 0.227
-0.709814 0.228
-0.709814 0.229
-0.709814 0.23
-0.709814 0.231
-0.709814 0.232
-0.709814 0.233
-0.709814 0.234
-0.709814 0.235
-0.709814 0.236
-0.709814 0.237
-0.709814 0.238
-0.709814 0.239
-0.709814 0.24
-0.709814 0.241
-0.709814 0.242
-0.709814 0.243
-0.709814 0.244
-0.709814 0.245
-0.709814 0.246
-0.709814 0.247
-0.709814 0.248
-0.709814 0.249
-0.709814 0.25
-0.709814 0.251
-0.709814 0.252
-0.709814 0.253
-0.709814 0.254
-0.709814 0.255
-0.709814 0.256
-0.709814 0.257
-0.709814 0.258
-0.709814 0.259
-0.709814 0.26
-0.709814 0.261
-0.709814 0.262
-0.709814 0.263
-0.709814 0.264
-0.709814 0.265
-0.709814 0.266
-0.709814 0.267
-0.709814 0.268
-0.709814 0.269
-0.709814 0.27
-0.709814 0.271
-0.709814 0.272
-0.709814 0.273
-0.709814 0.274
-0.709814 0.275
-0.709814 0.276
-0.709814 0.277
-0.709814 0.278
-0.709814 0.279
-0.709814 0.28
-0.709814 0.281
-0.709814 0.282
-0.709814 0.283
-0.709814 0.284
-0.709814 0.285
-0.709814 0.286
-0.709814 0.287
-0.709814 0.288
-0.709814 0.289
-0.709814 0.29
-0.709814 0.291
-0.709814 0.292
-0.709814 0.293
-0.709814 0.294
-0.709814 0.295
-0.709814 0.296
-0.709814 0.297
-0.709814 0.298
-0.709814 0.299
-0.709814 0.3
-0.709814 0.301
-0.709814 0.302
-0.709814 0.303
-0.709814 0.304
-0.709814 0.305
-0.709814 0.306
-0.709814 0.307
-0.709814 0.308
-0.709814 0.309
-0.709814 0.31
-0.709814 0.311
-0.709814 0.312
-0.709814 0.313
-0.709814 0.314
-0.709814 0.315
-0.709814 0.316
-0.709814 0.317
-0.709814 0.318
-0.709814 0.319
-0.709814 0.32
-0.709814 0.321
-0.709814 0.322
-0.709814 0.323
-0.709814 0.324
-0.709814 0.325
-0.709814 0.326
-0.709814 0.327
-0.709814 0.328
-0.709814 0.329
-0.709814 0.33
-0.709814 0.331
-0.709814 0.332
-0.709814 0.333
-0.709814 0.334
-0.709814 0.335
-0.709814 0.336
-0.709814 0.337
-0.709814 0.338
-0.709814 0.339
-0.709814 0.34
-0.709814 0.341
-0.709814 0.342
-0.709814 0.343
-0.709814 0.344
-0.709814 0.345
-0.709814 0.346
-0.709814 0.347
-0.709814 0.348
-0.709814 0.349
-0.709814 0.35
-0.709814 0.351
-0.709814 0.352
-0.709814 0.353
-0.709814 0.354
-0.709814 0.355
-0.709814 0.356
-0.709814 0.357
-0.709814 0.358
-0.709814 0.359
-0.709814 0.36
-0.709814 0.361
-0.709814 0.362
-0.709814 0.363
-0.709814 0.364
-0.709814 0.365
-0.709814 0.366
-0.709814 0.367
-0.709814 0.368
-0.709814 0.369
-0.709814 0.37
-0.709814 0.371
-0.709814 0.372
-0.709814 0.373
-0.709814 0.374
-0.709814 0.375
-0.709814 0.376
-0.709814 0.377
-0.709814 0.378
-0.709814 0.379
-0.709814 0.38
-0.709814 0.381
-0.709814 0.382
-0.709814 0.383
-0.709814 0.384
-0.709814 0.385
-0.709814 0.386
-0.709814 0.387
-0.709814 0.388
-0.709814 0.389
-0.709814 0.39
-0.709814 0.391
-0.709814 0.392
-0.709814 0.393
-0.709814 0.394
-0.709814 0.395
-0.709814 0.396
-0.709814 0.397
-0.709814 0.398
-0.709814 0.399
-0.709814 0.4
-0.709814 0.401
-0.709814 0.402
-0.709814 0.403
-0.709814 0.404
-0.709814 0.405
-0.709814 0.406
-0.709814 0.407
-0.709814 0.408
-0.709814 0.409
-0.709814 0.41
-0.709814 0.411
-0.709814 0.412
-0.709814 0.413
-0.709814 0.414
-0.709814 0.415
-0.709814 0.416
-0.709814 0.417
-0.709814 0.418
-0.709814 0.419
-0.709814 0.42
-0.709814 0.421
-0.709814 0.422
-0.709814 0.423
-0.709814 0.424
-0.709814 0.425
-0.709814 0.426
-0.709814 0.427
-0.709814 0.428
-0.709814 0.429
-0.709814 0.43
-0.709814 0.431
-0.709814 0.432
-0.709814 0.433
-0.709814 0.434
-0.709814 0.435
-0.709814 0.436
-0.709814 0.437
-0.709814 0.438
-0.709814 0.439
-0.709814 0.44
-0.709814 0.441
-0.709814 0.442
-0.709814 0.443
-0.709814 0.444
-0.709814 0.445
-0.709814 0.446
-0.709814 0.447
-0.709814 0.448
-0.709814 0.449
-0.709814 0.45
-0.709814 0.451
-0.709814 0.452
-0.709814 0.453
-0.709814 0.454
-0.709814 0.455
-0.709814 0.456
-0.709814 0.457
-0.709814 0.458
-0.709814 0.459
-0.709814 0.46
-0.709814 0.461
-0.709814 0.462
-0.709814 0.463
-0.709814 0.464
-0.709814 0.465
-0.709814 0.466
-0.709814 0.467
-0.709814 0.468
-0.709814 0.469
-0.709814 0.47
-0.709814 0.471
-0.709814 0.472
-0.709814 0.473
-0.709814 0.474
-0.709814 0.475
-0.709814 0.476
-0.709814 0.477
-0.709814 0.478
-0.709814 0.479
-0.709814 0.48
-0.709814 0.481
-0.709814 0.482
-0.709814 0.483
-0.709814 0.484
-0.709814 0.485
-0.709814 0.486
-0.709814 0.487
-0.709814 0.488
-0.709814 0.489
-0.709814 0.49
-0.709814 0.491
-0.709814 0.492
-0.709814 0.493
-0.709814 0.494
-0.709814 0.495
-0.709814 0.496
-0.709814 0.497
-0.709814 0.498
-0.709814 0.499
-0.709814 0.5
-0.709814 0.501
-0.709814 0.502
-0.709814 0.503
-0.709814 0.504
-0.709814 0.505
-0.709814 0.506
-0.709814 0.507
-0.709814 0.508
-0.709814 0.509
-0.709814 0.51
-0.709814 0.511
-0.709814 0.512
-0.709814 0.513
-0.709814 0.514
-0.709814 0.515
-0.709814 0.516
-0.709814 0.517
-0.709814 0.518
-0.709814 0.519
-0.709814 0.52
-0.709814 0.521
-0.709814 0.522
-0.709814 0.523
-0.709814 0.524
-0.709814 0.525
-0.709814 0.526
-0.709814 0.527
-0.709814 0.528
-0.709814 0.529
-0.709814 0.53
-0.709814 0.531
-0.709814 0.532
-0.709814 0.533
-0.709814 0.534
-0.709814 0.535
-0.709814 0.536
-0.709814 0.537
-0.709814 0.538
-0.709814 0.539
-0.709814 0.54
-0.709814 0.541
-0.709814 0.542
-0.709814 0.543
-0.709814 0.544
-0.709814 0.545
-0.709814 0.546
-0.709814 0.547
-0.709814 0.548
-0.709814 0.549
-0.709814 0.55
-0.709814 0.551
-0.709814 0.552
-0.709814 0.553
-0.709814 0.554
-0.709814 0.555
-0.709814 0.556
-0.709814 0.557
-0.709814 0.558
-0.709814 0.559
-0.709814 0.56
-0.709814 0.561
-0.709814 0.562
-0.709814 0.563
-0.709814 0.564
-0.709814 0.565
-0.709814 0.566
-0.709814 0.567
-0.709814 0.568
-0.709814 0.569
-0.709814 0.57
-0.709814 0.571
-0.709814 0.572
-0.709814 0.573
-0.709814 0.574
-0.709814 0.575
-0.709814 0.576
-0.709814 0.577
-0.709814 0.578
-0.709814 0.579
-0.709814 0.58
-0.709814 0.581
-0.709814 0.582
-0.709814 0.583
-0.709814 0.584
-0.709814 0.585
-0.709814 0.586
-0.709814 0.587
-0.709814 0.588
-0.709814 0.589
-0.709814 0.59
-0.709814 0.591
-0.709814 0.592
-0.709814 0.593
-0.709814 0.594
-0.709814 0.595
-0.709814 0.596
-0.709814 0.597
-0.709814 0.598
-0.709814 0.599
-0.709814 0.6
-0.709814 0.601
-0.709814 0.602
-0.709814 0.603
-0.709814 0.604
-0.709814 0.605
-0.709814 0.606
-0.709814 0.607
-0.709814 0.608
-0.709814 0.609
-0.709814 0.61
-0.709814 0.611
-0.709814 0.612
-0.709814 0.613
-0.709814 0.614
-0.709814 0.615
-0.709814 0.616
-0.709814 0.617
-0.709814 0.618
-0.709814 0.619
-0.709814 0.62
-0.709814 0.621
-0.709814 0.622
-0.709814 0.623
-0.709814 0.624
-0.709814 0.625
-0.709814 0.626
-0.709814 0.627
-0.709814 0.628
-0.709814 0.629
-0.709814 0.63
-0.709814 0.631
-0.709814 0.632
-0.709814 0.633
-0.709814 0.634
-0.709814 0.635
-0.709814 0.636
-0.709814 0.637
-0.709814 0.638
-0.709814 0.639
-0.709814 0.64
-0.709814 0.641
-0.709814 0.642
-0.709814 0.643
-0.709814 0.644
-0.709814 0.645
-0.709814 0.646
-0.709814 0.647
-0.709814 0.648
-0.709814 0.649
-0.709814 0.65
-0.709814 0.651
-0.709814 0.652
-0.709814 0.653
-0.709814 0.654
-0.709814 0.655
-0.709814 0.656
-0.709814 0.657
-0.709814 0.658
-0.709814 0.659
-0.709814 0.66
-0.709814 0.661
-0.709814 0.662
-0.709814 0.663
-0.709814 0.664
-0.709814 0.665
-0.709814 0.666
-0.709814 0.667
-0.709814 0.668
-0.709814 0.669
-0.709814 0.67
-0.709814 0.671
-0.709814 0.672
-0.709814 0.673
-0.709814 0.674
-0.709814 0.675
-0.709814 0.676
-0.709814 0.677
-0.709814 0.678
-0.709814 0.679
-0.709814 0.68
-0.709814 0.681
-0.709814 0.682
-0.709814 0.683
-0.709814 0.684
-0.709814 0.685
-0.709814 0.686
-0.709814 0.687
-0.709814 0.688
-0.709814 0.689
-0.709814 0.69
-0.709814 0.691
-0.709814 0.692
-0.709814 0.693
-0.709814 0.694
-0.709814 0.695
-0.709814 0.696
-0.709814 0.697
-0.709814 0.698
-0.709814 0.699
-0.709814 0.7
-0.709814 0.701
-0.709814 0.702
-0.709814 0.703
-0.709814 0.704
-0.709814 0.705
-0.709814 0.706
-0.709814 0.707
-0.709814 0.708
-0.709814 0.709
-0.709814 0.71
-0.709814 0.711
-0.709814 0.712
-0.709814 0.713
-0.709814 0.714
-0.709814 0.715
-0.709814 0.716
-0.709814 0.717
-0.709814 0.718
-0.709814 0.719
-0.709814 0.72
-0.709814 0.721
-0.709814 0.722
-0.709814 0.723
-0.709814 0.724
-0.709814 0.725
-0.709814 0.726
-0.709814 0.727
-0.709814 0.728
-0.709814 0.729
-0.709814 0.73
-0.709814 0.731
-0.709814 0.732
-0.709814 0.733
-0.709814 0.734
-0.709814 0.735
-0.709814 0.736
-0.709814 0.737
-0.709814 0.738
-0.709814 0.739
-0.709814 0.74
-0.709814 0.741
-0.709814 0.742
-0.709814 0.743
-0.709814 0.744
-0.709814 0.745
-0.709814 0.746
-0.709814 0.747
-0.709814 0.748
-0.709814 0.749
-0.709814 0.75
-0.709814 0.751
-0.709814 0.752
-0.709814 0.753
-0.709814 0.754
-0.709814 0.755
-0.709814 0.756
-0.709814 0.757
-0.709814 0.758
-0.709814 0.759
-0.709814 0.76
-0.709814 0.761
-0.709814 0.762
-0.709814 0.763
-0.709814 0.764
-0.709814 0.765
-0.709814 0.766
-0.709814 0.767
-0.709814 0.768
-0.709814 0.769
-0.709814 0.77
-0.709814 0.771
-0.709814 0.772
-0.709814 0.773
-0.709814 0.774
-0.709814 0.775
-0.709814 0.776
-0.709814 0.777
-0.709814 0.778
-0.709814 0.779
-0.709814 0.78
-0.709814 0.781
-0.709814 0.782
-0.709814 0.783
-0.709814 0.784
-0.709814 0.785
-0.709814 0.786
-0.709814 0.787
-0.709814 0.788
-0.709814 0.789
-0.709814 0.79
-0.709814 0.791
-0.709814 0.792
-0.709814 0.793
-0.709814 0.794
-0.709814 0.795
-0.709814 0.796
-0.709814 0.797
-0.709814 0.798
-0.709814 0.799
-0.709814 0.8
-0.709814 0.801
-0.709814 0.802
-0.709814 0.803
-0.709814 0.804
-0.709814 0.805
-0.709814 0.806
-0.709814 0.807
-0.709814 0.808
-0.709814 0.809
-0.709814 0.81
-0.709814 0.811
-0.709814 0.812
-0.709814 0.813
-0.709814 0.814
-0.709814 0.815
-0.709814 0.816
-0.709814 0.817
-0.709814 0.818
-0.709814 0.819
-0.709814 0.82
-0.709814 0.821
-0.709814 0.822
-0.709814 0.823
-0.709814 0.824
-0.709814 0.825
-0.709814 0.826
-0.709814 0.827
-0.709814 0.828
-0.709814 0.829
-0.709814 0.83
-0.709814 0.831
-0.709814 0.832
-0.709814 0.833
-0.709814 0.834
-0.709814 0.835
-0.709814 0.836
-0.709814 0.837
-0.709814 0.838
-0.709814 0.839
-0.709814 0.84
-0.709814 0.841
-0.709814 0.842
-0.709814 0.843
-0.709814 0.844
-0.709814 0.845
-0.709814 0.846
-0.709814 0.847
-0.709814 0.848
-0.709814 0.849
-0.709814 0.85
-0.709814 0.851
-0.709814 0.852
-0.709814 0.853
-0.709814 0.854
-0.709814 0.855
-0.709814 0.856
-0.709814 0.857
-0.709814 0.858
-0.709814 0.859
-0.709814 0.86
-0.709814 0.861
-0.709814 0.862
-0.709814 0.863
-0.709814 0.864
-0.709814 0.865
-0.709814 0.866
-0.709814 0.867
-0.709814 0.868
-0.709814 0.869
-0.709814 0.87
-0.709814 0.871
-0.709814 0.872
-0.709814 0.873
-0.709814 0.874
-0.709814 0.875
-0.709814 0.876
-0.709814 0.877
-0.709814 0.878
-0.709814 0.879
-0.709814 0.88
-0.709814 0.881
-0.709814 0.882
-0.709814 0.883
-0.709814 0.884
-0.709814 0.885
-0.709814 0.886
-0.709814 0.887
-0.709814 0.888
-0.709814 0.889
-0.709814 0.89
-0.709814 0.891
-0.709814 0.892
-0.709814 0.893
-0.709814 0.894
-0.709814 0.895
-0.709814 0.896
-0.709814 0.897
-0.709814 0.898
-0.709814 0.899
-0.709814 0.9
-0.709814 0.901
-0.709814 0.902
-0.709814 0.903
-0.709814 0.904
-0.709814 0.905
-0.709814 0.906
-0.709814 0.907
-0.709814 0.908
-0.709814 0.909
-0.709814 0.91
-0.709814 0.911
-0.709814 0.912
-0.709814 0.913
-0.709814 0.914
-0.709814 0.915
-0.709814 0.916
-0.709814 0.917
-0.709814 0.918
-0.709814 0.919
-0.709814 0.92
-0.709814 0.921
-0.709814 0.922
-0.709814 0.923
-0.709814 0.924
-0.709814 0.925
-0.709814 0.926
-0.709814 0.927
-0.709814 0.928
-0.709814 0.929
-0.709814 0.93
-0.709814 0.931
-0.709814 0.932
-0.709814 0.933
-0.709814 0.934
-0.709814 0.935
-0.709814 0.936
-0.709814 0.937
-0.709814 0.938
-0.709814 0.939
-0.709814 0.94
-0.709814 0.941
-0.709814 0.942
-0.709814 0.943
-0.709814 0.944
-0.709814 0.945
-0.709814 0.946
-0.709814 0.947
-0.709814 0.948
-0.709814 0.949
-0.709814 0.95
-0.709814 0.951
-0.709814 0.952
-0.709814 0.953
-0.709814 0.954
-0.709814 0.955
-0.709814 0.956
-0.709814 0.957
-0.709814 0.958
-0.709814 0.959
-0.709814 0.96
-0.709814 0.961
-0.709814 0.962
-0.709814 0.963
-0.709814 0.964
-0.709814 0.965
-0.709814 0.966
-0.709814 0.967
-0.709814 0.968
-0.709814 0.969
-0.709814 0.97
-0.709814 0.971
-0.709814 0.972
-0.709814 0.973
-0.709814 0.974
-0.709814 0.975
-0.709814 0.976
-0.709814 0.977
-0.709814 0.978
-0.709814 0.979
-0.709814 0.98
-0.709814 0.981
-0.709814 0.982
-0.709814 0.983
-0.709814 0.984
-0.709814 0.985
-0.709814 0.986
-0.709814 0.987
-0.709814 0.988
-0.709814 0.989
-0.709814 0.99
-0.710964 0.991
-0.709814 0.992
-0.712115 0.993
-0.710581 0.994
-0.716717 0.995
-0.704445 0.996
-0.728988 0.997
-0.679901 0.998
-0.778076 0.999
-0.974425 1


Shark
3.14159 1.5
3.13759 1.4995
3.13359 1.499
3.12959 1.4985
3.12559 1.498
3.12159 1.4975
3.11759 1.497
3.11359 1.4965
3.10959 1.496
3.10559 1.4955
3.10159 1.495
3.09759 1.4945
3.09359 1.494
3.08959 1.4935
3.08559 1.493
3.08159 1.4925
3.07759 1.492
3.07359 1.4915
3.06959 1.491
3.06559 1.4905
3.06159 1.49
3.05759 1.4895
3.05359 1.489
3.04959 1.4885
3.04559 1.488
3.03962 1.4875
3.03369 1.487
3.02969 1.4865
3.02569 1.486
3.02169 1.4855
3.01769 1.485
3.01369 1.4845
3.00969 1.484
3.00569 1.4835
3.00169 1.483
2.99769 1.4825
2.99369 1.482
2.98969 1.4815
2.98569 1.481
2.98169 1.4805
2.97769 1.48
2.97369 1.4795
2.96969 1.479
2.96569 1.4785
2.96169 1.478
2.95769 1.4775
2.95369 1.477
2.94969 1.4765
2.94569 1.476
2.94169 1.4755
2.93769 1.475
2.93369 1.4745
2.92969 1.474
2.92569 1.4735
2.92169 1.473
2.91769 1.4725
2.91369 1.472
2.90969 1.4715
2.90569 1.471
2.90169 1.4705
2.89769 1.47
2.89369 1.4695
2.88969 1.469
2.88569 1.4685
2.88169 1.468
2.87769 1.4675
2.87369 1.467
2.86969 1.4665
2.86569 1.466
2.86169 1.4655
2.85769 1.465
2.85369 1.4645
2.84969 1.464
2.84569 1.4635
2.84169 1.463
2.83769 1.4625
2.83369 1.462
2.82969 1.4615
2.82569 1.461
2.82169 1.4605
2.81769 1.46
2.8136 1.4595
2.79831 1.459
2.78163 1.4585
2.74861 1.458
2.74461 1.4575
2.74061 1.457
2.73661 1.4565
2.73261 1.456
2.72861 1.4555
2.72301 1.455
2.71704 1.4545
2.70817 1.454
2.69918 1.4535
2.68917 1.453
2.67926 1.4525
2.67028 1.452
2.66611 1.4515
2.66211 1.451
2.65811 1.4505
2.65411 1.45
2.64906 1.4495
2.64399 1.449
2.63756 1.4485
2.63356 1.448
2.62844 1.4475
2.62388 1.447
2.6191 1.4465
2.61509 1.446
2.60894 1.4455
2.61462 1.445
2.6188 1.4445
2.62292 1.444
2.62779 1.4435
2.63266 1.443
2.63676 1.4425
2.6412 1.442
2.64657 1.4415
2.65057 1.441
2.65463 1.4405
2.65959 1.44
2.66456 1.4395
2.66863 1.439
2.67364 1.4385
2.67866 1.438
2.68369 1.4375
2.68769 1.437
2.6834 1.4365
2.67936 1.436
2.67528 1.4355
2.67062 1.435
2.66596 1.4345
2.66164 1.434
2.65764 1.4335
2.65364 1.433
2.64947 1.4325
2.64529 1.432
2.64129 1.4315
2.63729 1.431
2.63311 1.4305
2.62891 1.43
2.62491 1.4295
2.62091 1.429
2.61675 1.4285
2.61257 1.428
2.60857 1.4275
2.60441 1.427
2.60003 1.4265
2.59603 1.426
2.59203 1.4255
2.5879 1.425
2.58366 1.4245
2.57966 1.424
2.57566 1.4235
2.57154 1.423
2.56737 1.4225
2.56337 1.422
2.55923 1.4215
2.55497 1.421
2.55097 1.4205
2.54697 1.42
2.54279 1.4195
2.53832 1.419
2.53432 1.4185
2.53032 1.418
2.52618 1.4175
2.52198 1.417
2.51798 1.4165
2.51398 1.416
2.50987 1.4155
2.5057 1.415
2.5017 1.4145
2.4977 1.414
2.49349 1.4135
2.48896 1.413
2.48496 1.4125
2.48096 1.412
2.47685 1.4115
2.47262 1.411
2.46862 1.4105
2.46462 1.41
2.4605 1.4095
2.45627 1.409
2.45227 1.4085
2.44827 1.408
2.44403 1.4075
2.43942 1.407
2.43542 1.4065
2.43142 1.406
2.42726 1.4055
2.42322 1.405
2.41921 1.4045
2.4152 1.404
2.4112 1.4035
2.4072 1.403
2.4032 1.4025
2.3992 1.402
2.3952 1.4015
2.3912 1.401
2.3872 1.4005
2.3832 1.4
2.3792 1.3995
2.3752 1.399
2.3712 1.3985
2.3672 1.398
2.3632 1.3975
2.3592 1.397
2.3552 1.3965
2.3512 1.396
2.3472 1.3955
2.3432 1.395
2.3392 1.3945
2.3352 1.394
2.3312 1.3935
2.3272 1.393
2.3232 1.3925
2.3192 1.392
2.3152 1.3915
2.3112 1.391
2.3072 1.3905
2.3032 1.39
2.2992 1.3895
2.2952 1.389
2.2912 1.3885
2.2872 1.388
2.2832 1.3875
2.2792 1.387
2.2752 1.3865
2.2712 1.386
2.2672 1.3855
2.2632 1.385
2.2592 1.3845
2.2552 1.384
2.2512 1.3835
2.2472 1.383
2.2432 1.3825
2.2392 1.382
2.2352 1.3815
2.2312 1.381
2.2272 1.3805
2.2232 1.38
2.2192 1.3795
2.2152 1.379
2.2112 1.3785
2.2072 1.378
2.2032 1.3775
2.1992 1.377
2.1952 1.3765
2.1912 1.376
2.1872 1.3755
2.1832 1.375
2.1792 1.3745
2.1752 1.374
2.1712 1.3735
2.1672 1.373
2.1632 1.3725
2.1592 1.372
2.1552 1.3715
2.1512 1.371
2.1472 1.3705
2.1432 1.37
2.1392 1.3695
2.1352 1.369
2.1312 1.3685
2.1272 1.368
2.1232 1.3675
2.1192 1.367
2.1152 1.3665
2.1112 1.366
2.1072 1.3655
2.1032 1.365
2.0992 1.3645
2.0952 1.364
2.0912 1.3635
2.0872 1.363
2.0832 1.3625
2.0792 1.362
2.0752 1.3615
2.0712 1.361
2.0672 1.3605
2.0632 1.36
2.0592 1.3595
2.0552 1.359
2.0512 1.3585
2.0472 1.358
2.0432 1.3575
2.0392 1.357
2.0352 1.3565
2.0312 1.356
2.0272 1.3555
2.0232 1.355
2.0192 1.3545
2.0152 1.354
2.0112 1.3535
2.0072 1.353
2.0032 1.3525
1.9992 1.352
1.9952 1.3515
1.9912 1.351
1.9872 1.3505
1.9832 1.35
1.9792 1.3495
1.9752 1.349
1.9712 1.3485
1.9672 1.348
1.9632 1.3475
1.9592 1.347
1.9552 1.3465
1.9512 1.346
1.9472 1.3455
1.9432 1.345
1.9392 1.3445
1.9352 1.344
1.9312 1.3435
1.9272 1.343
1.9232 1.3425
1.9192 1.342
1.9152 1.3415
1.9112 1.341
1.9072 1.3405
1.9032 1.34
1.8992 1.3395
1.8952 1.339
1.8912 1.3385
1.8872 1.338
1.8832 1.3375
1.8792 1.337
1.8752 1.3365
1.8712 1.336
1.8672 1.3355
1.8632 1.335
1.8592 1.3345
1.8552 1.334
1.8512 1.3335
1.8472 1.333
1.8432 1.3325
1.8392 1.332
1.8352 1.3315
1.8312 1.331
1.8272 1.3305
1.8232 1.33
1.8192 1.3295
1.8152 1.329
1.8112 1.3285
1.8072 1.328
1.8032 1.3275
1.7992 1.327
1.7952 1.3265
1.7912 1.326
1.7872 1.3255
1.7832 1.325
1.7792 1.3245
1.7752 1.324
1.7712 1.3235
1.7672 1.323
1.7632 1.3225
1.7592 1.322
1.7552 1.3215
1.7512 1.321
1.7472 1.3205
1.7432 1.32
1.7392 1.3195
1.7352 1.319
1.7312 1.3185
1.7272 1.318
1.7232 1.3175
1.7192 1.317
1.7152 1.3165
1.7112 1.316
1.7072 1.3155
1.7032 1.315
1.6992 1.3145
1.6952 1.314
1.6912 1.3135
1.6872 1.313
1.6832 1.3125
1.6792 1.312
1.6752 1.3115
1.6712 1.311
1.6672 1.3105
1.6632 1.31
1.6592 1.3095
1.6552 1.309
1.6512 1.3085
1.6472 1.308
1.6432 1.3075
1.6392 1.307
1.6352 1.3065
1.6312 1.306
1.6272 1.3055
1.6232 1.305
1.6192 1.3045
1.6152 1.304
1.6112 1.3035
1.6072 1.303
1.6032 1.3025
1.5992 1.302
1.5952 1.3015
1.5912 1.301
1.5872 1.3005
1.5832 1.3
1.5792 1.2995
1.5752 1.299
1.5712 1.2985
1.5672 1.298
1.5632 1.2975
1.5592 1.297
1.5552 1.2965
1.5512 1.296
1.5472 1.2955
1.5432 1.295
1.5392 1.2945
1.5352 1.294
1.5312 1.2935
1.5272 1.293
1.5232 1.2925
1.5192 1.292
1.5152 1.2915
1.5112 1.291
1.5072 1.2905
1.5032 1.29
1.4992 1.2895
1.4952 1.289
1.4912 1.2885
1.4872 1.288
1.4832 1.2875
1.4792 1.287
1.4752 1.2865
1.4712 1.286
1.4672 1.2855
1.4632 1.285
1.4592 1.2845
1.4552 1.284
1.4512 1.2835
1.4472 1.283
1.4432 1.2825
1.4392 1.282
1.4352 1.2815
1.4312 1.281
1.4272 1.2805
1.4232 1.28
1.4192 1.2795
1.4152 1.279
1.4112 1.2785
1.4072 1.278
1.4032 1.2775
1.3992 1.277
1.3952 1.2765
1.3912 1.276
1.3872 1.2755
1.3832 1.275
1.3792 1.2745
1.3752 1.274
1.3712 1.2735
1.3672 1.273
1.3632 1.2725
1.3592 1.272
1.3552 1.2715
1.3512 1.271
1.3472 1.2705
1.3432 1.27
1.3392 1.2695
1.3352 1.269
1.3312 1.2685
1.3272 1.268
1.3232 1.2675
1.3192 1.267
1.3152 1.2665
1.3112 1.266
1.3072 1.2655
1.3032 1.265
1.2992 1.2645
1.2952 1.264
1.2912 1.2635
1.2872 1.263
1.2832 1.2625
1.2792 1.262
1.2752 1.2615
1.2712 1.261
1.2672 1.2605
1.2632 1.26
1.2592 1.2595
1.2552 1.259
1.2512 1.2585
1.2472 1.258
1.2432 1.2575
1.2392 1.257
1.2352 1.2565
1.2312 1.256
1.2272 1.2555
1.2232 1.255
1.2192 1.2545
1.2152 1.254
1.2112 1.2535
1.2072 1.253
1.2032 1.2525
1.1992 1.252
1.1952 1.2515
1.1912 1.251
1.1872 1.2505
1.1832 1.25
1.1792 1.2495
1.1752 1.249
1.1712 1.2485
1.1672 1.248
1.1632 1.2475
1.1592 1.247
1.1552 1.2465
1.1512 1.246
1.1472 1.2455
1.1432 1.245
1.1392 1.2445
1.1352 1.244
1.1312 1.2435
1.1272 1.243
1.1232 1.2425
1.1192 1.242
1.1152 1.2415
1.1112 1.241
1.1072 1.2405
1.1032 1.24
1.0992 1.2395
1.0952 1.239
1.0912 1.2385
1.0872 1.238
1.0832 1.2375
1.0792 1.237
1.0752 1.2365
1.0712 1.236
1.0672 1.2355
1.0632 1.235
1.0592 1.2345
1.0552 1.234
1.0512 1.2335
1.0472 1.233
1.0432 1.2325
1.0392 1.232
1.0352 1.2315
1.0312 1.231
1.0272 1.2305
1.0232 1.23
1.0192 1.2295
1.0152 1.229
1.0112 1.2285
1.0072 1.228
1.0032 1.2275
0.999204 1.227
0.995204 1.2265
0.991204 1.226
0.987204 1.2255
0.983204 1.225
0.979204 1.2245
0.975204 1.224
0.971204 1.2235
0.967204 1.223
0.963204 1.2225
0.959204 1.222
0.955204 1.2215
0.951204 1.221
0.947204 1.2205
0.943204 1.22
0.939204 1.2195
0.935204 1.219
0.931204 1.2185
0.927204 1.218
0.923204 1.2175
0.919204 1.217
0.915204 1.2165
0.911204 1.216
0.907204 1.2155
0.903204 1.215
0.899204 1.2145
0.895204 1.214
0.891204 1.2135
0.887204 1.213
0.883204 1.2125
0.879204 1.212
0.875204 1.2115
0.871204 1.211
0.867204 1.2105
0.863204 1.21
0.859204 1.2095
0.855204 1.209
0.851204 1.2085
0.847204 1.208
0.843204 1.2075
0.839204 1.207
0.835204 1.2065
0.831204 1.206
0.827204 1.2055
0.823204 1.205
0.819204 1.2045
0.815204 1.204
0.811204 1.2035
0.807204 1.203
0.803204 1.2025
0.799204 1.202
0.795204 1.2015
0.791204 1.201
0.787204 1.2005
0.783204 1.2
0.779204 1.1995
0.775204 1.199
0.771204 1.1985
0.767204 1.198
0.763204 1.1975
0.759204 1.197
0.755204 1.1965
0.751204 1.196
0.747204 1.1955
0.743204 1.195
0.739204 1.1945
0.735204 1.194
0.731204 1.1935
0.727204 1.193
0.723204 1.1925
0.719204 1.192
0.715204 1.1915
0.711204 1.191
0.707204 1.1905
0.703204 1.19
0.699204 1.1895
0.695204 1.189
0.691204 1.1885
0.687204 1.188
0.683204 1.1875
0.679204 1.187
0.675204 1.1865
0.671204 1.186
0.667204 1.1855
0.663204 1.185
0.659204 1.1845
0.655204 1.184
0.651204 1.1835
0.647204 1.183
0.643204 1.1825
0.639204 1.182
0.635204 1.1815
0.631204 1.181
0.627204 1.1805
0.623204 1.18
0.619204 1.1795
0.615204 1.179
0.611204 1.1785
0.607204 1.178
0.603204 1.1775
0.599204 1.177
0.595204 1.1765
0.591204 1.176
0.587204 1.1755
0.583204 1.175
0.579204 1.1745
0.575204 1.174
0.571204 1.1735
0.567204 1.173
0.563204 1.1725
0.559204 1.172
0.555204 1.1715
0.551204 1.171
0.547204 1.1705
0.543204 1.17
0.539204 1.1695
0.535204 1.169
0.531204 1.1685
0.527204 1.168
0.523204 1.1675
0.519204 1.167
0.515204 1.1665
0.511204 1.166
0.507204 1.1655
0.503204 1.165
0.499204 1.1645
0.495204 1.164
0.491204 1.1635
0.487204 1.163
0.483204 1.1625
0.479204 1.162
0.475204 1.1615
0.471204 1.161
0.467204 1.1605
0.463204 1.16
0.459204 1.1595
0.455204 1.159
0.451204 1.1585
0.447204 1.158
0.443204 1.1575
0.439204 1.157
0.435204 1.1565
0.431204 1.156
0.427204 1.1555
0.423204 1.155
0.419204 1.1545
0.415204 1.154
0.411204 1.1535
0.407204 1.153
0.403204 1.1525
0.399204 1.152
0.395204 1.1515
0.391204 1.151
0.387204 1.1505
0.383204 1.15
0.379204 1.1495
0.375204 1.149
0.371204 1.1485
0.367204 1.148
0.363204 1.1475
0.359204 1.147
0.355204 1.1465
0.351204 1.146
0.347204 1.1455
0.343204 1.145
0.339204 1.1445
0.335204 1.144
0.331204 1.1435
0.327204 1.143
0.323204 1.1425
0.319204 1.142
0.315204 1.1415
0.311204 1.141
0.307204 1.1405
0.303204 1.14
0.299204 1.1395
0.295204 1.139
0.291204 1.1385
0.287204 1.138
0.283204 1.1375
0.279204 1.137
0.275204 1.1365
0.271204 1.136
0.267204 1.1355
0.263204 1.135
0.259204 1.1345
0.255204 1.134
0.251204 1.1335
0.247204 1.133
0.243204 1.1325
0.239204 1.132
0.235204 1.1315
0.231204 1.131
0.227204 1.1305
0.223204 1.13
0.219204 1.1295
0.215204 1.129
0.211204 1.1285
0.207204 1.128
0.203204 1.1275
0.199204 1.127
0.195204 1.1265
0.191204 1.126
0.187204 1.1255
0.183204 1.125
0.179204 1.1245
0.175204 1.124
0.171204 1.1235
0.167204 1.123
0.163204 1.1225
0.159204 1.122
0.155204 1.1215
0.151204 1.121
0.147204 1.1205
0.143204 1.12
0.139204 1.1195
0.135204 1.119
0.131204 1.1185
0.127204 1.118
0.123204 1.1175
0.119204 1.117
0.115204 1.1165
0.111204 1.116
0.107204 1.1155
0.103204 1.115
0.0992041 1.1145
0.0952041 1.114
0.0912041 1.1135
0.0872041 1.113
0.0832041 1.1125
0.0792041 1.112
0.0752041 1.1115
0.0712041 1.111
0.0672041 1.1105
0.0632041 1.11
0.0592041 1.1095
0.0552041 1.109
0.0512041 1.1085
0.0472041 1.108
0.0432041 1.1075
0.0392041 1.107
0.0352041 1.1065
0.0312041 1.106
0.0272041 1.1055
0.0232041 1.105
0.0192041 1.1045
0.0152041 1.104
0.0112041 1.1035
0.00720408 1.103
0.00320408 1.1025
-0.000795922 1.102
-0.00479592 1.1015
-0.00879592 1.101
-0.0127959 1.1005
-0.0167959 1.1
-0.0207959 1.0995
-0.0247959 1.099
-0.0287959 1.0985
-0.0327959 1.098
-0.0367959 1.0975
-0.0407959 1.097
-0.0447959 1.0965
-0.0487959 1.096
-0.0527959 1.0955
-0.0567959 1.095
-0.0607959 1.0945
-0.0647959 1.094
-0.0687959 1.0935
-0.0727959 1.093
-0.0767959 1.0925
-0.0807959 1.092
-0.0847959 1.0915
-0.0887959 1.091
-0.0927959 1.0905
-0.0967959 1.09
-0.100796 1.0895
-0.104796 1.089
-0.108796 1.0885
-0.112796 1.088
-0.116796 1.0875
-0.120796 1.087
-0.124796 1.0865
-0.128796 1.086
-0.132796 1.0855
-0.136796 1.085
-0.140796 1.0845
-0.144796 1.084
-0.148796 1.0835
-0.152796 1.083
-0.156796 1.0825
-0.160796 1.082
-0.164796 1.0815
-0.168796 1.081
-0.172796 1.0805
-0.176796 1.08
-0.180796 1.0795
-0.184796 1.079
-0.188796 1.0785
-0.192796 1.078
-0.196796 1.0775
-0.200796 1.077
-0.204796 1.0765
-0.208796 1.076
-0.212796 1.0755
-0.216796 1.075
-0.220796 1.0745
-0.224796 1.074
-0.228796 1.0735
-0.232796 1.073
-0.236796 1.0725
-0.240796 1.072
-0.244796 1.0715
-0.248796 1.071
-0.252796 1.0705
-0.256796 1.07
-0.260796 1.0695
-0.264796 1.069
-0.268796 1.0685
-0.272796 1.068
-0.276796 1.0675
-0.280796 1.067
-0.284796 1.0665
-0.288796 1.066
-0.292796 1.0655
-0.296796 1.065
-0.300796 1.0645
-0.304796 1.064
-0.308796 1.0635
-0.312796 1.063
-0.316796 1.0625
-0.320796 1.062
-0.324796 1.0615
-0.328796 1.061
-0.332796 1.0605
-0.336796 1.06
-0.340796 1.0595
-0.344796 1.059
-0.348796 1.0585
-0.352796 1.058
-0.356796 1.0575
-0.360796 1.057
-0.364796 1.0565
-0.368796 1.056
-0.372796 1.0555
-0.376796 1.055
-0.380796 1.0545
-0.384796 1.054
-0.388796 1.0535
-0.392796 1.053
-0.396796 1.0525
-0.400796 1.052
-0.404796 1.0515
-0.408796 1.051
-0.412796 1.0505
-0.416796 1.05
-0.420796 1.0495
-0.424796 1.049
-0.428796 1.0485
-0.432796 1.048
-0.436796 1.0475
-0.440796 1.047
-0.444796 1.0465
-0.448796 1.046
-0.452796 1.0455
-0.456796 1.045
-0.460796 1.0445
-0.464796 1.044
-0.468796 1.0435
-0.472796 1.043
-0.476796 1.0425
-0.480796 1.042
-0.484796 1.0415
-0.488796 1.041
-0.492796 1.0405
-0.496796 1.04
-0.500796 1.0395
-0.504796 1.039
-0.508796 1.0385
-0.512796 1.038
-0.516796 1.0375
-0.520796 1.037
-0.524796 1.0365
-0.528796 1.036
-0.532796 1.0355
-0.536796 1.035
-0.540796 1.0345
-0.544796 1.034
-0.548796 1.0335
-0.552796 1.033
-0.556796 1.0325
-0.560796 1.032
-0.564796 1.0315
-0.568796 1.031
-0.572796 1.0305
-0.576796 1.03
-0.580796 1.0295
-0.584796 1.029
-0.588796 1.0285
-0.592796 1.028
-0.596796 1.0275
-0.600796 1.027
-0.604796 1.0265
-0.608796 1.026
-0.612796 1.0255
-0.616796 1.025
-0.620796 1.0245
-0.624796 1.024
-0.628796 1.0235
-0.632796 1.023
-0.636796 1.0225
-0.640796 1.022
-0.644796 1.0215
-0.648796 1.021
-0.652796 1.0205
-0.656796 1.02
-0.660796 1.0195
-0.664796 1.019
-0.668796 1.0185
-0.672796 1.018
-0.676796 1.0175
-0.680796 1.017
-0.684796 1.0165
-0.688796 1.016
-0.692796 1.0155
-0.696796 1.015
-0.700796 1.0145
-0.704796 1.014
-0.708796 1.0135
-0.709814 1.013
-0.709814 1.0125
-0.709814 1.012
-0.709814 1.0115
-0.709814 1.011
-0.709814 1.0105
-0.709814 1.01
-0.709814 1.0095
-0.709814 1.009
-0.709814 1.0085
-0.709814 1.008
-0.709814 1.0075
-0.709814 1.007
-0.709814 1.0065
-0.709814 1.006
-0.709814 1.0055
-0.709814 1.005
-0.710964 1.0045
-0.709814 1.004
-0.712115 1.0035
-0.710581 1.003
-0.714581 1.0025
-0.710581 1.002
-0.714581 1.0015
-0.710581 1.001
-0.714581 1.0005
-0.718581 1
