Man
0 0
0 0.001
0 0.002
0 0.003
0 0.004
0 0.005
0 0.006
0 0.007
0 0.008
0 0.009
0 0.01
-0.0392699 0.011
-0.0392699 0.012
-0.0392699 0.013
-0.0392699 0.014
-0.0392699 0.015
-0.0392699 0.016
-0.0392699 0.017
-0.0392699 0.018
-0.0392699 0.019
-0.0392699 0.02
-0.0785398 0.021
-0.0785398 0.022
-0.0785398 0.023
-0.0785398 0.024
-0.0785398 0.025
-0.0785398 0.026
-0.0785398 0.027
-0.0785398 0.028
-0.0785398 0.029
-0.11781 0.03
-0.11781 0.031
-0.11781 0.032
-0.11781 0.033
-0.11781 0.034
-0.11781 0.035
-0.11781 0.036
-0.11781 0.037
-0.11781 0.038
-0.0785398 0.039
-0.0785398 0.04
-0.0785398 0.041
-0.0785398 0.042
-0.0785398 0.043
-0.0785398 0.044
-0.0785398 0.045
-0.0785398 0.046
-0.0785398 0.047
-0.11781 0.048
-0.11781 0.049
-0.11781 0.05
-0.11781 0.051
-0.11781 0.052
-0.11781 0.053
-0.11781 0.054
-0.11781 0.055
-0.11781 0.056
-0.15708 0.057
-0.15708 0.058
-0.15708 0.059
-0.15708 0.06
-0.15708 0.061
-0.15708 0.062
-0.15708 0.063
-0.15708 0.064
-0.19635 0.065
-0.19635 0.066
-0.19635 0.067
-0.19635 0.068
-0.19635 0.069
-0.19635 0.07
-0.19635 0.071
-0.19635 0.072
-0.235619 0.073
-0.235619 0.074
-0.235619 0.075
-0.235619 0.076
-0.235619 0.077
-0.235619 0.078
-0.235619 0.079
-0.235619 0.08
-0.274884 0.081
-0.274884 0.082
-0.274884 0.083
-0.274884 0.084
-0.274884 0.085
-0.274884 0.086
-0.274884 0.087
-0.314154 0.088
-0.314154 0.089
-0.314154 0.09
-0.314154 0.091
-0.314154 0.092
-0.314154 0.093
-0.314154 0.094
-0.274884 0.095
-0.274884 0.096
-0.274884 0.097
-0.274884 0.098
-0.274884 0.099
-0.274884 0.1
-0.274884 0.101
-0.235615 0.102
-0.235615 0.103
-0.235615 0.104
-0.235615 0.105
-0.235615 0.106
-0.235615 0.107
-0.235615 0.108
-0.196345 0.109
-0.196345 0.11
-0.196345 0.111
-0.196345 0.112
-0.196345 0.113
-0.196345 0.114
-0.157075 0.115
-0.157075 0.116
-0.157075 0.117
-0.157075 0.118
-0.157075 0.119
-0.157075 0.12
-0.196345 0.121
-0.196345 0.122
-0.196345 0.123
-0.196345 0.124
-0.196345 0.125
-0.196345 0.126
-0.157075 0.127
-0.157075 0.128
-0.157075 0.129
-0.157075 0.13
-0.157075 0.131
-0.157075 0.132
-0.117805 0.133
-0.117805 0.134
-0.117805 0.135
-0.117805 0.136
-0.117805 0.137
-0.0785349 0.138
-0.0785349 0.139
-0.0785349 0.14
-0.0785349 0.141
-0.0785349 0.142
-0.116965 0.143
-0.116965 0.144
-0.116965 0.145
-0.116965 0.146
-0.116965 0.147
-0.0826629 0.148
-0.0826629 0.149
-0.0826629 0.15
-0.0826629 0.151
-0.0826629 0.152
-0.0826629 0.153
-0.0826629 0.154
-0.0826629 0.155
-0.0826629 0.156
-0.0826629 0.157
-0.0826629 0.158
-0.0826629 0.159
-0.0826629 0.16
-0.0826629 0.161
-0.0826629 0.162
-0.0826629 0.163
-0.0826629 0.164
-0.0826629 0.165
-0.0826629 0.166
-0.0826629 0.167
-0.0826629 0.168
-0.0826629 0.169
-0.0826629 0.17
-0.0826629 0.171
-0.0826629 0.172
-0.0826629 0.173
-0.0826629 0.174
-0.0826629 0.175
-0.0826629 0.176
-0.0826629 0.177
-0.0826629 0.178
-0.0826629 0.179
-0.0826629 0.18
-0.0826629 0.181
-0.0826629 0.182
-0.0826629 0.183
-0.0826629 0.184
-0.0826629 0.185
-0.0826629 0.186
-0.0826629 0.187
-0.0826629 0.188
-0.0826629 0.189
-0.0826629 0.19
-0.0826629 0.191
-0.0826629 0.192
-0.0826629 0.193
-0.0826629 0.194
-0.0826629 0.195
-0.0826629 0.196
-0.0826629 0.197
-0.0826629 0.198
-0.0826629 0.199
-0.0826629 0.2
-0.0826629 0.201
-0.0826629 0.202
-0.0826629 0.203
-0.0826629 0.204
-0.0826629 0.205
-0.0826629 0.206
-0.0826629 0.207
-0.0826629 0.208
-0.0826629 0.209
-0.0826629 0.21
-0.0826629 0.211
-0.0826629 0.212
-0.0826629 0.213
-0.0826629 0.214
-0.0826629 0.215
-0.0826629 0.216
-0.0826629 0.217
-0.0826629 0.218
-0.0826629 0.219
-0.0826629 0.22
-0.0826629 0.221
-0.0826629 0.222
-0.0826629 0.223
-0.0826629 0.224
-0.0826629 0.225
-0.0826629 0.226
-0.0826629 0.227
-0.0826629 0.228
-0.0826629 0.229
-0.0826629 0.23
-0.0826629 0.231
-0.0826629 0.232
-0.0826629 0.233
-0.0826629 0.234
-0.0826629 0.235
-0.0826629 0.236
-0.0826629 0.237
-0.0826629 0.238
-0.0826629 0.239
-0.0826629 0.24
-0.0826629 0.241
-0.0826629 0.242
-0.0826629 0.243
-0.0826629 0.244
-0.0826629 0.245
-0.0826629 0.246
-0.0826629 0.247
-0.0826629 0.248
-0.0826629 0.249
-0.0826629 0.25
-0.0826629 0.251
-0.0826629 0.252
-0.0826629 0.253
-0.0826629 0.254
-0.0826629 0.255
-0.0826629 0.256
-0.0826629 0.257
-0.0826629 0.258
-0.0826629 0.259
-0.0826629 0.26
-0.0826629 0.261
-0.0826629 0.262
-0.0826629 0.263
-0.0826629 0.264
-0.0826629 0.265
-0.0826629 0.266
-0.0826629 0.267
-0.0826629 0.268
-0.0826629 0.269
-0.0826629 0.27
-0.0826629 0.271
-0.0826629 0.272
-0.0826629 0.273
-0.0826629 0.274
-0.0826629 0.275
-0.0826629 0.276
-0.0826629 0.277
-0.0826629 0.278
-0.0826629 0.279
-0.0826629 0.28
-0.0826629 0.281
-0.0826629 0.282
-0.0826629 0.283
-0.0826629 0.284
-0.0826629 0.285
-0.0826629 0.286
-0.0826629 0.287
-0.0826629 0.288
-0.0826629 0.289
-0.0826629 0.29
-0.0826629 0.291
-0.0826629 0.292
-0.0826629 0.293
-0.0826629 0.294
-0.0826629 0.295
-0.0826629 0.296
-0.0826629 0.297
-0.0826629 0.298
-0.0826629 0.299
-0.0826629 0.3
-0.0826629 0.301
-0.0826629 0.302
-0.0826629 0.303
-0.0826629 0.304
-0.0826629 0.305
-0.0826629 0.306
-0.0826629 0.307
-0.0826629 0.308
-0.0826629 0.309
-0.0826629 0.31
-0.0826629 0.311
-0.0826629 0.312
-0.0826629 0.313
-0.0826629 0.314
-0.0826629 0.315
-0.0826629 0.316
-0.0826629 0.317
-0.0826629 0.318
-0.0826629 0.319
-0.0826629 0.32
-0.0826629 0.321
-0.0826629 0.322
-0.0826629 0.323
-0.0826629 0.324
-0.0826629 0.325
-0.0826629 0.326
-0.0826629 0.327
-0.0826629 0.328
-0.0826629 0.329
-0.0826629 0.33
-0.0826629 0.331
-0.0826629 0.332
-0.0826629 0.333
-0.0826629 0.334
-0.0826629 0.335
-0.0826629 0.336
-0.0826629 0.337
-0.0826629 0.338
-0.0826629 0.339
-0.0826629 0.34
-0.0826629 0.341
-0.0826629 0.342
-0.0826629 0.343
-0.0826629 0.344
-0.0826629 0.345
-0.0826629 0.346
-0.0826629 0.347
-0.0826629 0.348
-0.0826629 0.349
-0.0826629 0.35
-0.0826629 0.351
-0.0826629 0.352
-0.0826629 0.353
-0.0826629 0.354
-0.0826629 0.355
-0.0826629 0.356
-0.0826629 0.357
-0.0826629 0.358
-0.0826629 0.359
-0.0826629 0.36
-0.0826629 0.361
-0.0826629 0.362
-0.0826629 0.363
-0.0826629 0.364
-0.0826629 0.365
-0.0826629 0.366
-0.0826629 0.367
-0.0826629 0.368
-0.0826629 0.369
-0.0826629 0.37
-0.0826629 0.371
-0.0826629 0.372
-0.0826629 0.373
-0.0826629 0.374
-0.0826629 0.375
-0.0826629 0.376
-0.0826629 0.377
-0.0826629 0.378
-0.0826629 0.379
-0.0826629 0.38
-0.0826629 0.381
-0.0826629 0.382
-0.0826629 0.383
-0.0826629 0.384
-0.0826629 0.385
-0.0826629 0.386
-0.0826629 0.387
-0.0826629 0.388
-0.0826629 0.389
-0.0826629 0.39
-0.0826629 0.391
-0.0826629 0.392
-0.0826629 0.393
-0.0826629 0.394
-0.0826629 0.395
-0.0826629 0.396
-0.0826629 0.397
-0.0826629 0.398
-0.0826629 0.399
-0.0826629 0.4
-0.0826629 0.401
-0.0826629 0.402
-0.0826629 0.403
-0.0826629 0.404
-0.0826629 0.405
-0.0826629 0.406
-0.0826629 0.407
-0.0826629 0.408
-0.0826629 0.409
-0.0826629 0.41
-0.0826629 0.411
-0.0826629 0.412
-0.0826629 0.413
-0.0826629 0.414
-0.0826629 0.415
-0.0826629 0.416
-0.0826629 0.417
-0.0826629 0.418
-0.0826629 0.419
-0.0826629 0.42
-0.0826629 0.421
-0.0826629 0.422
-0.0826629 0.423
-0.0826629 0.424
-0.0826629 0.425
-0.0826629 0.426
-0.0826629 0.427
-0.0826629 0.428
-0.0826629 0.429
-0.0826629 0.43
-0.0826629 0.431
-0.0826629 0.432
-0.0826629 0.433
-0.0826629 0.434
-0.0826629 0.435
-0.0826629 0.436
-0.0826629 0.437
-0.0826629 0.438
-0.0826629 0.439
-0.0826629 0.44
-0.0826629 0.441
-0.0826629 0.442
-0.0826629 0.443
-0.0826629 0.444
-0.0826629 0.445
-0.0826629 0.446
-0.0826629 0.447
-0.0826629 0.448
-0.0826629 0.449
-0.0826629 0.45
-0.0826629 0.451
-0.0826629 0.452
-0.0826629 0.453
-0.0826629 0.454
-0.0826629 0.455
-0.0826629 0.456
-0.0826629 0.457
-0.0826629 0.458
-0.0826629 0.459
-0.0826629 0.46
-0.0826629 0.461
-0.0826629 0.462
-0.0826629 0.463
-0.0826629 0.464
-0.0826629 0.465
-0.0826629 0.466
-0.0826629 0.467
-0.0826629 0.468
-0.0826629 0.469
-0.0826629 0.47
-0.0826629 0.471
-0.0826629 0.472
-0.0826629 0.473
-0.0826629 0.474
-0.0826629 0.475
-0.0826629 0.476
-0.0826629 0.477
-0.0826629 0.478
-0.0826629 0.479
-0.0826629 0.48
-0.0826629 0.481
-0.0826629 0.482
-0.0826629 0.483
-0.0826629 0.484
-0.0826629 0.485
-0.0826629 0.486
-0.0826629 0.487
-0.0826629 0.488
-0.0826629 0.489
-0.0826629 0.49
-0.0826629 0.491
-0.0826629 0.492
-0.0826629 0.493
-0.0826629 0.494
-0.0826629 0.495
-0.0826629 0.496
-0.0826629 0.497
-0.0826629 0.498
-0.0826629 0.499
-0.0826629 0.5
-0.0826629 0.501
-0.0826629 0.502
-0.0826629 0.503
-0.0826629 0.504
-0.0826629 0.505
-0.0826629 0.506
-0.0826629 0.507
-0.0826629 0.508
-0.0826629 0.509
-0.0826629 0.51
-0.0826629 0.511
-0.0826629 0.512
-0.0826629 0.513
-0.0826629 0.514
-0.0826629 0.515
-0.0826629 0.516
-0.0826629 0.517
-0.0826629 0.518
-0.0826629 0.519
-0.0826629 0.52
-0.0826629 0.521
-0.0826629 0.522
-0.0826629 0.523
-0.0826629 0.524
-0.0826629 0.525
-0.0826629 0.526
-0.0826629 0.527
-0.0826629 0.528
-0.0826629 0.529
-0.0826629 0.53
-0.0826629 0.531
-0.0826629 0.532
-0.0826629 0.533
-0.0826629 0.534
-0.0826629 0.535
-0.0826629 0.536
-0.0826629 0.537
-0.0826629 0.538
-0.0826629 0.539
-0.0826629 0.54
-0.0826629 0.541
-0.0826629 0.542
-0.0826629 0.543
-0.0826629 0.544
-0.0826629 0.545
-0.0826629 0.546
-0.0826629 0.547
-0.0826629 0.548
-0.0826629 0.549
-0.0826629 0.55
-0.0826629 0.551
-0.0826629 0.552
-0.0826629 0.553
-0.0826629 0.554
-0.0826629 0.555
-0.0826629 0.556
-0.0826629 0.557
-0.0826629 0.558
-0.0826629 0.559
-0.0826629 0.56
-0.0826629 0.561
-0.0826629 0.562
-0.0826629 0.563
-0.0826629 0.564
-0.0826629 0.565
-0.0826629 0.566
-0.0826629 0.567
-0.0826629 0.568
-0.0826629 0.569
-0.0826629 0.57
-0.0826629 0.571
-0.0826629 0.572
-0.0826629 0.573
-0.0826629 0.574
-0.0826629 0.575
-0.0826629 0.576
-0.0826629 0.577
-0.0826629 0.578
-0.0826629 0.579
-0.0826629 0.58
-0.0826629 0.581
-0.0826629 0.582
-0.0826629 0.583
-0.0826629 0.584
-0.0826629 0.585
-0.0826629 0.586
-0.0826629 0.587
-0.0826629 0.588
-0.0826629 0.589
-0.0826629 0.59
-0.0826629 0.591
-0.0826629 0.592
-0.0826629 0.593
-0.0826629 0.594
-0.0826629 0.595
-0.0826629 0.596
-0.0826629 0.597
-0.0826629 0.598
-0.0826629 0.599
-0.0826629 0.6
-0.0826629 0.601
-0.0826629 0.602
-0.0826629 0.603
-0.0826629 0.604
-0.0826629 0.605
-0.0826629 0.606
-0.0826629 0.607
-0.0826629 0.608
-0.0826629 0.609
-0.0826629 0.61
-0.0826629 0.611
-0.0826629 0.612
-0.0826629 0.613
-0.0826629 0.614
-0.0826629 0.615
-0.0826629 0.616
-0.0826629 0.617
-0.0826629 0.618
-0.0826629 0.619
-0.0826629 0.62
-0.0826629 0.621
-0.0826629 0.622
-0.0826629 0.623
-0.0826629 0.624
-0.0826629 0.625
-0.0826629 0.626
-0.0826629 0.627
-0.0826629 0.628
-0.0826629 0.629
-0.0826629 0.63
-0.0826629 0.631
-0.0826629 0.632
-0.0826629 0.633
-0.0826629 0.634
-0.0826629 0.635
-0.0826629 0.636
-0.0826629 0.637
-0.0826629 0.638
-0.0826629 0.639
-0.0826629 0.64
-0.0826629 0.641
-0.0826629 0.642
-0.0826629 0.643
-0.0826629 0.644
-0.0826629 0.645
-0.0826629 0.646
-0.0826629 0.647
-0.0826629 0.648
-0.0826629 0.649
-0.0826629 0.65
-0.0826629 0.651
-0.0826629 0.652
-0.0826629 0.653
-0.0826629 0.654
-0.0826629 0.655
-0.0826629 0.656
-0.0826629 0.657
-0.0826629 0.658
-0.0826629 0.659
-0.0826629 0.66
-0.0826629 0.661
-0.0826629 0.662
-0.0826629 0.663
-0.0826629 0.664
-0.0826629 0.665
-0.0826629 0.666
-0.0826629 0.667
-0.0826629 0.668
-0.0826629 0.669
-0.0826629 0.67
-0.0826629 0.671
-0.0826629 0.672
-0.0826629 0.673
-0.0826629 0.674
-0.0826629 0.675
-0.0826629 0.676
-0.0826629 0.677
-0.0826629 0.678
-0.0826629 0.679
-0.0826629 0.68
-0.0826629 0.681
-0.0826629 0.682
-0.0826629 0.683
-0.0826629 0.684
-0.0826629 0.685
-0.0826629 0.686
-0.0826629 0.687
-0.0826629 0.688
-0.0826629 0.689
-0.0826629 0.69
-0.0826629 0.691
-0.0826629 0.692
-0.0826629 0.693
-0.0826629 0.694
-0.0826629 0.695
-0.0826629 0.696
-0.0826629 0.697
-0.0826629 0.698
-0.0826629 0.699
-0.0826629 0.7
-0.0826629 0.701
-0.0826629 0.702
-0.0826629 0.703
-0.0826629 0.704
-0.0826629 0.705
-0.0826629 0.706
-0.0826629 0.707
-0.0826629 0.708
-0.0826629 0.709
-0.0826629 0.71
-0.0826629 0.711
-0.0826629 0.712
-0.0826629 0.713
-0.0826629 0.714
-0.0826629 0.715
-0.0826629 0.716
-0.0826629 0.717
-0.0826629 0.718
-0.0826629 0.719
-0.0826629 0.72
-0.0826629 0.721
-0.0826629 0.722
-0.0826629 0.723
-0.0826629 0.724
-0.0826629 0.725
-0.0826629 0.726
-0.0826629 0.727
-0.0826629 0.728
-0.0826629 0.729
-0.0826629 0.73
-0.0826629 0.731
-0.0826629 0.732
-0.0826629 0.733
-0.0826629 0.734
-0.0826629 0.735
-0.0826629 0.736
-0.0826629 0.737
-0.0826629 0.738
-0.0826629 0.739
-0.0826629 0.74
-0.0826629 0.741
-0.0826629 0.742
-0.0826629 0.743
-0.0826629 0.744
-0.0826629 0.745
-0.0826629 0.746
-0.0826629 0.747
-0.0826629 0.748
-0.0826629 0.749
-0.0826629 0.75
-0.0826629 0.751
-0.0826629 0.752
-0.0826629 0.753
-0.0826629 0.754
-0.0826629 0.755
-0.0826629 0.756
-0.0826629 0.757
-0.0826629 0.758
-0.0826629 0.759
-0.0826629 0.76
-0.0826629 0.761
-0.0826629 0.762
-0.0826629 0.763
-0.0826629 0.764
-0.0826629 0.765
-0.0826629 0.766
-0.0826629 0.767
-0.0826629 0.768
-0.0826629 0.769
-0.0826629 0.77
-0.0826629 0.771
-0.0826629 0.772
-0.0826629 0.773
-0.0826629 0.774
-0.0826629 0.775
-0.0826629 0.776
-0.0826629 0.777
-0.0826629 0.778
-0.0826629 0.779
-0.0826629 0.78
-0.0826629 0.781
-0.0826629 0.782
-0.0826629 0.783
-0.0826629 0.784
-0.0826629 0.785
-0.0826629 0.786
-0.0826629 0.787
-0.0826629 0.788
-0.0826629 0.789
-0.0826629 0.79
-0.0826629 0.791
-0.0826629 0.792
-0.0826629 0.793
-0.0826629 0.794
-0.0826629 0.795
-0.0826629 0.796
-0.0826629 0.797
-0.0826629 0.798
-0.0826629 0.799
-0.0826629 0.8
-0.0826629 0.801
-0.0826629 0.802
-0.0826629 0.803
-0.0826629 0.804
-0.0826629 0.805
-0.0826629 0.806
-0.0826629 0.807
-0.0826629 0.808
-0.0826629 0.809
-0.0826629 0.81
-0.0826629 0.811
-0.0826629 0.812
-0.0826629 0.813
-0.0826629 0.814
-0.0826629 0.815
-0.0826629 0.816
-0.0826629 0.817
-0.0826629 0.818
-0.0826629 0.819
-0.0826629 0.82
-0.0826629 0.821
-0.0826629 0.822
-0.0826629 0.823
-0.0826629 0.824
-0.0826629 0.825
-0.0826629 0.826
-0.0826629 0.827
-0.0826629 0.828
-0.0826629 0.829
-0.0826629 0.83
-0.0826629 0.831
-0.0826629 0.832
-0.0826629 0.833
-0.0826629 0.834
-0.0826629 0.835
-0.0826629 0.836
-0.0826629 0.837
-0.0826629 0.838
-0.0826629 0.839
-0.0826629 0.84
-0.0826629 0.841
-0.0826629 0.842
-0.0826629 0.843
-0.0826629 0.844
-0.0826629 0.845
-0.0826629 0.846
-0.0826629 0.847
-0.0826629 0.848
-0.0826629 0.849
-0.0826629 0.85
-0.0826629 0.851
-0.0826629 0.852
-0.0826629 0.853
-0.0826629 0.854
-0.0826629 0.855
-0.0826629 0.856
-0.0826629 0.857
-0.0826629 0.858
-0.0826629 0.859
-0.0826629 0.86
-0.0826629 0.861
-0.0826629 0.862
-0.0826629 0.863
-0.0826629 0.864
-0.0826629 0.865
-0.0826629 0.866
-0.0826629 0.867
-0.0826629 0.868
-0.0826629 0.869
-0.0826629 0.87
-0.0826629 0.871
-0.0826629 0.872
-0.0826629 0.873
-0.0826629 0.874
-0.0826629 0.875
-0.0826629 0.876
-0.0826629 0.877
-0.0826629 0.878
-0.0826629 0.879
-0.0826629 0.88
-0.0826629 0.881
-0.0826629 0.882
-0.0826629 0.883
-0.0826629 0.884
-0.0826629 0.885
-0.0826629 0.886
-0.0826629 0.887
-0.0826629 0.888
-0.0826629 0.889
-0.0826629 0.89
-0.0826629 0.891
-0.0826629 0.892
-0.0826629 0.893
-0.0826629 0.894
-0.0826629 0.895
-0.0826629 0.896
-0.0826629 0.897
-0.0826629 0.898
-0.0826629 0.899
-0.0826629 0.9
-0.0826629 0.901
-0.0826629 0.902
-0.0826629 0.903
-0.0826629 0.904
-0.0826629 0.905
-0.0826629 0.906
-0.0826629 0.907
-0.0826629 0.908
-0.0826629 0.909
-0.0826629 0.91
-0.0826629 0.911
-0.0826629 0.912
-0.0826629 0.913
-0.0826629 0.914
-0.0826629 0.915
-0.0826629 0.916
-0.0826629 0.917
-0.0826629 0.918
-0.0826629 0.919
-0.0826629 0.92
-0.0826629 0.921
-0.0826629 0.922
-0.0826629 0.923
-0.0826629 0.924
-0.0826629 0.925
-0.0826629 0.926
-0.0826629 0.927
-0.0826629 0.928
-0.0826629 0.929
-0.0826629 0.93
-0.0826629 0.931
-0.0826629 0.932
-0.0826629 0.933
-0.0826629 0.934
-0.0826629 0.935
-0.0826629 0.936
-0.0826629 0.937
-0.0826629 0.938
-0.0826629 0.939
-0.0826629 0.94
-0.0826629 0.941
-0.0826629 0.942
-0.0826629 0.943
-0.0826629 0.944
-0.0826629 0.945
-0.0826629 0.946
-0.0826629 0.947
-0.0826629 0.948
-0.0826629 0.949
-0.0826629 0.95
-0.0826629 0.951
-0.0826629 0.952
-0.0826629 0.953
-0.0826629 0.954
-0.0826629 0.955
-0.0826629 0.956
-0.0826629 0.957
-0.0826629 0.958
-0.0826629 0.959
-0.0826629 0.96
-0.0826629 0.961
-0.0826629 0.962
-0.0826629 0.963
-0.0826629 0.964
-0.0826629 0.965
-0.0826629 0.966
-0.0826629 0.967
-0.0826629 0.968
-0.0826629 0.969
-0.0826629 0.97
-0.0826629 0.971
-0.0826629 0.972
-0.0826629 0.973
-0.0826629 0.974
-0.0826629 0.975
-0.0826629 0.976
-0.0826629 0.977
-0.0826629 0.978
-0.0826629 0.979
-0.0826629 0.98
-0.0826629 0.981
-0.0826629 0.982
-0.0826629 0.983
-0.0826629 0.984
-0.0826629 0.985
-0.0826629 0.986
-0.0826629 0.987
-0.0826629 0.988
-0.0826629 0.989
-0.0826629 0.99
-0.0826629 0.991
-0.0826629 0.992
-0.0826629 0.993
-0.0826629 0.994
-0.0826629 0.995
-0.0826629 0.996
-0.0826629 0.997
-0.0826629 0.998
-0.0826629 0.999
-0.0816628 1


Shark
3.14159 1.5
3.13759 1.4995
3.13359 1.499
3.12959 1.4985
3.12559 1.498
3.12159 1.4975
3.11759 1.497
3.11359 1.4965
3.10959 1.496
3.10559 1.4955
3.10159 1.495
3.09727 1.4945
3.09327 1.494
3.08927 1.4935
3.08527 1.493
3.08127 1.4925
3.07727 1.492
3.07327 1.4915
3.06927 1.491
3.06527 1.4905
3.06127 1.49
3.05613 1.4895
3.05213 1.489
3.04813 1.4885
3.04413 1.488
3.04013 1.4875
3.03613 1.487
3.03213 1.4865
3.02813 1.486
3.02413 1.4855
3.03025 1.485
3.03425 1.4845
3.03825 1.484
3.04225 1.4835
3.04625 1.483
3.05025 1.4825
3.05425 1.482
3.05825 1.4815
3.06225 1.481
3.055 1.4805
3.051 1.48
3.047 1.4795
3.043 1.479
3.039 1.4785
3.035 1.478
3.031 1.4775
3.027 1.477
3.023 1.4765
3.01454 1.476
3.01054 1.4755
3.00654 1.475
3.00254 1.4745
2.99854 1.474
2.99454 1.4735
2.99054 1.473
2.98654 1.4725
2.98254 1.472
2.9728 1.4715
2.9688 1.471
2.9648 1.4705
2.9608 1.47
2.9568 1.4695
2.9528 1.469
2.9488 1.4685
2.9448 1.468
2.93391 1.4675
2.92991 1.467
2.92591 1.4665
2.92191 1.466
2.91791 1.4655
2.91391 1.465
2.90991 1.4645
2.90591 1.464
2.89384 1.4635
2.88984 1.463
2.88584 1.4625
2.88184 1.462
2.87784 1.4615
2.87384 1.461
2.86984 1.4605
2.86584 1.46
2.85258 1.4595
2.84858 1.459
2.84458 1.4585
2.84058 1.458
2.83658 1.4575
2.83258 1.457
2.82858 1.4565
2.8429 1.456
2.8469 1.4555
2.8509 1.455
2.8549 1.4545
2.8589 1.454
2.8629 1.4535
2.8669 1.453
2.88227 1.4525
2.88627 1.452
2.89027 1.4515
2.89427 1.451
2.89827 1.4505
2.90227 1.45
2.90627 1.4495
2.92271 1.449
2.92671 1.4485
2.93071 1.448
2.93471 1.4475
2.93871 1.447
2.94271 1.4465
2.94671 1.446
2.96421 1.4455
2.96821 1.445
2.97221 1.4445
2.97621 1.444
2.98021 1.4435
2.98421 1.443
2.96579 1.4425
2.96179 1.442
2.95779 1.4415
2.95379 1.441
2.94979 1.4405
2.94579 1.44
2.96513 1.4395
2.96913 1.439
2.97313 1.4385
2.97713 1.438
2.98113 1.4375
2.98513 1.437
3.0054 1.4365
3.0094 1.436
3.0134 1.4355
3.0174 1.435
3.0214 1.4345
3.0254 1.434
3.04659 1.4335
3.05059 1.433
3.05459 1.4325
3.05859 1.432
3.06259 1.4315
3.04063 1.431
3.03663 1.4305
3.03263 1.43
3.02863 1.4295
3.02463 1.429
3.04689 1.4285
3.05089 1.428
3.05489 1.4275
3.05889 1.427
3.06289 1.4265
3.08352 1.426
3.08752 1.4255
3.09152 1.425
3.09552 1.4245
3.09952 1.424
3.10352 1.4235
3.10752 1.423
3.11152 1.4225
3.11552 1.422
3.11952 1.4215
3.12352 1.421
3.12752 1.4205
3.13152 1.42
3.13552 1.4195
3.13952 1.419
3.14352 1.4185
3.14752 1.418
3.15152 1.4175
3.15552 1.417
3.15952 1.4165
3.16352 1.416
3.16752 1.4155
3.17152 1.415
3.17552 1.4145
3.17952 1.414
3.18352 1.4135
3.18752 1.413
3.19152 1.4125
3.19552 1.412
3.19952 1.4115
3.20352 1.411
3.20752 1.4105
3.21152 1.41
3.21552 1.4095
3.21952 1.409
3.22352 1.4085
3.22752 1.408
3.23152 1.4075
3.23552 1.407
3.23952 1.4065
3.24352 1.406
3.24752 1.4055
3.25152 1.405
3.25552 1.4045
3.25952 1.404
3.26352 1.4035
3.26752 1.403
3.27152 1.4025
3.27552 1.402
3.27952 1.4015
3.28352 1.401
3.28752 1.4005
3.29152 1.4
3.29552 1.3995
3.29952 1.399
3.30352 1.3985
3.30752 1.398
3.31152 1.3975
3.31552 1.397
3.31952 1.3965
3.32352 1.396
3.32752 1.3955
3.33152 1.395
3.33552 1.3945
3.33952 1.394
3.34352 1.3935
3.34752 1.393
3.35152 1.3925
3.35552 1.392
3.35952 1.3915
3.36352 1.391
3.36752 1.3905
3.37152 1.39
3.37552 1.3895
3.37952 1.389
3.38352 1.3885
3.38752 1.388
3.39152 1.3875
3.39552 1.387
3.39952 1.3865
3.40352 1.386
3.40752 1.3855
3.41152 1.385
3.41552 1.3845
3.41952 1.384
3.42352 1.3835
3.42752 1.383
3.43152 1.3825
3.43552 1.382
3.43952 1.3815
3.44352 1.381
3.44752 1.3805
3.45152 1.38
3.45552 1.3795
3.45952 1.379
3.46352 1.3785
3.46752 1.378
3.47152 1.3775
3.47552 1.377
3.47952 1.3765
3.48352 1.376
3.48752 1.3755
3.49152 1.375
3.49552 1.3745
3.49952 1.374
3.50352 1.3735
3.50752 1.373
3.51152 1.3725
3.51552 1.372
3.51952 1.3715
3.52352 1.371
3.52752 1.3705
3.53152 1.37
3.53552 1.3695
3.53952 1.369
3.54352 1.3685
3.54752 1.368
3.55152 1.3675
3.55552 1.367
3.55952 1.3665
3.56352 1.366
3.56752 1.3655
3.57152 1.365
3.57552 1.3645
3.57952 1.364
3.58352 1.3635
3.58752 1.363
3.59152 1.3625
3.59552 1.362
3.59952 1.3615
3.60352 1.361
3.60752 1.3605
3.61152 1.36
3.61552 1.3595
3.61952 1.359
3.62352 1.3585
3.62752 1.358
3.63152 1.3575
3.63552 1.357
3.63952 1.3565
3.64352 1.356
3.64752 1.3555
3.65152 1.355
3.65552 1.3545
3.65952 1.354
3.66352 1.3535
3.66752 1.353
3.67152 1.3525
3.67552 1.352
3.67952 1.3515
3.68352 1.351
3.68752 1.3505
3.69152 1.35
3.69552 1.3495
3.69952 1.349
3.70352 1.3485
3.70752 1.348
3.71152 1.3475
3.71552 1.347
3.71952 1.3465
3.72352 1.346
3.72752 1.3455
3.73152 1.345
3.73552 1.3445
3.73952 1.344
3.74352 1.3435
3.74752 1.343
3.75152 1.3425
3.75552 1.342
3.75952 1.3415
3.76352 1.341
3.76752 1.3405
3.77152 1.34
3.77552 1.3395
3.77952 1.339
3.78352 1.3385
3.78752 1.338
3.79152 1.3375
3.79552 1.337
3.79952 1.3365
3.80352 1.336
3.80752 1.3355
3.81152 1.335
3.81552 1.3345
3.81952 1.334
3.82352 1.3335
3.82752 1.333
3.83152 1.3325
3.83552 1.332
3.83952 1.3315
3.84352 1.331
3.84752 1.3305
3.85152 1.33
3.85552 1.3295
3.85952 1.329
3.86352 1.3285
3.86752 1.328
3.87152 1.3275
3.87552 1.327
3.87952 1.3265
3.88352 1.326
3.88752 1.3255
3.89152 1.325
3.89552 1.3245
3.89952 1.324
3.90352 1.3235
3.90752 1.323
3.91152 1.3225
3.91552 1.322
3.91952 1.3215
3.92352 1.321
3.92752 1.3205
3.93152 1.32
3.93552 1.3195
3.93952 1.319
3.94352 1.3185
3.94752 1.318
3.95152 1.3175
3.95552 1.317
3.95952 1.3165
3.96352 1.316
3.96752 1.3155
3.97152 1.315
3.97552 1.3145
3.97952 1.314
3.98352 1.3135
3.98752 1.313
3.99152 1.3125
3.99552 1.312
3.99952 1.3115
4.00352 1.311
4.00752 1.3105
4.01152 1.31
4.01552 1.3095
4.01952 1.309
4.02352 1.3085
4.02752 1.308
4.03152 1.3075
4.03552 1.307
4.03952 1.3065
4.04352 1.306
4.04752 1.3055
4.05152 1.305
4.05552 1.3045
4.05952 1.304
4.06352 1.3035
4.06752 1.303
4.07152 1.3025
4.07552 1.302
4.07952 1.3015
4.08352 1.301
4.08752 1.3005
4.09152 1.3
4.09552 1.2995
4.09952 1.299
4.10352 1.2985
4.10752 1.298
4.11152 1.2975
4.11552 1.297
4.11952 1.2965
4.12352 1.296
4.12752 1.2955
4.13152 1.295
4.13552 1.2945
4.13952 1.294
4.14352 1.2935
4.14752 1.293
4.15152 1.2925
4.15552 1.292
4.15952 1.2915
4.16352 1.291
4.16752 1.2905
4.17152 1.29
4.17552 1.2895
4.17952 1.289
4.18352 1.2885
4.18752 1.288
4.19152 1.2875
4.19552 1.287
4.19952 1.2865
4.20352 1.286
4.20752 1.2855
4.21152 1.285
4.21552 1.2845
4.21952 1.284
4.22352 1.2835
4.22752 1.283
4.23152 1.2825
4.23552 1.282
4.23952 1.2815
4.24352 1.281
4.24752 1.2805
4.25152 1.28
4.25552 1.2795
4.25952 1.279
4.26352 1.2785
4.26752 1.278
4.27152 1.2775
4.27552 1.277
4.27952 1.2765
4.28352 1.276
4.28752 1.2755
4.29152 1.275
4.29552 1.2745
4.29952 1.274
4.30352 1.2735
4.30752 1.273
4.31152 1.2725
4.31552 1.272
4.31952 1.2715
4.32352 1.271
4.32752 1.2705
4.33152 1.27
4.33552 1.2695
4.33952 1.269
4.34352 1.2685
4.34752 1.268
4.35152 1.2675
4.35552 1.267
4.35952 1.2665
4.36352 1.266
4.36752 1.2655
4.37152 1.265
4.37552 1.2645
4.37952 1.264
4.38352 1.2635
4.38752 1.263
4.39152 1.2625
4.39552 1.262
4.39952 1.2615
4.40352 1.261
4.40752 1.2605
4.41152 1.26
4.41552 1.2595
4.41952 1.259
4.42352 1.2585
4.42752 1.258
4.43152 1.2575
4.43552 1.257
4.43952 1.2565
4.44352 1.256
4.44752 1.2555
4.45152 1.255
4.45552 1.2545
4.45952 1.254
4.46352 1.2535
4.46752 1.253
4.47152 1.2525
4.47552 1.252
4.47952 1.2515
4.48352 1.251
4.48752 1.2505
4.49152 1.25
4.49552 1.2495
4.49952 1.249
4.50352 1.2485
4.50752 1.248
4.51152 1.2475
4.51552 1.247
4.51952 1.2465
4.52352 1.246
4.52752 1.2455
4.53152 1.245
4.53552 1.2445
4.53952 1.244
4.54352 1.2435
4.54752 1.243
4.55152 1.2425
4.55552 1.242
4.55952 1.2415
4.56352 1.241
4.56752 1.2405
4.57152 1.24
4.57552 1.2395
4.57952 1.239
4.58352 1.2385
4.58752 1.238
4.59152 1.2375
4.59552 1.237
4.59952 1.2365
4.60352 1.236
4.60752 1.2355
4.61152 1.235
4.61552 1.2345
4.61952 1.234
4.62352 1.2335
4.62752 1.233
4.63152 1.2325
4.63552 1.232
4.63952 1.2315
4.64352 1.231
4.64752 1.2305
4.65152 1.23
4.65552 1.2295
4.65952 1.229
4.66352 1.2285
4.66752 1.228
4.67152 1.2275
4.67552 1.227
4.67952 1.2265
4.68352 1.226
4.68752 1.2255
4.69152 1.225
4.69552 1.2245
4.69952 1.224
4.70352 1.2235
4.70752 1.223
4.71152 1.2225
4.71552 1.222
4.71952 1.2215
4.72352 1.221
4.72752 1.2205
4.73152 1.22
4.73552 1.2195
4.73952 1.219
4.74352 1.2185
4.74752 1.218
4.75152 1.2175
4.75552 1.217
4.75952 1.2165
4.76352 1.216
4.76752 1.2155
4.77152 1.215
4.77552 1.2145
4.77952 1.214
4.78352 1.2135
4.78752 1.213
4.79152 1.2125
4.79552 1.212
4.79952 1.2115
4.80352 1.211
4.80752 1.2105
4.81152 1.21
4.81552 1.2095
4.81952 1.209
4.82352 1.2085
4.82752 1.208
4.83152 1.2075
4.83552 1.207
4.83952 1.2065
4.84352 1.206
4.84752 1.2055
4.85152 1.205
4.85552 1.2045
4.85952 1.204
4.86352 1.2035
4.86752 1.203
4.87152 1.2025
4.87552 1.202
4.87952 1.2015
4.88352 1.201
4.88752 1.2005
4.89152 1.2
4.89552 1.1995
4.89952 1.199
4.90352 1.1985
4.90752 1.198
4.91152 1.1975
4.91552 1.197
4.91952 1.1965
4.92352 1.196
4.92752 1.1955
4.93152 1.195
4.93552 1.1945
4.93952 1.194
4.94352 1.1935
4.94752 1.193
4.95152 1.1925
4.95552 1.192
4.95952 1.1915
4.96352 1.191
4.96752 1.1905
4.97152 1.19
4.97552 1.1895
4.97952 1.189
4.98352 1.1885
4.98752 1.188
4.99152 1.1875
4.99552 1.187
4.99952 1.1865
5.00352 1.186
5.00752 1.1855
5.01152 1.185
5.01552 1.1845
5.01952 1.184
5.02352 1.1835
5.02752 1.183
5.03152 1.1825
5.03552 1.182
5.03952 1.1815
5.04352 1.181
5.04752 1.1805
5.05152 1.18
5.05552 1.1795
5.05952 1.179
5.06352 1.1785
5.06752 1.178
5.07152 1.1775
5.07552 1.177
5.07952 1.1765
5.08352 1.176
5.08752 1.1755
5.09152 1.175
5.09552 1.1745
5.09952 1.174
5.10352 1.1735
5.10752 1.173
5.11152 1.1725
5.11552 1.172
5.11952 1.1715
5.12352 1.171
5.12752 1.1705
5.13152 1.17
5.13552 1.1695
5.13952 1.169
5.14352 1.1685
5.14752 1.168
5.15152 1.1675
5.15552 1.167
5.15952 1.1665
5.16352 1.166
5.16752 1.1655
5.17152 1.165
5.17552 1.1645
5.17952 1.164
5.18352 1.1635
5.18752 1.163
5.19152 1.1625
5.19552 1.162
5.19952 1.1615
5.20352 1.161
5.20752 1.1605
5.21152 1.16
5.21552 1.1595
5.21952 1.159
5.22352 1.1585
5.22752 1.158
5.23152 1.1575
5.23552 1.157
5.23952 1.1565
5.24352 1.156
5.24752 1.1555
5.25152 1.155
5.25552 1.1545
5.25952 1.154
5.26352 1.1535
5.26752 1.153
5.27152 1.1525
5.27552 1.152
5.27952 1.1515
5.28352 1.151
5.28752 1.1505
5.29152 1.15
5.29552 1.1495
5.29952 1.149
5.30352 1.1485
5.30752 1.148
5.31152 1.1475
5.31552 1.147
5.31952 1.1465
5.32352 1.146
5.32752 1.1455
5.33152 1.145
5.33552 1.1445
5.33952 1.144
5.34352 1.1435
5.34752 1.143
5.35152 1.1425
5.35552 1.142
5.35952 1.1415
5.36352 1.141
5.36752 1.1405
5.37152 1.14
5.37552 1.1395
5.37952 1.139
5.38352 1.1385
5.38752 1.138
5.39152 1.1375
5.39552 1.137
5.39952 1.1365
5.40352 1.136
5.40752 1.1355
5.41152 1.135
5.41552 1.1345
5.41952 1.134
5.42352 1.1335
5.42752 1.133
5.43152 1.1325
5.43552 1.132
5.43952 1.1315
5.44352 1.131
5.44752 1.1305
5.45152 1.13
5.45552 1.1295
5.45952 1.129
5.46352 1.1285
5.46752 1.128
5.47152 1.1275
5.47552 1.127
5.47952 1.1265
5.48352 1.126
5.48752 1.1255
5.49152 1.125
5.49552 1.1245
5.49952 1.124
5.50352 1.1235
5.50752 1.123
5.51152 1.1225
5.51552 1.122
5.51952 1.1215
5.52352 1.121
5.52752 1.1205
5.53152 1.12
5.53552 1.1195
5.53952 1.119
5.54352 1.1185
5.54752 1.118
5.55152 1.1175
5.55552 1.117
5.55952 1.1165
5.56352 1.116
5.56752 1.1155
5.57152 1.115
5.57552 1.1145
5.57952 1.114
5.58352 1.1135
5.58752 1.113
5.59152 1.1125
5.59552 1.112
5.59952 1.1115
5.60352 1.111
5.60752 1.1105
5.61152 1.11
5.61552 1.1095
5.61952 1.109
5.62352 1.1085
5.62752 1.108
5.63152 1.1075
5.63552 1.107
5.63952 1.1065
5.64352 1.106
5.64752 1.1055
5.65152 1.105
5.65552 1.1045
5.65952 1.104
5.66352 1.1035
5.66752 1.103
5.67152 1.1025
5.67552 1.102
5.67952 1.1015
5.68352 1.101
5.68752 1.1005
5.69152 1.1
5.69552 1.0995
5.69952 1.099
5.70352 1.0985
5.70752 1.098
5.71152 1.0975
5.71552 1.097
5.71952 1.0965
5.72352 1.096
5.72752 1.0955
5.73152 1.095
5.73552 1.0945
5.73952 1.094
5.74352 1.0935
5.74752 1.093
5.75152 1.0925
5.75552 1.092
5.75952 1.0915
5.76352 1.091
5.76752 1.0905
5.77152 1.09
5.77552 1.0895
5.77952 1.089
5.78352 1.0885
5.78752 1.088
5.79152 1.0875
5.79552 1.087
5.79952 1.0865
5.80352 1.086
5.80752 1.0855
5.81152 1.085
5.81552 1.0845
5.81952 1.084
5.82352 1.0835
5.82752 1.083
5.83152 1.0825
5.83552 1.082
5.83952 1.0815
5.84352 1.081
5.84752 1.0805
5.85152 1.08
5.85552 1.0795
5.85952 1.079
5.86352 1.0785
5.86752 1.078
5.87152 1.0775
5.87552 1.077
5.87952 1.0765
5.88352 1.076
5.88752 1.0755
5.89152 1.075
5.89552 1.0745
5.89952 1.074
5.90352 1.0735
5.90752 1.073
5.91152 1.0725
5.91552 1.072
5.91952 1.0715
5.92352 1.071
5.92752 1.0705
5.93152 1.07
5.93552 1.0695
5.93952 1.069
5.94352 1.0685
5.94752 1.068
5.95152 1.0675
5.95552 1.067
5.95952 1.0665
5.96352 1.066
5.96752 1.0655
5.97152 1.065
5.97552 1.0645
5.97952 1.064
5.98352 1.0635
5.98752 1.063
5.99152 1.0625
5.99552 1.062
5.99952 1.0615
6.00352 1.061
6.00752 1.0605
6.01152 1.06
6.01552 1.0595
6.01952 1.059
6.02352 1.0585
6.02752 1.058
6.03152 1.0575
6.03552 1.057
6.03952 1.0565
6.04352 1.056
6.04752 1.0555
6.05152 1.055
6.05552 1.0545
6.05952 1.054
6.06352 1.0535
6.06752 1.053
6.07152 1.0525
6.07552 1.052
6.07952 1.0515
6.08352 1.051
6.08752 1.0505
6.09152 1.05
6.09552 1.0495
6.09952 1.049
6.10352 1.0485
6.10752 1.048
6.11152 1.0475
6.11552 1.047
6.11952 1.0465
6.12352 1.046
6.12752 1.0455
6.13152 1.045
6.13552 1.0445
6.13952 1.044
6.14352 1.0435
6.14752 1.043
6.15152 1.0425
6.15552 1.042
6.15952 1.0415
6.16352 1.041
6.16752 1.0405
6.17152 1.04
6.17552 1.0395
6.17952 1.039
6.18352 1.0385
6.18752 1.038
6.19152 1.0375
6.19552 1.037
6.19952 1.0365
6.20052 1.036
6.20052 1.0355
6.20052 1.035
6.20052 1.0345
6.20052 1.034
6.20052 1.0335
6.20052 1.033
6.20052 1.0325
6.20052 1.032
6.20052 1.0315
6.20052 1.031
6.20052 1.0305
6.20052 1.03
6.20052 1.0295
6.20052 1.029
6.20052 1.0285
6.20052 1.028
6.20052 1.0275
6.20052 1.027
6.20052 1.0265
6.20052 1.026
6.20052 1.0255
6.20052 1.025
6.20052 1.0245
6.20052 1.024
6.20052 1.0235
6.20052 1.023
6.20052 1.0225
6.20052 1.022
6.20052 1.0215
6.20052 1.021
6.20052 1.0205
6.20052 1.02
6.20052 1.0195
6.20052 1.019
6.20052 1.0185
6.20052 1.018
6.20052 1.0175
6.20052 1.017
6.20052 1.0165
6.20052 1.016
6.20052 1.0155
6.20052 1.015
6.20052 1.0145
6.20052 1.014
6.20052 1.0135
6.20052 1.013
6.20052 1.0125
6.20052 1.012
6.20052 1.0115
6.20052 1.011
6.20052 1.0105
6.20052 1.01
6.20052 1.0095
6.20052 1.009
6.20052 1.0085
6.20052 1.008
6.20052 1.0075
6.20052 1.007
6.20052 1.0065
6.20052 1.006
6.20052 1.0055
6.20052 1.005
6.20052 1.0045
6.20052 1.004
6.20052 1.0035
6.20052 1.003
6.20052 1.0025
6.20052 1.002
6.20052 1.0015
6.20052 1.001
6.20052 1.0005
6.20152 1
