Man
0 0
0 0.001
0 0.002
0 0.003
0 0.004
0 0.005
0 0.006
0 0.007
0 0.008
0 0.009
0 0.01
0 0.011
0 0.012
0 0.013
0 0.014
0 0.015
0 0.016
0 0.017
0 0.018
0 0.019
0 0.02
0 0.021
0 0.022
0 0.023
0 0.024
0 0.025
0 0.026
0 0.027
0 0.028
0 0.029
0 0.03
0 0.031
0 0.032
0 0.033
0 0.034
0 0.035
0 0.036
0 0.037
0 0.038
0 0.039
0 0.04
0 0.041
0 0.042
0 0.043
0 0.044
0 0.045
0 0.046
0 0.047
0 0.048
0 0.049
0 0.05
0 0.051
0 0.052
0 0.053
0 0.054
0 0.055
0 0.056
0 0.057
0 0.058
0 0.059
0 0.06
0 0.061
0 0.062
0 0.063
0 0.064
0 0.065
0 0.066
0 0.067
0 0.068
0 0.069
0 0.07
0 0.071
0 0.072
0 0.073
0 0.074
0 0.075
0 0.076
0 0.077
0 0.078
0 0.079
0 0.08
0 0.081
0 0.082
0 0.083
-0.392699 0.084
-0.392699 0.085
-0.392699 0.086
-0.392699 0.087
-0.392699 0.088
-0.392699 0.089
-0.392699 0.09
-0.392699 0.091
-0.392699 0.092
-0.392699 0.093
-0.19635 0.094
-0.19635 0.095
-0.19635 0.096
-0.0981748 0.097
-0.0981748 0.098
-0.0981748 0.099
-0.0981748 0.1
-0.0981748 0.101
-0.0981748 0.102
-0.0981748 0.103
-0.0981748 0.104
-0.0981748 0.105
-0.0981748 0.106
-0.0981748 0.107
-0.0981748 0.108
-0.196301 0.109
-0.147214 0.11
-0.134942 0.111
-0.134942 0.112
-0.134942 0.113
-0.134942 0.114
-0.134942 0.115
-0.0981266 0.116
-0.073583 0.117
-0.073583 0.118
-0.073583 0.119
-0.073583 0.12
-0.0490393 0.121
-0.0490393 0.122
-0.0244956 0.123
-0.0244956 0.124
-0.0244956 0.125
-0.0122237 0.126
-0.0122237 0.127
-0.0122237 0.128
4.81242e-05 0.129
4.81242e-05 0.13
4.81242e-05 0.131
0.01232 0.132
0.0245918 0.133
0.0368637 0.134
0.0491355 0.135
0.0614074 0.136
0.0736792 0.137
0.085951 0.138
0.0982229 0.139
0.0982229 0.14
0.110489 0.141
0.12234 0.142
0.128476 0.143
0.134612 0.144
0.140748 0.145
0.146884 0.146
0.15302 0.147
0.15302 0.148
0.15302 0.149
0.15302 0.15
0.15302 0.151
0.15302 0.152
0.15302 0.153
0.15302 0.154
0.15302 0.155
0.15302 0.156
0.15302 0.157
0.15302 0.158
0.15302 0.159
0.15302 0.16
0.15302 0.161
0.15302 0.162
0.15302 0.163
0.15302 0.164
0.15302 0.165
0.15302 0.166
0.15302 0.167
0.15302 0.168
0.15302 0.169
0.15302 0.17
0.15302 0.171
0.15302 0.172
0.15302 0.173
0.15302 0.174
0.15302 0.175
0.15302 0.176
0.15302 0.177
0.15302 0.178
0.15302 0.179
0.15302 0.18
0.15302 0.181
0.15302 0.182
0.15302 0.183
0.15302 0.184
0.15302 0.185
0.15302 0.186
0.15302 0.187
0.15302 0.188
0.15302 0.189
0.15302 0.19
0.15302 0.191
0.15302 0.192
0.15302 0.193
0.15302 0.194
0.15302 0.195
0.15302 0.196
0.15302 0.197
0.15302 0.198
0.15302 0.199
0.15302 0.2
0.15302 0.201
0.15302 0.202
0.15302 0.203
0.15302 0.204
0.15302 0.205
0.15302 0.206
0.15302 0.207
0.15302 0.208
0.15302 0.209
0.15302 0.21
0.15302 0.211
0.15302 0.212
0.15302 0.213
0.15302 0.214
0.15302 0.215
0.15302 0.216
0.15302 0.217
0.15302 0.218
0.15302 0.219
0.15302 0.22
0.15302 0.221
0.15302 0.222
0.15302 0.223
0.15302 0.224
0.15302 0.225
0.15302 0.226
0.15302 0.227
0.15302 0.228
0.15302 0.229
0.15302 0.23
0.15302 0.231
0.15302 0.232
0.15302 0.233
0.15302 0.234
0.15302 0.235
0.15302 0.236
0.15302 0.237
0.15302 0.238
0.15302 0.239
0.15302 0.24
0.15302 0.241
0.15302 0.242
0.15302 0.243
0.15302 0.244
0.15302 0.245
0.15302 0.246
0.15302 0.247
0.15302 0.248
0.15302 0.249
0.15302 0.25
0.15302 0.251
0.15302 0.252
0.15302 0.253
0.15302 0.254
0.15302 0.255
0.15302 0.256
0.15302 0.257
0.15302 0.258
0.15302 0.259
0.15302 0.26
0.15302 0.261
0.15302 0.262
0.15302 0.263
0.15302 0.264
0.15302 0.265
0.15302 0.266
0.15302 0.267
0.15302 0.268
0.15302 0.269
0.15302 0.27
0.15302 0.271
0.15302 0.272
0.15302 0.273
0.15302 0.274
0.15302 0.275
0.15302 0.276
0.15302 0.277
0.15302 0.278
0.15302 0.279
0.15302 0.28
0.15302 0.281
0.15302 0.282
0.15302 0.283
0.15302 0.284
0.15302 0.285
0.15302 0.286
0.15302 0.287
0.15302 0.288
0.15302 0.289
0.15302 0.29
0.15302 0.291
0.15302 0.292
0.15302 0.293
0.15302 0.294
0.15302 0.295
0.15302 0.296
0.15302 0.297
0.15302 0.298
0.15302 0.299
0.15302 0.3
0.15302 0.301
0.15302 0.302
0.15302 0.303
0.15302 0.304
0.15302 0.305
0.15302 0.306
0.15302 0.307
0.15302 0.308
0.15302 0.309
0.15302 0.31
0.15302 0.311
0.15302 0.312
0.15302 0.313
0.15302 0.314
0.15302 0.315
0.15302 0.316
0.15302 0.317
0.15302 0.318
0.15302 0.319
0.15302 0.32
0.15302 0.321
0.15302 0.322
0.15302 0.323
0.15302 0.324
0.15302 0.325
0.15302 0.326
0.15302 0.327
0.15302 0.328
0.15302 0.329
0.15302 0.33
0.15302 0.331
0.15302 0.332
0.15302 0.333
0.15302 0.334
0.15302 0.335
0.15302 0.336
0.15302 0.337
0.15302 0.338
0.15302 0.339
0.15302 0.34
0.15302 0.341
0.15302 0.342
0.15302 0.343
0.15302 0.344
0.15302 0.345
0.15302 0.346
0.15302 0.347
0.15302 0.348
0.15302 0.349
0.15302 0.35
0.15302 0.351
0.15302 0.352
0.15302 0.353
0.15302 0.354
0.15302 0.355
0.15302 0.356
0.15302 0.357
0.15302 0.358
0.15302 0.359
0.15302 0.36
0.15302 0.361
0.15302 0.362
0.15302 0.363
0.15302 0.364
0.15302 0.365
0.15302 0.366
0.15302 0.367
0.15302 0.368
0.15302 0.369
0.15302 0.37
0.15302 0.371
0.15302 0.372
0.15302 0.373
0.15302 0.374
0.15302 0.375
0.15302 0.376
0.15302 0.377
0.15302 0.378
0.15302 0.379
0.15302 0.38
0.15302 0.381
0.15302 0.382
0.15302 0.383
0.15302 0.384
0.15302 0.385
0.15302 0.386
0.15302 0.387
0.15302 0.388
0.15302 0.389
0.15302 0.39
0.15302 0.391
0.15302 0.392
0.15302 0.393
0.15302 0.394
0.15302 0.395
0.15302 0.396
0.15302 0.397
0.15302 0.398
0.15302 0.399
0.15302 0.4
0.15302 0.401
0.15302 0.402
0.15302 0.403
0.15302 0.404
0.15302 0.405
0.15302 0.406
0.15302 0.407
0.15302 0.408
0.15302 0.409
0.15302 0.41
0.15302 0.411
0.15302 0.412
0.15302 0.413
0.15302 0.414
0.15302 0.415
0.15302 0.416
0.15302 0.417
0.15302 0.418
0.15302 0.419
0.15302 0.42
0.15302 0.421
0.15302 0.422
0.15302 0.423
0.15302 0.424
0.15302 0.425
0.15302 0.426
0.15302 0.427
0.15302 0.428
0.15302 0.429
0.15302 0.43
0.15302 0.431
0.15302 0.432
0.15302 0.433
0.15302 0.434
0.15302 0.435
0.15302 0.436
0.15302 0.437
0.15302 0.438
0.15302 0.439
0.15302 0.44
0.15302 0.441
0.15302 0.442
0.15302 0.443
0.15302 0.444
0.15302 0.445
0.15302 0.446
0.15302 0.447
0.15302 0.448
0.15302 0.449
0.15302 0.45
0.15302 0.451
0.15302 0.452
0.15302 0.453
0.15302 0.454
0.15302 0.455
0.15302 0.456
0.15302 0.457
0.15302 0.458
0.15302 0.459
0.15302 0.46
0.15302 0.461
0.15302 0.462
0.15302 0.463
0.15302 0.464
0.15302 0.465
0.15302 0.466
0.15302 0.467
0.15302 0.468
0.15302 0.469
0.15302 0.47
0.15302 0.471
0.15302 0.472
0.15302 0.473
0.15302 0.474
0.15302 0.475
0.15302 0.476
0.15302 0.477
0.15302 0.478
0.15302 0.479
0.15302 0.48
0.15302 0.481
0.15302 0.482
0.15302 0.483
0.15302 0.484
0.15302 0.485
0.15302 0.486
0.15302 0.487
0.15302 0.488
0.15302 0.489
0.15302 0.49
0.15302 0.491
0.15302 0.492
0.15302 0.493
0.15302 0.494
0.15302 0.495
0.15302 0.496
0.15302 0.497
0.15302 0.498
0.15302 0.499
0.15302 0.5
0.15302 0.501
0.15302 0.502
0.15302 0.503
0.15302 0.504
0.15302 0.505
0.15302 0.506
0.15302 0.507
0.15302 0.508
0.15302 0.509
0.15302 0.51
0.15302 0.511
0.15302 0.512
0.15302 0.513
0.15302 0.514
0.15302 0.515
0.15302 0.516
0.15302 0.517
0.15302 0.518
0.15302 0.519
0.15302 0.52
0.15302 0.521
0.15302 0.522
0.15302 0.523
0.15302 0.524
0.15302 0.525
0.15302 0.526
0.15302 0.527
0.15302 0.528
0.15302 0.529
0.15302 0.53
0.15302 0.531
0.15302 0.532
0.15302 0.533
0.15302 0.534
0.15302 0.535
0.15302 0.536
0.15302 0.537
0.15302 0.538
0.15302 0.539
0.15302 0.54
0.15302 0.541
0.15302 0.542
0.15302 0.543
0.15302 0.544
0.15302 0.545
0.15302 0.546
0.15302 0.547
0.15302 0.548
0.15302 0.549
0.15302 0.55
0.15302 0.551
0.15302 0.552
0.15302 0.553
0.15302 0.554
0.15302 0.555
0.15302 0.556
0.15302 0.557
0.15302 0.558
0.15302 0.559
0.15302 0.56
0.15302 0.561
0.15302 0.562
0.15302 0.563
0.15302 0.564
0.15302 0.565
0.15302 0.566
0.15302 0.567
0.15302 0.568
0.15302 0.569
0.15302 0.57
0.15302 0.571
0.15302 0.572
0.15302 0.573
0.15302 0.574
0.15302 0.575
0.15302 0.576
0.15302 0.577
0.15302 0.578
0.15302 0.579
0.15302 0.58
0.15302 0.581
0.15302 0.582
0.15302 0.583
0.15302 0.584
0.15302 0.585
0.15302 0.586
0.15302 0.587
0.15302 0.588
0.15302 0.589
0.15302 0.59
0.15302 0.591
0.15302 0.592
0.15302 0.593
0.15302 0.594
0.15302 0.595
0.15302 0.596
0.15302 0.597
0.15302 0.598
0.15302 0.599
0.15302 0.6
0.15302 0.601
0.15302 0.602
0.15302 0.603
0.15302 0.604
0.15302 0.605
0.15302 0.606
0.15302 0.607
0.15302 0.608
0.15302 0.609
0.15302 0.61
0.15302 0.611
0.15302 0.612
0.15302 0.613
0.15302 0.614
0.15302 0.615
0.15302 0.616
0.15302 0.617
0.15302 0.618
0.15302 0.619
0.15302 0.62
0.15302 0.621
0.15302 0.622
0.15302 0.623
0.15302 0.624
0.15302 0.625
0.15302 0.626
0.15302 0.627
0.15302 0.628
0.15302 0.629
0.15302 0.63
0.15302 0.631
0.15302 0.632
0.15302 0.633
0.15302 0.634
0.15302 0.635
0.15302 0.636
0.15302 0.637
0.15302 0.638
0.15302 0.639
0.15302 0.64
0.15302 0.641
0.15302 0.642
0.15302 0.643
0.15302 0.644
0.15302 0.645
0.15302 0.646
0.15302 0.647
0.15302 0.648
0.15302 0.649
0.15302 0.65
0.15302 0.651
0.15302 0.652
0.15302 0.653
0.15302 0.654
0.15302 0.655
0.15302 0.656
0.15302 0.657
0.15302 0.658
0.15302 0.659
0.15302 0.66
0.15302 0.661
0.15302 0.662
0.15302 0.663
0.15302 0.664
0.15302 0.665
0.15302 0.666
0.15302 0.667
0.15302 0.668
0.15302 0.669
0.15302 0.67
0.15302 0.671
0.15302 0.672
0.15302 0.673
0.15302 0.674
0.15302 0.675
0.15302 0.676
0.15302 0.677
0.15302 0.678
0.15302 0.679
0.15302 0.68
0.15302 0.681
0.15302 0.682
0.15302 0.683
0.15302 0.684
0.15302 0.685
0.15302 0.686
0.15302 0.687
0.15302 0.688
0.15302 0.689
0.15302 0.69
0.15302 0.691
0.15302 0.692
0.15302 0.693
0.15302 0.694
0.15302 0.695
0.15302 0.696
0.15302 0.697
0.15302 0.698
0.15302 0.699
0.15302 0.7
0.15302 0.701
0.15302 0.702
0.15302 0.703
0.15302 0.704
0.15302 0.705
0.15302 0.706
0.15302 0.707
0.15302 0.708
0.15302 0.709
0.15302 0.71
0.15302 0.711
0.15302 0.712
0.15302 0.713
0.15302 0.714
0.15302 0.715
0.15302 0.716
0.15302 0.717
0.15302 0.718
0.15302 0.719
0.15302 0.72
0.15302 0.721
0.15302 0.722
0.15302 0.723
0.15302 0.724
0.15302 0.725
0.15302 0.726
0.15302 0.727
0.15302 0.728
0.15302 0.729
0.15302 0.73
0.15302 0.731
0.15302 0.732
0.15302 0.733
0.15302 0.734
0.15302 0.735
0.15302 0.736
0.15302 0.737
0.15302 0.738
0.15302 0.739
0.15302 0.74
0.15302 0.741
0.15302 0.742
0.15302 0.743
0.15302 0.744
0.15302 0.745
0.15302 0.746
0.15302 0.747
0.15302 0.748
0.15302 0.749
0.15302 0.75
0.15302 0.751
0.15302 0.752
0.15302 0.753
0.15302 0.754
0.15302 0.755
0.15302 0.756
0.15302 0.757
0.15302 0.758
0.15302 0.759
0.15302 0.76
0.15302 0.761
0.15302 0.762
0.15302 0.763
0.15302 0.764
0.15302 0.765
0.15302 0.766
0.15302 0.767
0.15302 0.768
0.15302 0.769
0.15302 0.77
0.15302 0.771
0.15302 0.772
0.15302 0.773
0.15302 0.774
0.15302 0.775
0.15302 0.776
0.15302 0.777
0.15302 0.778
0.15302 0.779
0.15302 0.78
0.15302 0.781
0.15302 0.782
0.15302 0.783
0.15302 0.784
0.15302 0.785
0.15302 0.786
0.15302 0.787
0.15302 0.788
0.15302 0.789
0.15302 0.79
0.15302 0.791
0.15302 0.792
0.15302 0.793
0.15302 0.794
0.15302 0.795
0.15302 0.796
0.15302 0.797
0.15302 0.798
0.15302 0.799
0.15302 0.8
0.15302 0.801
0.15302 0.802
0.15302 0.803
0.15302 0.804
0.15302 0.805
0.15302 0.806
0.15302 0.807
0.15302 0.808
0.15302 0.809
0.15302 0.81
0.15302 0.811
0.15302 0.812
0.15302 0.813
0.15302 0.814
0.15202 0.815
0.15102 0.816
0.15002 0.817
0.14902 0.818
0.14802 0.819
0.14702 0.82
0.14602 0.821
0.14502 0.822
0.14402 0.823
0.14302 0.824
0.14202 0.825
0.14102 0.826
0.14002 0.827
0.13902 0.828
0.13802 0.829
0.13702 0.83
0.13602 0.831
0.13502 0.832
0.13402 0.833
0.13302 0.834
0.132019 0.835
0.131019 0.836
0.130019 0.837
0.129019 0.838
0.128019 0.839
0.127019 0.84
0.126019 0.841
0.125019 0.842
0.124019 0.843
0.123019 0.844
0.122019 0.845
0.121019 0.846
0.120019 0.847
0.119019 0.848
0.118019 0.849
0.117019 0.85
0.116019 0.851
0.115019 0.852
0.114019 0.853
0.113019 0.854
0.112019 0.855
0.111019 0.856
0.110019 0.857
0.109019 0.858
0.108019 0.859
0.107019 0.86
0.106019 0.861
0.105019 0.862
0.104019 0.863
0.103019 0.864
0.102019 0.865
0.101019 0.866
0.100019 0.867
0.0990186 0.868
0.0980186 0.869
0.0970185 0.87
0.0960185 0.871
0.0950185 0.872
0.0940184 0.873
0.0930184 0.874
0.0920184 0.875
0.0910184 0.876
0.0900183 0.877
0.0890183 0.878
0.0880183 0.879
0.0870183 0.88
0.0860182 0.881
0.0850182 0.882
0.0840182 0.883
0.0830181 0.884
0.0820181 0.885
0.0810181 0.886
0.0800181 0.887
0.079018 0.888
0.078018 0.889
0.077018 0.89
0.076018 0.891
0.0750179 0.892
0.0740179 0.893
0.0730179 0.894
0.0720178 0.895
0.0710178 0.896
0.0700178 0.897
0.0690178 0.898
0.0680177 0.899
0.0670177 0.9
0.0660177 0.901
0.0650177 0.902
0.0640176 0.903
0.0630176 0.904
0.0620176 0.905
0.0610175 0.906
0.0600175 0.907
0.0590175 0.908
0.0580175 0.909
0.0570174 0.91
0.0560174 0.911
0.0550174 0.912
0.0540173 0.913
0.0530173 0.914
0.0520173 0.915
0.0510173 0.916
0.0500172 0.917
0.0490172 0.918
0.0480172 0.919
0.0470172 0.92
0.0460171 0.921
0.0450171 0.922
0.0440171 0.923
0.043017 0.924
0.042017 0.925
0.041017 0.926
0.040017 0.927
0.0390169 0.928
0.0380169 0.929
0.0370169 0.93
0.0360169 0.931
0.0350168 0.932
0.0340168 0.933
0.0330168 0.934
0.0320167 0.935
0.0310167 0.936
0.0300167 0.937
0.0290167 0.938
0.0280166 0.939
0.0270166 0.94
0.0260166 0.941
0.0250166 0.942
0.0240165 0.943
0.0230165 0.944
0.0220165 0.945
0.0210164 0.946
0.0200164 0.947
0.0190164 0.948
0.0180164 0.949
0.0170163 0.95
0.0160163 0.951
0.0150163 0.952
0.0140163 0.953
0.0130162 0.954
0.0120162 0.955
0.0110162 0.956
0.0100161 0.957
0.00901612 0.958
0.00801609 0.959
0.00701606 0.96
0.00601603 0.961
0.00501601 0.962
0.00401598 0.963
0.00301595 0.964
0.00201592 0.965
0.0010159 0.966
1.58697e-05 0.967
-0.000984158 0.968
-0.00198419 0.969
-0.00298421 0.97
-0.00398424 0.971
-0.00498427 0.972
-0.00598429 0.973
-0.00698432 0.974
-0.00798435 0.975
-0.00898438 0.976
-0.0099844 0.977
-0.0109844 0.978
-0.0119845 0.979
-0.0129845 0.98
-0.0139845 0.981
-0.0149845 0.982
-0.0159846 0.983
-0.0169846 0.984
-0.0179846 0.985
-0.0189847 0.986
-0.0199847 0.987
-0.0209847 0.988
-0.0219847 0.989
-0.0229848 0.99
-0.0239848 0.991
-0.0249848 0.992
-0.0259848 0.993
-0.0269849 0.994
-0.0279849 0.995
-0.0289849 0.996
-0.029985 0.997
-0.030985 0.998
-0.031985 0.999
-0.030985 1


Shark
3.14159 1.5
3.13689 1.4995
3.13219 1.499
3.12749 1.4985
3.12279 1.498
3.11809 1.4975
3.11339 1.497
3.10869 1.4965
3.10399 1.496
3.09929 1.4955
3.09459 1.495
3.08989 1.4945
3.08519 1.494
3.08049 1.4935
3.07579 1.493
3.07109 1.4925
3.06639 1.492
3.06169 1.4915
3.05699 1.491
3.05229 1.4905
3.04759 1.49
3.04289 1.4895
3.03819 1.489
3.03349 1.4885
3.02879 1.488
3.02409 1.4875
3.01939 1.487
3.01469 1.4865
3.00999 1.486
3.00529 1.4855
3.00059 1.485
2.99589 1.4845
2.99119 1.484
2.98649 1.4835
2.98179 1.483
2.97709 1.4825
2.97239 1.482
2.96769 1.4815
2.96299 1.481
2.95829 1.4805
2.95359 1.48
2.94889 1.4795
2.94419 1.479
2.93949 1.4785
2.93479 1.478
2.93009 1.4775
2.92539 1.477
2.92069 1.4765
2.91599 1.476
2.91129 1.4755
2.90659 1.475
2.90189 1.4745
2.89719 1.474
2.89249 1.4735
2.88779 1.473
2.88309 1.4725
2.87839 1.472
2.87369 1.4715
2.86899 1.471
2.86429 1.4705
2.85959 1.47
2.85489 1.4695
2.85019 1.469
2.84549 1.4685
2.84079 1.468
2.83609 1.4675
2.83139 1.467
2.82669 1.4665
2.82199 1.466
2.81729 1.4655
2.81259 1.465
2.80789 1.4645
2.80319 1.464
2.79849 1.4635
2.79379 1.463
2.78909 1.4625
2.78439 1.462
2.77969 1.4615
2.77499 1.461
2.77029 1.4605
2.76559 1.46
2.76089 1.4595
2.75619 1.459
2.75149 1.4585
2.90469 1.458
2.90939 1.4575
2.91409 1.457
2.91879 1.4565
2.92349 1.456
2.92819 1.4555
2.93289 1.455
2.93759 1.4545
2.94229 1.454
2.94699 1.4535
3.03326 1.453
3.03796 1.4525
3.04266 1.452
2.99791 1.4515
2.99321 1.451
2.98851 1.4505
2.98381 1.45
2.97911 1.4495
2.97441 1.449
2.96971 1.4485
2.96501 1.448
2.96031 1.4475
2.95561 1.447
2.95091 1.4465
2.94621 1.446
2.99645 1.4455
3.02214 1.445
3.03006 1.4445
3.03476 1.444
3.03946 1.4435
3.04416 1.443
3.04886 1.4425
3.06939 1.442
3.08362 1.4415
3.08832 1.441
3.09302 1.4405
3.09772 1.44
3.1124 1.4395
3.1171 1.439
3.13199 1.4385
3.13669 1.438
3.14139 1.4375
3.15002 1.437
3.15472 1.4365
3.15942 1.436
3.1682 1.4355
3.1729 1.435
3.1776 1.4345
3.18652 1.434
3.19549 1.4335
3.20451 1.433
3.21358 1.4325
3.2227 1.432
3.23187 1.4315
3.24109 1.431
3.25036 1.4305
3.25506 1.43
3.26442 1.4295
3.2736 1.429
3.27984 1.4285
3.2861 1.428
3.29239 1.4275
3.29869 1.427
3.30501 1.4265
3.30971 1.426
3.31441 1.4255
3.31911 1.425
3.32381 1.4245
3.32851 1.424
3.33321 1.4235
3.33791 1.423
3.34261 1.4225
3.34731 1.422
3.35201 1.4215
3.35671 1.421
3.36141 1.4205
3.36611 1.42
3.37081 1.4195
3.37551 1.419
3.38021 1.4185
3.38491 1.418
3.38961 1.4175
3.39431 1.417
3.39901 1.4165
3.40371 1.416
3.40841 1.4155
3.41311 1.415
3.41781 1.4145
3.42251 1.414
3.42721 1.4135
3.43191 1.413
3.43661 1.4125
3.44131 1.412
3.44601 1.4115
3.45071 1.411
3.45541 1.4105
3.46011 1.41
3.46481 1.4095
3.46951 1.409
3.47421 1.4085
3.47891 1.408
3.48361 1.4075
3.48831 1.407
3.49301 1.4065
3.49771 1.406
3.50241 1.4055
3.50711 1.405
3.51181 1.4045
3.51651 1.404
3.52121 1.4035
3.52591 1.403
3.53061 1.4025
3.53531 1.402
3.54001 1.4015
3.54471 1.401
3.54941 1.4005
3.55411 1.4
3.55881 1.3995
3.56351 1.399
3.56821 1.3985
3.57291 1.398
3.57761 1.3975
3.58231 1.397
3.58701 1.3965
3.59171 1.396
3.59641 1.3955
3.60111 1.395
3.60581 1.3945
3.61051 1.394
3.61521 1.3935
3.61991 1.393
3.62461 1.3925
3.62931 1.392
3.63401 1.3915
3.63871 1.391
3.64341 1.3905
3.64811 1.39
3.65281 1.3895
3.65751 1.389
3.66221 1.3885
3.66691 1.388
3.67161 1.3875
3.67631 1.387
3.68101 1.3865
3.68571 1.386
3.69041 1.3855
3.69511 1.385
3.69981 1.3845
3.70451 1.384
3.70921 1.3835
3.71391 1.383
3.71861 1.3825
3.72331 1.382
3.72801 1.3815
3.73271 1.381
3.73741 1.3805
3.74211 1.38
3.74681 1.3795
3.75151 1.379
3.75621 1.3785
3.76091 1.378
3.76561 1.3775
3.77031 1.377
3.77501 1.3765
3.77971 1.376
3.78441 1.3755
3.78911 1.375
3.79381 1.3745
3.79851 1.374
3.80321 1.3735
3.80791 1.373
3.81261 1.3725
3.81731 1.372
3.82201 1.3715
3.82671 1.371
3.83141 1.3705
3.83611 1.37
3.84081 1.3695
3.84551 1.369
3.85021 1.3685
3.85491 1.368
3.85961 1.3675
3.86431 1.367
3.86901 1.3665
3.87371 1.366
3.87841 1.3655
3.88311 1.365
3.88781 1.3645
3.89251 1.364
3.89721 1.3635
3.90191 1.363
3.90661 1.3625
3.91131 1.362
3.91601 1.3615
3.92071 1.361
3.92541 1.3605
3.93011 1.36
3.93481 1.3595
3.93951 1.359
3.94421 1.3585
3.94891 1.358
3.95361 1.3575
3.95831 1.357
3.96301 1.3565
3.96771 1.356
3.97241 1.3555
3.97711 1.355
3.98181 1.3545
3.98651 1.354
3.99121 1.3535
3.99591 1.353
4.00061 1.3525
4.00531 1.352
4.01001 1.3515
4.01471 1.351
4.01941 1.3505
4.02411 1.35
4.02881 1.3495
4.03351 1.349
4.03821 1.3485
4.04291 1.348
4.04761 1.3475
4.05231 1.347
4.05701 1.3465
4.06171 1.346
4.06641 1.3455
4.07111 1.345
4.07581 1.3445
4.08051 1.344
4.08521 1.3435
4.08991 1.343
4.09461 1.3425
4.09931 1.342
4.10401 1.3415
4.10871 1.341
4.11341 1.3405
4.11811 1.34
4.12281 1.3395
4.12751 1.339
4.13221 1.3385
4.13691 1.338
4.14161 1.3375
4.14631 1.337
4.15101 1.3365
4.15571 1.336
4.16041 1.3355
4.16511 1.335
4.16981 1.3345
4.17451 1.334
4.17921 1.3335
4.18391 1.333
4.18861 1.3325
4.19331 1.332
4.19801 1.3315
4.20271 1.331
4.20741 1.3305
4.21211 1.33
4.21681 1.3295
4.22151 1.329
4.22621 1.3285
4.23091 1.328
4.23561 1.3275
4.24031 1.327
4.24501 1.3265
4.24971 1.326
4.25441 1.3255
4.25911 1.325
4.26381 1.3245
4.26851 1.324
4.27321 1.3235
4.27791 1.323
4.28261 1.3225
4.28731 1.322
4.29201 1.3215
4.29671 1.321
4.30141 1.3205
4.30611 1.32
4.31081 1.3195
4.31551 1.319
4.32021 1.3185
4.32491 1.318
4.32961 1.3175
4.33431 1.317
4.33901 1.3165
4.34371 1.316
4.34841 1.3155
4.35311 1.315
4.35781 1.3145
4.36251 1.314
4.36721 1.3135
4.37191 1.313
4.37661 1.3125
4.38131 1.312
4.38601 1.3115
4.39071 1.311
4.39541 1.3105
4.40011 1.31
4.40481 1.3095
4.40951 1.309
4.41421 1.3085
4.41891 1.308
4.42361 1.3075
4.42831 1.307
4.43301 1.3065
4.43771 1.306
4.44241 1.3055
4.44711 1.305
4.45181 1.3045
4.45651 1.304
4.46121 1.3035
4.46591 1.303
4.47061 1.3025
4.47531 1.302
4.48001 1.3015
4.48471 1.301
4.48941 1.3005
4.49411 1.3
4.49881 1.2995
4.50351 1.299
4.50821 1.2985
4.51291 1.298
4.51761 1.2975
4.52231 1.297
4.52701 1.2965
4.53171 1.296
4.53641 1.2955
4.54111 1.295
4.54581 1.2945
4.55051 1.294
4.55521 1.2935
4.55991 1.293
4.56461 1.2925
4.56931 1.292
4.57401 1.2915
4.57871 1.291
4.58341 1.2905
4.58811 1.29
4.59281 1.2895
4.59751 1.289
4.60221 1.2885
4.60691 1.288
4.61161 1.2875
4.61631 1.287
4.62101 1.2865
4.62571 1.286
4.63041 1.2855
4.63511 1.285
4.63981 1.2845
4.64451 1.284
4.64921 1.2835
4.65391 1.283
4.65861 1.2825
4.66331 1.282
4.66801 1.2815
4.67271 1.281
4.67741 1.2805
4.68211 1.28
4.68681 1.2795
4.69151 1.279
4.69621 1.2785
4.70091 1.278
4.70561 1.2775
4.71031 1.277
4.71501 1.2765
4.71971 1.276
4.72441 1.2755
4.72911 1.275
4.73381 1.2745
4.73851 1.274
4.74321 1.2735
4.74791 1.273
4.75261 1.2725
4.75731 1.272
4.76201 1.2715
4.76671 1.271
4.77141 1.2705
4.77611 1.27
4.78081 1.2695
4.78551 1.269
4.79021 1.2685
4.79491 1.268
4.79961 1.2675
4.80431 1.267
4.80901 1.2665
4.81371 1.266
4.81841 1.2655
4.82311 1.265
4.82781 1.2645
4.83251 1.264
4.83721 1.2635
4.84191 1.263
4.84661 1.2625
4.85131 1.262
4.85601 1.2615
4.86071 1.261
4.86541 1.2605
4.87011 1.26
4.87481 1.2595
4.87951 1.259
4.88421 1.2585
4.88891 1.258
4.89361 1.2575
4.89831 1.257
4.90301 1.2565
4.90771 1.256
4.91241 1.2555
4.91711 1.255
4.92181 1.2545
4.92651 1.254
4.93121 1.2535
4.93591 1.253
4.94061 1.2525
4.94531 1.252
4.95001 1.2515
4.95471 1.251
4.95941 1.2505
4.96411 1.25
4.96881 1.2495
4.97351 1.249
4.97821 1.2485
4.98291 1.248
4.98761 1.2475
4.99231 1.247
4.99701 1.2465
5.00171 1.246
5.00641 1.2455
5.01111 1.245
5.01581 1.2445
5.02051 1.244
5.02521 1.2435
5.02991 1.243
5.03461 1.2425
5.03931 1.242
5.04401 1.2415
5.04871 1.241
5.05341 1.2405
5.05811 1.24
5.06281 1.2395
5.06751 1.239
5.07221 1.2385
5.07691 1.238
5.08161 1.2375
5.08631 1.237
5.09101 1.2365
5.09571 1.236
5.10041 1.2355
5.10511 1.235
5.10981 1.2345
5.11451 1.234
5.11921 1.2335
5.12391 1.233
5.12861 1.2325
5.13331 1.232
5.13801 1.2315
5.14271 1.231
5.14741 1.2305
5.15211 1.23
5.15681 1.2295
5.16151 1.229
5.16621 1.2285
5.17091 1.228
5.17561 1.2275
5.18031 1.227
5.18501 1.2265
5.18971 1.226
5.19441 1.2255
5.19911 1.225
5.20381 1.2245
5.20851 1.224
5.21321 1.2235
5.21791 1.223
5.22261 1.2225
5.22731 1.222
5.23201 1.2215
5.23671 1.221
5.24141 1.2205
5.24611 1.22
5.25081 1.2195
5.25551 1.219
5.26021 1.2185
5.26491 1.218
5.26961 1.2175
5.27431 1.217
5.27901 1.2165
5.28371 1.216
5.28841 1.2155
5.29311 1.215
5.29781 1.2145
5.30251 1.214
5.30721 1.2135
5.31191 1.213
5.31661 1.2125
5.32131 1.212
5.32601 1.2115
5.33071 1.211
5.33541 1.2105
5.34011 1.21
5.34481 1.2095
5.34951 1.209
5.35421 1.2085
5.35891 1.208
5.36361 1.2075
5.36831 1.207
5.37301 1.2065
5.37771 1.206
5.38241 1.2055
5.38711 1.205
5.39181 1.2045
5.39651 1.204
5.40121 1.2035
5.40591 1.203
5.41061 1.2025
5.41531 1.202
5.42001 1.2015
5.42471 1.201
5.42941 1.2005
5.43411 1.2
5.43881 1.1995
5.44351 1.199
5.44821 1.1985
5.45291 1.198
5.45761 1.1975
5.46231 1.197
5.46701 1.1965
5.47171 1.196
5.47641 1.1955
5.48111 1.195
5.48581 1.1945
5.49051 1.194
5.49521 1.1935
5.49991 1.193
5.50461 1.1925
5.50931 1.192
5.51401 1.1915
5.51871 1.191
5.52341 1.1905
5.52811 1.19
5.53281 1.1895
5.53751 1.189
5.54221 1.1885
5.54691 1.188
5.55161 1.1875
5.55631 1.187
5.56101 1.1865
5.56571 1.186
5.57041 1.1855
5.57511 1.185
5.57981 1.1845
5.58451 1.184
5.58921 1.1835
5.59391 1.183
5.59861 1.1825
5.60331 1.182
5.60801 1.1815
5.61271 1.181
5.61741 1.1805
5.62211 1.18
5.62681 1.1795
5.63151 1.179
5.63621 1.1785
5.64091 1.178
5.64561 1.1775
5.65031 1.177
5.65501 1.1765
5.65971 1.176
5.66441 1.1755
5.66911 1.175
5.67381 1.1745
5.67851 1.174
5.68321 1.1735
5.68791 1.173
5.69261 1.1725
5.69731 1.172
5.70201 1.1715
5.70671 1.171
5.71141 1.1705
5.71611 1.17
5.72081 1.1695
5.72551 1.169
5.73021 1.1685
5.73491 1.168
5.73961 1.1675
5.74431 1.167
5.74901 1.1665
5.75371 1.166
5.75841 1.1655
5.76311 1.165
5.76781 1.1645
5.77251 1.164
5.77721 1.1635
5.78191 1.163
5.78661 1.1625
5.79131 1.162
5.79601 1.1615
5.80071 1.161
5.80541 1.1605
5.81011 1.16
5.81481 1.1595
5.81951 1.159
5.82421 1.1585
5.82891 1.158
5.83361 1.1575
5.83831 1.157
5.84301 1.1565
5.84771 1.156
5.85241 1.1555
5.85711 1.155
5.86181 1.1545
5.86651 1.154
5.87121 1.1535
5.87591 1.153
5.88061 1.1525
5.88531 1.152
5.89001 1.1515
5.89471 1.151
5.89941 1.1505
5.90411 1.15
5.90881 1.1495
5.91351 1.149
5.91821 1.1485
5.92291 1.148
5.92761 1.1475
5.93231 1.147
5.93701 1.1465
5.94171 1.146
5.94641 1.1455
5.95111 1.145
5.95581 1.1445
5.96051 1.144
5.96521 1.1435
5.96991 1.143
5.97461 1.1425
5.97931 1.142
5.98401 1.1415
5.98871 1.141
5.99341 1.1405
5.99811 1.14
6.00281 1.1395
6.00751 1.139
6.01221 1.1385
6.01691 1.138
6.02161 1.1375
6.02631 1.137
6.03101 1.1365
6.03571 1.136
6.04041 1.1355
6.04511 1.135
6.04981 1.1345
6.05451 1.134
6.05921 1.1335
6.06391 1.133
6.06861 1.1325
6.07331 1.132
6.07801 1.1315
6.08271 1.131
6.08741 1.1305
6.09211 1.13
6.09681 1.1295
6.10151 1.129
6.10621 1.1285
6.11091 1.128
6.11561 1.1275
6.12031 1.127
6.12501 1.1265
6.12971 1.126
6.13441 1.1255
6.13911 1.125
6.14381 1.1245
6.14851 1.124
6.15321 1.1235
6.15791 1.123
6.16261 1.1225
6.16731 1.122
6.17201 1.1215
6.17671 1.121
6.18141 1.1205
6.18611 1.12
6.19081 1.1195
6.19551 1.119
6.20021 1.1185
6.20491 1.118
6.20961 1.1175
6.21431 1.117
6.21901 1.1165
6.22371 1.116
6.22841 1.1155
6.23311 1.115
6.23781 1.1145
6.24251 1.114
6.24721 1.1135
6.25191 1.113
6.25661 1.1125
6.26131 1.112
6.26601 1.1115
6.27071 1.111
6.27541 1.1105
6.28011 1.11
6.28481 1.1095
6.28951 1.109
6.29421 1.1085
6.29891 1.108
6.30361 1.1075
6.30831 1.107
6.31301 1.1065
6.31771 1.106
6.32241 1.1055
6.32711 1.105
6.33181 1.1045
6.33651 1.104
6.34121 1.1035
6.34591 1.103
6.35061 1.1025
6.35531 1.102
6.36001 1.1015
6.36471 1.101
6.36941 1.1005
6.37411 1.1
6.37881 1.0995
6.38351 1.099
6.38821 1.0985
6.39291 1.098
6.39761 1.0975
6.40231 1.097
6.40701 1.0965
6.41171 1.096
6.41641 1.0955
6.42111 1.095
6.42581 1.0945
6.43051 1.094
6.43521 1.0935
6.43621 1.093
6.43521 1.0925
6.43421 1.092
6.43321 1.0915
6.43221 1.091
6.43121 1.0905
6.43021 1.09
6.42921 1.0895
6.42821 1.089
6.42721 1.0885
6.42621 1.088
6.42521 1.0875
6.42421 1.087
6.42321 1.0865
6.4222 1.086
6.4212 1.0855
6.4202 1.085
6.4192 1.0845
6.4182 1.084
6.4172 1.0835
6.4162 1.083
6.4152 1.0825
6.4142 1.082
6.4132 1.0815
6.4122 1.081
6.4112 1.0805
6.4102 1.08
6.4092 1.0795
6.4082 1.079
6.4072 1.0785
6.4062 1.078
6.4052 1.0775
6.4042 1.077
6.4032 1.0765
6.4022 1.076
6.4012 1.0755
6.4002 1.075
6.3992 1.0745
6.3982 1.074
6.3972 1.0735
6.3962 1.073
6.3952 1.0725
6.3942 1.072
6.3932 1.0715
6.3922 1.071
6.3912 1.0705
6.3902 1.07
6.3892 1.0695
6.3882 1.069
6.3872 1.0685
6.3862 1.068
6.3852 1.0675
6.3842 1.067
6.3832 1.0665
6.3822 1.066
6.3812 1.0655
6.3802 1.065
6.3792 1.0645
6.3782 1.064
6.3772 1.0635
6.3762 1.063
6.3752 1.0625
6.3742 1.062
6.3732 1.0615
6.3722 1.061
6.3712 1.0605
6.3702 1.06
6.3692 1.0595
6.3682 1.059
6.3672 1.0585
6.3662 1.058
6.3652 1.0575
6.3642 1.057
6.3632 1.0565
6.3622 1.056
6.3612 1.0555
6.3602 1.055
6.3592 1.0545
6.3582 1.054
6.3572 1.0535
6.3562 1.053
6.3552 1.0525
6.3542 1.052
6.3532 1.0515
6.3522 1.051
6.3512 1.0505
6.3502 1.05
6.3492 1.0495
6.3482 1.049
6.3472 1.0485
6.3462 1.048
6.3452 1.0475
6.3442 1.047
6.3432 1.0465
6.3422 1.046
6.3412 1.0455
6.3402 1.045
6.3392 1.0445
6.3382 1.044
6.3372 1.0435
6.3362 1.043
6.3352 1.0425
6.3342 1.042
6.3332 1.0415
6.3322 1.041
6.3312 1.0405
6.3302 1.04
6.3292 1.0395
6.3282 1.039
6.3272 1.0385
6.3262 1.038
6.3252 1.0375
6.3242 1.037
6.3232 1.0365
6.3222 1.036
6.3212 1.0355
6.3202 1.035
6.3192 1.0345
6.3182 1.034
6.3172 1.0335
6.3162 1.033
6.3152 1.0325
6.3142 1.032
6.3132 1.0315
6.3122 1.031
6.3112 1.0305
6.3102 1.03
6.3092 1.0295
6.3082 1.029
6.3072 1.0285
6.3062 1.028
6.3052 1.0275
6.3042 1.027
6.3032 1.0265
6.3022 1.026
6.3012 1.0255
6.3002 1.025
6.2992 1.0245
6.2982 1.024
6.2972 1.0235
6.2962 1.023
6.2952 1.0225
6.2942 1.022
6.2932 1.0215
6.2922 1.021
6.2912 1.0205
6.2902 1.02
6.2892 1.0195
6.2882 1.019
6.2872 1.0185
6.2862 1.018
6.2852 1.0175
6.2842 1.017
6.2832 1.0165
6.2822 1.016
6.2812 1.0155
6.2802 1.015
6.2792 1.0145
6.2782 1.014
6.2772 1.0135
6.2762 1.013
6.2752 1.0125
6.2742 1.012
6.2732 1.0115
6.2722 1.011
6.2712 1.0105
6.2702 1.01
6.2692 1.0095
6.2682 1.009
6.2672 1.0085
6.2662 1.008
6.2652 1.0075
6.2642 1.007
6.2632 1.0065
6.2622 1.006
6.2612 1.0055
6.2602 1.005
6.2592 1.0045
6.2582 1.004
6.2572 1.0035
6.2562 1.003
6.2552 1.0025
6.2542 1.002
6.2532 1.0015
6.2522 1.001
6.2512 1.0005
6.2522 1
