Man
0 0
0 0.001
0 0.002
0 0.003
0 0.004
0 0.005
0 0.006
0 0.007
0 0.008
0 0.009
0 0.01
0 0.011
0 0.012
0 0.013
0 0.014
0 0.015
0 0.016
0 0.017
0 0.018
0 0.019
0 0.02
0 0.021
0 0.022
0 0.023
0 0.024
0 0.025
0 0.026
0 0.027
0 0.028
0 0.029
0 0.03
0 0.031
0 0.032
0 0.033
0 0.034
0 0.035
0 0.036
0 0.037
0 0.038
0 0.039
0 0.04
0 0.041
0 0.042
0 0.043
0 0.044
0 0.045
0 0.046
0 0.047
0 0.048
0 0.049
0 0.05
0 0.051
0 0.052
0 0.053
0 0.054
0 0.055
0 0.056
0 0.057
0 0.058
0 0.059
0 0.06
0 0.061
0 0.062
0 0.063
0 0.064
0 0.065
0 0.066
0 0.067
0 0.068
0 0.069
0 0.07
0 0.071
0 0.072
0 0.073
0 0.074
0 0.075
0 0.076
0 0.077
0 0.078
0 0.079
0 0.08
0 0.081
0 0.082
0 0.083
0 0.084
0 0.085
0 0.086
0 0.087
0 0.088
0 0.089
0 0.09
0 0.091
0 0.092
0 0.093
0 0.094
0 0.095
0 0.096
-0.384845 0.097
-0.384845 0.098
-0.384845 0.099
-0.384845 0.1
-0.384845 0.101
-0.384845 0.102
-0.384845 0.103
-0.384845 0.104
-0.384845 0.105
-0.384845 0.106
-0.384845 0.107
-0.196271 0.108
-0.196271 0.109
-0.196271 0.11
-0.196271 0.111
-0.196271 0.112
-0.196271 0.113
-0.196271 0.114
-0.196271 0.115
-0.196271 0.116
-0.196271 0.117
-0.196271 0.118
-0.196271 0.119
-0.196271 0.12
-0.196271 0.121
-0.328273 0.122
-0.392954 0.123
-0.392954 0.124
-0.392954 0.125
-0.392954 0.126
-0.392954 0.127
-0.43823 0.128
-0.43823 0.129
-0.465951 0.13
-0.465951 0.131
-0.465951 0.132
-0.488136 0.133
-0.488136 0.134
-0.488136 0.135
-0.507541 0.136
-0.507541 0.137
-0.507541 0.138
-0.507541 0.139
-0.507541 0.14
-0.521124 0.141
-0.521124 0.142
-0.521124 0.143
-0.552817 0.144
-0.562325 0.145
-0.577855 0.146
-0.591438 0.147
-0.591438 0.148
-0.591438 0.149
-0.591438 0.15
-0.600946 0.151
-0.600946 0.152
-0.623132 0.153
-0.623132 0.154
-0.63264 0.155
-0.63264 0.156
-0.639296 0.157
-0.639296 0.158
-0.639296 0.159
-0.645951 0.16
-0.652607 0.161
-0.668137 0.162
-0.683667 0.163
-0.690322 0.164
-0.690322 0.165
-0.705852 0.166
-0.721382 0.167
-0.721382 0.168
-0.705852 0.169
-0.705852 0.17
-0.690322 0.171
-0.690322 0.172
-0.705852 0.173
-0.705852 0.174
-0.690322 0.175
-0.690322 0.176
-0.674793 0.177
-0.674793 0.178
-0.659301 0.179
-0.651691 0.18
-0.643771 0.181
-0.636162 0.182
-0.628552 0.183
-0.620942 0.184
-0.613333 0.185
-0.605723 0.186
-0.613333 0.187
-0.605723 0.188
-0.613333 0.189
-0.605723 0.19
-0.613333 0.191
-0.605723 0.192
-0.613333 0.193
-0.605723 0.194
-0.613333 0.195
-0.605723 0.196
-0.613333 0.197
-0.605723 0.198
-0.613333 0.199
-0.605723 0.2
-0.613333 0.201
-0.605723 0.202
-0.613333 0.203
-0.605723 0.204
-0.613333 0.205
-0.605723 0.206
-0.613333 0.207
-0.605723 0.208
-0.613333 0.209
-0.605723 0.21
-0.613333 0.211
-0.605748 0.212
-0.613168 0.213
-0.620431 0.214
-0.625431 0.215
-0.625431 0.216
-0.625431 0.217
-0.625431 0.218
-0.625431 0.219
-0.625431 0.22
-0.625431 0.221
-0.625431 0.222
-0.625431 0.223
-0.625431 0.224
-0.625431 0.225
-0.625431 0.226
-0.625431 0.227
-0.625431 0.228
-0.625431 0.229
-0.625431 0.23
-0.625431 0.231
-0.625431 0.232
-0.625431 0.233
-0.625431 0.234
-0.625431 0.235
-0.625431 0.236
-0.625431 0.237
-0.625431 0.238
-0.625431 0.239
-0.625431 0.24
-0.625431 0.241
-0.625431 0.242
-0.625431 0.243
-0.625431 0.244
-0.625431 0.245
-0.625431 0.246
-0.625431 0.247
-0.625431 0.248
-0.625431 0.249
-0.625431 0.25
-0.625431 0.251
-0.625431 0.252
-0.625431 0.253
-0.625431 0.254
-0.625431 0.255
-0.625431 0.256
-0.625431 0.257
-0.625431 0.258
-0.625431 0.259
-0.625431 0.26
-0.625431 0.261
-0.625431 0.262
-0.625431 0.263
-0.625431 0.264
-0.625431 0.265
-0.625431 0.266
-0.625431 0.267
-0.625431 0.268
-0.625431 0.269
-0.625431 0.27
-0.625431 0.271
-0.625431 0.272
-0.625431 0.273
-0.625431 0.274
-0.625431 0.275
-0.625431 0.276
-0.625431 0.277
-0.625431 0.278
-0.625431 0.279
-0.625431 0.28
-0.625431 0.281
-0.625431 0.282
-0.625431 0.283
-0.625431 0.284
-0.625431 0.285
-0.625431 0.286
-0.625431 0.287
-0.625431 0.288
-0.625431 0.289
-0.625431 0.29
-0.625431 0.291
-0.625431 0.292
-0.625431 0.293
-0.625431 0.294
-0.625431 0.295
-0.625431 0.296
-0.625431 0.297
-0.625431 0.298
-0.625431 0.299
-0.625431 0.3
-0.625431 0.301
-0.625431 0.302
-0.625431 0.303
-0.625431 0.304
-0.625431 0.305
-0.625431 0.306
-0.625431 0.307
-0.625431 0.308
-0.625431 0.309
-0.625431 0.31
-0.625431 0.311
-0.625431 0.312
-0.625431 0.313
-0.625431 0.314
-0.625431 0.315
-0.625431 0.316
-0.625431 0.317
-0.625431 0.318
-0.625431 0.319
-0.625431 0.32
-0.625431 0.321
-0.625431 0.322
-0.625431 0.323
-0.625431 0.324
-0.625431 0.325
-0.625431 0.326
-0.625431 0.327
-0.625431 0.328
-0.625431 0.329
-0.625431 0.33
-0.625431 0.331
-0.625431 0.332
-0.625431 0.333
-0.625431 0.334
-0.625431 0.335
-0.625431 0.336
-0.625431 0.337
-0.625431 0.338
-0.625431 0.339
-0.625431 0.34
-0.625431 0.341
-0.625431 0.342
-0.625431 0.343
-0.625431 0.344
-0.625431 0.345
-0.625431 0.346
-0.625431 0.347
-0.625431 0.348
-0.625431 0.349
-0.625431 0.35
-0.625431 0.351
-0.625431 0.352
-0.625431 0.353
-0.625431 0.354
-0.625431 0.355
-0.625431 0.356
-0.625431 0.357
-0.625431 0.358
-0.625431 0.359
-0.625431 0.36
-0.625431 0.361
-0.625431 0.362
-0.625431 0.363
-0.625431 0.364
-0.625431 0.365
-0.625431 0.366
-0.625431 0.367
-0.625431 0.368
-0.625431 0.369
-0.625431 0.37
-0.625431 0.371
-0.625431 0.372
-0.625431 0.373
-0.625431 0.374
-0.625431 0.375
-0.625431 0.376
-0.625431 0.377
-0.625431 0.378
-0.625431 0.379
-0.625431 0.38
-0.625431 0.381
-0.625431 0.382
-0.625431 0.383
-0.625431 0.384
-0.625431 0.385
-0.625431 0.386
-0.625431 0.387
-0.625431 0.388
-0.625431 0.389
-0.625431 0.39
-0.625431 0.391
-0.625431 0.392
-0.625431 0.393
-0.625431 0.394
-0.625431 0.395
-0.625431 0.396
-0.625431 0.397
-0.625431 0.398
-0.625431 0.399
-0.625431 0.4
-0.625431 0.401
-0.625431 0.402
-0.625431 0.403
-0.625431 0.404
-0.625431 0.405
-0.625431 0.406
-0.625431 0.407
-0.625431 0.408
-0.625431 0.409
-0.625431 0.41
-0.625431 0.411
-0.625431 0.412
-0.625431 0.413
-0.625431 0.414
-0.625431 0.415
-0.625431 0.416
-0.625431 0.417
-0.625431 0.418
-0.625431 0.419
-0.625431 0.42
-0.625431 0.421
-0.625431 0.422
-0.625431 0.423
-0.625431 0.424
-0.625431 0.425
-0.625431 0.426
-0.625431 0.427
-0.625431 0.428
-0.625431 0.429
-0.625431 0.43
-0.625431 0.431
-0.625431 0.432
-0.625431 0.433
-0.625431 0.434
-0.625431 0.435
-0.625431 0.436
-0.625431 0.437
-0.625431 0.438
-0.625431 0.439
-0.625431 0.44
-0.625431 0.441
-0.625431 0.442
-0.625431 0.443
-0.625431 0.444
-0.625431 0.445
-0.625431 0.446
-0.625431 0.447
-0.625431 0.448
-0.625431 0.449
-0.625431 0.45
-0.625431 0.451
-0.625431 0.452
-0.625431 0.453
-0.625431 0.454
-0.625431 0.455
-0.625431 0.456
-0.625431 0.457
-0.625431 0.458
-0.625431 0.459
-0.625431 0.46
-0.625431 0.461
-0.625431 0.462
-0.625431 0.463
-0.625431 0.464
-0.625431 0.465
-0.625431 0.466
-0.625431 0.467
-0.625431 0.468
-0.625431 0.469
-0.625431 0.47
-0.625431 0.471
-0.625431 0.472
-0.625431 0.473
-0.625431 0.474
-0.625431 0.475
-0.625431 0.476
-0.625431 0.477
-0.625431 0.478
-0.625431 0.479
-0.625431 0.48
-0.625431 0.481
-0.625431 0.482
-0.625431 0.483
-0.625431 0.484
-0.625431 0.485
-0.625431 0.486
-0.625431 0.487
-0.625431 0.488
-0.625431 0.489
-0.625431 0.49
-0.625431 0.491
-0.625431 0.492
-0.625431 0.493
-0.625431 0.494
-0.625431 0.495
-0.625431 0.496
-0.625431 0.497
-0.625431 0.498
-0.625431 0.499
-0.625431 0.5
-0.625431 0.501
-0.625431 0.502
-0.625431 0.503
-0.625431 0.504
-0.625431 0.505
-0.625431 0.506
-0.625431 0.507
-0.625431 0.508
-0.625431 0.509
-0.625431 0.51
-0.625431 0.511
-0.625431 0.512
-0.625431 0.513
-0.625431 0.514
-0.625431 0.515
-0.625431 0.516
-0.625431 0.517
-0.625431 0.518
-0.625431 0.519
-0.625431 0.52
-0.625431 0.521
-0.625431 0.522
-0.625431 0.523
-0.625431 0.524
-0.625431 0.525
-0.625431 0.526
-0.625431 0.527
-0.625431 0.528
-0.625431 0.529
-0.625431 0.53
-0.625431 0.531
-0.625431 0.532
-0.625431 0.533
-0.625431 0.534
-0.625431 0.535
-0.625431 0.536
-0.625431 0.537
-0.625431 0.538
-0.625431 0.539
-0.625431 0.54
-0.625431 0.541
-0.625431 0.542
-0.625431 0.543
-0.625431 0.544
-0.625431 0.545
-0.625431 0.546
-0.625431 0.547
-0.625431 0.548
-0.625431 0.549
-0.625431 0.55
-0.625431 0.551
-0.625431 0.552
-0.625431 0.553
-0.625431 0.554
-0.625431 0.555
-0.625431 0.556
-0.625431 0.557
-0.625431 0.558
-0.625431 0.559
-0.625431 0.56
-0.625431 0.561
-0.625431 0.562
-0.625431 0.563
-0.625431 0.564
-0.625431 0.565
-0.625431 0.566
-0.625431 0.567
-0.625431 0.568
-0.625431 0.569
-0.625431 0.57
-0.625431 0.571
-0.625431 0.572
-0.625431 0.573
-0.625431 0.574
-0.625431 0.575
-0.625431 0.576
-0.625431 0.577
-0.625431 0.578
-0.625431 0.579
-0.625431 0.58
-0.625431 0.581
-0.625431 0.582
-0.625431 0.583
-0.625431 0.584
-0.625431 0.585
-0.625431 0.586
-0.625431 0.587
-0.625431 0.588
-0.625431 0.589
-0.625431 0.59
-0.625431 0.591
-0.625431 0.592
-0.625431 0.593
-0.625431 0.594
-0.625431 0.595
-0.625431 0.596
-0.625431 0.597
-0.625431 0.598
-0.625431 0.599
-0.625431 0.6
-0.625431 0.601
-0.625431 0.602
-0.625431 0.603
-0.625431 0.604
-0.625431 0.605
-0.625431 0.606
-0.625431 0.607
-0.625431 0.608
-0.625431 0.609
-0.625431 0.61
-0.625431 0.611
-0.625431 0.612
-0.625431 0.613
-0.625431 0.614
-0.625431 0.615
-0.625431 0.616
-0.625431 0.617
-0.625431 0.618
-0.625431 0.619
-0.625431 0.62
-0.625431 0.621
-0.625431 0.622
-0.625431 0.623
-0.625431 0.624
-0.625431 0.625
-0.625431 0.626
-0.625431 0.627
-0.625431 0.628
-0.625431 0.629
-0.625431 0.63
-0.625431 0.631
-0.625431 0.632
-0.625431 0.633
-0.625431 0.634
-0.625431 0.635
-0.625431 0.636
-0.625431 0.637
-0.625431 0.638
-0.625431 0.639
-0.625431 0.64
-0.625431 0.641
-0.625431 0.642
-0.625431 0.643
-0.625431 0.644
-0.625431 0.645
-0.625431 0.646
-0.625431 0.647
-0.625431 0.648
-0.625431 0.649
-0.625431 0.65
-0.625431 0.651
-0.625431 0.652
-0.625431 0.653
-0.625431 0.654
-0.625431 0.655
-0.625431 0.656
-0.625431 0.657
-0.625431 0.658
-0.625431 0.659
-0.625431 0.66
-0.625431 0.661
-0.625431 0.662
-0.625431 0.663
-0.625431 0.664
-0.625431 0.665
-0.625431 0.666
-0.625431 0.667
-0.625431 0.668
-0.625431 0.669
-0.625431 0.67
-0.625431 0.671
-0.625431 0.672
-0.625431 0.673
-0.625431 0.674
-0.625431 0.675
-0.625431 0.676
-0.625431 0.677
-0.625431 0.678
-0.625431 0.679
-0.625431 0.68
-0.625431 0.681
-0.625431 0.682
-0.625431 0.683
-0.625431 0.684
-0.625431 0.685
-0.625431 0.686
-0.625431 0.687
-0.625431 0.688
-0.625431 0.689
-0.625431 0.69
-0.625431 0.691
-0.625431 0.692
-0.625431 0.693
-0.625431 0.694
-0.625431 0.695
-0.625431 0.696
-0.625431 0.697
-0.625431 0.698
-0.625431 0.699
-0.625431 0.7
-0.625431 0.701
-0.625431 0.702
-0.625431 0.703
-0.625431 0.704
-0.625431 0.705
-0.625431 0.706
-0.625431 0.707
-0.625431 0.708
-0.625431 0.709
-0.625431 0.71
-0.625431 0.711
-0.625431 0.712
-0.625431 0.713
-0.625431 0.714
-0.625431 0.715
-0.625431 0.716
-0.625431 0.717
-0.625431 0.718
-0.625431 0.719
-0.625431 0.72
-0.625431 0.721
-0.625431 0.722
-0.625431 0.723
-0.625431 0.724
-0.625431 0.725
-0.625431 0.726
-0.625431 0.727
-0.625431 0.728
-0.625431 0.729
-0.625431 0.73
-0.625431 0.731
-0.625431 0.732
-0.625431 0.733
-0.625431 0.734
-0.625431 0.735
-0.625431 0.736
-0.625431 0.737
-0.625431 0.738
-0.625431 0.739
-0.625431 0.74
-0.625431 0.741
-0.625431 0.742
-0.625431 0.743
-0.625431 0.744
-0.625431 0.745
-0.625431 0.746
-0.625431 0.747
-0.625431 0.748
-0.625431 0.749
-0.625431 0.75
-0.625431 0.751
-0.625431 0.752
-0.625431 0.753
-0.625431 0.754
-0.625431 0.755
-0.625431 0.756
-0.625431 0.757
-0.625431 0.758
-0.625431 0.759
-0.625431 0.76
-0.625431 0.761
-0.625431 0.762
-0.625431 0.763
-0.625431 0.764
-0.625431 0.765
-0.625431 0.766
-0.625431 0.767
-0.625431 0.768
-0.625431 0.769
-0.625431 0.77
-0.625431 0.771
-0.625431 0.772
-0.625431 0.773
-0.625431 0.774
-0.625431 0.775
-0.625431 0.776
-0.625431 0.777
-0.625431 0.778
-0.625431 0.779
-0.625431 0.78
-0.625431 0.781
-0.625431 0.782
-0.625431 0.783
-0.625431 0.784
-0.625431 0.785
-0.625431 0.786
-0.625431 0.787
-0.625431 0.788
-0.625431 0.789
-0.625431 0.79
-0.625431 0.791
-0.625431 0.792
-0.625431 0.793
-0.625431 0.794
-0.625431 0.795
-0.625431 0.796
-0.625431 0.797
-0.625431 0.798
-0.625431 0.799
-0.625431 0.8
-0.625431 0.801
-0.625431 0.802
-0.625431 0.803
-0.625431 0.804
-0.625431 0.805
-0.625431 0.806
-0.625431 0.807
-0.625431 0.808
-0.625431 0.809
-0.625431 0.81
-0.625431 0.811
-0.625431 0.812
-0.625431 0.813
-0.625431 0.814
-0.625431 0.815
-0.625431 0.816
-0.625431 0.817
-0.625431 0.818
-0.625431 0.819
-0.625431 0.82
-0.625431 0.821
-0.625431 0.822
-0.625431 0.823
-0.625431 0.824
-0.625431 0.825
-0.625431 0.826
-0.625431 0.827
-0.625431 0.828
-0.625431 0.829
-0.625431 0.83
-0.625431 0.831
-0.625431 0.832
-0.625431 0.833
-0.625431 0.834
-0.625431 0.835
-0.625431 0.836
-0.625431 0.837
-0.625431 0.838
-0.625431 0.839
-0.625431 0.84
-0.625431 0.841
-0.625431 0.842
-0.625431 0.843
-0.625431 0.844
-0.625431 0.845
-0.625431 0.846
-0.625431 0.847
-0.625431 0.848
-0.625431 0.849
-0.625431 0.85
-0.625431 0.851
-0.625431 0.852
-0.625431 0.853
-0.625431 0.854
-0.625431 0.855
-0.625431 0.856
-0.625431 0.857
-0.625431 0.858
-0.625431 0.859
-0.625431 0.86
-0.625431 0.861
-0.625431 0.862
-0.625431 0.863
-0.625431 0.864
-0.625431 0.865
-0.625431 0.866
-0.625431 0.867
-0.625431 0.868
-0.625431 0.869
-0.625431 0.87
-0.625431 0.871
-0.625431 0.872
-0.625431 0.873
-0.625431 0.874
-0.625431 0.875
-0.625431 0.876
-0.625431 0.877
-0.625431 0.878
-0.625431 0.879
-0.625431 0.88
-0.625431 0.881
-0.625431 0.882
-0.625431 0.883
-0.625431 0.884
-0.625431 0.885
-0.625431 0.886
-0.625431 0.887
-0.625431 0.888
-0.625431 0.889
-0.625431 0.89
-0.625431 0.891
-0.625431 0.892
-0.625431 0.893
-0.625431 0.894
-0.625431 0.895
-0.625431 0.896
-0.625431 0.897
-0.625431 0.898
-0.625431 0.899
-0.625431 0.9
-0.625431 0.901
-0.625431 0.902
-0.625431 0.903
-0.625431 0.904
-0.625431 0.905
-0.625431 0.906
-0.625431 0.907
-0.625431 0.908
-0.625431 0.909
-0.625431 0.91
-0.625431 0.911
-0.625431 0.912
-0.625431 0.913
-0.625431 0.914
-0.625431 0.915
-0.625431 0.916
-0.625431 0.917
-0.625431 0.918
-0.625431 0.919
-0.625431 0.92
-0.625431 0.921
-0.625431 0.922
-0.625431 0.923
-0.625431 0.924
-0.625431 0.925
-0.625431 0.926
-0.625431 0.927
-0.625431 0.928
-0.625431 0.929
-0.625431 0.93
-0.625431 0.931
-0.625431 0.932
-0.625431 0.933
-0.625431 0.934
-0.625431 0.935
-0.625431 0.936
-0.625431 0.937
-0.625431 0.938
-0.625431 0.939
-0.625431 0.94
-0.625431 0.941
-0.625431 0.942
-0.625431 0.943
-0.625431 0.944
-0.625431 0.945
-0.625431 0.946
-0.625431 0.947
-0.625431 0.948
-0.625431 0.949
-0.625431 0.95
-0.625431 0.951
-0.625431 0.952
-0.625431 0.953
-0.625431 0.954
-0.625431 0.955
-0.625431 0.956
-0.625431 0.957
-0.625431 0.958
-0.625431 0.959
-0.625431 0.96
-0.625431 0.961
-0.625431 0.962
-0.625431 0.963
-0.625431 0.964
-0.625431 0.965
-0.625431 0.966
-0.625431 0.967
-0.625431 0.968
-0.625431 0.969
-0.625431 0.97
-0.625431 0.971
-0.625431 0.972
-0.625431 0.973
-0.625431 0.974
-0.625431 0.975
-0.625431 0.976
-0.625431 0.977
-0.625431 0.978
-0.625431 0.979
-0.625431 0.98
-0.625431 0.981
-0.625431 0.982
-0.625431 0.983
-0.625431 0.984
-0.625431 0.985
-0.625431 0.986
-0.625431 0.987
-0.625431 0.988
-0.625431 0.989
-0.625431 0.99
-0.625431 0.991
-0.625431 0.992
-0.625431 0.993
-0.625431 0.994
-0.625431 0.995
-0.625431 0.996
-0.625431 0.997
-0.625431 0.998
-0.625431 0.999
-0.626431 1


Shark
3.14159 1.5
3.13759 1.4995
3.13359 1.499
3.12959 1.4985
3.12559 1.498
3.12159 1.4975
3.11759 1.497
3.11359 1.4965
3.10959 1.496
3.10559 1.4955
3.10159 1.495
3.09759 1.4945
3.09359 1.494
3.08959 1.4935
3.08559 1.493
3.08159 1.4925
3.07759 1.492
3.07359 1.4915
3.06959 1.491
3.06559 1.4905
3.06159 1.49
3.05759 1.4895
3.05359 1.489
3.04959 1.4885
3.04559 1.488
3.04159 1.4875
3.03759 1.487
3.03359 1.4865
3.02959 1.486
3.02559 1.4855
3.02159 1.485
3.01759 1.4845
3.01359 1.484
3.00959 1.4835
3.00559 1.483
3.00159 1.4825
2.99759 1.482
2.99359 1.4815
2.98959 1.481
2.98559 1.4805
2.98159 1.48
2.97759 1.4795
2.97359 1.479
2.96959 1.4785
2.96559 1.478
2.96159 1.4775
2.95759 1.477
2.95359 1.4765
2.94959 1.476
2.94559 1.4755
2.94159 1.475
2.93759 1.4745
2.93359 1.474
2.92959 1.4735
2.92559 1.473
2.92159 1.4725
2.91759 1.472
2.91359 1.4715
2.90959 1.471
2.90559 1.4705
2.90159 1.47
2.89759 1.4695
2.89359 1.469
2.88959 1.4685
2.88559 1.468
2.88159 1.4675
2.87759 1.467
2.87359 1.4665
2.86959 1.466
2.86559 1.4655
2.86159 1.465
2.85759 1.4645
2.85359 1.464
2.84959 1.4635
2.84559 1.463
2.84159 1.4625
2.83759 1.462
2.83359 1.4615
2.82959 1.461
2.82559 1.4605
2.82159 1.46
2.81759 1.4595
2.81359 1.459
2.80959 1.4585
2.80559 1.458
2.80159 1.4575
2.79759 1.457
2.79359 1.4565
2.78959 1.456
2.78559 1.4555
2.78159 1.455
2.77759 1.4545
2.77359 1.454
2.76959 1.4535
2.76559 1.453
2.76159 1.4525
2.75759 1.452
2.90528 1.4515
2.90928 1.451
2.91328 1.4505
2.91728 1.45
2.92128 1.4495
2.92528 1.449
2.92928 1.4485
2.93328 1.448
2.93728 1.4475
2.94128 1.447
2.94528 1.4465
2.86422 1.446
2.86022 1.4455
2.85622 1.445
2.85222 1.4445
2.84822 1.444
2.84422 1.4435
2.84022 1.443
2.83622 1.4425
2.83222 1.442
2.82822 1.4415
2.82422 1.441
2.82022 1.4405
2.81622 1.44
2.81222 1.4395
2.74798 1.439
2.71605 1.4385
2.71205 1.438
2.70805 1.4375
2.70405 1.437
2.70005 1.4365
2.67661 1.436
2.67261 1.4355
2.65771 1.435
2.65371 1.4345
2.64971 1.434
2.63729 1.4335
2.63329 1.433
2.62929 1.4325
2.61804 1.432
2.61404 1.4315
2.61004 1.431
2.60604 1.4305
2.60204 1.43
2.59342 1.4295
2.58942 1.429
2.58542 1.4285
2.56679 1.428
2.55999 1.4275
2.55011 1.427
2.5412 1.4265
2.5372 1.426
2.5332 1.4255
2.5292 1.425
2.52222 1.4245
2.51822 1.424
2.50411 1.4235
2.50011 1.423
2.493 1.4225
2.489 1.422
2.48322 1.4215
2.47922 1.421
2.47522 1.4205
2.46939 1.42
2.46354 1.4195
2.45274 1.419
2.44188 1.4185
2.43597 1.418
2.43197 1.4175
2.42094 1.417
2.43203 1.4165
2.43603 1.416
2.44723 1.4155
2.45123 1.415
2.43991 1.4145
2.43591 1.414
2.44735 1.4135
2.45135 1.413
2.4629 1.4125
2.4669 1.412
2.47857 1.4115
2.48257 1.411
2.49433 1.4105
2.50111 1.41
2.50808 1.4095
2.5149 1.409
2.52175 1.4085
2.52862 1.408
2.53551 1.4075
2.5286 1.407
2.53554 1.4065
2.52857 1.406
2.53556 1.4055
2.52855 1.405
2.53559 1.4045
2.52852 1.404
2.53561 1.4035
2.5285 1.403
2.53564 1.4025
2.52847 1.402
2.53567 1.4015
2.52844 1.401
2.53569 1.4005
2.52842 1.4
2.53572 1.3995
2.52839 1.399
2.53574 1.3985
2.52837 1.398
2.53577 1.3975
2.52834 1.397
2.53579 1.3965
2.52832 1.396
2.53582 1.3955
2.52829 1.395
2.53584 1.3945
2.52828 1.394
2.52082 1.3935
2.51343 1.393
2.50757 1.3925
2.50357 1.392
2.49957 1.3915
2.49557 1.391
2.49157 1.3905
2.48757 1.39
2.48357 1.3895
2.47957 1.389
2.47557 1.3885
2.47157 1.388
2.46757 1.3875
2.46357 1.387
2.45957 1.3865
2.45557 1.386
2.45157 1.3855
2.44757 1.385
2.44357 1.3845
2.43957 1.384
2.43557 1.3835
2.43157 1.383
2.42757 1.3825
2.42357 1.382
2.41957 1.3815
2.41557 1.381
2.41157 1.3805
2.40757 1.38
2.40357 1.3795
2.39957 1.379
2.39557 1.3785
2.39157 1.378
2.38757 1.3775
2.38357 1.377
2.37957 1.3765
2.37557 1.376
2.37157 1.3755
2.36757 1.375
2.36357 1.3745
2.35957 1.374
2.35557 1.3735
2.35157 1.373
2.34757 1.3725
2.34357 1.372
2.33957 1.3715
2.33557 1.371
2.33157 1.3705
2.32757 1.37
2.32357 1.3695
2.31957 1.369
2.31557 1.3685
2.31157 1.368
2.30757 1.3675
2.30357 1.367
2.29957 1.3665
2.29557 1.366
2.29157 1.3655
2.28757 1.365
2.28357 1.3645
2.27957 1.364
2.27557 1.3635
2.27157 1.363
2.26757 1.3625
2.26357 1.362
2.25957 1.3615
2.25557 1.361
2.25157 1.3605
2.24757 1.36
2.24357 1.3595
2.23957 1.359
2.23557 1.3585
2.23157 1.358
2.22757 1.3575
2.22357 1.357
2.21957 1.3565
2.21557 1.356
2.21157 1.3555
2.20757 1.355
2.20357 1.3545
2.19957 1.354
2.19557 1.3535
2.19157 1.353
2.18757 1.3525
2.18357 1.352
2.17957 1.3515
2.17557 1.351
2.17157 1.3505
2.16757 1.35
2.16357 1.3495
2.15957 1.349
2.15557 1.3485
2.15157 1.348
2.14757 1.3475
2.14357 1.347
2.13957 1.3465
2.13557 1.346
2.13157 1.3455
2.12757 1.345
2.12357 1.3445
2.11957 1.344
2.11557 1.3435
2.11157 1.343
2.10757 1.3425
2.10357 1.342
2.09957 1.3415
2.09557 1.341
2.09157 1.3405
2.08757 1.34
2.08357 1.3395
2.07957 1.339
2.07557 1.3385
2.07157 1.338
2.06757 1.3375
2.06357 1.337
2.05957 1.3365
2.05557 1.336
2.05157 1.3355
2.04757 1.335
2.04357 1.3345
2.03957 1.334
2.03557 1.3335
2.03157 1.333
2.02757 1.3325
2.02357 1.332
2.01957 1.3315
2.01557 1.331
2.01157 1.3305
2.00757 1.33
2.00357 1.3295
1.99957 1.329
1.99557 1.3285
1.99157 1.328
1.98757 1.3275
1.98357 1.327
1.97957 1.3265
1.97557 1.326
1.97157 1.3255
1.96757 1.325
1.96357 1.3245
1.95957 1.324
1.95557 1.3235
1.95157 1.323
1.94757 1.3225
1.94357 1.322
1.93957 1.3215
1.93557 1.321
1.93157 1.3205
1.92757 1.32
1.92357 1.3195
1.91957 1.319
1.91557 1.3185
1.91157 1.318
1.90757 1.3175
1.90357 1.317
1.89957 1.3165
1.89557 1.316
1.89157 1.3155
1.88757 1.315
1.88357 1.3145
1.87957 1.314
1.87557 1.3135
1.87157 1.313
1.86757 1.3125
1.86357 1.312
1.85957 1.3115
1.85557 1.311
1.85157 1.3105
1.84757 1.31
1.84357 1.3095
1.83957 1.309
1.83557 1.3085
1.83157 1.308
1.82757 1.3075
1.82357 1.307
1.81957 1.3065
1.81557 1.306
1.81157 1.3055
1.80757 1.305
1.80357 1.3045
1.79957 1.304
1.79557 1.3035
1.79157 1.303
1.78757 1.3025
1.78357 1.302
1.77957 1.3015
1.77557 1.301
1.77157 1.3005
1.76757 1.3
1.76357 1.2995
1.75957 1.299
1.75557 1.2985
1.75157 1.298
1.74757 1.2975
1.74357 1.297
1.73957 1.2965
1.73557 1.296
1.73157 1.2955
1.72757 1.295
1.72357 1.2945
1.71957 1.294
1.71557 1.2935
1.71157 1.293
1.70757 1.2925
1.70357 1.292
1.69957 1.2915
1.69557 1.291
1.69157 1.2905
1.68757 1.29
1.68357 1.2895
1.67957 1.289
1.67557 1.2885
1.67157 1.288
1.66757 1.2875
1.66357 1.287
1.65957 1.2865
1.65557 1.286
1.65157 1.2855
1.64757 1.285
1.64357 1.2845
1.63957 1.284
1.63557 1.2835
1.63157 1.283
1.62757 1.2825
1.62357 1.282
1.61957 1.2815
1.61557 1.281
1.61157 1.2805
1.60757 1.28
1.60357 1.2795
1.59957 1.279
1.59557 1.2785
1.59157 1.278
1.58757 1.2775
1.58357 1.277
1.57957 1.2765
1.57557 1.276
1.57157 1.2755
1.56757 1.275
1.56357 1.2745
1.55957 1.274
1.55557 1.2735
1.55157 1.273
1.54757 1.2725
1.54357 1.272
1.53957 1.2715
1.53557 1.271
1.53157 1.2705
1.52757 1.27
1.52357 1.2695
1.51957 1.269
1.51557 1.2685
1.51157 1.268
1.50757 1.2675
1.50357 1.267
1.49957 1.2665
1.49557 1.266
1.49157 1.2655
1.48757 1.265
1.48357 1.2645
1.47957 1.264
1.47557 1.2635
1.47157 1.263
1.46757 1.2625
1.46357 1.262
1.45957 1.2615
1.45557 1.261
1.45157 1.2605
1.44757 1.26
1.44357 1.2595
1.43957 1.259
1.43557 1.2585
1.43157 1.258
1.42757 1.2575
1.42357 1.257
1.41957 1.2565
1.41557 1.256
1.41157 1.2555
1.40757 1.255
1.40357 1.2545
1.39957 1.254
1.39557 1.2535
1.39157 1.253
1.38757 1.2525
1.38357 1.252
1.37957 1.2515
1.37557 1.251
1.37157 1.2505
1.36757 1.25
1.36357 1.2495
1.35957 1.249
1.35557 1.2485
1.35157 1.248
1.34757 1.2475
1.34357 1.247
1.33957 1.2465
1.33557 1.246
1.33157 1.2455
1.32757 1.245
1.32357 1.2445
1.31957 1.244
1.31557 1.2435
1.31157 1.243
1.30757 1.2425
1.30357 1.242
1.29957 1.2415
1.29557 1.241
1.29157 1.2405
1.28757 1.24
1.28357 1.2395
1.27957 1.239
1.27557 1.2385
1.27157 1.238
1.26757 1.2375
1.26357 1.237
1.25957 1.2365
1.25557 1.236
1.25157 1.2355
1.24757 1.235
1.24357 1.2345
1.23957 1.234
1.23557 1.2335
1.23157 1.233
1.22757 1.2325
1.22357 1.232
1.21957 1.2315
1.21557 1.231
1.21157 1.2305
1.20757 1.23
1.20357 1.2295
1.19957 1.229
1.19557 1.2285
1.19157 1.228
1.18757 1.2275
1.18357 1.227
1.17957 1.2265
1.17557 1.226
1.17157 1.2255
1.16757 1.225
1.16357 1.2245
1.15957 1.224
1.15557 1.2235
1.15157 1.223
1.14757 1.2225
1.14357 1.222
1.13957 1.2215
1.13557 1.221
1.13157 1.2205
1.12757 1.22
1.12357 1.2195
1.11957 1.219
1.11557 1.2185
1.11157 1.218
1.10757 1.2175
1.10357 1.217
1.09957 1.2165
1.09557 1.216
1.09157 1.2155
1.08757 1.215
1.08357 1.2145
1.07957 1.214
1.07557 1.2135
1.07157 1.213
1.06757 1.2125
1.06357 1.212
1.05957 1.2115
1.05557 1.211
1.05157 1.2105
1.04757 1.21
1.04357 1.2095
1.03957 1.209
1.03557 1.2085
1.03157 1.208
1.02757 1.2075
1.02357 1.207
1.01957 1.2065
1.01557 1.206
1.01157 1.2055
1.00757 1.205
1.00357 1.2045
0.999569 1.204
0.995569 1.2035
0.991569 1.203
0.987569 1.2025
0.983569 1.202
0.979569 1.2015
0.975569 1.201
0.971569 1.2005
0.967569 1.2
0.963569 1.1995
0.959569 1.199
0.955569 1.1985
0.951569 1.198
0.947569 1.1975
0.943569 1.197
0.939569 1.1965
0.935569 1.196
0.931569 1.1955
0.927569 1.195
0.923569 1.1945
0.919569 1.194
0.915569 1.1935
0.911569 1.193
0.907569 1.1925
0.903569 1.192
0.899569 1.1915
0.895569 1.191
0.891569 1.1905
0.887569 1.19
0.883569 1.1895
0.879569 1.189
0.875569 1.1885
0.871569 1.188
0.867569 1.1875
0.863569 1.187
0.859569 1.1865
0.855569 1.186
0.851569 1.1855
0.847569 1.185
0.843569 1.1845
0.839569 1.184
0.835569 1.1835
0.831569 1.183
0.827569 1.1825
0.823569 1.182
0.819569 1.1815
0.815569 1.181
0.811569 1.1805
0.807569 1.18
0.803569 1.1795
0.799569 1.179
0.795569 1.1785
0.791569 1.178
0.787569 1.1775
0.783569 1.177
0.779569 1.1765
0.775569 1.176
0.771569 1.1755
0.767569 1.175
0.763569 1.1745
0.759569 1.174
0.755569 1.1735
0.751569 1.173
0.747569 1.1725
0.743569 1.172
0.739569 1.1715
0.735569 1.171
0.731569 1.1705
0.727569 1.17
0.723569 1.1695
0.719569 1.169
0.715569 1.1685
0.711569 1.168
0.707569 1.1675
0.703569 1.167
0.699569 1.1665
0.695569 1.166
0.691569 1.1655
0.687569 1.165
0.683569 1.1645
0.679569 1.164
0.675569 1.1635
0.671569 1.163
0.667569 1.1625
0.663569 1.162
0.659569 1.1615
0.655569 1.161
0.651569 1.1605
0.647569 1.16
0.643569 1.1595
0.639569 1.159
0.635569 1.1585
0.631569 1.158
0.627569 1.1575
0.623569 1.157
0.619569 1.1565
0.615569 1.156
0.611569 1.1555
0.607569 1.155
0.603569 1.1545
0.599569 1.154
0.595569 1.1535
0.591569 1.153
0.587569 1.1525
0.583569 1.152
0.579569 1.1515
0.575569 1.151
0.571569 1.1505
0.567569 1.15
0.563569 1.1495
0.559569 1.149
0.555569 1.1485
0.551569 1.148
0.547569 1.1475
0.543569 1.147
0.539569 1.1465
0.535569 1.146
0.531569 1.1455
0.527569 1.145
0.523569 1.1445
0.519569 1.144
0.515569 1.1435
0.511569 1.143
0.507569 1.1425
0.503569 1.142
0.499569 1.1415
0.495569 1.141
0.491569 1.1405
0.487569 1.14
0.483569 1.1395
0.479569 1.139
0.475569 1.1385
0.471569 1.138
0.467569 1.1375
0.463569 1.137
0.459569 1.1365
0.455569 1.136
0.451569 1.1355
0.447569 1.135
0.443569 1.1345
0.439569 1.134
0.435569 1.1335
0.431569 1.133
0.427569 1.1325
0.423569 1.132
0.419569 1.1315
0.415569 1.131
0.411569 1.1305
0.407569 1.13
0.403569 1.1295
0.399569 1.129
0.395569 1.1285
0.391569 1.128
0.387569 1.1275
0.383569 1.127
0.379569 1.1265
0.375569 1.126
0.371569 1.1255
0.367569 1.125
0.363569 1.1245
0.359569 1.124
0.355569 1.1235
0.351569 1.123
0.347569 1.1225
0.343569 1.122
0.339569 1.1215
0.335569 1.121
0.331569 1.1205
0.327569 1.12
0.323569 1.1195
0.319569 1.119
0.315569 1.1185
0.311569 1.118
0.307569 1.1175
0.303569 1.117
0.299569 1.1165
0.295569 1.116
0.291569 1.1155
0.287569 1.115
0.283569 1.1145
0.279569 1.114
0.275569 1.1135
0.271569 1.113
0.267569 1.1125
0.263569 1.112
0.259569 1.1115
0.255569 1.111
0.251569 1.1105
0.247569 1.11
0.243569 1.1095
0.239569 1.109
0.235569 1.1085
0.231569 1.108
0.227569 1.1075
0.223569 1.107
0.219569 1.1065
0.215569 1.106
0.211569 1.1055
0.207569 1.105
0.203569 1.1045
0.199569 1.104
0.195569 1.1035
0.191569 1.103
0.187569 1.1025
0.183569 1.102
0.179569 1.1015
0.175569 1.101
0.171569 1.1005
0.167569 1.1
0.163569 1.0995
0.159569 1.099
0.155569 1.0985
0.151569 1.098
0.147569 1.0975
0.143569 1.097
0.139569 1.0965
0.135569 1.096
0.131569 1.0955
0.127569 1.095
0.123569 1.0945
0.119569 1.094
0.115569 1.0935
0.111569 1.093
0.107569 1.0925
0.103569 1.092
0.0995691 1.0915
0.0955691 1.091
0.0915691 1.0905
0.0875691 1.09
0.0835691 1.0895
0.0795691 1.089
0.0755691 1.0885
0.0715691 1.088
0.0675691 1.0875
0.0635691 1.087
0.0595691 1.0865
0.0555691 1.086
0.0515691 1.0855
0.0475691 1.085
0.0435691 1.0845
0.0395691 1.084
0.0355691 1.0835
0.0315691 1.083
0.0275691 1.0825
0.0235691 1.082
0.0195691 1.0815
0.0155691 1.081
0.0115691 1.0805
0.0075691 1.08
0.0035691 1.0795
-0.000430898 1.079
-0.0044309 1.0785
-0.0084309 1.078
-0.0124309 1.0775
-0.0164309 1.077
-0.0204309 1.0765
-0.0244309 1.076
-0.0284309 1.0755
-0.0324309 1.075
-0.0364309 1.0745
-0.0404309 1.074
-0.0444309 1.0735
-0.0484309 1.073
-0.0524309 1.0725
-0.0564309 1.072
-0.0604309 1.0715
-0.0644309 1.071
-0.0684309 1.0705
-0.0724309 1.07
-0.0764309 1.0695
-0.0804309 1.069
-0.0844309 1.0685
-0.0884309 1.068
-0.0924309 1.0675
-0.0964309 1.067
-0.100431 1.0665
-0.104431 1.066
-0.108431 1.0655
-0.112431 1.065
-0.116431 1.0645
-0.120431 1.064
-0.124431 1.0635
-0.128431 1.063
-0.132431 1.0625
-0.136431 1.062
-0.140431 1.0615
-0.144431 1.061
-0.148431 1.0605
-0.152431 1.06
-0.156431 1.0595
-0.160431 1.059
-0.164431 1.0585
-0.168431 1.058
-0.172431 1.0575
-0.176431 1.057
-0.180431 1.0565
-0.184431 1.056
-0.188431 1.0555
-0.192431 1.055
-0.196431 1.0545
-0.200431 1.054
-0.204431 1.0535
-0.208431 1.053
-0.212431 1.0525
-0.216431 1.052
-0.220431 1.0515
-0.224431 1.051
-0.228431 1.0505
-0.232431 1.05
-0.236431 1.0495
-0.240431 1.049
-0.244431 1.0485
-0.248431 1.048
-0.252431 1.0475
-0.256431 1.047
-0.260431 1.0465
-0.264431 1.046
-0.268431 1.0455
-0.272431 1.045
-0.276431 1.0445
-0.280431 1.044
-0.284431 1.0435
-0.288431 1.043
-0.292431 1.0425
-0.296431 1.042
-0.300431 1.0415
-0.304431 1.041
-0.308431 1.0405
-0.312431 1.04
-0.316431 1.0395
-0.320431 1.039
-0.324431 1.0385
-0.328431 1.038
-0.332431 1.0375
-0.336431 1.037
-0.340431 1.0365
-0.344431 1.036
-0.348431 1.0355
-0.352431 1.035
-0.356431 1.0345
-0.360431 1.034
-0.364431 1.0335
-0.368431 1.033
-0.372431 1.0325
-0.376431 1.032
-0.380431 1.0315
-0.384431 1.031
-0.388431 1.0305
-0.392431 1.03
-0.396431 1.0295
-0.400431 1.029
-0.404431 1.0285
-0.408431 1.028
-0.412431 1.0275
-0.416431 1.027
-0.420431 1.0265
-0.424431 1.026
-0.428431 1.0255
-0.432431 1.025
-0.436431 1.0245
-0.440431 1.024
-0.444431 1.0235
-0.448431 1.023
-0.452431 1.0225
-0.456431 1.022
-0.460431 1.0215
-0.464431 1.021
-0.468431 1.0205
-0.472431 1.02
-0.476431 1.0195
-0.480431 1.019
-0.484431 1.0185
-0.488431 1.018
-0.492431 1.0175
-0.496431 1.017
-0.500431 1.0165
-0.504431 1.016
-0.508431 1.0155
-0.512431 1.015
-0.516431 1.0145
-0.520431 1.014
-0.524431 1.0135
-0.528431 1.013
-0.532431 1.0125
-0.536431 1.012
-0.540431 1.0115
-0.544431 1.011
-0.548431 1.0105
-0.552431 1.01
-0.556431 1.0095
-0.560431 1.009
-0.564431 1.0085
-0.568431 1.008
-0.572431 1.0075
-0.576431 1.007
-0.580431 1.0065
-0.584431 1.006
-0.588431 1.0055
-0.592431 1.005
-0.596431 1.0045
-0.600431 1.004
-0.604431 1.0035
-0.608431 1.003
-0.612431 1.0025
-0.616431 1.002
-0.620431 1.0015
-0.624431 1.001
-0.625431 1.0005
-0.626431 1
