Man
0 0
0 0.001
0 0.002
0 0.003
0 0.004
0 0.005
0 0.006
0 0.007
0 0.008
0 0.009
0 0.01
0 0.011
0 0.012
0 0.013
0 0.014
0 0.015
0 0.016
0 0.017
0 0.018
0 0.019
0 0.02
0 0.021
0 0.022
0 0.023
0 0.024
0 0.025
0 0.026
0 0.027
0 0.028
0 0.029
0 0.03
0 0.031
-0.000191748 0.032
-0.000383495 0.033
-0.000575243 0.034
-0.00076699 0.035
-0.000958738 0.036
-0.000639159 0.037
0.000894822 0.038
0.00345146 0.039
0.00703075 0.04
0.0126553 0.041
-0.00626375 0.042
-0.0256942 0.043
-0.0461473 0.044
-0.067623 0.045
-0.0901214 0.046
-0.114665 0.047
-0.114665 0.048
-0.114665 0.049
-0.114665 0.05
-0.114665 0.051
-0.114665 0.052
-0.114665 0.053
-0.114665 0.054
-0.114665 0.055
-0.114665 0.056
-0.114665 0.057
-0.114665 0.058
-0.114665 0.059
-0.114665 0.06
-0.114665 0.061
-0.114665 0.062
-0.114665 0.063
-0.115049 0.064
-0.115432 0.065
-0.115816 0.066
-0.116199 0.067
-0.116583 0.068
-0.115943 0.069
-0.113898 0.07
-0.11083 0.071
-0.105717 0.072
-0.096513 0.073
-0.111853 0.074
-0.128215 0.075
-0.1456 0.076
-0.164008 0.077
-0.184461 0.078
-0.209005 0.079
-0.201669 0.08
-0.206606 0.081
-0.211542 0.082
-0.216478 0.083
-0.221414 0.084
-0.22635 0.085
-0.238622 0.086
-0.246804 0.087
-0.254985 0.088
-0.264189 0.089
-0.27237 0.09
-0.278506 0.091
-0.284642 0.092
-0.2918 0.093
-0.297936 0.094
-0.302027 0.095
-0.305095 0.096
-0.310208 0.097
-0.315321 0.098
-0.319412 0.099
-0.324525 0.1
-0.330661 0.101
-0.338842 0.102
-0.355205 0.103
-0.371567 0.104
-0.377703 0.105
-0.383839 0.106
-0.389975 0.107
-0.396111 0.108
-0.398156 0.109
-0.400202 0.11
-0.408383 0.111
-0.416564 0.112
-0.424745 0.113
-0.432927 0.114
-0.437017 0.115
-0.445198 0.116
-0.449289 0.117
-0.45338 0.118
-0.456959 0.119
-0.460027 0.12
-0.463095 0.121
-0.466163 0.122
-0.469231 0.123
-0.472299 0.124
-0.475878 0.125
-0.484059 0.126
-0.49224 0.127
-0.496331 0.128
-0.500422 0.129
-0.504512 0.13
-0.512694 0.131
-0.516784 0.132
-0.520875 0.133
-0.524965 0.134
-0.529056 0.135
-0.535192 0.136
-0.539283 0.137
-0.543373 0.138
-0.547464 0.139
-0.551554 0.14
-0.555645 0.141
-0.559736 0.142
-0.561781 0.143
-0.565872 0.144
-0.569962 0.145
-0.574053 0.146
-0.578143 0.147
-0.582234 0.148
-0.586325 0.149
-0.590415 0.15
-0.594506 0.151
-0.598596 0.152
-0.602687 0.153
-0.606778 0.154
-0.610868 0.155
-0.614959 0.156
-0.61905 0.157
-0.62314 0.158
-0.627231 0.159
-0.631321 0.16
-0.635412 0.161
-0.639503 0.162
-0.643593 0.163
-0.647684 0.164
-0.651774 0.165
-0.655865 0.166
-0.659956 0.167
-0.662001 0.168
-0.666092 0.169
-0.670182 0.17
-0.676318 0.171
-0.680409 0.172
-0.684499 0.173
-0.68859 0.174
-0.690635 0.175
-0.694726 0.176
-0.698817 0.177
-0.702907 0.178
-0.706998 0.179
-0.711088 0.18
-0.715179 0.181
-0.71927 0.182
-0.72336 0.183
-0.727451 0.184
-0.731541 0.185
-0.735632 0.186
-0.739723 0.187
-0.743813 0.188
-0.747904 0.189
-0.751995 0.19
-0.756085 0.191
-0.760176 0.192
-0.764266 0.193
-0.768357 0.194
-0.772448 0.195
-0.776538 0.196
-0.780629 0.197
-0.784719 0.198
-0.78881 0.199
-0.792901 0.2
-0.796991 0.201
-0.801082 0.202
-0.805173 0.203
-0.809263 0.204
-0.813354 0.205
-0.817444 0.206
-0.821535 0.207
-0.825626 0.208
-0.829716 0.209
-0.833807 0.21
-0.837897 0.211
-0.840965 0.212
-0.843011 0.213
-0.845056 0.214
-0.847101 0.215
-0.849147 0.216
-0.851192 0.217
-0.852726 0.218
-0.853749 0.219
-0.854771 0.22
-0.855794 0.221
-0.856817 0.222
-0.857839 0.223
-0.858606 0.224
-0.859118 0.225
-0.859629 0.226
-0.86014 0.227
-0.860652 0.228
-0.861163 0.229
-0.861546 0.23
-0.861802 0.231
-0.862058 0.232
-0.862313 0.233
-0.862569 0.234
-0.862825 0.235
-0.863016 0.236
-0.863144 0.237
-0.863272 0.238
-0.8634 0.239
-0.863528 0.24
-0.863656 0.241
-0.863751 0.242
-0.863815 0.243
-0.863879 0.244
-0.863943 0.245
-0.864007 0.246
-0.864071 0.247
-0.864119 0.248
-0.864151 0.249
-0.864183 0.25
-0.864215 0.251
-0.864247 0.252
-0.864279 0.253
-0.864303 0.254
-0.864319 0.255
-0.864335 0.256
-0.864351 0.257
-0.864367 0.258
-0.864383 0.259
-0.864395 0.26
-0.864403 0.261
-0.864411 0.262
-0.864419 0.263
-0.864427 0.264
-0.864435 0.265
-0.864441 0.266
-0.864445 0.267
-0.864449 0.268
-0.864453 0.269
-0.864457 0.27
-0.86446 0.271
-0.864463 0.272
-0.864465 0.273
-0.864467 0.274
-0.864469 0.275
-0.864471 0.276
-0.864473 0.277
-0.864475 0.278
-0.864476 0.279
-0.864477 0.28
-0.864478 0.281
-0.864479 0.282
-0.86448 0.283
-0.864481 0.284
-0.864481 0.285
-0.864482 0.286
-0.864482 0.287
-0.864483 0.288
-0.864483 0.289
-0.864484 0.29
-0.864484 0.291
-0.864484 0.292
-0.864484 0.293
-0.864485 0.294
-0.864485 0.295
-0.864485 0.296
-0.864485 0.297
-0.864485 0.298
-0.864485 0.299
-0.864486 0.3
-0.864486 0.301
-0.864486 0.302
-0.864486 0.303
-0.864486 0.304
-0.864486 0.305
-0.864486 0.306
-0.864486 0.307
-0.864486 0.308
-0.864486 0.309
-0.864486 0.31
-0.864486 0.311
-0.864486 0.312
-0.864486 0.313
-0.864486 0.314
-0.864486 0.315
-0.864486 0.316
-0.864486 0.317
-0.864486 0.318
-0.864486 0.319
-0.864486 0.32
-0.864486 0.321
-0.864486 0.322
-0.864486 0.323
-0.864486 0.324
-0.864486 0.325
-0.864486 0.326
-0.864486 0.327
-0.864486 0.328
-0.864486 0.329
-0.864486 0.33
-0.864486 0.331
-0.864486 0.332
-0.864486 0.333
-0.864486 0.334
-0.864486 0.335
-0.864486 0.336
-0.864486 0.337
-0.864486 0.338
-0.864486 0.339
-0.864486 0.34
-0.864486 0.341
-0.864486 0.342
-0.864486 0.343
-0.864486 0.344
-0.864486 0.345
-0.864486 0.346
-0.864486 0.347
-0.864486 0.348
-0.864486 0.349
-0.864486 0.35
-0.864486 0.351
-0.864486 0.352
-0.864486 0.353
-0.864486 0.354
-0.864486 0.355
-0.864486 0.356
-0.864486 0.357
-0.864486 0.358
-0.864486 0.359
-0.864486 0.36
-0.864486 0.361
-0.864486 0.362
-0.864486 0.363
-0.864486 0.364
-0.864486 0.365
-0.864486 0.366
-0.864486 0.367
-0.864486 0.368
-0.864486 0.369
-0.864486 0.37
-0.864486 0.371
-0.864486 0.372
-0.864486 0.373
-0.864486 0.374
-0.864486 0.375
-0.864486 0.376
-0.864486 0.377
-0.864486 0.378
-0.864486 0.379
-0.864486 0.38
-0.864486 0.381
-0.864486 0.382
-0.864486 0.383
-0.864486 0.384
-0.864486 0.385
-0.864486 0.386
-0.864486 0.387
-0.864486 0.388
-0.864486 0.389
-0.864486 0.39
-0.864486 0.391
-0.864486 0.392
-0.864486 0.393
-0.864486 0.394
-0.864486 0.395
-0.864486 0.396
-0.864486 0.397
-0.864486 0.398
-0.864486 0.399
-0.864486 0.4
-0.864486 0.401
-0.864486 0.402
-0.864486 0.403
-0.864486 0.404
-0.864486 0.405
-0.864486 0.406
-0.864486 0.407
-0.864486 0.408
-0.864486 0.409
-0.864486 0.41
-0.864486 0.411
-0.864486 0.412
-0.864486 0.413
-0.864486 0.414
-0.864486 0.415
-0.864486 0.416
-0.864486 0.417
-0.864486 0.418
-0.864486 0.419
-0.864486 0.42
-0.864486 0.421
-0.864486 0.422
-0.864486 0.423
-0.864486 0.424
-0.864486 0.425
-0.864486 0.426
-0.864486 0.427
-0.864486 0.428
-0.864486 0.429
-0.864486 0.43
-0.864486 0.431
-0.864486 0.432
-0.864486 0.433
-0.864486 0.434
-0.864486 0.435
-0.864486 0.436
-0.864486 0.437
-0.864486 0.438
-0.864486 0.439
-0.864486 0.44
-0.864486 0.441
-0.864486 0.442
-0.864486 0.443
-0.864486 0.444
-0.864486 0.445
-0.864486 0.446
-0.864486 0.447
-0.864486 0.448
-0.864486 0.449
-0.864486 0.45
-0.864486 0.451
-0.864486 0.452
-0.864486 0.453
-0.864486 0.454
-0.864486 0.455
-0.864486 0.456
-0.864486 0.457
-0.864486 0.458
-0.864486 0.459
-0.864486 0.46
-0.864486 0.461
-0.864486 0.462
-0.864486 0.463
-0.864486 0.464
-0.864486 0.465
-0.864486 0.466
-0.864486 0.467
-0.864486 0.468
-0.864486 0.469
-0.864486 0.47
-0.864486 0.471
-0.864486 0.472
-0.864486 0.473
-0.864486 0.474
-0.864486 0.475
-0.864486 0.476
-0.864486 0.477
-0.864486 0.478
-0.864486 0.479
-0.864486 0.48
-0.864486 0.481
-0.864486 0.482
-0.864486 0.483
-0.864486 0.484
-0.864486 0.485
-0.864486 0.486
-0.864486 0.487
-0.864486 0.488
-0.864486 0.489
-0.864486 0.49
-0.864486 0.491
-0.864486 0.492
-0.864486 0.493
-0.864486 0.494
-0.864486 0.495
-0.864486 0.496
-0.864486 0.497
-0.864486 0.498
-0.864486 0.499
-0.864486 0.5
-0.864486 0.501
-0.864486 0.502
-0.864486 0.503
-0.864486 0.504
-0.864486 0.505
-0.864486 0.506
-0.864486 0.507
-0.864486 0.508
-0.864486 0.509
-0.864486 0.51
-0.864486 0.511
-0.864486 0.512
-0.864486 0.513
-0.864486 0.514
-0.864486 0.515
-0.864486 0.516
-0.864486 0.517
-0.864486 0.518
-0.864486 0.519
-0.864486 0.52
-0.864486 0.521
-0.864486 0.522
-0.864486 0.523
-0.864486 0.524
-0.864486 0.525
-0.864486 0.526
-0.864486 0.527
-0.864486 0.528
-0.864486 0.529
-0.864486 0.53
-0.864486 0.531
-0.864486 0.532
-0.864486 0.533
-0.864486 0.534
-0.864486 0.535
-0.864486 0.536
-0.864486 0.537
-0.864486 0.538
-0.864486 0.539
-0.864486 0.54
-0.864486 0.541
-0.864486 0.542
-0.864486 0.543
-0.864486 0.544
-0.864486 0.545
-0.864486 0.546
-0.864486 0.547
-0.864486 0.548
-0.864486 0.549
-0.864486 0.55
-0.864486 0.551
-0.864486 0.552
-0.864486 0.553
-0.864486 0.554
-0.864486 0.555
-0.864486 0.556
-0.864486 0.557
-0.864486 0.558
-0.864486 0.559
-0.864486 0.56
-0.864486 0.561
-0.864486 0.562
-0.864486 0.563
-0.864486 0.564
-0.864486 0.565
-0.864486 0.566
-0.864486 0.567
-0.864486 0.568
-0.864486 0.569
-0.864486 0.57
-0.864486 0.571
-0.864486 0.572
-0.864486 0.573
-0.864486 0.574
-0.864486 0.575
-0.864486 0.576
-0.864486 0.577
-0.864486 0.578
-0.864486 0.579
-0.864486 0.58
-0.864486 0.581
-0.864486 0.582
-0.864486 0.583
-0.864486 0.584
-0.864486 0.585
-0.864486 0.586
-0.864486 0.587
-0.864486 0.588
-0.864486 0.589
-0.864486 0.59
-0.864486 0.591
-0.864486 0.592
-0.864486 0.593
-0.864486 0.594
-0.864486 0.595
-0.864486 0.596
-0.864486 0.597
-0.864486 0.598
-0.864486 0.599
-0.864486 0.6
-0.864486 0.601
-0.864486 0.602
-0.864486 0.603
-0.864486 0.604
-0.864486 0.605
-0.864486 0.606
-0.864486 0.607
-0.864486 0.608
-0.864486 0.609
-0.864486 0.61
-0.864486 0.611
-0.864486 0.612
-0.864486 0.613
-0.864486 0.614
-0.864486 0.615
-0.864486 0.616
-0.864486 0.617
-0.864486 0.618
-0.864486 0.619
-0.864486 0.62
-0.864486 0.621
-0.864486 0.622
-0.864486 0.623
-0.864486 0.624
-0.864486 0.625
-0.864486 0.626
-0.864486 0.627
-0.864486 0.628
-0.864486 0.629
-0.864486 0.63
-0.864486 0.631
-0.864486 0.632
-0.864486 0.633
-0.864486 0.634
-0.864486 0.635
-0.864486 0.636
-0.864486 0.637
-0.864486 0.638
-0.864486 0.639
-0.864486 0.64
-0.864486 0.641
-0.864486 0.642
-0.864486 0.643
-0.864486 0.644
-0.864486 0.645
-0.864486 0.646
-0.864486 0.647
-0.864486 0.648
-0.864486 0.649
-0.864486 0.65
-0.864486 0.651
-0.864486 0.652
-0.864486 0.653
-0.864486 0.654
-0.864486 0.655
-0.864486 0.656
-0.864486 0.657
-0.864486 0.658
-0.864486 0.659
-0.864486 0.66
-0.864486 0.661
-0.864486 0.662
-0.864486 0.663
-0.864486 0.664
-0.864486 0.665
-0.864486 0.666
-0.864486 0.667
-0.864486 0.668
-0.864486 0.669
-0.864486 0.67
-0.864486 0.671
-0.864486 0.672
-0.864486 0.673
-0.864486 0.674
-0.864486 0.675
-0.864486 0.676
-0.864486 0.677
-0.864486 0.678
-0.864486 0.679
-0.864486 0.68
-0.864486 0.681
-0.864486 0.682
-0.864486 0.683
-0.864486 0.684
-0.864486 0.685
-0.864486 0.686
-0.864486 0.687
-0.864486 0.688
-0.864486 0.689
-0.864486 0.69
-0.864486 0.691
-0.864486 0.692
-0.864486 0.693
-0.864486 0.694
-0.864486 0.695
-0.864486 0.696
-0.864486 0.697
-0.864486 0.698
-0.864486 0.699
-0.864486 0.7
-0.864486 0.701
-0.864486 0.702
-0.864486 0.703
-0.864486 0.704
-0.864486 0.705
-0.864486 0.706
-0.864486 0.707
-0.864486 0.708
-0.864486 0.709
-0.864486 0.71
-0.864486 0.711
-0.864486 0.712
-0.864486 0.713
-0.864486 0.714
-0.864486 0.715
-0.864486 0.716
-0.864486 0.717
-0.864486 0.718
-0.864486 0.719
-0.864486 0.72
-0.864486 0.721
-0.864486 0.722
-0.864486 0.723
-0.864486 0.724
-0.864486 0.725
-0.864486 0.726
-0.864486 0.727
-0.864486 0.728
-0.864486 0.729
-0.864486 0.73
-0.864486 0.731
-0.864486 0.732
-0.864486 0.733
-0.864486 0.734
-0.864486 0.735
-0.864486 0.736
-0.864486 0.737
-0.864486 0.738
-0.864486 0.739
-0.864486 0.74
-0.864486 0.741
-0.864486 0.742
-0.864486 0.743
-0.864486 0.744
-0.864486 0.745
-0.864486 0.746
-0.864486 0.747
-0.864486 0.748
-0.864486 0.749
-0.864486 0.75
-0.864486 0.751
-0.864486 0.752
-0.864486 0.753
-0.864486 0.754
-0.864486 0.755
-0.864486 0.756
-0.864486 0.757
-0.864486 0.758
-0.864486 0.759
-0.864486 0.76
-0.864486 0.761
-0.864486 0.762
-0.864486 0.763
-0.864486 0.764
-0.864486 0.765
-0.864486 0.766
-0.864486 0.767
-0.864486 0.768
-0.864486 0.769
-0.864486 0.77
-0.864486 0.771
-0.864486 0.772
-0.864486 0.773
-0.864486 0.774
-0.864486 0.775
-0.864486 0.776
-0.864486 0.777
-0.864486 0.778
-0.864486 0.779
-0.864486 0.78
-0.864486 0.781
-0.864486 0.782
-0.864486 0.783
-0.864486 0.784
-0.864486 0.785
-0.864486 0.786
-0.864486 0.787
-0.864486 0.788
-0.864486 0.789
-0.864486 0.79
-0.864486 0.791
-0.864486 0.792
-0.864486 0.793
-0.864486 0.794
-0.864486 0.795
-0.864486 0.796
-0.864486 0.797
-0.864486 0.798
-0.864486 0.799
-0.864486 0.8
-0.864486 0.801
-0.864486 0.802
-0.864486 0.803
-0.864486 0.804
-0.864486 0.805
-0.864486 0.806
-0.864486 0.807
-0.864486 0.808
-0.864486 0.809
-0.864486 0.81
-0.864486 0.811
-0.864486 0.812
-0.864486 0.813
-0.864486 0.814
-0.864486 0.815
-0.864486 0.816
-0.864486 0.817
-0.864486 0.818
-0.864486 0.819
-0.864486 0.82
-0.864486 0.821
-0.864486 0.822
-0.864486 0.823
-0.864486 0.824
-0.864486 0.825
-0.864486 0.826
-0.864486 0.827
-0.864486 0.828
-0.864486 0.829
-0.864486 0.83
-0.864486 0.831
-0.864486 0.832
-0.864486 0.833
-0.864486 0.834
-0.864486 0.835
-0.864486 0.836
-0.864486 0.837
-0.864486 0.838
-0.864486 0.839
-0.864486 0.84
-0.864486 0.841
-0.864486 0.842
-0.864486 0.843
-0.864486 0.844
-0.864486 0.845
-0.864486 0.846
-0.864486 0.847
-0.864486 0.848
-0.864486 0.849
-0.864486 0.85
-0.864486 0.851
-0.864486 0.852
-0.864486 0.853
-0.864486 0.854
-0.864486 0.855
-0.864486 0.856
-0.864486 0.857
-0.864486 0.858
-0.864486 0.859
-0.864486 0.86
-0.864486 0.861
-0.864486 0.862
-0.864486 0.863
-0.864486 0.864
-0.864486 0.865
-0.864486 0.866
-0.864486 0.867
-0.864486 0.868
-0.864486 0.869
-0.864486 0.87
-0.864486 0.871
-0.864486 0.872
-0.864486 0.873
-0.864486 0.874
-0.864486 0.875
-0.864486 0.876
-0.864486 0.877
-0.864486 0.878
-0.864486 0.879
-0.864486 0.88
-0.864486 0.881
-0.864486 0.882
-0.864486 0.883
-0.864486 0.884
-0.864486 0.885
-0.864486 0.886
-0.864486 0.887
-0.864486 0.888
-0.864486 0.889
-0.864486 0.89
-0.864486 0.891
-0.864486 0.892
-0.864486 0.893
-0.864486 0.894
-0.864486 0.895
-0.864486 0.896
-0.864486 0.897
-0.864486 0.898
-0.864486 0.899
-0.864486 0.9
-0.864486 0.901
-0.864486 0.902
-0.864486 0.903
-0.864486 0.904
-0.864486 0.905
-0.864486 0.906
-0.864486 0.907
-0.864486 0.908
-0.864486 0.909
-0.864486 0.91
-0.864486 0.911
-0.864486 0.912
-0.864486 0.913
-0.864486 0.914
-0.864486 0.915
-0.864486 0.916
-0.864486 0.917
-0.864486 0.918
-0.864486 0.919
-0.864486 0.92
-0.864486 0.921
-0.864486 0.922
-0.864486 0.923
-0.864486 0.924
-0.864486 0.925
-0.864486 0.926
-0.864486 0.927
-0.864486 0.928
-0.864486 0.929
-0.864486 0.93
-0.864486 0.931
-0.864486 0.932
-0.864486 0.933
-0.864486 0.934
-0.864486 0.935
-0.864486 0.936
-0.864486 0.937
-0.864486 0.938
-0.864486 0.939
-0.864486 0.94
-0.864486 0.941
-0.864486 0.942
-0.864486 0.943
-0.864486 0.944
-0.864486 0.945
-0.864486 0.946
-0.864486 0.947
-0.864486 0.948
-0.864486 0.949
-0.864486 0.95
-0.864486 0.951
-0.864486 0.952
-0.864486 0.953
-0.864486 0.954
-0.864486 0.955
-0.864486 0.956
-0.864486 0.957
-0.864486 0.958
-0.864486 0.959
-0.864486 0.96
-0.864486 0.961
-0.864486 0.962
-0.864486 0.963
-0.864486 0.964
-0.864486 0.965
-0.864486 0.966
-0.864486 0.967
-0.864486 0.968
-0.864486 0.969
-0.864486 0.97
-0.864486 0.971
-0.864486 0.972
-0.864486 0.973
-0.864486 0.974
-0.864486 0.975
-0.864486 0.976
-0.864486 0.977
-0.864486 0.978
-0.864486 0.979
-0.864486 0.98
-0.864486 0.981
-0.864486 0.982
-0.864486 0.983
-0.864486 0.984
-0.864486 0.985
-0.864486 0.986
-0.864486 0.987
-0.864486 0.988
-0.864486 0.989
-0.864486 0.99
-0.864486 0.991
-0.864486 0.992
-0.864486 0.993
-0.864486 0.994
-0.733587 0.995
-0.602687 0.996
-0.471787 0.997
-0.340888 0.998
-0.209988 0.999
-0.0790882 1


Shark
3.14159 1.5
3.13759 1.4995
3.13359 1.499
3.12959 1.4985
3.12559 1.498
3.12159 1.4975
3.11759 1.497
3.11359 1.4965
3.10959 1.496
3.10559 1.4955
3.10159 1.495
3.09759 1.4945
3.09359 1.494
3.08959 1.4935
3.08559 1.493
3.08159 1.4925
3.07759 1.492
3.07359 1.4915
3.06959 1.491
3.06559 1.4905
3.06159 1.49
3.05759 1.4895
3.05359 1.489
3.04959 1.4885
3.04559 1.488
3.04159 1.4875
3.03759 1.487
3.03359 1.4865
3.02959 1.486
3.02559 1.4855
3.02159 1.485
3.01759 1.4845
3.01359 1.484
3.00959 1.4835
3.00559 1.483
3.00159 1.4825
2.99759 1.482
2.99359 1.4815
2.98959 1.481
2.98558 1.4805
2.98156 1.48
2.9775 1.4795
2.97266 1.479
2.96798 1.4785
2.96317 1.478
2.95822 1.4775
2.95364 1.477
2.94861 1.4765
2.94461 1.476
2.94061 1.4755
2.93661 1.475
2.93261 1.4745
2.92861 1.474
2.92461 1.4735
2.92061 1.473
2.91661 1.4725
2.91261 1.472
2.90861 1.4715
2.90461 1.471
2.90061 1.4705
2.89661 1.47
2.89261 1.4695
2.88861 1.469
2.88461 1.4685
2.88061 1.468
2.87661 1.4675
2.87261 1.467
2.86861 1.4665
2.86461 1.466
2.86061 1.4655
2.85661 1.465
2.8526 1.4645
2.84851 1.464
2.844 1.4635
2.839 1.463
2.83378 1.4625
2.82833 1.462
2.82361 1.4615
2.81961 1.461
2.8131 1.4605
2.80847 1.46
2.80416 1.4595
2.79985 1.459
2.79553 1.4585
2.7912 1.458
2.78687 1.4575
2.78199 1.457
2.77709 1.4565
2.77217 1.456
2.76743 1.4555
2.76287 1.455
2.75861 1.4545
2.75433 1.454
2.74991 1.4535
2.74563 1.453
2.74155 1.4525
2.73753 1.452
2.73336 1.4515
2.72771 1.451
2.72369 1.4505
2.71969 1.45
2.71537 1.4495
2.71017 1.449
2.70617 1.4485
2.70217 1.448
2.69782 1.4475
2.69346 1.447
2.6891 1.4465
2.68473 1.446
2.68073 1.4455
2.67565 1.445
2.67165 1.4445
2.66765 1.444
2.66365 1.4435
2.65965 1.443
2.65523 1.4425
2.65123 1.442
2.64712 1.4415
2.64301 1.441
2.63883 1.4405
2.63471 1.44
2.63059 1.4395
2.62647 1.439
2.62234 1.4385
2.61747 1.438
2.61344 1.4375
2.60944 1.437
2.60544 1.4365
2.60093 1.436
2.59641 1.4355
2.59188 1.435
2.58788 1.4345
2.58334 1.434
2.57879 1.4335
2.57423 1.433
2.56967 1.4325
2.56552 1.432
2.56152 1.4315
2.55752 1.431
2.55352 1.4305
2.54952 1.43
2.54552 1.4295
2.54152 1.429
2.53735 1.4285
2.53335 1.428
2.52935 1.4275
2.52535 1.427
2.52135 1.4265
2.51735 1.426
2.51335 1.4255
2.50935 1.425
2.50535 1.4245
2.50135 1.424
2.49735 1.4235
2.49335 1.423
2.48935 1.4225
2.48535 1.422
2.48135 1.4215
2.47735 1.421
2.47335 1.4205
2.46935 1.42
2.46535 1.4195
2.46135 1.419
2.45735 1.4185
2.45335 1.418
2.44935 1.4175
2.44535 1.417
2.44135 1.4165
2.43712 1.416
2.43312 1.4155
2.42912 1.415
2.42489 1.4145
2.42089 1.414
2.41689 1.4135
2.41289 1.413
2.40864 1.4125
2.40464 1.412
2.40064 1.4115
2.39664 1.411
2.39264 1.4105
2.38864 1.41
2.38464 1.4095
2.38064 1.409
2.37664 1.4085
2.37264 1.408
2.36864 1.4075
2.36464 1.407
2.36064 1.4065
2.35664 1.406
2.35264 1.4055
2.34864 1.405
2.34464 1.4045
2.34064 1.404
2.33664 1.4035
2.33264 1.403
2.32864 1.4025
2.32464 1.402
2.32064 1.4015
2.31664 1.401
2.31264 1.4005
2.30864 1.4
2.30464 1.3995
2.30064 1.399
2.29664 1.3985
2.29264 1.398
2.28864 1.3975
2.28464 1.397
2.28064 1.3965
2.27664 1.396
2.27264 1.3955
2.26864 1.395
2.26464 1.3945
2.26055 1.394
2.25655 1.3935
2.25255 1.393
2.24855 1.3925
2.24455 1.392
2.24055 1.3915
2.23652 1.391
2.23252 1.3905
2.22852 1.39
2.22452 1.3895
2.22052 1.389
2.21652 1.3885
2.21252 1.388
2.20852 1.3875
2.20452 1.387
2.20052 1.3865
2.19652 1.386
2.19252 1.3855
2.18851 1.385
2.18451 1.3845
2.18051 1.384
2.17651 1.3835
2.17251 1.383
2.16851 1.3825
2.16451 1.382
2.16051 1.3815
2.15651 1.381
2.15251 1.3805
2.14851 1.38
2.14451 1.3795
2.14051 1.379
2.13651 1.3785
2.13251 1.378
2.12851 1.3775
2.12451 1.377
2.12051 1.3765
2.11651 1.376
2.11251 1.3755
2.10851 1.375
2.10451 1.3745
2.10051 1.374
2.09651 1.3735
2.09251 1.373
2.08851 1.3725
2.08451 1.372
2.08051 1.3715
2.07651 1.371
2.07251 1.3705
2.06851 1.37
2.06451 1.3695
2.06051 1.369
2.05651 1.3685
2.05251 1.368
2.04851 1.3675
2.04451 1.367
2.04051 1.3665
2.03651 1.366
2.03251 1.3655
2.02851 1.365
2.02451 1.3645
2.02051 1.364
2.01651 1.3635
2.01251 1.363
2.00851 1.3625
2.00451 1.362
2.00051 1.3615
1.99651 1.361
1.99251 1.3605
1.98851 1.36
1.98451 1.3595
1.98051 1.359
1.97651 1.3585
1.97251 1.358
1.96851 1.3575
1.96451 1.357
1.96051 1.3565
1.95651 1.356
1.95251 1.3555
1.94851 1.355
1.94451 1.3545
1.94051 1.354
1.93651 1.3535
1.93251 1.353
1.92851 1.3525
1.92451 1.352
1.92051 1.3515
1.91651 1.351
1.91251 1.3505
1.90851 1.35
1.90451 1.3495
1.90051 1.349
1.89651 1.3485
1.89251 1.348
1.88851 1.3475
1.88451 1.347
1.88051 1.3465
1.87651 1.346
1.87251 1.3455
1.86851 1.345
1.86451 1.3445
1.86051 1.344
1.85651 1.3435
1.85251 1.343
1.84851 1.3425
1.84451 1.342
1.84051 1.3415
1.83651 1.341
1.83251 1.3405
1.82851 1.34
1.82451 1.3395
1.82051 1.339
1.81651 1.3385
1.81251 1.338
1.80851 1.3375
1.80451 1.337
1.80051 1.3365
1.79651 1.336
1.79251 1.3355
1.78851 1.335
1.78451 1.3345
1.78051 1.334
1.77651 1.3335
1.77251 1.333
1.76851 1.3325
1.76451 1.332
1.76051 1.3315
1.75651 1.331
1.75251 1.3305
1.74851 1.33
1.74451 1.3295
1.74051 1.329
1.73651 1.3285
1.73251 1.328
1.72851 1.3275
1.72451 1.327
1.72051 1.3265
1.71651 1.326
1.71251 1.3255
1.70851 1.325
1.70451 1.3245
1.70051 1.324
1.69651 1.3235
1.69251 1.323
1.68851 1.3225
1.68451 1.322
1.68051 1.3215
1.67651 1.321
1.67251 1.3205
1.66851 1.32
1.66451 1.3195
1.66051 1.319
1.65651 1.3185
1.65251 1.318
1.64851 1.3175
1.64451 1.317
1.64051 1.3165
1.63651 1.316
1.63251 1.3155
1.62851 1.315
1.62451 1.3145
1.62051 1.314
1.61651 1.3135
1.61251 1.313
1.60851 1.3125
1.60451 1.312
1.60051 1.3115
1.59651 1.311
1.59251 1.3105
1.58851 1.31
1.58451 1.3095
1.58051 1.309
1.57651 1.3085
1.57251 1.308
1.56851 1.3075
1.56451 1.307
1.56051 1.3065
1.55651 1.306
1.55251 1.3055
1.54851 1.305
1.54451 1.3045
1.54051 1.304
1.53651 1.3035
1.53251 1.303
1.52851 1.3025
1.52451 1.302
1.52051 1.3015
1.51651 1.301
1.51251 1.3005
1.50851 1.3
1.50451 1.2995
1.50051 1.299
1.49651 1.2985
1.49251 1.298
1.48851 1.2975
1.48451 1.297
1.48051 1.2965
1.47651 1.296
1.47251 1.2955
1.46851 1.295
1.46451 1.2945
1.46051 1.294
1.45651 1.2935
1.45251 1.293
1.44851 1.2925
1.44451 1.292
1.44051 1.2915
1.43651 1.291
1.43251 1.2905
1.42851 1.29
1.42451 1.2895
1.42051 1.289
1.41651 1.2885
1.41251 1.288
1.40851 1.2875
1.40451 1.287
1.40051 1.2865
1.39651 1.286
1.39251 1.2855
1.38851 1.285
1.38451 1.2845
1.38051 1.284
1.37651 1.2835
1.37251 1.283
1.36851 1.2825
1.36451 1.282
1.36051 1.2815
1.35651 1.281
1.35251 1.2805
1.34851 1.28
1.34451 1.2795
1.34051 1.279
1.33651 1.2785
1.33251 1.278
1.32851 1.2775
1.32451 1.277
1.32051 1.2765
1.31651 1.276
1.31251 1.2755
1.30851 1.275
1.30451 1.2745
1.30051 1.274
1.29651 1.2735
1.29251 1.273
1.28851 1.2725
1.28451 1.272
1.28051 1.2715
1.27651 1.271
1.27251 1.2705
1.26851 1.27
1.26451 1.2695
1.26051 1.269
1.25651 1.2685
1.25251 1.268
1.24851 1.2675
1.24451 1.267
1.24051 1.2665
1.23651 1.266
1.23251 1.2655
1.22851 1.265
1.22451 1.2645
1.22051 1.264
1.21651 1.2635
1.21251 1.263
1.20851 1.2625
1.20451 1.262
1.20051 1.2615
1.19651 1.261
1.19251 1.2605
1.18851 1.26
1.18451 1.2595
1.18051 1.259
1.17651 1.2585
1.17251 1.258
1.16851 1.2575
1.16451 1.257
1.16051 1.2565
1.15651 1.256
1.15251 1.2555
1.14851 1.255
1.14451 1.2545
1.14051 1.254
1.13651 1.2535
1.13251 1.253
1.12851 1.2525
1.12451 1.252
1.12051 1.2515
1.11651 1.251
1.11251 1.2505
1.10851 1.25
1.10451 1.2495
1.10051 1.249
1.09651 1.2485
1.09251 1.248
1.08851 1.2475
1.08451 1.247
1.08051 1.2465
1.07651 1.246
1.07251 1.2455
1.06851 1.245
1.06451 1.2445
1.06051 1.244
1.05651 1.2435
1.05251 1.243
1.04851 1.2425
1.04451 1.242
1.04051 1.2415
1.03651 1.241
1.03251 1.2405
1.02851 1.24
1.02451 1.2395
1.02051 1.239
1.01651 1.2385
1.01251 1.238
1.00851 1.2375
1.00451 1.237
1.00051 1.2365
0.996514 1.236
0.992514 1.2355
0.988514 1.235
0.984514 1.2345
0.980514 1.234
0.976514 1.2335
0.972514 1.233
0.968514 1.2325
0.964514 1.232
0.960514 1.2315
0.956514 1.231
0.952514 1.2305
0.948514 1.23
0.944514 1.2295
0.940514 1.229
0.936514 1.2285
0.932514 1.228
0.928514 1.2275
0.924514 1.227
0.920514 1.2265
0.916514 1.226
0.912514 1.2255
0.908514 1.225
0.904514 1.2245
0.900514 1.224
0.896514 1.2235
0.892514 1.223
0.888514 1.2225
0.884514 1.222
0.880514 1.2215
0.876514 1.221
0.872514 1.2205
0.868514 1.22
0.864514 1.2195
0.860514 1.219
0.856514 1.2185
0.852514 1.218
0.848514 1.2175
0.844514 1.217
0.840514 1.2165
0.836514 1.216
0.832514 1.2155
0.828514 1.215
0.824514 1.2145
0.820514 1.214
0.816514 1.2135
0.812514 1.213
0.808514 1.2125
0.804514 1.212
0.800514 1.2115
0.796514 1.211
0.792514 1.2105
0.788514 1.21
0.784514 1.2095
0.780514 1.209
0.776514 1.2085
0.772514 1.208
0.768514 1.2075
0.764514 1.207
0.760514 1.2065
0.756514 1.206
0.752514 1.2055
0.748514 1.205
0.744514 1.2045
0.740514 1.204
0.736514 1.2035
0.732514 1.203
0.728514 1.2025
0.724514 1.202
0.720514 1.2015
0.716514 1.201
0.712514 1.2005
0.708514 1.2
0.704514 1.1995
0.700514 1.199
0.696514 1.1985
0.692514 1.198
0.688514 1.1975
0.684514 1.197
0.680514 1.1965
0.676514 1.196
0.672514 1.1955
0.668514 1.195
0.664514 1.1945
0.660514 1.194
0.656514 1.1935
0.652514 1.193
0.648514 1.1925
0.644514 1.192
0.640514 1.1915
0.636514 1.191
0.632514 1.1905
0.628514 1.19
0.624514 1.1895
0.620514 1.189
0.616514 1.1885
0.612514 1.188
0.608514 1.1875
0.604514 1.187
0.600514 1.1865
0.596514 1.186
0.592514 1.1855
0.588514 1.185
0.584514 1.1845
0.580514 1.184
0.576514 1.1835
0.572514 1.183
0.568514 1.1825
0.564514 1.182
0.560514 1.1815
0.556514 1.181
0.552514 1.1805
0.548514 1.18
0.544514 1.1795
0.540514 1.179
0.536514 1.1785
0.532514 1.178
0.528514 1.1775
0.524514 1.177
0.520514 1.1765
0.516514 1.176
0.512514 1.1755
0.508514 1.175
0.504514 1.1745
0.500514 1.174
0.496514 1.1735
0.492514 1.173
0.488514 1.1725
0.484514 1.172
0.480514 1.1715
0.476514 1.171
0.472514 1.1705
0.468514 1.17
0.464514 1.1695
0.460514 1.169
0.456514 1.1685
0.452514 1.168
0.448514 1.1675
0.444514 1.167
0.440514 1.1665
0.436514 1.166
0.432514 1.1655
0.428514 1.165
0.424514 1.1645
0.420514 1.164
0.416514 1.1635
0.412514 1.163
0.408514 1.1625
0.404514 1.162
0.400514 1.1615
0.396514 1.161
0.392514 1.1605
0.388514 1.16
0.384514 1.1595
0.380514 1.159
0.376514 1.1585
0.372514 1.158
0.368514 1.1575
0.364514 1.157
0.360514 1.1565
0.356514 1.156
0.352514 1.1555
0.348514 1.155
0.344514 1.1545
0.340514 1.154
0.336514 1.1535
0.332514 1.153
0.328514 1.1525
0.324514 1.152
0.320514 1.1515
0.316514 1.151
0.312514 1.1505
0.308514 1.15
0.304514 1.1495
0.300514 1.149
0.296514 1.1485
0.292514 1.148
0.288514 1.1475
0.284514 1.147
0.280514 1.1465
0.276514 1.146
0.272514 1.1455
0.268514 1.145
0.264514 1.1445
0.260514 1.144
0.256514 1.1435
0.252514 1.143
0.248514 1.1425
0.244514 1.142
0.240514 1.1415
0.236514 1.141
0.232514 1.1405
0.228514 1.14
0.224514 1.1395
0.220514 1.139
0.216514 1.1385
0.212514 1.138
0.208514 1.1375
0.204514 1.137
0.200514 1.1365
0.196514 1.136
0.192514 1.1355
0.188514 1.135
0.184514 1.1345
0.180514 1.134
0.176514 1.1335
0.172514 1.133
0.168514 1.1325
0.164514 1.132
0.160514 1.1315
0.156514 1.131
0.152514 1.1305
0.148514 1.13
0.144514 1.1295
0.140514 1.129
0.136514 1.1285
0.132514 1.128
0.128514 1.1275
0.124514 1.127
0.120514 1.1265
0.116514 1.126
0.112514 1.1255
0.108514 1.125
0.104514 1.1245
0.100514 1.124
0.0965137 1.1235
0.0925137 1.123
0.0885137 1.1225
0.0845137 1.122
0.0805137 1.1215
0.0765137 1.121
0.0725137 1.1205
0.0685137 1.12
0.0645137 1.1195
0.0605137 1.119
0.0565137 1.1185
0.0525137 1.118
0.0485137 1.1175
0.0445137 1.117
0.0405137 1.1165
0.0365137 1.116
0.0325137 1.1155
0.0285137 1.115
0.0245137 1.1145
0.0205137 1.114
0.0165137 1.1135
0.0125137 1.113
0.00851371 1.1125
0.00451371 1.112
0.000513714 1.1115
-0.00348629 1.111
-0.00748629 1.1105
-0.0114863 1.11
-0.0154863 1.1095
-0.0194863 1.109
-0.0234863 1.1085
-0.0274863 1.108
-0.0314863 1.1075
-0.0354863 1.107
-0.0394863 1.1065
-0.0434863 1.106
-0.0474863 1.1055
-0.0514863 1.105
-0.0554863 1.1045
-0.0594863 1.104
-0.0634863 1.1035
-0.0674863 1.103
-0.0714863 1.1025
-0.0754863 1.102
-0.0794863 1.1015
-0.0834863 1.101
-0.0874863 1.1005
-0.0914863 1.1
-0.0954863 1.0995
-0.0994863 1.099
-0.103486 1.0985
-0.107486 1.098
-0.111486 1.0975
-0.115486 1.097
-0.119486 1.0965
-0.123486 1.096
-0.127486 1.0955
-0.131486 1.095
-0.135486 1.0945
-0.139486 1.094
-0.143486 1.0935
-0.147486 1.093
-0.151486 1.0925
-0.155486 1.092
-0.159486 1.0915
-0.163486 1.091
-0.167486 1.0905
-0.171486 1.09
-0.175486 1.0895
-0.179486 1.089
-0.183486 1.0885
-0.187486 1.088
-0.191486 1.0875
-0.195486 1.087
-0.199486 1.0865
-0.203486 1.086
-0.207486 1.0855
-0.211486 1.085
-0.215486 1.0845
-0.219486 1.084
-0.223486 1.0835
-0.227486 1.083
-0.231486 1.0825
-0.235486 1.082
-0.239486 1.0815
-0.243486 1.081
-0.247486 1.0805
-0.251486 1.08
-0.255486 1.0795
-0.259486 1.079
-0.263486 1.0785
-0.267486 1.078
-0.271486 1.0775
-0.275486 1.077
-0.279486 1.0765
-0.283486 1.076
-0.287486 1.0755
-0.291486 1.075
-0.295486 1.0745
-0.299486 1.074
-0.303486 1.0735
-0.307486 1.073
-0.311486 1.0725
-0.315486 1.072
-0.319486 1.0715
-0.323486 1.071
-0.327486 1.0705
-0.331486 1.07
-0.335486 1.0695
-0.339486 1.069
-0.343486 1.0685
-0.347486 1.068
-0.351486 1.0675
-0.355486 1.067
-0.359486 1.0665
-0.363486 1.066
-0.367486 1.0655
-0.371486 1.065
-0.375486 1.0645
-0.379486 1.064
-0.383486 1.0635
-0.387486 1.063
-0.391486 1.0625
-0.395486 1.062
-0.399486 1.0615
-0.403486 1.061
-0.407486 1.0605
-0.411486 1.06
-0.415486 1.0595
-0.419486 1.059
-0.423486 1.0585
-0.427486 1.058
-0.431486 1.0575
-0.435486 1.057
-0.439486 1.0565
-0.443486 1.056
-0.447486 1.0555
-0.451486 1.055
-0.455486 1.0545
-0.459486 1.054
-0.463486 1.0535
-0.467486 1.053
-0.471486 1.0525
-0.475486 1.052
-0.479486 1.0515
-0.483486 1.051
-0.487486 1.0505
-0.491486 1.05
-0.495486 1.0495
-0.499486 1.049
-0.503486 1.0485
-0.507486 1.048
-0.511486 1.0475
-0.515486 1.047
-0.519486 1.0465
-0.523486 1.046
-0.527486 1.0455
-0.531486 1.045
-0.535486 1.0445
-0.539486 1.044
-0.543486 1.0435
-0.547486 1.043
-0.551486 1.0425
-0.555486 1.042
-0.559486 1.0415
-0.563486 1.041
-0.567486 1.0405
-0.571486 1.04
-0.575486 1.0395
-0.579486 1.039
-0.583486 1.0385
-0.587486 1.038
-0.591486 1.0375
-0.595486 1.037
-0.599486 1.0365
-0.603486 1.036
-0.607486 1.0355
-0.611486 1.035
-0.615486 1.0345
-0.619486 1.034
-0.623486 1.0335
-0.627486 1.033
-0.631486 1.0325
-0.635486 1.032
-0.639486 1.0315
-0.643486 1.031
-0.647486 1.0305
-0.651486 1.03
-0.655486 1.0295
-0.659486 1.029
-0.663486 1.0285
-0.667486 1.028
-0.671486 1.0275
-0.675486 1.027
-0.679486 1.0265
-0.683486 1.026
-0.687486 1.0255
-0.691486 1.025
-0.695486 1.0245
-0.699486 1.024
-0.703486 1.0235
-0.707486 1.023
-0.711486 1.0225
-0.715486 1.022
-0.719486 1.0215
-0.723486 1.021
-0.727486 1.0205
-0.731486 1.02
-0.735486 1.0195
-0.739486 1.019
-0.743486 1.0185
-0.747486 1.018
-0.751486 1.0175
-0.755486 1.017
-0.759486 1.0165
-0.763486 1.016
-0.767486 1.0155
-0.771486 1.015
-0.775486 1.0145
-0.779486 1.014
-0.783486 1.0135
-0.787486 1.013
-0.791486 1.0125
-0.795486 1.012
-0.799486 1.0115
-0.803486 1.011
-0.807486 1.0105
-0.811486 1.01
-0.815486 1.0095
-0.819486 1.009
-0.823486 1.0085
-0.827486 1.008
-0.831486 1.0075
-0.835486 1.007
-0.839486 1.0065
-0.843486 1.006
-0.847486 1.0055
-0.851486 1.005
-0.855486 1.0045
-0.859486 1.004
-0.863486 1.0035
-0.864486 1.003
-0.860486 1.0025
-0.856486 1.002
-0.852486 1.0015
-0.848486 1.001
-0.844486 1.0005
-0.0790882 1
