Man
0 0
0 0.001
0 0.002
0 0.003
0 0.004
0 0.005
0 0.006
0 0.007
0 0.008
0 0.009
0 0.01
0 0.011
0 0.012
0 0.013
0 0.014
0 0.015
0 0.016
0 0.017
0 0.018
0 0.019
0 0.02
0 0.021
0 0.022
0 0.023
0 0.024
0 0.025
0 0.026
0 0.027
0 0.028
0 0.029
0 0.03
0 0.031
0 0.032
0 0.033
0 0.034
0 0.035
0 0.036
0 0.037
0 0.038
0 0.039
0 0.04
0 0.041
0 0.042
0 0.043
0 0.044
0 0.045
0 0.046
0 0.047
0 0.048
0 0.049
0 0.05
0 0.051
0 0.052
0 0.053
0 0.054
0 0.055
0 0.056
0 0.057
0 0.058
0 0.059
0 0.06
0 0.061
0 0.062
0 0.063
0 0.064
0 0.065
0 0.066
0 0.067
0 0.068
0 0.069
0 0.07
0 0.071
0 0.072
0 0.073
0 0.074
0 0.075
0 0.076
0 0.077
0 0.078
0 0.079
0 0.08
0 0.081
0 0.082
0 0.083
0 0.084
0 0.085
0 0.086
0 0.087
0 0.088
0 0.089
0 0.09
0 0.091
0 0.092
0 0.093
0 0.094
0 0.095
0 0.096
-0.392699 0.097
-0.392699 0.098
-0.392699 0.099
-0.392699 0.1
-0.392699 0.101
-0.392699 0.102
-0.392699 0.103
-0.392699 0.104
-0.392699 0.105
-0.392699 0.106
-0.392699 0.107
-0.589049 0.108
-0.589049 0.109
-0.589049 0.11
-0.589049 0.111
-0.490874 0.112
-0.490874 0.113
-0.490874 0.114
-0.490874 0.115
-0.490874 0.116
-0.490874 0.117
-0.490874 0.118
-0.46633 0.119
-0.46633 0.12
-0.46633 0.121
-0.46633 0.122
-0.46633 0.123
-0.46633 0.124
-0.46633 0.125
-0.441786 0.126
-0.417243 0.127
-0.417243 0.128
-0.417243 0.129
-0.417243 0.13
-0.417243 0.131
-0.417243 0.132
-0.392699 0.133
-0.368155 0.134
-0.343612 0.135
-0.343612 0.136
-0.343612 0.137
-0.343612 0.138
-0.343612 0.139
-0.319068 0.14
-0.294524 0.141
-0.269981 0.142
-0.269981 0.143
-0.269981 0.144
-0.245437 0.145
-0.245437 0.146
-0.245437 0.147
-0.220893 0.148
-0.19635 0.149
-0.19635 0.15
-0.19635 0.151
-0.171806 0.152
-0.171806 0.153
-0.171806 0.154
-0.147619 0.155
-0.123075 0.156
-0.129211 0.157
-0.135347 0.158
-0.141483 0.159
-0.147619 0.16
-0.153755 0.161
-0.159891 0.162
-0.166027 0.163
-0.172163 0.164
-0.178298 0.165
-0.184434 0.166
-0.19057 0.167
-0.196706 0.168
-0.202842 0.169
-0.208978 0.17
-0.215114 0.171
-0.22125 0.172
-0.227386 0.173
-0.233522 0.174
-0.239658 0.175
-0.245794 0.176
-0.25193 0.177
-0.258065 0.178
-0.264201 0.179
-0.270337 0.18
-0.276473 0.181
-0.282609 0.182
-0.288745 0.183
-0.294881 0.184
-0.301017 0.185
-0.307153 0.186
-0.313289 0.187
-0.319425 0.188
-0.325561 0.189
-0.331697 0.19
-0.337832 0.191
-0.343944 0.192
-0.349936 0.193
-0.355832 0.194
-0.361584 0.195
-0.361584 0.196
-0.361584 0.197
-0.361584 0.198
-0.361584 0.199
-0.361584 0.2
-0.361584 0.201
-0.361584 0.202
-0.361584 0.203
-0.361584 0.204
-0.361584 0.205
-0.361584 0.206
-0.361584 0.207
-0.361584 0.208
-0.361584 0.209
-0.361584 0.21
-0.361584 0.211
-0.361584 0.212
-0.361584 0.213
-0.361584 0.214
-0.361584 0.215
-0.361584 0.216
-0.361584 0.217
-0.361584 0.218
-0.361584 0.219
-0.361584 0.22
-0.361584 0.221
-0.361584 0.222
-0.361584 0.223
-0.361584 0.224
-0.361584 0.225
-0.361584 0.226
-0.361584 0.227
-0.361584 0.228
-0.361584 0.229
-0.361584 0.23
-0.361584 0.231
-0.361584 0.232
-0.361584 0.233
-0.361584 0.234
-0.361584 0.235
-0.361584 0.236
-0.361584 0.237
-0.361584 0.238
-0.361584 0.239
-0.361584 0.24
-0.361584 0.241
-0.361584 0.242
-0.361584 0.243
-0.361584 0.244
-0.361584 0.245
-0.361584 0.246
-0.361584 0.247
-0.361584 0.248
-0.361584 0.249
-0.361584 0.25
-0.361584 0.251
-0.361584 0.252
-0.361584 0.253
-0.361584 0.254
-0.361584 0.255
-0.361584 0.256
-0.361584 0.257
-0.361584 0.258
-0.361584 0.259
-0.361584 0.26
-0.361584 0.261
-0.361584 0.262
-0.361584 0.263
-0.361584 0.264
-0.361584 0.265
-0.361584 0.266
-0.361584 0.267
-0.361584 0.268
-0.361584 0.269
-0.361584 0.27
-0.361584 0.271
-0.361584 0.272
-0.361584 0.273
-0.361584 0.274
-0.361584 0.275
-0.361584 0.276
-0.361584 0.277
-0.361584 0.278
-0.361584 0.279
-0.361584 0.28
-0.361584 0.281
-0.361584 0.282
-0.361584 0.283
-0.361584 0.284
-0.361584 0.285
-0.361584 0.286
-0.361584 0.287
-0.361584 0.288
-0.361584 0.289
-0.361584 0.29
-0.361584 0.291
-0.361584 0.292
-0.361584 0.293
-0.361584 0.294
-0.361584 0.295
-0.361584 0.296
-0.361584 0.297
-0.361584 0.298
-0.361584 0.299
-0.361584 0.3
-0.361584 0.301
-0.361584 0.302
-0.361584 0.303
-0.361584 0.304
-0.361584 0.305
-0.361584 0.306
-0.361584 0.307
-0.361584 0.308
-0.361584 0.309
-0.361584 0.31
-0.361584 0.311
-0.361584 0.312
-0.361584 0.313
-0.361584 0.314
-0.361584 0.315
-0.361584 0.316
-0.361584 0.317
-0.361584 0.318
-0.361584 0.319
-0.361584 0.32
-0.361584 0.321
-0.361584 0.322
-0.361584 0.323
-0.361584 0.324
-0.361584 0.325
-0.361584 0.326
-0.361584 0.327
-0.361584 0.328
-0.361584 0.329
-0.361584 0.33
-0.361584 0.331
-0.361584 0.332
-0.361584 0.333
-0.361584 0.334
-0.361584 0.335
-0.361584 0.336
-0.361584 0.337
-0.361584 0.338
-0.361584 0.339
-0.361584 0.34
-0.361584 0.341
-0.361584 0.342
-0.361584 0.343
-0.361584 0.344
-0.361584 0.345
-0.361584 0.346
-0.361584 0.347
-0.361584 0.348
-0.361584 0.349
-0.361584 0.35
-0.361584 0.351
-0.361584 0.352
-0.361584 0.353
-0.361584 0.354
-0.361584 0.355
-0.361584 0.356
-0.361584 0.357
-0.361584 0.358
-0.361584 0.359
-0.361584 0.36
-0.361584 0.361
-0.361584 0.362
-0.361584 0.363
-0.361584 0.364
-0.361584 0.365
-0.361584 0.366
-0.361584 0.367
-0.361584 0.368
-0.361584 0.369
-0.361584 0.37
-0.361584 0.371
-0.361584 0.372
-0.361584 0.373
-0.361584 0.374
-0.361584 0.375
-0.361584 0.376
-0.361584 0.377
-0.361584 0.378
-0.361584 0.379
-0.361584 0.38
-0.361584 0.381
-0.361584 0.382
-0.361584 0.383
-0.361584 0.384
-0.361584 0.385
-0.361584 0.386
-0.361584 0.387
-0.361584 0.388
-0.361584 0.389
-0.361584 0.39
-0.361584 0.391
-0.361584 0.392
-0.361584 0.393
-0.361584 0.394
-0.361584 0.395
-0.361584 0.396
-0.361584 0.397
-0.361584 0.398
-0.361584 0.399
-0.361584 0.4
-0.361584 0.401
-0.361584 0.402
-0.361584 0.403
-0.361584 0.404
-0.361584 0.405
-0.361584 0.406
-0.361584 0.407
-0.361584 0.408
-0.361584 0.409
-0.361584 0.41
-0.361584 0.411
-0.361584 0.412
-0.361584 0.413
-0.361584 0.414
-0.361584 0.415
-0.361584 0.416
-0.361584 0.417
-0.361584 0.418
-0.361584 0.419
-0.361584 0.42
-0.361584 0.421
-0.361584 0.422
-0.361584 0.423
-0.361584 0.424
-0.361584 0.425
-0.361584 0.426
-0.361584 0.427
-0.361584 0.428
-0.361584 0.429
-0.361584 0.43
-0.361584 0.431
-0.361584 0.432
-0.361584 0.433
-0.361584 0.434
-0.361584 0.435
-0.361584 0.436
-0.361584 0.437
-0.361584 0.438
-0.361584 0.439
-0.361584 0.44
-0.361584 0.441
-0.361584 0.442
-0.361584 0.443
-0.361584 0.444
-0.361584 0.445
-0.361584 0.446
-0.361584 0.447
-0.361584 0.448
-0.361584 0.449
-0.361584 0.45
-0.361584 0.451
-0.361584 0.452
-0.361584 0.453
-0.361584 0.454
-0.361584 0.455
-0.361584 0.456
-0.361584 0.457
-0.361584 0.458
-0.361584 0.459
-0.361584 0.46
-0.361584 0.461
-0.361584 0.462
-0.361584 0.463
-0.361584 0.464
-0.361584 0.465
-0.361584 0.466
-0.361584 0.467
-0.361584 0.468
-0.361584 0.469
-0.361584 0.47
-0.361584 0.471
-0.361584 0.472
-0.361584 0.473
-0.361584 0.474
-0.361584 0.475
-0.361584 0.476
-0.361584 0.477
-0.361584 0.478
-0.361584 0.479
-0.361584 0.48
-0.361584 0.481
-0.361584 0.482
-0.361584 0.483
-0.361584 0.484
-0.361584 0.485
-0.361584 0.486
-0.361584 0.487
-0.361584 0.488
-0.361584 0.489
-0.361584 0.49
-0.361584 0.491
-0.361584 0.492
-0.361584 0.493
-0.361584 0.494
-0.361584 0.495
-0.361584 0.496
-0.361584 0.497
-0.361584 0.498
-0.361584 0.499
-0.361584 0.5
-0.361584 0.501
-0.361584 0.502
-0.361584 0.503
-0.361584 0.504
-0.361584 0.505
-0.361584 0.506
-0.361584 0.507
-0.361584 0.508
-0.361584 0.509
-0.361584 0.51
-0.361584 0.511
-0.361584 0.512
-0.361584 0.513
-0.361584 0.514
-0.361584 0.515
-0.361584 0.516
-0.361584 0.517
-0.361584 0.518
-0.361584 0.519
-0.361584 0.52
-0.361584 0.521
-0.361584 0.522
-0.361584 0.523
-0.361584 0.524
-0.361584 0.525
-0.361584 0.526
-0.361584 0.527
-0.361584 0.528
-0.361584 0.529
-0.361584 0.53
-0.361584 0.531
-0.361584 0.532
-0.361584 0.533
-0.361584 0.534
-0.361584 0.535
-0.361584 0.536
-0.361584 0.537
-0.361584 0.538
-0.361584 0.539
-0.361584 0.54
-0.361584 0.541
-0.361584 0.542
-0.361584 0.543
-0.361584 0.544
-0.361584 0.545
-0.361584 0.546
-0.361584 0.547
-0.361584 0.548
-0.361584 0.549
-0.361584 0.55
-0.361584 0.551
-0.361584 0.552
-0.361584 0.553
-0.361584 0.554
-0.361584 0.555
-0.361584 0.556
-0.361584 0.557
-0.361584 0.558
-0.361584 0.559
-0.361584 0.56
-0.361584 0.561
-0.361584 0.562
-0.361584 0.563
-0.361584 0.564
-0.361584 0.565
-0.361584 0.566
-0.361584 0.567
-0.361584 0.568
-0.361584 0.569
-0.361584 0.57
-0.361584 0.571
-0.361584 0.572
-0.361584 0.573
-0.361584 0.574
-0.361584 0.575
-0.361584 0.576
-0.361584 0.577
-0.361584 0.578
-0.361584 0.579
-0.361584 0.58
-0.361584 0.581
-0.361584 0.582
-0.361584 0.583
-0.361584 0.584
-0.361584 0.585
-0.361584 0.586
-0.361584 0.587
-0.361584 0.588
-0.361584 0.589
-0.361584 0.59
-0.361584 0.591
-0.361584 0.592
-0.361584 0.593
-0.361584 0.594
-0.361584 0.595
-0.361584 0.596
-0.361584 0.597
-0.361584 0.598
-0.361584 0.599
-0.361584 0.6
-0.361584 0.601
-0.361584 0.602
-0.361584 0.603
-0.361584 0.604
-0.361584 0.605
-0.361584 0.606
-0.361584 0.607
-0.361584 0.608
-0.361584 0.609
-0.361584 0.61
-0.361584 0.611
-0.361584 0.612
-0.361584 0.613
-0.361584 0.614
-0.361584 0.615
-0.361584 0.616
-0.361584 0.617
-0.361584 0.618
-0.361584 0.619
-0.361584 0.62
-0.361584 0.621
-0.361584 0.622
-0.361584 0.623
-0.361584 0.624
-0.361584 0.625
-0.361584 0.626
-0.361584 0.627
-0.361584 0.628
-0.361584 0.629
-0.361584 0.63
-0.361584 0.631
-0.361584 0.632
-0.361584 0.633
-0.361584 0.634
-0.361584 0.635
-0.361584 0.636
-0.361584 0.637
-0.361584 0.638
-0.361584 0.639
-0.361584 0.64
-0.361584 0.641
-0.361584 0.642
-0.361584 0.643
-0.361584 0.644
-0.361584 0.645
-0.361584 0.646
-0.361584 0.647
-0.361584 0.648
-0.361584 0.649
-0.361584 0.65
-0.361584 0.651
-0.361584 0.652
-0.361584 0.653
-0.361584 0.654
-0.361584 0.655
-0.361584 0.656
-0.361584 0.657
-0.361584 0.658
-0.361584 0.659
-0.361584 0.66
-0.361584 0.661
-0.361584 0.662
-0.361584 0.663
-0.361584 0.664
-0.361584 0.665
-0.361584 0.666
-0.361584 0.667
-0.361584 0.668
-0.361584 0.669
-0.361584 0.67
-0.361584 0.671
-0.361584 0.672
-0.361584 0.673
-0.361584 0.674
-0.361584 0.675
-0.361584 0.676
-0.361584 0.677
-0.361584 0.678
-0.361584 0.679
-0.361584 0.68
-0.361584 0.681
-0.361584 0.682
-0.361584 0.683
-0.361584 0.684
-0.361584 0.685
-0.361584 0.686
-0.361584 0.687
-0.361584 0.688
-0.361584 0.689
-0.361584 0.69
-0.361584 0.691
-0.361584 0.692
-0.361584 0.693
-0.361584 0.694
-0.361584 0.695
-0.361584 0.696
-0.361584 0.697
-0.361584 0.698
-0.361584 0.699
-0.361584 0.7
-0.361584 0.701
-0.361584 0.702
-0.361584 0.703
-0.361584 0.704
-0.361584 0.705
-0.361584 0.706
-0.361584 0.707
-0.361584 0.708
-0.361584 0.709
-0.361584 0.71
-0.361584 0.711
-0.361584 0.712
-0.361584 0.713
-0.361584 0.714
-0.361584 0.715
-0.361584 0.716
-0.361584 0.717
-0.361584 0.718
-0.361584 0.719
-0.361584 0.72
-0.361584 0.721
-0.361584 0.722
-0.361584 0.723
-0.361584 0.724
-0.361584 0.725
-0.361584 0.726
-0.361584 0.727
-0.361584 0.728
-0.361584 0.729
-0.361584 0.73
-0.361584 0.731
-0.361584 0.732
-0.361584 0.733
-0.361584 0.734
-0.361584 0.735
-0.361584 0.736
-0.361584 0.737
-0.361584 0.738
-0.361584 0.739
-0.361584 0.74
-0.361584 0.741
-0.361584 0.742
-0.361584 0.743
-0.361584 0.744
-0.361584 0.745
-0.361584 0.746
-0.361584 0.747
-0.361584 0.748
-0.361584 0.749
-0.361584 0.75
-0.361584 0.751
-0.361584 0.752
-0.361584 0.753
-0.361584 0.754
-0.361584 0.755
-0.361584 0.756
-0.361584 0.757
-0.361584 0.758
-0.361584 0.759
-0.361584 0.76
-0.361584 0.761
-0.361584 0.762
-0.361584 0.763
-0.361584 0.764
-0.361584 0.765
-0.361584 0.766
-0.361584 0.767
-0.361584 0.768
-0.361584 0.769
-0.361584 0.77
-0.361584 0.771
-0.361584 0.772
-0.361584 0.773
-0.361584 0.774
-0.361584 0.775
-0.361584 0.776
-0.361584 0.777
-0.361584 0.778
-0.361584 0.779
-0.361584 0.78
-0.361584 0.781
-0.361584 0.782
-0.361584 0.783
-0.361584 0.784
-0.361584 0.785
-0.361584 0.786
-0.361584 0.787
-0.361584 0.788
-0.361584 0.789
-0.361584 0.79
-0.361584 0.791
-0.361584 0.792
-0.361584 0.793
-0.361584 0.794
-0.361584 0.795
-0.361584 0.796
-0.361584 0.797
-0.361584 0.798
-0.361584 0.799
-0.361584 0.8
-0.361584 0.801
-0.361584 0.802
-0.361584 0.803
-0.361584 0.804
-0.361584 0.805
-0.361584 0.806
-0.361584 0.807
-0.361584 0.808
-0.361584 0.809
-0.361584 0.81
-0.361584 0.811
-0.361584 0.812
-0.361584 0.813
-0.361584 0.814
-0.361584 0.815
-0.361584 0.816
-0.361584 0.817
-0.361584 0.818
-0.361584 0.819
-0.361584 0.82
-0.361584 0.821
-0.361584 0.822
-0.361584 0.823
-0.361584 0.824
-0.361584 0.825
-0.361584 0.826
-0.361584 0.827
-0.361584 0.828
-0.361584 0.829
-0.361584 0.83
-0.361584 0.831
-0.361584 0.832
-0.361584 0.833
-0.361584 0.834
-0.361584 0.835
-0.361584 0.836
-0.361584 0.837
-0.361584 0.838
-0.361584 0.839
-0.361584 0.84
-0.361584 0.841
-0.361584 0.842
-0.361584 0.843
-0.361584 0.844
-0.361584 0.845
-0.361584 0.846
-0.361584 0.847
-0.361584 0.848
-0.361584 0.849
-0.361584 0.85
-0.361584 0.851
-0.361584 0.852
-0.361584 0.853
-0.361584 0.854
-0.361584 0.855
-0.361584 0.856
-0.361584 0.857
-0.361584 0.858
-0.361584 0.859
-0.361584 0.86
-0.361584 0.861
-0.361584 0.862
-0.361584 0.863
-0.361584 0.864
-0.361584 0.865
-0.361584 0.866
-0.361584 0.867
-0.361584 0.868
-0.361584 0.869
-0.361584 0.87
-0.361584 0.871
-0.361584 0.872
-0.361584 0.873
-0.361584 0.874
-0.361584 0.875
-0.361584 0.876
-0.361584 0.877
-0.361584 0.878
-0.361584 0.879
-0.361584 0.88
-0.361584 0.881
-0.361584 0.882
-0.361584 0.883
-0.361584 0.884
-0.361584 0.885
-0.361584 0.886
-0.361584 0.887
-0.361584 0.888
-0.361584 0.889
-0.361584 0.89
-0.361584 0.891
-0.361584 0.892
-0.361584 0.893
-0.361584 0.894
-0.361584 0.895
-0.361584 0.896
-0.361584 0.897
-0.361584 0.898
-0.361584 0.899
-0.361584 0.9
-0.361584 0.901
-0.361584 0.902
-0.361584 0.903
-0.361584 0.904
-0.361584 0.905
-0.361584 0.906
-0.361584 0.907
-0.361584 0.908
-0.361584 0.909
-0.361584 0.91
-0.361584 0.911
-0.361584 0.912
-0.361584 0.913
-0.361584 0.914
-0.361584 0.915
-0.361584 0.916
-0.361584 0.917
-0.361584 0.918
-0.361584 0.919
-0.361584 0.92
-0.361584 0.921
-0.361584 0.922
-0.361584 0.923
-0.361584 0.924
-0.361584 0.925
-0.361584 0.926
-0.361584 0.927
-0.361584 0.928
-0.361584 0.929
-0.361584 0.93
-0.361584 0.931
-0.361584 0.932
-0.361584 0.933
-0.361584 0.934
-0.361584 0.935
-0.361584 0.936
-0.361584 0.937
-0.361584 0.938
-0.361584 0.939
-0.361584 0.94
-0.361584 0.941
-0.361584 0.942
-0.361584 0.943
-0.361584 0.944
-0.361584 0.945
-0.361584 0.946
-0.361584 0.947
-0.361584 0.948
-0.361584 0.949
-0.361584 0.95
-0.361584 0.951
-0.361584 0.952
-0.361584 0.953
-0.361584 0.954
-0.361584 0.955
-0.361584 0.956
-0.361584 0.957
-0.361584 0.958
-0.361584 0.959
-0.362584 0.96
-0.363584 0.961
-0.364584 0.962
-0.365584 0.963
-0.366585 0.964
-0.367585 0.965
-0.368585 0.966
-0.369585 0.967
-0.370585 0.968
-0.371585 0.969
-0.372585 0.97
-0.373585 0.971
-0.374585 0.972
-0.375585 0.973
-0.376585 0.974
-0.377585 0.975
-0.378585 0.976
-0.379585 0.977
-0.380585 0.978
-0.381585 0.979
-0.382585 0.98
-0.383585 0.981
-0.384585 0.982
-0.385585 0.983
-0.386585 0.984
-0.387585 0.985
-0.388585 0.986
-0.389585 0.987
-0.390585 0.988
-0.391585 0.989
-0.392585 0.99
-0.393585 0.991
-0.394585 0.992
-0.395585 0.993
-0.396585 0.994
-0.397585 0.995
-0.398585 0.996
-0.399585 0.997
-0.400585 0.998
-0.401585 0.999
-0.400585 1


Shark
3.14159 1.5
3.13749 1.4995
3.13339 1.499
3.12929 1.4985
3.12519 1.498
3.12109 1.4975
3.11699 1.497
3.11289 1.4965
3.10879 1.496
3.10469 1.4955
3.10059 1.495
3.09649 1.4945
3.09239 1.494
3.08829 1.4935
3.08419 1.493
3.08009 1.4925
3.07599 1.492
3.07189 1.4915
3.06779 1.491
3.06369 1.4905
3.05959 1.49
3.05549 1.4895
3.05139 1.489
3.04729 1.4885
3.04319 1.488
3.03909 1.4875
3.03499 1.487
3.03089 1.4865
3.02679 1.486
3.02269 1.4855
3.01859 1.485
3.01449 1.4845
3.01039 1.484
3.00629 1.4835
3.00219 1.483
2.99809 1.4825
2.99399 1.482
2.98989 1.4815
2.98579 1.481
2.98169 1.4805
2.97759 1.48
2.97349 1.4795
2.96939 1.479
2.96529 1.4785
2.96119 1.478
2.95709 1.4775
2.95299 1.477
2.94889 1.4765
2.94479 1.476
2.94069 1.4755
2.93659 1.475
2.93249 1.4745
2.92839 1.474
2.92429 1.4735
2.92019 1.473
2.91609 1.4725
2.91199 1.472
2.90789 1.4715
2.90379 1.471
2.89969 1.4705
2.89559 1.47
2.89149 1.4695
2.88739 1.469
2.88329 1.4685
2.87919 1.468
2.87509 1.4675
2.87099 1.467
2.86689 1.4665
2.86279 1.466
2.85869 1.4655
2.85459 1.465
2.85049 1.4645
2.84639 1.464
2.84229 1.4635
2.83819 1.463
2.83409 1.4625
2.82999 1.462
2.82589 1.4615
2.82179 1.461
2.81769 1.4605
2.81359 1.46
2.80949 1.4595
2.80539 1.459
2.80129 1.4585
2.79719 1.458
2.79309 1.4575
2.78899 1.457
2.78489 1.4565
2.78079 1.456
2.77669 1.4555
2.77259 1.455
2.76849 1.4545
2.76439 1.454
2.76029 1.4535
2.75619 1.453
2.75209 1.4525
2.74799 1.452
2.59357 1.4515
2.58947 1.451
2.58537 1.4505
2.58127 1.45
2.57717 1.4495
2.57307 1.449
2.56897 1.4485
2.56487 1.448
2.56077 1.4475
2.55667 1.447
2.55257 1.4465
2.63906 1.446
2.64316 1.4455
2.64726 1.445
2.65136 1.4445
2.69641 1.444
2.70051 1.4435
2.70461 1.443
2.70871 1.4425
2.71281 1.442
2.71691 1.4415
2.72101 1.441
2.73362 1.4405
2.73772 1.44
2.74182 1.4395
2.74592 1.439
2.75002 1.4385
2.75412 1.438
2.75822 1.4375
2.7715 1.437
2.78487 1.4365
2.78897 1.436
2.79307 1.4355
2.79717 1.435
2.80127 1.4345
2.80537 1.434
2.81932 1.4335
2.83337 1.433
2.84751 1.4325
2.85161 1.432
2.85571 1.4315
2.85981 1.431
2.86391 1.4305
2.87853 1.43
2.89325 1.4295
2.90807 1.429
2.91217 1.4285
2.91627 1.428
2.93138 1.4275
2.93548 1.427
2.93958 1.4265
2.95498 1.426
2.97047 1.4255
2.97457 1.425
2.97867 1.4245
2.99446 1.424
2.99856 1.4235
3.00266 1.423
3.01852 1.4225
3.00234 1.422
2.99666 1.4215
2.99096 1.421
2.98524 1.4205
2.9795 1.42
2.97375 1.4195
2.96797 1.419
2.96218 1.4185
2.95638 1.418
2.95055 1.4175
2.94471 1.417
2.93885 1.4165
2.93297 1.416
2.92707 1.4155
2.92115 1.415
2.91522 1.4145
2.90927 1.414
2.9033 1.4135
2.89731 1.413
2.8913 1.4125
2.88528 1.412
2.87923 1.4115
2.87317 1.411
2.86709 1.4105
2.86099 1.41
2.85487 1.4095
2.84874 1.409
2.84258 1.4085
2.83641 1.408
2.83021 1.4075
2.824 1.407
2.81777 1.4065
2.81152 1.406
2.80525 1.4055
2.79897 1.405
2.79266 1.4045
2.78635 1.404
2.78009 1.4035
2.77387 1.403
2.76772 1.4025
2.76362 1.402
2.75952 1.4015
2.75542 1.401
2.75132 1.4005
2.74722 1.4
2.74312 1.3995
2.73902 1.399
2.73492 1.3985
2.73082 1.398
2.72672 1.3975
2.72262 1.397
2.71852 1.3965
2.71442 1.396
2.71032 1.3955
2.70622 1.395
2.70212 1.3945
2.69802 1.394
2.69392 1.3935
2.68982 1.393
2.68572 1.3925
2.68162 1.392
2.67752 1.3915
2.67342 1.391
2.66932 1.3905
2.66522 1.39
2.66112 1.3895
2.65702 1.389
2.65292 1.3885
2.64882 1.388
2.64472 1.3875
2.64062 1.387
2.63652 1.3865
2.63242 1.386
2.62832 1.3855
2.62422 1.385
2.62012 1.3845
2.61602 1.384
2.61192 1.3835
2.60782 1.383
2.60372 1.3825
2.59962 1.382
2.59552 1.3815
2.59142 1.381
2.58732 1.3805
2.58322 1.38
2.57912 1.3795
2.57502 1.379
2.57092 1.3785
2.56682 1.378
2.56272 1.3775
2.55862 1.377
2.55452 1.3765
2.55042 1.376
2.54632 1.3755
2.54222 1.375
2.53812 1.3745
2.53402 1.374
2.52992 1.3735
2.52582 1.373
2.52172 1.3725
2.51762 1.372
2.51352 1.3715
2.50942 1.371
2.50532 1.3705
2.50122 1.37
2.49712 1.3695
2.49302 1.369
2.48892 1.3685
2.48482 1.368
2.48072 1.3675
2.47662 1.367
2.47252 1.3665
2.46842 1.366
2.46432 1.3655
2.46022 1.365
2.45612 1.3645
2.45202 1.364
2.44792 1.3635
2.44382 1.363
2.43972 1.3625
2.43562 1.362
2.43152 1.3615
2.42742 1.361
2.42332 1.3605
2.41922 1.36
2.41512 1.3595
2.41102 1.359
2.40692 1.3585
2.40282 1.358
2.39872 1.3575
2.39462 1.357
2.39052 1.3565
2.38642 1.356
2.38232 1.3555
2.37822 1.355
2.37412 1.3545
2.37002 1.354
2.36592 1.3535
2.36182 1.353
2.35772 1.3525
2.35362 1.352
2.34952 1.3515
2.34542 1.351
2.34132 1.3505
2.33722 1.35
2.33312 1.3495
2.32902 1.349
2.32492 1.3485
2.32082 1.348
2.31672 1.3475
2.31262 1.347
2.30852 1.3465
2.30442 1.346
2.30032 1.3455
2.29622 1.345
2.29212 1.3445
2.28802 1.344
2.28392 1.3435
2.27982 1.343
2.27572 1.3425
2.27162 1.342
2.26752 1.3415
2.26342 1.341
2.25932 1.3405
2.25522 1.34
2.25112 1.3395
2.24702 1.339
2.24292 1.3385
2.23882 1.338
2.23472 1.3375
2.23062 1.337
2.22652 1.3365
2.22242 1.336
2.21832 1.3355
2.21422 1.335
2.21012 1.3345
2.20602 1.334
2.20192 1.3335
2.19782 1.333
2.19372 1.3325
2.18962 1.332
2.18552 1.3315
2.18142 1.331
2.17732 1.3305
2.17322 1.33
2.16912 1.3295
2.16502 1.329
2.16092 1.3285
2.15682 1.328
2.15272 1.3275
2.14862 1.327
2.14452 1.3265
2.14042 1.326
2.13632 1.3255
2.13222 1.325
2.12812 1.3245
2.12402 1.324
2.11992 1.3235
2.11582 1.323
2.11172 1.3225
2.10762 1.322
2.10352 1.3215
2.09942 1.321
2.09532 1.3205
2.09122 1.32
2.08712 1.3195
2.08302 1.319
2.07892 1.3185
2.07482 1.318
2.07072 1.3175
2.06662 1.317
2.06252 1.3165
2.05842 1.316
2.05432 1.3155
2.05022 1.315
2.04612 1.3145
2.04202 1.314
2.03792 1.3135
2.03382 1.313
2.02972 1.3125
2.02562 1.312
2.02152 1.3115
2.01742 1.311
2.01332 1.3105
2.00922 1.31
2.00512 1.3095
2.00102 1.309
1.99692 1.3085
1.99282 1.308
1.98872 1.3075
1.98462 1.307
1.98052 1.3065
1.97642 1.306
1.97232 1.3055
1.96822 1.305
1.96412 1.3045
1.96002 1.304
1.95592 1.3035
1.95182 1.303
1.94772 1.3025
1.94362 1.302
1.93952 1.3015
1.93542 1.301
1.93132 1.3005
1.92722 1.3
1.92312 1.2995
1.91902 1.299
1.91492 1.2985
1.91082 1.298
1.90672 1.2975
1.90262 1.297
1.89852 1.2965
1.89442 1.296
1.89032 1.2955
1.88622 1.295
1.88212 1.2945
1.87802 1.294
1.87392 1.2935
1.86982 1.293
1.86572 1.2925
1.86162 1.292
1.85752 1.2915
1.85342 1.291
1.84932 1.2905
1.84522 1.29
1.84112 1.2895
1.83702 1.289
1.83292 1.2885
1.82882 1.288
1.82472 1.2875
1.82062 1.287
1.81652 1.2865
1.81242 1.286
1.80832 1.2855
1.80422 1.285
1.80012 1.2845
1.79602 1.284
1.79192 1.2835
1.78782 1.283
1.78372 1.2825
1.77962 1.282
1.77552 1.2815
1.77142 1.281
1.76732 1.2805
1.76322 1.28
1.75912 1.2795
1.75502 1.279
1.75092 1.2785
1.74682 1.278
1.74272 1.2775
1.73862 1.277
1.73452 1.2765
1.73042 1.276
1.72632 1.2755
1.72222 1.275
1.71812 1.2745
1.71402 1.274
1.70992 1.2735
1.70582 1.273
1.70172 1.2725
1.69762 1.272
1.69352 1.2715
1.68942 1.271
1.68532 1.2705
1.68122 1.27
1.67712 1.2695
1.67302 1.269
1.66892 1.2685
1.66482 1.268
1.66072 1.2675
1.65662 1.267
1.65252 1.2665
1.64842 1.266
1.64432 1.2655
1.64022 1.265
1.63612 1.2645
1.63202 1.264
1.62792 1.2635
1.62382 1.263
1.61972 1.2625
1.61562 1.262
1.61152 1.2615
1.60742 1.261
1.60332 1.2605
1.59922 1.26
1.59512 1.2595
1.59102 1.259
1.58692 1.2585
1.58282 1.258
1.57872 1.2575
1.57462 1.257
1.57052 1.2565
1.56642 1.256
1.56232 1.2555
1.55822 1.255
1.55412 1.2545
1.55002 1.254
1.54592 1.2535
1.54182 1.253
1.53772 1.2525
1.53362 1.252
1.52952 1.2515
1.52542 1.251
1.52132 1.2505
1.51722 1.25
1.51312 1.2495
1.50902 1.249
1.50492 1.2485
1.50082 1.248
1.49672 1.2475
1.49262 1.247
1.48852 1.2465
1.48442 1.246
1.48032 1.2455
1.47622 1.245
1.47212 1.2445
1.46802 1.244
1.46392 1.2435
1.45982 1.243
1.45572 1.2425
1.45162 1.242
1.44752 1.2415
1.44342 1.241
1.43932 1.2405
1.43522 1.24
1.43112 1.2395
1.42702 1.239
1.42292 1.2385
1.41882 1.238
1.41472 1.2375
1.41062 1.237
1.40652 1.2365
1.40242 1.236
1.39832 1.2355
1.39422 1.235
1.39012 1.2345
1.38602 1.234
1.38192 1.2335
1.37782 1.233
1.37372 1.2325
1.36962 1.232
1.36552 1.2315
1.36142 1.231
1.35732 1.2305
1.35322 1.23
1.34912 1.2295
1.34502 1.229
1.34092 1.2285
1.33682 1.228
1.33272 1.2275
1.32862 1.227
1.32452 1.2265
1.32042 1.226
1.31632 1.2255
1.31222 1.225
1.30812 1.2245
1.30402 1.224
1.29992 1.2235
1.29582 1.223
1.29172 1.2225
1.28762 1.222
1.28352 1.2215
1.27942 1.221
1.27532 1.2205
1.27122 1.22
1.26712 1.2195
1.26302 1.219
1.25892 1.2185
1.25482 1.218
1.25072 1.2175
1.24662 1.217
1.24252 1.2165
1.23842 1.216
1.23432 1.2155
1.23022 1.215
1.22612 1.2145
1.22202 1.214
1.21792 1.2135
1.21382 1.213
1.20972 1.2125
1.20562 1.212
1.20152 1.2115
1.19742 1.211
1.19332 1.2105
1.18922 1.21
1.18512 1.2095
1.18102 1.209
1.17692 1.2085
1.17282 1.208
1.16872 1.2075
1.16462 1.207
1.16052 1.2065
1.15642 1.206
1.15232 1.2055
1.14822 1.205
1.14412 1.2045
1.14002 1.204
1.13592 1.2035
1.13182 1.203
1.12772 1.2025
1.12362 1.202
1.11952 1.2015
1.11542 1.201
1.11132 1.2005
1.10722 1.2
1.10312 1.1995
1.09902 1.199
1.09492 1.1985
1.09082 1.198
1.08672 1.1975
1.08262 1.197
1.07852 1.1965
1.07442 1.196
1.07032 1.1955
1.06622 1.195
1.06212 1.1945
1.05802 1.194
1.05392 1.1935
1.04982 1.193
1.04572 1.1925
1.04162 1.192
1.03752 1.1915
1.03342 1.191
1.02932 1.1905
1.02522 1.19
1.02112 1.1895
1.01702 1.189
1.01292 1.1885
1.00882 1.188
1.00472 1.1875
1.00062 1.187
0.996516 1.1865
0.992416 1.186
0.988316 1.1855
0.984216 1.185
0.980116 1.1845
0.976016 1.184
0.971916 1.1835
0.967816 1.183
0.963716 1.1825
0.959616 1.182
0.955516 1.1815
0.951416 1.181
0.947316 1.1805
0.943216 1.18
0.939116 1.1795
0.935016 1.179
0.930916 1.1785
0.926816 1.178
0.922716 1.1775
0.918616 1.177
0.914516 1.1765
0.910416 1.176
0.906316 1.1755
0.902216 1.175
0.898116 1.1745
0.894016 1.174
0.889916 1.1735
0.885816 1.173
0.881716 1.1725
0.877616 1.172
0.873516 1.1715
0.869416 1.171
0.865316 1.1705
0.861216 1.17
0.857116 1.1695
0.853016 1.169
0.848916 1.1685
0.844816 1.168
0.840716 1.1675
0.836616 1.167
0.832516 1.1665
0.828416 1.166
0.824316 1.1655
0.820216 1.165
0.816116 1.1645
0.812016 1.164
0.807916 1.1635
0.803816 1.163
0.799716 1.1625
0.795616 1.162
0.791516 1.1615
0.787416 1.161
0.783316 1.1605
0.779216 1.16
0.775116 1.1595
0.771016 1.159
0.766916 1.1585
0.762816 1.158
0.758716 1.1575
0.754616 1.157
0.750516 1.1565
0.746416 1.156
0.742316 1.1555
0.738216 1.155
0.734116 1.1545
0.730016 1.154
0.725916 1.1535
0.721816 1.153
0.717716 1.1525
0.713616 1.152
0.709516 1.1515
0.705416 1.151
0.701316 1.1505
0.697216 1.15
0.693116 1.1495
0.689016 1.149
0.684916 1.1485
0.680816 1.148
0.676716 1.1475
0.672616 1.147
0.668516 1.1465
0.664416 1.146
0.660316 1.1455
0.656216 1.145
0.652116 1.1445
0.648016 1.144
0.643916 1.1435
0.639816 1.143
0.635716 1.1425
0.631616 1.142
0.627516 1.1415
0.623416 1.141
0.619316 1.1405
0.615216 1.14
0.611116 1.1395
0.607016 1.139
0.602916 1.1385
0.598816 1.138
0.594716 1.1375
0.590616 1.137
0.586516 1.1365
0.582416 1.136
0.578316 1.1355
0.574216 1.135
0.570116 1.1345
0.566016 1.134
0.561916 1.1335
0.557816 1.133
0.553716 1.1325
0.549616 1.132
0.545516 1.1315
0.541416 1.131
0.537316 1.1305
0.533216 1.13
0.529116 1.1295
0.525016 1.129
0.520916 1.1285
0.516816 1.128
0.512716 1.1275
0.508616 1.127
0.504516 1.1265
0.500416 1.126
0.496316 1.1255
0.492216 1.125
0.488116 1.1245
0.484016 1.124
0.479916 1.1235
0.475816 1.123
0.471716 1.1225
0.467616 1.122
0.463516 1.1215
0.459416 1.121
0.455316 1.1205
0.451216 1.12
0.447116 1.1195
0.443016 1.119
0.438916 1.1185
0.434816 1.118
0.430716 1.1175
0.426616 1.117
0.422516 1.1165
0.418416 1.116
0.414316 1.1155
0.410216 1.115
0.406116 1.1145
0.402016 1.114
0.397916 1.1135
0.393816 1.113
0.389716 1.1125
0.385616 1.112
0.381516 1.1115
0.377416 1.111
0.373316 1.1105
0.369216 1.11
0.365116 1.1095
0.361016 1.109
0.356916 1.1085
0.352816 1.108
0.348716 1.1075
0.344616 1.107
0.340516 1.1065
0.336416 1.106
0.332316 1.1055
0.328216 1.105
0.324116 1.1045
0.320016 1.104
0.315916 1.1035
0.311816 1.103
0.307716 1.1025
0.303616 1.102
0.299516 1.1015
0.295416 1.101
0.291316 1.1005
0.287216 1.1
0.283116 1.0995
0.279016 1.099
0.274916 1.0985
0.270816 1.098
0.266716 1.0975
0.262616 1.097
0.258516 1.0965
0.254416 1.096
0.250316 1.0955
0.246216 1.095
0.242116 1.0945
0.238016 1.094
0.233916 1.0935
0.229816 1.093
0.225716 1.0925
0.221616 1.092
0.217516 1.0915
0.213416 1.091
0.209316 1.0905
0.205216 1.09
0.201116 1.0895
0.197016 1.089
0.192916 1.0885
0.188816 1.088
0.184716 1.0875
0.180616 1.087
0.176516 1.0865
0.172416 1.086
0.168316 1.0855
0.164216 1.085
0.160116 1.0845
0.156016 1.084
0.151916 1.0835
0.147816 1.083
0.143716 1.0825
0.139616 1.082
0.135516 1.0815
0.131416 1.081
0.127316 1.0805
0.123216 1.08
0.119116 1.0795
0.115016 1.079
0.110916 1.0785
0.106816 1.078
0.102716 1.0775
0.0986156 1.077
0.0945156 1.0765
0.0904156 1.076
0.0863156 1.0755
0.0822156 1.075
0.0781156 1.0745
0.0740156 1.074
0.0699156 1.0735
0.0658156 1.073
0.0617156 1.0725
0.0576156 1.072
0.0535156 1.0715
0.0494156 1.071
0.0453156 1.0705
0.0412156 1.07
0.0371156 1.0695
0.0330156 1.069
0.0289156 1.0685
0.0248156 1.068
0.0207156 1.0675
0.0166156 1.067
0.0125156 1.0665
0.00841562 1.066
0.00431562 1.0655
0.000215619 1.065
-0.00388438 1.0645
-0.00798438 1.064
-0.0120844 1.0635
-0.0161844 1.063
-0.0202844 1.0625
-0.0243844 1.062
-0.0284844 1.0615
-0.0325844 1.061
-0.0366844 1.0605
-0.0407844 1.06
-0.0448844 1.0595
-0.0489844 1.059
-0.0530844 1.0585
-0.0571844 1.058
-0.0612844 1.0575
-0.0653844 1.057
-0.0694844 1.0565
-0.0735844 1.056
-0.0776844 1.0555
-0.0817844 1.055
-0.0858844 1.0545
-0.0899844 1.054
-0.0940844 1.0535
-0.0981844 1.053
-0.102284 1.0525
-0.106384 1.052
-0.110484 1.0515
-0.114584 1.051
-0.118684 1.0505
-0.122784 1.05
-0.126884 1.0495
-0.130984 1.049
-0.135084 1.0485
-0.139184 1.048
-0.143284 1.0475
-0.147384 1.047
-0.151484 1.0465
-0.155584 1.046
-0.159684 1.0455
-0.163784 1.045
-0.167884 1.0445
-0.171984 1.044
-0.176084 1.0435
-0.180184 1.043
-0.184284 1.0425
-0.188384 1.042
-0.192484 1.0415
-0.196584 1.041
-0.200684 1.0405
-0.204784 1.04
-0.208884 1.0395
-0.212984 1.039
-0.217084 1.0385
-0.221184 1.038
-0.225284 1.0375
-0.229384 1.037
-0.233484 1.0365
-0.237584 1.036
-0.241684 1.0355
-0.245784 1.035
-0.249884 1.0345
-0.253984 1.034
-0.258084 1.0335
-0.262184 1.033
-0.266284 1.0325
-0.270384 1.032
-0.274484 1.0315
-0.278584 1.031
-0.282684 1.0305
-0.286784 1.03
-0.290884 1.0295
-0.294984 1.029
-0.299084 1.0285
-0.303184 1.028
-0.307284 1.0275
-0.311384 1.027
-0.315484 1.0265
-0.319584 1.026
-0.323684 1.0255
-0.327784 1.025
-0.331884 1.0245
-0.335984 1.024
-0.340084 1.0235
-0.344184 1.023
-0.348284 1.0225
-0.352384 1.022
-0.356484 1.0215
-0.360584 1.021
-0.361584 1.0205
-0.362584 1.02
-0.363584 1.0195
-0.364584 1.019
-0.365584 1.0185
-0.366585 1.018
-0.367585 1.0175
-0.368585 1.017
-0.369585 1.0165
-0.370585 1.016
-0.371585 1.0155
-0.372585 1.015
-0.373585 1.0145
-0.374585 1.014
-0.375585 1.0135
-0.376585 1.013
-0.377585 1.0125
-0.378585 1.012
-0.379585 1.0115
-0.380585 1.011
-0.381585 1.0105
-0.382585 1.01
-0.383585 1.0095
-0.384585 1.009
-0.385585 1.0085
-0.386585 1.008
-0.387585 1.0075
-0.388585 1.007
-0.389585 1.0065
-0.390585 1.006
-0.391585 1.0055
-0.392585 1.005
-0.393585 1.0045
-0.394585 1.004
-0.395585 1.0035
-0.396585 1.003
-0.397585 1.0025
-0.398585 1.002
-0.399585 1.0015
-0.400585 1.001
-0.401585 1.0005
-0.400585 1
