Man
0 0
0 0.001
0 0.002
0 0.003
0 0.004
0 0.005
0 0.006
0 0.007
0 0.008
0 0.009
0 0.01
0 0.011
0 0.012
0 0.013
0 0.014
0 0.015
0 0.016
0 0.017
0 0.018
0 0.019
0 0.02
0 0.021
0 0.022
0 0.023
0 0.024
0 0.025
0 0.026
0 0.027
0 0.028
0 0.029
0 0.03
0 0.031
0 0.032
0 0.033
0 0.034
0 0.035
0 0.036
0 0.037
0 0.038
0 0.039
-0.392699 0.04
-0.392699 0.041
-0.392699 0.042
-0.392699 0.043
-0.392699 0.044
-0.19635 0.045
-0.19635 0.046
-0.0981748 0.047
-0.0981748 0.048
-0.0981748 0.049
-0.0981748 0.05
-0.0981748 0.051
-0.0981748 0.052
0 0.053
-0.0490874 0.054
-0.0490874 0.055
-0.0490874 0.056
-0.0490874 0.057
-0.0490874 0.058
-0.0981748 0.059
-0.147262 0.06
-0.147262 0.061
-0.19635 0.062
-0.171806 0.063
-0.147978 0.064
-0.123435 0.065
-0.123435 0.066
-0.147978 0.067
-0.172522 0.068
-0.172522 0.069
-0.197066 0.07
-0.220156 0.071
-0.220156 0.072
-0.220156 0.073
-0.220156 0.074
-0.220156 0.075
-0.220156 0.076
-0.220156 0.077
-0.220156 0.078
-0.220156 0.079
-0.220156 0.08
-0.220156 0.081
-0.220156 0.082
-0.220156 0.083
-0.220156 0.084
-0.220156 0.085
-0.220156 0.086
-0.220156 0.087
-0.220156 0.088
-0.220156 0.089
-0.220156 0.09
-0.220156 0.091
-0.220156 0.092
-0.220156 0.093
-0.220156 0.094
-0.220156 0.095
-0.220156 0.096
-0.220156 0.097
-0.220156 0.098
-0.220156 0.099
-0.220156 0.1
-0.220156 0.101
-0.220156 0.102
-0.220156 0.103
-0.220156 0.104
-0.220156 0.105
-0.220156 0.106
-0.220156 0.107
-0.220156 0.108
-0.220156 0.109
-0.220156 0.11
-0.220156 0.111
-0.220156 0.112
-0.220156 0.113
-0.220156 0.114
-0.220156 0.115
-0.220156 0.116
-0.220156 0.117
-0.220156 0.118
-0.220156 0.119
-0.220156 0.12
-0.220156 0.121
-0.220156 0.122
-0.220156 0.123
-0.220156 0.124
-0.220156 0.125
-0.220156 0.126
-0.220156 0.127
-0.220156 0.128
-0.220156 0.129
-0.220156 0.13
-0.220156 0.131
-0.220156 0.132
-0.220156 0.133
-0.220156 0.134
-0.220156 0.135
-0.220156 0.136
-0.220156 0.137
-0.220156 0.138
-0.220156 0.139
-0.220156 0.14
-0.220156 0.141
-0.220156 0.142
-0.220156 0.143
-0.220156 0.144
-0.220156 0.145
-0.220156 0.146
-0.220156 0.147
-0.220156 0.148
-0.220156 0.149
-0.220156 0.15
-0.220156 0.151
-0.220156 0.152
-0.220156 0.153
-0.220156 0.154
-0.220156 0.155
-0.220156 0.156
-0.220156 0.157
-0.220156 0.158
-0.220156 0.159
-0.220156 0.16
-0.220156 0.161
-0.220156 0.162
-0.220156 0.163
-0.220156 0.164
-0.220156 0.165
-0.220156 0.166
-0.220156 0.167
-0.220156 0.168
-0.220156 0.169
-0.220156 0.17
-0.220156 0.171
-0.220156 0.172
-0.220156 0.173
-0.220156 0.174
-0.220156 0.175
-0.220156 0.176
-0.220156 0.177
-0.220156 0.178
-0.220156 0.179
-0.220156 0.18
-0.220156 0.181
-0.220156 0.182
-0.220156 0.183
-0.220156 0.184
-0.220156 0.185
-0.220156 0.186
-0.220156 0.187
-0.220156 0.188
-0.220156 0.189
-0.220156 0.19
-0.220156 0.191
-0.220156 0.192
-0.220156 0.193
-0.220156 0.194
-0.220156 0.195
-0.220156 0.196
-0.220156 0.197
-0.220156 0.198
-0.220156 0.199
-0.220156 0.2
-0.220156 0.201
-0.220156 0.202
-0.220156 0.203
-0.220156 0.204
-0.220156 0.205
-0.220156 0.206
-0.220156 0.207
-0.220156 0.208
-0.220156 0.209
-0.220156 0.21
-0.220156 0.211
-0.220156 0.212
-0.220156 0.213
-0.220156 0.214
-0.220156 0.215
-0.220156 0.216
-0.220156 0.217
-0.220156 0.218
-0.220156 0.219
-0.220156 0.22
-0.220156 0.221
-0.220156 0.222
-0.220156 0.223
-0.220156 0.224
-0.220156 0.225
-0.220156 0.226
-0.220156 0.227
-0.220156 0.228
-0.220156 0.229
-0.220156 0.23
-0.220156 0.231
-0.220156 0.232
-0.220156 0.233
-0.220156 0.234
-0.220156 0.235
-0.220156 0.236
-0.220156 0.237
-0.220156 0.238
-0.220156 0.239
-0.220156 0.24
-0.220156 0.241
-0.220156 0.242
-0.220156 0.243
-0.220156 0.244
-0.220156 0.245
-0.220156 0.246
-0.220156 0.247
-0.220156 0.248
-0.220156 0.249
-0.220156 0.25
-0.220156 0.251
-0.220156 0.252
-0.220156 0.253
-0.220156 0.254
-0.220156 0.255
-0.220156 0.256
-0.220156 0.257
-0.220156 0.258
-0.220156 0.259
-0.220156 0.26
-0.220156 0.261
-0.220156 0.262
-0.220156 0.263
-0.220156 0.264
-0.220156 0.265
-0.220156 0.266
-0.220156 0.267
-0.220156 0.268
-0.220156 0.269
-0.220156 0.27
-0.220156 0.271
-0.220156 0.272
-0.220156 0.273
-0.220156 0.274
-0.220156 0.275
-0.220156 0.276
-0.220156 0.277
-0.220156 0.278
-0.220156 0.279
-0.220156 0.28
-0.220156 0.281
-0.220156 0.282
-0.220156 0.283
-0.220156 0.284
-0.220156 0.285
-0.220156 0.286
-0.220156 0.287
-0.220156 0.288
-0.220156 0.289
-0.220156 0.29
-0.220156 0.291
-0.220156 0.292
-0.220156 0.293
-0.220156 0.294
-0.220156 0.295
-0.220156 0.296
-0.220156 0.297
-0.220156 0.298
-0.220156 0.299
-0.220156 0.3
-0.220156 0.301
-0.220156 0.302
-0.220156 0.303
-0.220156 0.304
-0.220156 0.305
-0.220156 0.306
-0.220156 0.307
-0.220156 0.308
-0.220156 0.309
-0.220156 0.31
-0.220156 0.311
-0.220156 0.312
-0.220156 0.313
-0.220156 0.314
-0.220156 0.315
-0.220156 0.316
-0.220156 0.317
-0.220156 0.318
-0.220156 0.319
-0.220156 0.32
-0.220156 0.321
-0.220156 0.322
-0.220156 0.323
-0.220156 0.324
-0.220156 0.325
-0.220156 0.326
-0.220156 0.327
-0.220156 0.328
-0.220156 0.329
-0.220156 0.33
-0.220156 0.331
-0.220156 0.332
-0.220156 0.333
-0.220156 0.334
-0.220156 0.335
-0.220156 0.336
-0.220156 0.337
-0.220156 0.338
-0.220156 0.339
-0.220156 0.34
-0.220156 0.341
-0.220156 0.342
-0.220156 0.343
-0.220156 0.344
-0.220156 0.345
-0.220156 0.346
-0.220156 0.347
-0.220156 0.348
-0.220156 0.349
-0.220156 0.35
-0.220156 0.351
-0.220156 0.352
-0.220156 0.353
-0.220156 0.354
-0.220156 0.355
-0.220156 0.356
-0.220156 0.357
-0.220156 0.358
-0.220156 0.359
-0.220156 0.36
-0.220156 0.361
-0.220156 0.362
-0.220156 0.363
-0.220156 0.364
-0.220156 0.365
-0.220156 0.366
-0.220156 0.367
-0.220156 0.368
-0.220156 0.369
-0.220156 0.37
-0.220156 0.371
-0.220156 0.372
-0.220156 0.373
-0.220156 0.374
-0.220156 0.375
-0.220156 0.376
-0.220156 0.377
-0.220156 0.378
-0.220156 0.379
-0.220156 0.38
-0.220156 0.381
-0.220156 0.382
-0.220156 0.383
-0.220156 0.384
-0.221156 0.385
-0.222156 0.386
-0.223156 0.387
-0.224157 0.388
-0.225157 0.389
-0.226157 0.39
-0.227157 0.391
-0.228157 0.392
-0.229157 0.393
-0.230157 0.394
-0.231157 0.395
-0.232157 0.396
-0.233157 0.397
-0.234157 0.398
-0.235157 0.399
-0.236157 0.4
-0.237157 0.401
-0.238157 0.402
-0.239157 0.403
-0.240157 0.404
-0.241157 0.405
-0.242157 0.406
-0.243157 0.407
-0.244157 0.408
-0.245157 0.409
-0.246157 0.41
-0.247157 0.411
-0.248157 0.412
-0.249157 0.413
-0.250157 0.414
-0.251157 0.415
-0.252157 0.416
-0.253157 0.417
-0.254157 0.418
-0.255157 0.419
-0.256157 0.42
-0.257157 0.421
-0.258157 0.422
-0.259157 0.423
-0.260157 0.424
-0.261158 0.425
-0.262158 0.426
-0.263158 0.427
-0.264158 0.428
-0.265158 0.429
-0.266158 0.43
-0.267158 0.431
-0.268158 0.432
-0.269158 0.433
-0.270158 0.434
-0.271158 0.435
-0.272158 0.436
-0.273158 0.437
-0.274158 0.438
-0.275158 0.439
-0.276158 0.44
-0.277158 0.441
-0.278158 0.442
-0.279158 0.443
-0.280158 0.444
-0.281158 0.445
-0.282158 0.446
-0.283158 0.447
-0.284158 0.448
-0.285158 0.449
-0.286158 0.45
-0.287158 0.451
-0.288158 0.452
-0.289158 0.453
-0.290158 0.454
-0.291158 0.455
-0.292158 0.456
-0.293158 0.457
-0.294158 0.458
-0.295158 0.459
-0.296158 0.46
-0.297159 0.461
-0.298159 0.462
-0.299159 0.463
-0.300159 0.464
-0.301159 0.465
-0.302159 0.466
-0.303159 0.467
-0.304159 0.468
-0.305159 0.469
-0.306159 0.47
-0.307159 0.471
-0.308159 0.472
-0.309159 0.473
-0.310159 0.474
-0.311159 0.475
-0.312159 0.476
-0.313159 0.477
-0.314159 0.478
-0.315159 0.479
-0.316159 0.48
-0.317159 0.481
-0.318159 0.482
-0.319159 0.483
-0.320159 0.484
-0.321159 0.485
-0.322159 0.486
-0.323159 0.487
-0.324159 0.488
-0.325159 0.489
-0.326159 0.49
-0.327159 0.491
-0.328159 0.492
-0.329159 0.493
-0.330159 0.494
-0.331159 0.495
-0.332159 0.496
-0.333159 0.497
-0.33416 0.498
-0.33516 0.499
-0.33616 0.5
-0.33716 0.501
-0.33816 0.502
-0.33916 0.503
-0.34016 0.504
-0.34116 0.505
-0.34216 0.506
-0.34316 0.507
-0.34416 0.508
-0.34516 0.509
-0.34616 0.51
-0.34716 0.511
-0.34816 0.512
-0.34916 0.513
-0.35016 0.514
-0.35116 0.515
-0.35216 0.516
-0.35316 0.517
-0.35416 0.518
-0.35516 0.519
-0.35616 0.52
-0.35716 0.521
-0.35816 0.522
-0.35916 0.523
-0.36016 0.524
-0.36116 0.525
-0.36216 0.526
-0.36316 0.527
-0.36416 0.528
-0.36516 0.529
-0.36616 0.53
-0.36716 0.531
-0.36816 0.532
-0.36916 0.533
-0.37016 0.534
-0.371161 0.535
-0.372161 0.536
-0.373161 0.537
-0.374161 0.538
-0.375161 0.539
-0.376161 0.54
-0.377161 0.541
-0.378161 0.542
-0.379161 0.543
-0.380161 0.544
-0.381161 0.545
-0.382161 0.546
-0.383161 0.547
-0.384161 0.548
-0.385161 0.549
-0.386161 0.55
-0.387161 0.551
-0.388161 0.552
-0.389161 0.553
-0.390161 0.554
-0.391161 0.555
-0.392161 0.556
-0.393161 0.557
-0.394161 0.558
-0.395161 0.559
-0.396161 0.56
-0.397161 0.561
-0.398161 0.562
-0.399161 0.563
-0.400161 0.564
-0.401161 0.565
-0.400161 0.566
-0.399161 0.567
-0.398161 0.568
-0.397161 0.569
-0.396161 0.57
-0.395161 0.571
-0.394161 0.572
-0.393161 0.573
-0.392161 0.574
-0.391161 0.575
-0.390161 0.576
-0.389161 0.577
-0.388161 0.578
-0.387161 0.579
-0.386161 0.58
-0.385161 0.581
-0.384161 0.582
-0.383161 0.583
-0.382161 0.584
-0.381161 0.585
-0.380161 0.586
-0.379161 0.587
-0.378161 0.588
-0.377161 0.589
-0.376161 0.59
-0.375161 0.591
-0.374161 0.592
-0.373161 0.593
-0.372161 0.594
-0.371161 0.595
-0.37016 0.596
-0.36916 0.597
-0.36816 0.598
-0.36716 0.599
-0.36616 0.6
-0.36516 0.601
-0.36416 0.602
-0.36316 0.603
-0.36216 0.604
-0.36116 0.605
-0.36016 0.606
-0.35916 0.607
-0.35816 0.608
-0.35716 0.609
-0.35616 0.61
-0.35516 0.611
-0.35416 0.612
-0.35316 0.613
-0.35216 0.614
-0.35116 0.615
-0.35016 0.616
-0.34916 0.617
-0.34816 0.618
-0.34716 0.619
-0.34616 0.62
-0.34516 0.621
-0.34416 0.622
-0.34316 0.623
-0.34216 0.624
-0.34116 0.625
-0.34016 0.626
-0.33916 0.627
-0.33816 0.628
-0.33716 0.629
-0.33616 0.63
-0.33516 0.631
-0.33416 0.632
-0.333159 0.633
-0.332159 0.634
-0.331159 0.635
-0.330159 0.636
-0.329159 0.637
-0.328159 0.638
-0.327159 0.639
-0.326159 0.64
-0.325159 0.641
-0.324159 0.642
-0.323159 0.643
-0.322159 0.644
-0.321159 0.645
-0.320159 0.646
-0.319159 0.647
-0.318159 0.648
-0.317159 0.649
-0.316159 0.65
-0.315159 0.651
-0.314159 0.652
-0.313159 0.653
-0.312159 0.654
-0.311159 0.655
-0.310159 0.656
-0.309159 0.657
-0.308159 0.658
-0.307159 0.659
-0.306159 0.66
-0.305159 0.661
-0.304159 0.662
-0.303159 0.663
-0.302159 0.664
-0.301159 0.665
-0.300159 0.666
-0.299159 0.667
-0.298159 0.668
-0.297159 0.669
-0.296158 0.67
-0.295158 0.671
-0.294158 0.672
-0.293158 0.673
-0.292158 0.674
-0.291158 0.675
-0.290158 0.676
-0.289158 0.677
-0.288158 0.678
-0.287158 0.679
-0.286158 0.68
-0.285158 0.681
-0.284158 0.682
-0.283158 0.683
-0.282158 0.684
-0.281158 0.685
-0.280158 0.686
-0.279158 0.687
-0.278158 0.688
-0.277158 0.689
-0.276158 0.69
-0.275158 0.691
-0.274158 0.692
-0.273158 0.693
-0.272158 0.694
-0.271158 0.695
-0.270158 0.696
-0.269158 0.697
-0.268158 0.698
-0.267158 0.699
-0.266158 0.7
-0.265158 0.701
-0.264158 0.702
-0.263158 0.703
-0.262158 0.704
-0.261158 0.705
-0.260157 0.706
-0.259157 0.707
-0.258157 0.708
-0.257157 0.709
-0.256157 0.71
-0.255157 0.711
-0.254157 0.712
-0.253157 0.713
-0.252157 0.714
-0.251157 0.715
-0.250157 0.716
-0.249157 0.717
-0.248157 0.718
-0.247157 0.719
-0.246157 0.72
-0.245157 0.721
-0.244157 0.722
-0.243157 0.723
-0.242157 0.724
-0.241157 0.725
-0.240157 0.726
-0.239157 0.727
-0.238157 0.728
-0.237157 0.729
-0.236157 0.73
-0.235157 0.731
-0.234157 0.732
-0.233157 0.733
-0.232157 0.734
-0.231157 0.735
-0.230157 0.736
-0.229157 0.737
-0.228157 0.738
-0.227157 0.739
-0.226157 0.74
-0.225157 0.741
-0.224157 0.742
-0.223156 0.743
-0.222156 0.744
-0.221156 0.745
-0.220156 0.746
-0.219156 0.747
-0.218156 0.748
-0.217156 0.749
-0.216156 0.75
-0.215156 0.751
-0.214156 0.752
-0.213156 0.753
-0.212156 0.754
-0.211156 0.755
-0.210156 0.756
-0.209156 0.757
-0.208156 0.758
-0.207156 0.759
-0.206156 0.76
-0.205156 0.761
-0.204156 0.762
-0.203156 0.763
-0.202156 0.764
-0.201156 0.765
-0.200156 0.766
-0.199156 0.767
-0.198156 0.768
-0.197156 0.769
-0.196156 0.77
-0.195156 0.771
-0.194156 0.772
-0.193156 0.773
-0.192156 0.774
-0.191156 0.775
-0.190156 0.776
-0.189156 0.777
-0.188156 0.778
-0.187155 0.779
-0.186155 0.78
-0.185155 0.781
-0.184155 0.782
-0.183155 0.783
-0.182155 0.784
-0.181155 0.785
-0.180155 0.786
-0.179155 0.787
-0.178155 0.788
-0.177155 0.789
-0.176155 0.79
-0.175155 0.791
-0.174155 0.792
-0.173155 0.793
-0.172155 0.794
-0.171155 0.795
-0.170155 0.796
-0.169155 0.797
-0.168155 0.798
-0.167155 0.799
-0.166155 0.8
-0.165155 0.801
-0.164155 0.802
-0.163155 0.803
-0.162155 0.804
-0.161155 0.805
-0.160155 0.806
-0.159155 0.807
-0.158155 0.808
-0.157155 0.809
-0.156155 0.81
-0.155155 0.811
-0.154155 0.812
-0.153155 0.813
-0.152155 0.814
-0.151155 0.815
-0.150154 0.816
-0.149154 0.817
-0.148154 0.818
-0.147154 0.819
-0.146154 0.82
-0.145154 0.821
-0.144154 0.822
-0.143154 0.823
-0.142154 0.824
-0.141154 0.825
-0.140154 0.826
-0.139154 0.827
-0.138154 0.828
-0.137154 0.829
-0.136154 0.83
-0.135154 0.831
-0.134154 0.832
-0.133154 0.833
-0.132154 0.834
-0.131154 0.835
-0.130154 0.836
-0.129154 0.837
-0.128154 0.838
-0.127154 0.839
-0.126154 0.84
-0.125154 0.841
-0.124154 0.842
-0.123154 0.843
-0.122154 0.844
-0.121154 0.845
-0.120154 0.846
-0.119154 0.847
-0.118154 0.848
-0.117154 0.849
-0.116154 0.85
-0.115154 0.851
-0.114153 0.852
-0.113153 0.853
-0.112153 0.854
-0.111153 0.855
-0.110153 0.856
-0.109153 0.857
-0.108153 0.858
-0.107153 0.859
-0.106153 0.86
-0.105153 0.861
-0.104153 0.862
-0.103153 0.863
-0.102153 0.864
-0.101153 0.865
-0.100153 0.866
-0.0991531 0.867
-0.098153 0.868
-0.097153 0.869
-0.096153 0.87
-0.095153 0.871
-0.0941529 0.872
-0.0931529 0.873
-0.0921529 0.874
-0.0911529 0.875
-0.0901528 0.876
-0.0891528 0.877
-0.0881528 0.878
-0.0871527 0.879
-0.0861527 0.88
-0.0851527 0.881
-0.0841527 0.882
-0.0831526 0.883
-0.0821526 0.884
-0.0811526 0.885
-0.0801526 0.886
-0.0791525 0.887
-0.0781525 0.888
-0.0771525 0.889
-0.0761524 0.89
-0.0751524 0.891
-0.0741524 0.892
-0.0731524 0.893
-0.0721523 0.894
-0.0711523 0.895
-0.0701523 0.896
-0.0691523 0.897
-0.0681522 0.898
-0.0671522 0.899
-0.0661522 0.9
-0.0651521 0.901
-0.0641521 0.902
-0.0631521 0.903
-0.0621521 0.904
-0.061152 0.905
-0.060152 0.906
-0.059152 0.907
-0.058152 0.908
-0.0571519 0.909
-0.0561519 0.91
-0.0551519 0.911
-0.0541518 0.912
-0.0531518 0.913
-0.0521518 0.914
-0.0511518 0.915
-0.0501517 0.916
-0.0491517 0.917
-0.0481517 0.918
-0.0471517 0.919
-0.0461516 0.92
-0.0451516 0.921
-0.0441516 0.922
-0.0431515 0.923
-0.0421515 0.924
-0.0411515 0.925
-0.0401515 0.926
-0.0391514 0.927
-0.0381514 0.928
-0.0371514 0.929
-0.0361514 0.93
-0.0351513 0.931
-0.0341513 0.932
-0.0331513 0.933
-0.0321512 0.934
-0.0311512 0.935
-0.0301512 0.936
-0.0291512 0.937
-0.0281511 0.938
-0.0271511 0.939
-0.0261511 0.94
-0.025151 0.941
-0.024151 0.942
-0.023151 0.943
-0.022151 0.944
-0.0211509 0.945
-0.0201509 0.946
-0.0191509 0.947
-0.0181509 0.948
-0.0171508 0.949
-0.0161508 0.95
-0.0151508 0.951
-0.0141507 0.952
-0.0131507 0.953
-0.0121507 0.954
-0.0111507 0.955
-0.0101506 0.956
-0.00915061 0.957
-0.00815058 0.958
-0.00715056 0.959
-0.00615053 0.96
-0.0051505 0.961
-0.00415047 0.962
-0.00315045 0.963
-0.00215042 0.964
-0.00115039 0.965
-0.000150365 0.966
0.000849663 0.967
0.00184969 0.968
0.00284972 0.969
0.00384974 0.97
0.00484977 0.971
0.0058498 0.972
0.00684983 0.973
0.00784985 0.974
0.00884988 0.975
0.00984991 0.976
0.0108499 0.977
0.01185 0.978
0.01285 0.979
0.01385 0.98
0.01485 0.981
0.0158501 0.982
0.0168501 0.983
0.0178501 0.984
0.0188502 0.985
0.0198502 0.986
0.0208502 0.987
0.0218502 0.988
0.0228503 0.989
0.0238503 0.99
0.0248503 0.991
0.0258503 0.992
0.0268504 0.993
0.0278504 0.994
0.0288504 0.995
0.0298505 0.996
0.0308505 0.997
0.0318505 0.998
0.0328505 0.999
0.0338506 1


Shark
3.14159 1.5
3.13159 1.4995
3.12159 1.499
3.11159 1.4985
3.10159 1.498
3.09159 1.4975
3.08159 1.497
3.07159 1.4965
3.06159 1.496
3.05159 1.4955
3.04159 1.495
3.03159 1.4945
3.02159 1.494
3.01159 1.4935
3.00159 1.493
2.99159 1.4925
2.98159 1.492
2.97159 1.4915
2.96159 1.491
2.95159 1.4905
2.94159 1.49
2.93159 1.4895
2.92159 1.489
2.91159 1.4885
2.90159 1.488
2.89159 1.4875
2.88159 1.487
2.87159 1.4865
2.86159 1.486
2.85159 1.4855
2.84159 1.485
2.83159 1.4845
2.82159 1.484
2.81159 1.4835
2.80159 1.483
2.79159 1.4825
2.78159 1.482
2.77159 1.4815
2.76159 1.481
2.75159 1.4805
2.90603 1.48
2.91603 1.4795
2.92603 1.479
2.93603 1.4785
2.94603 1.478
3.03383 1.4775
3.04383 1.477
3.09054 1.4765
3.10054 1.476
3.11054 1.4755
3.12054 1.475
3.13054 1.4745
3.14054 1.474
3.08806 1.4735
3.05996 1.473
3.04996 1.4725
3.03996 1.472
3.02996 1.4715
3.01996 1.471
2.98956 1.4705
2.95869 1.47
2.94869 1.4695
2.98049 1.469
2.9988 1.4685
3.01694 1.468
2.99821 1.4675
2.98821 1.467
2.96907 1.4665
2.94972 1.466
2.93972 1.4655
2.91995 1.465
2.90084 1.4645
2.89084 1.464
2.88084 1.4635
2.87084 1.463
2.86084 1.4625
2.85084 1.462
2.84084 1.4615
2.83084 1.461
2.82084 1.4605
2.81084 1.46
2.80084 1.4595
2.79084 1.459
2.78084 1.4585
2.77084 1.458
2.76084 1.4575
2.75084 1.457
2.74084 1.4565
2.73084 1.456
2.72084 1.4555
2.71084 1.455
2.70084 1.4545
2.69084 1.454
2.68084 1.4535
2.67084 1.453
2.66084 1.4525
2.65084 1.452
2.64084 1.4515
2.63084 1.451
2.62084 1.4505
2.61084 1.45
2.60084 1.4495
2.59084 1.449
2.58084 1.4485
2.57084 1.448
2.56084 1.4475
2.55084 1.447
2.54084 1.4465
2.53084 1.446
2.52084 1.4455
2.51084 1.445
2.50084 1.4445
2.49084 1.444
2.48084 1.4435
2.47084 1.443
2.46084 1.4425
2.45084 1.442
2.44084 1.4415
2.43084 1.441
2.42084 1.4405
2.41084 1.44
2.40084 1.4395
2.39084 1.439
2.38084 1.4385
2.37084 1.438
2.36084 1.4375
2.35084 1.437
2.34084 1.4365
2.33084 1.436
2.32084 1.4355
2.31084 1.435
2.30084 1.4345
2.29084 1.434
2.28084 1.4335
2.27084 1.433
2.26084 1.4325
2.25084 1.432
2.24084 1.4315
2.23084 1.431
2.22084 1.4305
2.21084 1.43
2.20084 1.4295
2.19084 1.429
2.18084 1.4285
2.17084 1.428
2.16084 1.4275
2.15084 1.427
2.14084 1.4265
2.13084 1.426
2.12084 1.4255
2.11084 1.425
2.10084 1.4245
2.09084 1.424
2.08084 1.4235
2.07084 1.423
2.06084 1.4225
2.05084 1.422
2.04084 1.4215
2.03084 1.421
2.02084 1.4205
2.01084 1.42
2.00084 1.4195
1.99084 1.419
1.98084 1.4185
1.97084 1.418
1.96084 1.4175
1.95084 1.417
1.94084 1.4165
1.93084 1.416
1.92084 1.4155
1.91084 1.415
1.90084 1.4145
1.89084 1.414
1.88084 1.4135
1.87084 1.413
1.86084 1.4125
1.85084 1.412
1.84084 1.4115
1.83084 1.411
1.82084 1.4105
1.81084 1.41
1.80084 1.4095
1.79084 1.409
1.78084 1.4085
1.77084 1.408
1.76084 1.4075
1.75084 1.407
1.74084 1.4065
1.73084 1.406
1.72084 1.4055
1.71084 1.405
1.70084 1.4045
1.69084 1.404
1.68084 1.4035
1.67084 1.403
1.66084 1.4025
1.65084 1.402
1.64084 1.4015
1.63084 1.401
1.62084 1.4005
1.61084 1.4
1.60084 1.3995
1.59084 1.399
1.58084 1.3985
1.57084 1.398
1.56084 1.3975
1.55084 1.397
1.54084 1.3965
1.53084 1.396
1.52084 1.3955
1.51084 1.395
1.50084 1.3945
1.49084 1.394
1.48084 1.3935
1.47084 1.393
1.46084 1.3925
1.45084 1.392
1.44084 1.3915
1.43084 1.391
1.42084 1.3905
1.41084 1.39
1.40084 1.3895
1.39084 1.389
1.38084 1.3885
1.37084 1.388
1.36084 1.3875
1.35084 1.387
1.34084 1.3865
1.33084 1.386
1.32084 1.3855
1.31084 1.385
1.30084 1.3845
1.29084 1.384
1.28084 1.3835
1.27084 1.383
1.26084 1.3825
1.25084 1.382
1.24084 1.3815
1.23084 1.381
1.22084 1.3805
1.21084 1.38
1.20084 1.3795
1.19084 1.379
1.18084 1.3785
1.17084 1.378
1.16084 1.3775
1.15084 1.377
1.14084 1.3765
1.13084 1.376
1.12084 1.3755
1.11084 1.375
1.10084 1.3745
1.09084 1.374
1.08084 1.3735
1.07084 1.373
1.06084 1.3725
1.05084 1.372
1.04084 1.3715
1.03084 1.371
1.02084 1.3705
1.01084 1.37
1.00084 1.3695
0.990844 1.369
0.980844 1.3685
0.970844 1.368
0.960844 1.3675
0.950844 1.367
0.940844 1.3665
0.930844 1.366
0.920844 1.3655
0.910844 1.365
0.900844 1.3645
0.890844 1.364
0.880844 1.3635
0.870844 1.363
0.860844 1.3625
0.850844 1.362
0.840844 1.3615
0.830844 1.361
0.820844 1.3605
0.810844 1.36
0.800844 1.3595
0.790844 1.359
0.780844 1.3585
0.770844 1.358
0.760844 1.3575
0.750844 1.357
0.740844 1.3565
0.730844 1.356
0.720844 1.3555
0.710844 1.355
0.700844 1.3545
0.690844 1.354
0.680844 1.3535
0.670844 1.353
0.660844 1.3525
0.650844 1.352
0.640844 1.3515
0.630844 1.351
0.620844 1.3505
0.610844 1.35
0.600844 1.3495
0.590844 1.349
0.580844 1.3485
0.570844 1.348
0.560844 1.3475
0.550844 1.347
0.540844 1.3465
0.530844 1.346
0.520844 1.3455
0.510844 1.345
0.500844 1.3445
0.490844 1.344
0.480844 1.3435
0.470844 1.343
0.460844 1.3425
0.450844 1.342
0.440844 1.3415
0.430844 1.341
0.420844 1.3405
0.410844 1.34
0.400844 1.3395
0.390844 1.339
0.380844 1.3385
0.370844 1.338
0.360844 1.3375
0.350844 1.337
0.340844 1.3365
0.330844 1.336
0.320844 1.3355
0.310844 1.335
0.300844 1.3345
0.290844 1.334
0.280844 1.3335
0.270844 1.333
0.260844 1.3325
0.250844 1.332
0.240844 1.3315
0.230844 1.331
0.220844 1.3305
0.210844 1.33
0.200844 1.3295
0.190844 1.329
0.180844 1.3285
0.170844 1.328
0.160844 1.3275
0.150844 1.327
0.140844 1.3265
0.130844 1.326
0.120844 1.3255
0.110844 1.325
0.100844 1.3245
0.0908436 1.324
0.0808436 1.3235
0.0708436 1.323
0.0608436 1.3225
0.0508436 1.322
0.0408436 1.3215
0.0308436 1.321
0.0208436 1.3205
0.0108436 1.32
0.000843622 1.3195
-0.00915638 1.319
-0.0191564 1.3185
-0.0291564 1.318
-0.0391564 1.3175
-0.0491564 1.317
-0.0591564 1.3165
-0.0691564 1.316
-0.0791564 1.3155
-0.0891564 1.315
-0.0991564 1.3145
-0.109156 1.314
-0.119156 1.3135
-0.129156 1.313
-0.139156 1.3125
-0.149156 1.312
-0.159156 1.3115
-0.169156 1.311
-0.179156 1.3105
-0.189156 1.31
-0.199156 1.3095
-0.209156 1.309
-0.219156 1.3085
-0.220156 1.308
-0.221156 1.3075
-0.222156 1.307
-0.223156 1.3065
-0.224157 1.306
-0.225157 1.3055
-0.226157 1.305
-0.227157 1.3045
-0.228157 1.304
-0.229157 1.3035
-0.230157 1.303
-0.231157 1.3025
-0.232157 1.302
-0.233157 1.3015
-0.234157 1.301
-0.235157 1.3005
-0.236157 1.3
-0.237157 1.2995
-0.238157 1.299
-0.239157 1.2985
-0.240157 1.298
-0.241157 1.2975
-0.242157 1.297
-0.243157 1.2965
-0.244157 1.296
-0.245157 1.2955
-0.246157 1.295
-0.247157 1.2945
-0.248157 1.294
-0.249157 1.2935
-0.250157 1.293
-0.251157 1.2925
-0.252157 1.292
-0.253157 1.2915
-0.254157 1.291
-0.255157 1.2905
-0.256157 1.29
-0.257157 1.2895
-0.258157 1.289
-0.259157 1.2885
-0.260157 1.288
-0.261158 1.2875
-0.262158 1.287
-0.263158 1.2865
-0.264158 1.286
-0.265158 1.2855
-0.266158 1.285
-0.267158 1.2845
-0.268158 1.284
-0.269158 1.2835
-0.270158 1.283
-0.271158 1.2825
-0.272158 1.282
-0.273158 1.2815
-0.274158 1.281
-0.275158 1.2805
-0.276158 1.28
-0.277158 1.2795
-0.278158 1.279
-0.279158 1.2785
-0.280158 1.278
-0.281158 1.2775
-0.282158 1.277
-0.283158 1.2765
-0.284158 1.276
-0.285158 1.2755
-0.286158 1.275
-0.287158 1.2745
-0.288158 1.274
-0.289158 1.2735
-0.290158 1.273
-0.291158 1.2725
-0.292158 1.272
-0.293158 1.2715
-0.294158 1.271
-0.295158 1.2705
-0.296158 1.27
-0.297159 1.2695
-0.298159 1.269
-0.299159 1.2685
-0.300159 1.268
-0.301159 1.2675
-0.302159 1.267
-0.303159 1.2665
-0.304159 1.266
-0.305159 1.2655
-0.306159 1.265
-0.307159 1.2645
-0.308159 1.264
-0.309159 1.2635
-0.310159 1.263
-0.311159 1.2625
-0.312159 1.262
-0.313159 1.2615
-0.314159 1.261
-0.315159 1.2605
-0.316159 1.26
-0.317159 1.2595
-0.318159 1.259
-0.319159 1.2585
-0.320159 1.258
-0.321159 1.2575
-0.322159 1.257
-0.323159 1.2565
-0.324159 1.256
-0.325159 1.2555
-0.326159 1.255
-0.327159 1.2545
-0.328159 1.254
-0.329159 1.2535
-0.330159 1.253
-0.331159 1.2525
-0.332159 1.252
-0.333159 1.2515
-0.33416 1.251
-0.33516 1.2505
-0.33616 1.25
-0.33716 1.2495
-0.33816 1.249
-0.33916 1.2485
-0.34016 1.248
-0.34116 1.2475
-0.34216 1.247
-0.34316 1.2465
-0.34416 1.246
-0.34516 1.2455
-0.34616 1.245
-0.34716 1.2445
-0.34816 1.244
-0.34916 1.2435
-0.35016 1.243
-0.35116 1.2425
-0.35216 1.242
-0.35316 1.2415
-0.35416 1.241
-0.35516 1.2405
-0.35616 1.24
-0.35716 1.2395
-0.35816 1.239
-0.35916 1.2385
-0.36016 1.238
-0.36116 1.2375
-0.36216 1.237
-0.36316 1.2365
-0.36416 1.236
-0.36516 1.2355
-0.36616 1.235
-0.36716 1.2345
-0.36816 1.234
-0.36916 1.2335
-0.37016 1.233
-0.371161 1.2325
-0.372161 1.232
-0.373161 1.2315
-0.374161 1.231
-0.375161 1.2305
-0.376161 1.23
-0.377161 1.2295
-0.378161 1.229
-0.379161 1.2285
-0.380161 1.228
-0.381161 1.2275
-0.382161 1.227
-0.383161 1.2265
-0.384161 1.226
-0.385161 1.2255
-0.386161 1.225
-0.387161 1.2245
-0.388161 1.224
-0.389161 1.2235
-0.390161 1.223
-0.391161 1.2225
-0.392161 1.222
-0.393161 1.2215
-0.394161 1.221
-0.395161 1.2205
-0.396161 1.22
-0.397161 1.2195
-0.398161 1.219
-0.399161 1.2185
-0.400161 1.218
-0.401161 1.2175
-0.400161 1.217
-0.399161 1.2165
-0.398161 1.216
-0.397161 1.2155
-0.396161 1.215
-0.395161 1.2145
-0.394161 1.214
-0.393161 1.2135
-0.392161 1.213
-0.391161 1.2125
-0.390161 1.212
-0.389161 1.2115
-0.388161 1.211
-0.387161 1.2105
-0.386161 1.21
-0.385161 1.2095
-0.384161 1.209
-0.383161 1.2085
-0.382161 1.208
-0.381161 1.2075
-0.380161 1.207
-0.379161 1.2065
-0.378161 1.206
-0.377161 1.2055
-0.376161 1.205
-0.375161 1.2045
-0.374161 1.204
-0.373161 1.2035
-0.372161 1.203
-0.371161 1.2025
-0.37016 1.202
-0.36916 1.2015
-0.36816 1.201
-0.36716 1.2005
-0.36616 1.2
-0.36516 1.1995
-0.36416 1.199
-0.36316 1.1985
-0.36216 1.198
-0.36116 1.1975
-0.36016 1.197
-0.35916 1.1965
-0.35816 1.196
-0.35716 1.1955
-0.35616 1.195
-0.35516 1.1945
-0.35416 1.194
-0.35316 1.1935
-0.35216 1.193
-0.35116 1.1925
-0.35016 1.192
-0.34916 1.1915
-0.34816 1.191
-0.34716 1.1905
-0.34616 1.19
-0.34516 1.1895
-0.34416 1.189
-0.34316 1.1885
-0.34216 1.188
-0.34116 1.1875
-0.34016 1.187
-0.33916 1.1865
-0.33816 1.186
-0.33716 1.1855
-0.33616 1.185
-0.33516 1.1845
-0.33416 1.184
-0.333159 1.1835
-0.332159 1.183
-0.331159 1.1825
-0.330159 1.182
-0.329159 1.1815
-0.328159 1.181
-0.327159 1.1805
-0.326159 1.18
-0.325159 1.1795
-0.324159 1.179
-0.323159 1.1785
-0.322159 1.178
-0.321159 1.1775
-0.320159 1.177
-0.319159 1.1765
-0.318159 1.176
-0.317159 1.1755
-0.316159 1.175
-0.315159 1.1745
-0.314159 1.174
-0.313159 1.1735
-0.312159 1.173
-0.311159 1.1725
-0.310159 1.172
-0.309159 1.1715
-0.308159 1.171
-0.307159 1.1705
-0.306159 1.17
-0.305159 1.1695
-0.304159 1.169
-0.303159 1.1685
-0.302159 1.168
-0.301159 1.1675
-0.300159 1.167
-0.299159 1.1665
-0.298159 1.166
-0.297159 1.1655
-0.296158 1.165
-0.295158 1.1645
-0.294158 1.164
-0.293158 1.1635
-0.292158 1.163
-0.291158 1.1625
-0.290158 1.162
-0.289158 1.1615
-0.288158 1.161
-0.287158 1.1605
-0.286158 1.16
-0.285158 1.1595
-0.284158 1.159
-0.283158 1.1585
-0.282158 1.158
-0.281158 1.1575
-0.280158 1.157
-0.279158 1.1565
-0.278158 1.156
-0.277158 1.1555
-0.276158 1.155
-0.275158 1.1545
-0.274158 1.154
-0.273158 1.1535
-0.272158 1.153
-0.271158 1.1525
-0.270158 1.152
-0.269158 1.1515
-0.268158 1.151
-0.267158 1.1505
-0.266158 1.15
-0.265158 1.1495
-0.264158 1.149
-0.263158 1.1485
-0.262158 1.148
-0.261158 1.1475
-0.260157 1.147
-0.259157 1.1465
-0.258157 1.146
-0.257157 1.1455
-0.256157 1.145
-0.255157 1.1445
-0.254157 1.144
-0.253157 1.1435
-0.252157 1.143
-0.251157 1.1425
-0.250157 1.142
-0.249157 1.1415
-0.248157 1.141
-0.247157 1.1405
-0.246157 1.14
-0.245157 1.1395
-0.244157 1.139
-0.243157 1.1385
-0.242157 1.138
-0.241157 1.1375
-0.240157 1.137
-0.239157 1.1365
-0.238157 1.136
-0.237157 1.1355
-0.236157 1.135
-0.235157 1.1345
-0.234157 1.134
-0.233157 1.1335
-0.232157 1.133
-0.231157 1.1325
-0.230157 1.132
-0.229157 1.1315
-0.228157 1.131
-0.227157 1.1305
-0.226157 1.13
-0.225157 1.1295
-0.224157 1.129
-0.223156 1.1285
-0.222156 1.128
-0.221156 1.1275
-0.220156 1.127
-0.219156 1.1265
-0.218156 1.126
-0.217156 1.1255
-0.216156 1.125
-0.215156 1.1245
-0.214156 1.124
-0.213156 1.1235
-0.212156 1.123
-0.211156 1.1225
-0.210156 1.122
-0.209156 1.1215
-0.208156 1.121
-0.207156 1.1205
-0.206156 1.12
-0.205156 1.1195
-0.204156 1.119
-0.203156 1.1185
-0.202156 1.118
-0.201156 1.1175
-0.200156 1.117
-0.199156 1.1165
-0.198156 1.116
-0.197156 1.1155
-0.196156 1.115
-0.195156 1.1145
-0.194156 1.114
-0.193156 1.1135
-0.192156 1.113
-0.191156 1.1125
-0.190156 1.112
-0.189156 1.1115
-0.188156 1.111
-0.187155 1.1105
-0.186155 1.11
-0.185155 1.1095
-0.184155 1.109
-0.183155 1.1085
-0.182155 1.108
-0.181155 1.1075
-0.180155 1.107
-0.179155 1.1065
-0.178155 1.106
-0.177155 1.1055
-0.176155 1.105
-0.175155 1.1045
-0.174155 1.104
-0.173155 1.1035
-0.172155 1.103
-0.171155 1.1025
-0.170155 1.102
-0.169155 1.1015
-0.168155 1.101
-0.167155 1.1005
-0.166155 1.1
-0.165155 1.0995
-0.164155 1.099
-0.163155 1.0985
-0.162155 1.098
-0.161155 1.0975
-0.160155 1.097
-0.159155 1.0965
-0.158155 1.096
-0.157155 1.0955
-0.156155 1.095
-0.155155 1.0945
-0.154155 1.094
-0.153155 1.0935
-0.152155 1.093
-0.151155 1.0925
-0.150154 1.092
-0.149154 1.0915
-0.148154 1.091
-0.147154 1.0905
-0.146154 1.09
-0.145154 1.0895
-0.144154 1.089
-0.143154 1.0885
-0.142154 1.088
-0.141154 1.0875
-0.140154 1.087
-0.139154 1.0865
-0.138154 1.086
-0.137154 1.0855
-0.136154 1.085
-0.135154 1.0845
-0.134154 1.084
-0.133154 1.0835
-0.132154 1.083
-0.131154 1.0825
-0.130154 1.082
-0.129154 1.0815
-0.128154 1.081
-0.127154 1.0805
-0.126154 1.08
-0.125154 1.0795
-0.124154 1.079
-0.123154 1.0785
-0.122154 1.078
-0.121154 1.0775
-0.120154 1.077
-0.119154 1.0765
-0.118154 1.076
-0.117154 1.0755
-0.116154 1.075
-0.115154 1.0745
-0.114153 1.074
-0.113153 1.0735
-0.112153 1.073
-0.111153 1.0725
-0.110153 1.072
-0.109153 1.0715
-0.108153 1.071
-0.107153 1.0705
-0.106153 1.07
-0.105153 1.0695
-0.104153 1.069
-0.103153 1.0685
-0.102153 1.068
-0.101153 1.0675
-0.100153 1.067
-0.0991531 1.0665
-0.098153 1.066
-0.097153 1.0655
-0.096153 1.065
-0.095153 1.0645
-0.0941529 1.064
-0.0931529 1.0635
-0.0921529 1.063
-0.0911529 1.0625
-0.0901528 1.062
-0.0891528 1.0615
-0.0881528 1.061
-0.0871527 1.0605
-0.0861527 1.06
-0.0851527 1.0595
-0.0841527 1.059
-0.0831526 1.0585
-0.0821526 1.058
-0.0811526 1.0575
-0.0801526 1.057
-0.0791525 1.0565
-0.0781525 1.056
-0.0771525 1.0555
-0.0761524 1.055
-0.0751524 1.0545
-0.0741524 1.054
-0.0731524 1.0535
-0.0721523 1.053
-0.0711523 1.0525
-0.0701523 1.052
-0.0691523 1.0515
-0.0681522 1.051
-0.0671522 1.0505
-0.0661522 1.05
-0.0651521 1.0495
-0.0641521 1.049
-0.0631521 1.0485
-0.0621521 1.048
-0.061152 1.0475
-0.060152 1.047
-0.059152 1.0465
-0.058152 1.046
-0.0571519 1.0455
-0.0561519 1.045
-0.0551519 1.0445
-0.0541518 1.044
-0.0531518 1.0435
-0.0521518 1.043
-0.0511518 1.0425
-0.0501517 1.042
-0.0491517 1.0415
-0.0481517 1.041
-0.0471517 1.0405
-0.0461516 1.04
-0.0451516 1.0395
-0.0441516 1.039
-0.0431515 1.0385
-0.0421515 1.038
-0.0411515 1.0375
-0.0401515 1.037
-0.0391514 1.0365
-0.0381514 1.036
-0.0371514 1.0355
-0.0361514 1.035
-0.0351513 1.0345
-0.0341513 1.034
-0.0331513 1.0335
-0.0321512 1.033
-0.0311512 1.0325
-0.0301512 1.032
-0.0291512 1.0315
-0.0281511 1.031
-0.0271511 1.0305
-0.0261511 1.03
-0.025151 1.0295
-0.024151 1.029
-0.023151 1.0285
-0.022151 1.028
-0.0211509 1.0275
-0.0201509 1.027
-0.0191509 1.0265
-0.0181509 1.026
-0.0171508 1.0255
-0.0161508 1.025
-0.0151508 1.0245
-0.0141507 1.024
-0.0131507 1.0235
-0.0121507 1.023
-0.0111507 1.0225
-0.0101506 1.022
-0.00915061 1.0215
-0.00815058 1.021
-0.00715056 1.0205
-0.00615053 1.02
-0.0051505 1.0195
-0.00415047 1.019
-0.00315045 1.0185
-0.00215042 1.018
-0.00115039 1.0175
-0.000150365 1.017
0.000849663 1.0165
0.00184969 1.016
0.00284972 1.0155
0.00384974 1.015
0.00484977 1.0145
0.0058498 1.014
0.00684983 1.0135
0.00784985 1.013
0.00884988 1.0125
0.00984991 1.012
0.0108499 1.0115
0.01185 1.011
0.01285 1.0105
0.01385 1.01
0.01485 1.0095
0.0158501 1.009
0.0168501 1.0085
0.0178501 1.008
0.0188502 1.0075
0.0198502 1.007
0.0208502 1.0065
0.0218502 1.006
0.0228503 1.0055
0.0238503 1.005
0.0248503 1.0045
0.0258503 1.004
0.0268504 1.0035
0.0278504 1.003
0.0288504 1.0025
0.0298505 1.002
0.0308505 1.0015
0.0318505 1.001
0.0328505 1.0005
0.0338506 1
