Man
0 0
0 0.001
0 0.002
0 0.003
0 0.004
0 0.005
0 0.006
0 0.007
0 0.008
0 0.009
0 0.01
0 0.011
0 0.012
0 0.013
0 0.014
0 0.015
0 0.016
0 0.017
0 0.018
0 0.019
0 0.02
0 0.021
0 0.022
0 0.023
0 0.024
0 0.025
0 0.026
0 0.027
0 0.028
0 0.029
0 0.03
0 0.031
0 0.032
0 0.033
0 0.034
0 0.035
0 0.036
0 0.037
0 0.038
0 0.039
0 0.04
0 0.041
0 0.042
0 0.043
0 0.044
0 0.045
0 0.046
0 0.047
0 0.048
0 0.049
0 0.05
0 0.051
0 0.052
0 0.053
0 0.054
0 0.055
0 0.056
0 0.057
0 0.058
0 0.059
0 0.06
0 0.061
0 0.062
0 0.063
0 0.064
0 0.065
0 0.066
0 0.067
0 0.068
0 0.069
0 0.07
0 0.071
0 0.072
0 0.073
0 0.074
0 0.075
0 0.076
0 0.077
0 0.078
-0.314159 0.079
-0.314159 0.08
-0.314159 0.081
-0.314159 0.082
-0.314159 0.083
-0.314159 0.084
-0.314159 0.085
-0.188496 0.086
-0.188496 0.087
-0.188496 0.088
-0.188496 0.089
-0.188496 0.09
-0.188496 0.091
-0.188496 0.092
-0.188496 0.093
-0.188496 0.094
-0.188496 0.095
-0.188496 0.096
-0.188496 0.097
-0.188496 0.098
-0.188496 0.099
-0.188496 0.1
-0.188496 0.101
-0.188496 0.102
-0.188496 0.103
-0.188496 0.104
-0.188496 0.105
-0.188496 0.106
-0.314159 0.107
-0.314159 0.108
-0.314159 0.109
-0.314159 0.11
-0.314159 0.111
-0.314159 0.112
-0.314159 0.113
-0.314159 0.114
-0.314159 0.115
-0.314159 0.116
-0.314159 0.117
-0.314159 0.118
-0.314159 0.119
-0.314159 0.12
-0.314159 0.121
-0.314159 0.122
-0.314159 0.123
-0.314159 0.124
-0.314159 0.125
-0.238761 0.126
-0.188496 0.127
-0.188496 0.128
-0.188496 0.129
-0.188496 0.13
-0.13823 0.131
-0.0879646 0.132
-0.0879646 0.133
-0.0879646 0.134
-0.0879646 0.135
-0.0879646 0.136
-0.0879646 0.137
-0.0376991 0.138
-0.0578053 0.139
-0.0779115 0.14
-0.0779115 0.141
-0.0779115 0.142
-0.0578053 0.143
-0.0578053 0.144
-0.0578053 0.145
-0.0779115 0.146
-0.085954 0.147
-0.0939965 0.148
-0.102039 0.149
-0.110081 0.15
-0.102039 0.151
-0.110081 0.152
-0.102039 0.153
-0.110081 0.154
-0.102039 0.155
-0.110081 0.156
-0.102039 0.157
-0.110081 0.158
-0.102039 0.159
-0.110081 0.16
-0.102039 0.161
-0.110081 0.162
-0.102039 0.163
-0.110081 0.164
-0.102039 0.165
-0.110081 0.166
-0.102039 0.167
-0.110081 0.168
-0.102039 0.169
-0.110081 0.17
-0.102039 0.171
-0.110081 0.172
-0.102039 0.173
-0.110081 0.174
-0.102039 0.175
-0.110081 0.176
-0.102039 0.177
-0.110081 0.178
-0.102039 0.179
-0.110081 0.18
-0.102039 0.181
-0.110081 0.182
-0.102039 0.183
-0.110081 0.184
-0.102039 0.185
-0.110081 0.186
-0.102039 0.187
-0.110081 0.188
-0.102039 0.189
-0.110081 0.19
-0.102039 0.191
-0.110081 0.192
-0.102039 0.193
-0.110081 0.194
-0.102039 0.195
-0.110081 0.196
-0.102039 0.197
-0.110081 0.198
-0.102039 0.199
-0.110081 0.2
-0.102039 0.201
-0.110081 0.202
-0.102039 0.203
-0.110081 0.204
-0.102039 0.205
-0.110081 0.206
-0.102039 0.207
-0.110081 0.208
-0.102039 0.209
-0.110081 0.21
-0.102623 0.211
-0.094581 0.212
-0.101648 0.213
-0.10969 0.214
-0.104069 0.215
-0.104069 0.216
-0.104069 0.217
-0.104069 0.218
-0.104069 0.219
-0.104069 0.22
-0.104069 0.221
-0.104069 0.222
-0.104069 0.223
-0.104069 0.224
-0.104069 0.225
-0.104069 0.226
-0.104069 0.227
-0.104069 0.228
-0.104069 0.229
-0.104069 0.23
-0.104069 0.231
-0.104069 0.232
-0.104069 0.233
-0.104069 0.234
-0.104069 0.235
-0.104069 0.236
-0.104069 0.237
-0.104069 0.238
-0.104069 0.239
-0.104069 0.24
-0.104069 0.241
-0.104069 0.242
-0.104069 0.243
-0.104069 0.244
-0.104069 0.245
-0.104069 0.246
-0.104069 0.247
-0.104069 0.248
-0.104069 0.249
-0.104069 0.25
-0.104069 0.251
-0.104069 0.252
-0.104069 0.253
-0.104069 0.254
-0.104069 0.255
-0.104069 0.256
-0.104069 0.257
-0.104069 0.258
-0.104069 0.259
-0.104069 0.26
-0.104069 0.261
-0.104069 0.262
-0.104069 0.263
-0.104069 0.264
-0.104069 0.265
-0.104069 0.266
-0.104069 0.267
-0.104069 0.268
-0.104069 0.269
-0.104069 0.27
-0.104069 0.271
-0.104069 0.272
-0.104069 0.273
-0.104069 0.274
-0.104069 0.275
-0.104069 0.276
-0.104069 0.277
-0.104069 0.278
-0.104069 0.279
-0.104069 0.28
-0.104069 0.281
-0.104069 0.282
-0.104069 0.283
-0.104069 0.284
-0.104069 0.285
-0.104069 0.286
-0.104069 0.287
-0.104069 0.288
-0.104069 0.289
-0.104069 0.29
-0.104069 0.291
-0.104069 0.292
-0.104069 0.293
-0.104069 0.294
-0.104069 0.295
-0.104069 0.296
-0.104069 0.297
-0.104069 0.298
-0.104069 0.299
-0.104069 0.3
-0.104069 0.301
-0.104069 0.302
-0.104069 0.303
-0.104069 0.304
-0.104069 0.305
-0.104069 0.306
-0.104069 0.307
-0.104069 0.308
-0.104069 0.309
-0.104069 0.31
-0.104069 0.311
-0.104069 0.312
-0.104069 0.313
-0.104069 0.314
-0.104069 0.315
-0.104069 0.316
-0.104069 0.317
-0.104069 0.318
-0.104069 0.319
-0.104069 0.32
-0.104069 0.321
-0.104069 0.322
-0.104069 0.323
-0.104069 0.324
-0.104069 0.325
-0.104069 0.326
-0.104069 0.327
-0.104069 0.328
-0.104069 0.329
-0.104069 0.33
-0.104069 0.331
-0.104069 0.332
-0.104069 0.333
-0.104069 0.334
-0.104069 0.335
-0.104069 0.336
-0.104069 0.337
-0.104069 0.338
-0.104069 0.339
-0.104069 0.34
-0.104069 0.341
-0.104069 0.342
-0.104069 0.343
-0.104069 0.344
-0.104069 0.345
-0.104069 0.346
-0.104069 0.347
-0.104069 0.348
-0.104069 0.349
-0.104069 0.35
-0.104069 0.351
-0.104069 0.352
-0.104069 0.353
-0.104069 0.354
-0.104069 0.355
-0.104069 0.356
-0.104069 0.357
-0.104069 0.358
-0.104069 0.359
-0.104069 0.36
-0.104069 0.361
-0.104069 0.362
-0.104069 0.363
-0.104069 0.364
-0.104069 0.365
-0.104069 0.366
-0.104069 0.367
-0.104069 0.368
-0.104069 0.369
-0.104069 0.37
-0.104069 0.371
-0.104069 0.372
-0.104069 0.373
-0.104069 0.374
-0.104069 0.375
-0.104069 0.376
-0.104069 0.377
-0.104069 0.378
-0.104069 0.379
-0.104069 0.38
-0.104069 0.381
-0.104069 0.382
-0.104069 0.383
-0.104069 0.384
-0.104069 0.385
-0.104069 0.386
-0.104069 0.387
-0.104069 0.388
-0.104069 0.389
-0.104069 0.39
-0.104069 0.391
-0.104069 0.392
-0.104069 0.393
-0.104069 0.394
-0.104069 0.395
-0.104069 0.396
-0.104069 0.397
-0.104069 0.398
-0.104069 0.399
-0.104069 0.4
-0.104069 0.401
-0.104069 0.402
-0.104069 0.403
-0.104069 0.404
-0.104069 0.405
-0.104069 0.406
-0.104069 0.407
-0.104069 0.408
-0.104069 0.409
-0.104069 0.41
-0.104069 0.411
-0.104069 0.412
-0.104069 0.413
-0.104069 0.414
-0.104069 0.415
-0.104069 0.416
-0.104069 0.417
-0.104069 0.418
-0.104069 0.419
-0.104069 0.42
-0.104069 0.421
-0.104069 0.422
-0.104069 0.423
-0.104069 0.424
-0.104069 0.425
-0.104069 0.426
-0.104069 0.427
-0.104069 0.428
-0.104069 0.429
-0.104069 0.43
-0.104069 0.431
-0.104069 0.432
-0.104069 0.433
-0.104069 0.434
-0.104069 0.435
-0.104069 0.436
-0.104069 0.437
-0.104069 0.438
-0.104069 0.439
-0.104069 0.44
-0.104069 0.441
-0.104069 0.442
-0.104069 0.443
-0.104069 0.444
-0.104069 0.445
-0.104069 0.446
-0.104069 0.447
-0.104069 0.448
-0.104069 0.449
-0.104069 0.45
-0.104069 0.451
-0.104069 0.452
-0.104069 0.453
-0.104069 0.454
-0.104069 0.455
-0.104069 0.456
-0.104069 0.457
-0.104069 0.458
-0.104069 0.459
-0.104069 0.46
-0.104069 0.461
-0.104069 0.462
-0.104069 0.463
-0.104069 0.464
-0.104069 0.465
-0.104069 0.466
-0.104069 0.467
-0.104069 0.468
-0.104069 0.469
-0.104069 0.47
-0.104069 0.471
-0.104069 0.472
-0.104069 0.473
-0.104069 0.474
-0.104069 0.475
-0.104069 0.476
-0.104069 0.477
-0.104069 0.478
-0.104069 0.479
-0.104069 0.48
-0.104069 0.481
-0.104069 0.482
-0.104069 0.483
-0.104069 0.484
-0.104069 0.485
-0.104069 0.486
-0.104069 0.487
-0.104069 0.488
-0.104069 0.489
-0.104069 0.49
-0.104069 0.491
-0.104069 0.492
-0.104069 0.493
-0.104069 0.494
-0.104069 0.495
-0.104069 0.496
-0.104069 0.497
-0.104069 0.498
-0.104069 0.499
-0.104069 0.5
-0.104069 0.501
-0.104069 0.502
-0.104069 0.503
-0.104069 0.504
-0.104069 0.505
-0.104069 0.506
-0.104069 0.507
-0.104069 0.508
-0.104069 0.509
-0.104069 0.51
-0.104069 0.511
-0.104069 0.512
-0.104069 0.513
-0.104069 0.514
-0.104069 0.515
-0.104069 0.516
-0.104069 0.517
-0.104069 0.518
-0.104069 0.519
-0.104069 0.52
-0.104069 0.521
-0.104069 0.522
-0.104069 0.523
-0.104069 0.524
-0.104069 0.525
-0.104069 0.526
-0.104069 0.527
-0.104069 0.528
-0.104069 0.529
-0.104069 0.53
-0.104069 0.531
-0.104069 0.532
-0.104069 0.533
-0.104069 0.534
-0.104069 0.535
-0.104069 0.536
-0.104069 0.537
-0.104069 0.538
-0.104069 0.539
-0.104069 0.54
-0.104069 0.541
-0.104069 0.542
-0.104069 0.543
-0.104069 0.544
-0.104069 0.545
-0.104069 0.546
-0.104069 0.547
-0.104069 0.548
-0.104069 0.549
-0.104069 0.55
-0.104069 0.551
-0.104069 0.552
-0.104069 0.553
-0.104069 0.554
-0.104069 0.555
-0.104069 0.556
-0.104069 0.557
-0.104069 0.558
-0.104069 0.559
-0.104069 0.56
-0.104069 0.561
-0.104069 0.562
-0.104069 0.563
-0.104069 0.564
-0.104069 0.565
-0.104069 0.566
-0.104069 0.567
-0.104069 0.568
-0.104069 0.569
-0.104069 0.57
-0.104069 0.571
-0.104069 0.572
-0.104069 0.573
-0.104069 0.574
-0.104069 0.575
-0.104069 0.576
-0.104069 0.577
-0.104069 0.578
-0.104069 0.579
-0.104069 0.58
-0.104069 0.581
-0.104069 0.582
-0.104069 0.583
-0.104069 0.584
-0.104069 0.585
-0.104069 0.586
-0.104069 0.587
-0.104069 0.588
-0.104069 0.589
-0.104069 0.59
-0.104069 0.591
-0.104069 0.592
-0.104069 0.593
-0.104069 0.594
-0.104069 0.595
-0.104069 0.596
-0.104069 0.597
-0.104069 0.598
-0.104069 0.599
-0.104069 0.6
-0.104069 0.601
-0.104069 0.602
-0.104069 0.603
-0.104069 0.604
-0.104069 0.605
-0.104069 0.606
-0.104069 0.607
-0.104069 0.608
-0.104069 0.609
-0.104069 0.61
-0.104069 0.611
-0.104069 0.612
-0.104069 0.613
-0.104069 0.614
-0.104069 0.615
-0.104069 0.616
-0.104069 0.617
-0.104069 0.618
-0.104069 0.619
-0.104069 0.62
-0.104069 0.621
-0.104069 0.622
-0.104069 0.623
-0.104069 0.624
-0.104069 0.625
-0.104069 0.626
-0.104069 0.627
-0.104069 0.628
-0.104069 0.629
-0.104069 0.63
-0.104069 0.631
-0.104069 0.632
-0.104069 0.633
-0.104069 0.634
-0.104069 0.635
-0.104069 0.636
-0.104069 0.637
-0.104069 0.638
-0.104069 0.639
-0.104069 0.64
-0.104069 0.641
-0.104069 0.642
-0.104069 0.643
-0.104069 0.644
-0.104069 0.645
-0.104069 0.646
-0.104069 0.647
-0.104069 0.648
-0.104069 0.649
-0.104069 0.65
-0.104069 0.651
-0.104069 0.652
-0.104069 0.653
-0.104069 0.654
-0.104069 0.655
-0.104069 0.656
-0.104069 0.657
-0.104069 0.658
-0.104069 0.659
-0.104069 0.66
-0.104069 0.661
-0.104069 0.662
-0.104069 0.663
-0.104069 0.664
-0.104069 0.665
-0.104069 0.666
-0.104069 0.667
-0.104069 0.668
-0.104069 0.669
-0.104069 0.67
-0.104069 0.671
-0.104069 0.672
-0.104069 0.673
-0.104069 0.674
-0.104069 0.675
-0.104069 0.676
-0.104069 0.677
-0.104069 0.678
-0.104069 0.679
-0.104069 0.68
-0.104069 0.681
-0.104069 0.682
-0.104069 0.683
-0.104069 0.684
-0.104069 0.685
-0.104069 0.686
-0.104069 0.687
-0.104069 0.688
-0.104069 0.689
-0.104069 0.69
-0.104069 0.691
-0.104069 0.692
-0.104069 0.693
-0.104069 0.694
-0.104069 0.695
-0.104069 0.696
-0.104069 0.697
-0.104069 0.698
-0.104069 0.699
-0.104069 0.7
-0.104069 0.701
-0.104069 0.702
-0.104069 0.703
-0.104069 0.704
-0.104069 0.705
-0.104069 0.706
-0.104069 0.707
-0.104069 0.708
-0.104069 0.709
-0.104069 0.71
-0.104069 0.711
-0.104069 0.712
-0.104069 0.713
-0.104069 0.714
-0.104069 0.715
-0.104069 0.716
-0.104069 0.717
-0.104069 0.718
-0.104069 0.719
-0.104069 0.72
-0.104069 0.721
-0.104069 0.722
-0.104069 0.723
-0.104069 0.724
-0.104069 0.725
-0.104069 0.726
-0.104069 0.727
-0.104069 0.728
-0.104069 0.729
-0.104069 0.73
-0.104069 0.731
-0.104069 0.732
-0.104069 0.733
-0.104069 0.734
-0.104069 0.735
-0.104069 0.736
-0.104069 0.737
-0.104069 0.738
-0.104069 0.739
-0.104069 0.74
-0.104069 0.741
-0.104069 0.742
-0.104069 0.743
-0.104069 0.744
-0.104069 0.745
-0.104069 0.746
-0.104069 0.747
-0.104069 0.748
-0.104069 0.749
-0.104069 0.75
-0.104069 0.751
-0.104069 0.752
-0.104069 0.753
-0.104069 0.754
-0.104069 0.755
-0.104069 0.756
-0.104069 0.757
-0.104069 0.758
-0.104069 0.759
-0.104069 0.76
-0.104069 0.761
-0.104069 0.762
-0.104069 0.763
-0.104069 0.764
-0.104069 0.765
-0.104069 0.766
-0.104069 0.767
-0.104069 0.768
-0.104069 0.769
-0.104069 0.77
-0.104069 0.771
-0.104069 0.772
-0.104069 0.773
-0.104069 0.774
-0.104069 0.775
-0.104069 0.776
-0.104069 0.777
-0.104069 0.778
-0.104069 0.779
-0.104069 0.78
-0.104069 0.781
-0.104069 0.782
-0.104069 0.783
-0.104069 0.784
-0.104069 0.785
-0.104069 0.786
-0.104069 0.787
-0.104069 0.788
-0.104069 0.789
-0.104069 0.79
-0.104069 0.791
-0.104069 0.792
-0.104069 0.793
-0.104069 0.794
-0.104069 0.795
-0.104069 0.796
-0.104069 0.797
-0.104069 0.798
-0.104069 0.799
-0.104069 0.8
-0.104069 0.801
-0.104069 0.802
-0.104069 0.803
-0.104069 0.804
-0.104069 0.805
-0.104069 0.806
-0.104069 0.807
-0.104069 0.808
-0.104069 0.809
-0.104069 0.81
-0.104069 0.811
-0.104069 0.812
-0.104069 0.813
-0.104069 0.814
-0.104069 0.815
-0.104069 0.816
-0.104069 0.817
-0.104069 0.818
-0.104069 0.819
-0.104069 0.82
-0.104069 0.821
-0.104069 0.822
-0.104069 0.823
-0.104069 0.824
-0.104069 0.825
-0.104069 0.826
-0.104069 0.827
-0.104069 0.828
-0.104069 0.829
-0.104069 0.83
-0.104069 0.831
-0.104069 0.832
-0.104069 0.833
-0.104069 0.834
-0.104069 0.835
-0.104069 0.836
-0.104069 0.837
-0.104069 0.838
-0.104069 0.839
-0.104069 0.84
-0.104069 0.841
-0.104069 0.842
-0.104069 0.843
-0.104069 0.844
-0.104069 0.845
-0.104069 0.846
-0.104069 0.847
-0.104069 0.848
-0.104069 0.849
-0.104069 0.85
-0.104069 0.851
-0.104069 0.852
-0.104069 0.853
-0.104069 0.854
-0.104069 0.855
-0.104069 0.856
-0.104069 0.857
-0.104069 0.858
-0.104069 0.859
-0.104069 0.86
-0.104069 0.861
-0.104069 0.862
-0.104069 0.863
-0.104069 0.864
-0.104069 0.865
-0.104069 0.866
-0.104069 0.867
-0.104069 0.868
-0.104069 0.869
-0.104069 0.87
-0.104069 0.871
-0.104069 0.872
-0.104069 0.873
-0.104069 0.874
-0.104069 0.875
-0.104069 0.876
-0.104069 0.877
-0.104069 0.878
-0.104069 0.879
-0.104069 0.88
-0.104069 0.881
-0.104069 0.882
-0.104069 0.883
-0.104069 0.884
-0.104069 0.885
-0.104069 0.886
-0.104069 0.887
-0.104069 0.888
-0.104069 0.889
-0.104069 0.89
-0.104069 0.891
-0.104069 0.892
-0.104069 0.893
-0.104069 0.894
-0.104069 0.895
-0.104069 0.896
-0.104069 0.897
-0.104069 0.898
-0.104069 0.899
-0.104069 0.9
-0.104069 0.901
-0.104069 0.902
-0.104069 0.903
-0.104069 0.904
-0.104069 0.905
-0.104069 0.906
-0.104069 0.907
-0.104069 0.908
-0.104069 0.909
-0.104069 0.91
-0.104069 0.911
-0.104069 0.912
-0.104069 0.913
-0.104069 0.914
-0.104069 0.915
-0.104069 0.916
-0.104069 0.917
-0.104069 0.918
-0.104069 0.919
-0.104069 0.92
-0.104069 0.921
-0.104069 0.922
-0.104069 0.923
-0.104069 0.924
-0.104069 0.925
-0.104069 0.926
-0.104069 0.927
-0.104069 0.928
-0.104069 0.929
-0.104069 0.93
-0.104069 0.931
-0.104069 0.932
-0.104069 0.933
-0.104069 0.934
-0.104069 0.935
-0.104069 0.936
-0.104069 0.937
-0.104069 0.938
-0.104069 0.939
-0.104069 0.94
-0.104069 0.941
-0.104069 0.942
-0.104069 0.943
-0.104069 0.944
-0.104069 0.945
-0.104069 0.946
-0.104069 0.947
-0.104069 0.948
-0.104069 0.949
-0.104069 0.95
-0.104069 0.951
-0.104069 0.952
-0.104069 0.953
-0.104069 0.954
-0.104069 0.955
-0.104069 0.956
-0.104069 0.957
-0.104069 0.958
-0.104069 0.959
-0.104069 0.96
-0.104069 0.961
-0.104069 0.962
-0.104069 0.963
-0.104069 0.964
-0.104069 0.965
-0.104069 0.966
-0.104069 0.967
-0.104069 0.968
-0.104069 0.969
-0.104069 0.97
-0.104069 0.971
-0.104069 0.972
-0.104069 0.973
-0.104069 0.974
-0.104069 0.975
-0.104069 0.976
-0.104069 0.977
-0.104069 0.978
-0.104069 0.979
-0.104069 0.98
-0.104069 0.981
-0.104069 0.982
-0.104069 0.983
-0.104069 0.984
-0.104069 0.985
-0.104069 0.986
-0.104069 0.987
-0.104069 0.988
-0.104069 0.989
-0.104069 0.99
-0.104069 0.991
-0.104069 0.992
-0.104069 0.993
-0.104069 0.994
-0.104069 0.995
-0.104069 0.996
-0.104069 0.997
-0.104069 0.998
-0.104069 0.999
-0.103069 1


Shark
3.14159 1.5
3.13759 1.4995
3.13359 1.499
3.12959 1.4985
3.12559 1.498
3.12159 1.4975
3.11759 1.497
3.11359 1.4965
3.10959 1.496
3.10559 1.4955
3.10159 1.495
3.09759 1.4945
3.09359 1.494
3.08959 1.4935
3.08559 1.493
3.08159 1.4925
3.07759 1.492
3.07359 1.4915
3.06959 1.491
3.06559 1.4905
3.06159 1.49
3.05759 1.4895
3.05359 1.489
3.04959 1.4885
3.04559 1.488
3.04159 1.4875
3.03759 1.487
3.03359 1.4865
3.02959 1.486
3.02559 1.4855
3.02159 1.485
3.01759 1.4845
3.01359 1.484
3.00959 1.4835
3.00559 1.483
3.00159 1.4825
2.99759 1.482
2.99359 1.4815
2.98959 1.481
2.98559 1.4805
2.98159 1.48
2.97759 1.4795
2.97359 1.479
2.96959 1.4785
2.96559 1.478
2.96159 1.4775
2.95759 1.477
2.95359 1.4765
2.94959 1.476
2.94559 1.4755
2.94159 1.475
2.93759 1.4745
2.93359 1.474
2.92959 1.4735
2.92559 1.473
2.92159 1.4725
2.91759 1.472
2.91359 1.4715
2.90959 1.471
2.90559 1.4705
2.90159 1.47
2.89759 1.4695
2.89359 1.469
2.88959 1.4685
2.88559 1.468
2.88159 1.4675
2.87759 1.467
2.87359 1.4665
2.86959 1.466
2.86559 1.4655
2.86159 1.465
2.85759 1.4645
2.85359 1.464
2.84959 1.4635
2.84559 1.463
2.84159 1.4625
2.83759 1.462
2.83359 1.4615
2.82959 1.461
2.92791 1.4605
2.93191 1.46
2.93591 1.4595
2.93991 1.459
2.94391 1.4585
2.94791 1.458
2.95191 1.4575
2.90878 1.457
2.90478 1.4565
2.90078 1.456
2.89678 1.4555
2.89278 1.455
2.88878 1.4545
2.88478 1.454
2.88078 1.4535
2.87678 1.453
2.87278 1.4525
2.86878 1.452
2.86478 1.4515
2.86078 1.451
2.85678 1.4505
2.85278 1.45
2.84878 1.4495
2.84478 1.449
2.84078 1.4485
2.83678 1.448
2.83278 1.4475
2.82878 1.447
2.88243 1.4465
2.88643 1.446
2.89043 1.4455
2.89443 1.445
2.89843 1.4445
2.90243 1.444
2.90643 1.4435
2.91043 1.443
2.91443 1.4425
2.91843 1.442
2.92243 1.4415
2.92643 1.441
2.93043 1.4405
2.93443 1.44
2.93843 1.4395
2.94243 1.439
2.94643 1.4385
2.95043 1.438
2.95443 1.4375
2.99248 1.437
3.01822 1.4365
3.02222 1.436
3.02622 1.4355
3.03022 1.435
3.05676 1.4345
3.0835 1.434
3.0875 1.4335
3.0915 1.433
3.0955 1.4325
3.0995 1.432
3.1035 1.4315
3.07557 1.431
3.06373 1.4305
3.07564 1.43
3.07964 1.4295
3.08364 1.429
3.0715 1.4285
3.0675 1.428
3.0635 1.4275
3.05114 1.427
3.04496 1.4265
3.03875 1.426
3.03252 1.4255
3.03877 1.425
3.03249 1.4245
3.0388 1.424
3.03247 1.4235
3.03882 1.423
3.03244 1.4225
3.03885 1.422
3.03242 1.4215
3.03887 1.421
3.03239 1.4205
3.0389 1.42
3.03237 1.4195
3.03893 1.419
3.03234 1.4185
3.03895 1.418
3.03232 1.4175
3.03898 1.417
3.03229 1.4165
3.039 1.416
3.03227 1.4155
3.03903 1.415
3.03224 1.4145
3.03905 1.414
3.03221 1.4135
3.03908 1.413
3.03219 1.4125
3.03911 1.412
3.03216 1.4115
3.03913 1.411
3.03214 1.4105
3.03916 1.41
3.03211 1.4095
3.03919 1.409
3.03208 1.4085
3.03921 1.408
3.03206 1.4075
3.03924 1.407
3.03203 1.4065
3.03927 1.406
3.032 1.4055
3.03929 1.405
3.03197 1.4045
3.03932 1.404
3.03195 1.4035
3.03935 1.403
3.03192 1.4025
3.03937 1.402
3.03189 1.4015
3.0394 1.401
3.03187 1.4005
3.03943 1.4
3.03184 1.3995
3.03946 1.399
3.03181 1.3985
3.03948 1.398
3.03178 1.3975
3.03951 1.397
3.03176 1.3965
3.03954 1.396
3.03173 1.3955
3.03957 1.395
3.04701 1.3945
3.03912 1.394
3.0319 1.3935
3.03985 1.393
3.04612 1.3925
3.05012 1.392
3.05412 1.3915
3.05812 1.391
3.06212 1.3905
3.06612 1.39
3.07012 1.3895
3.07412 1.389
3.07812 1.3885
3.08212 1.388
3.08612 1.3875
3.09012 1.387
3.09412 1.3865
3.09812 1.386
3.10212 1.3855
3.10612 1.385
3.11012 1.3845
3.11412 1.384
3.11812 1.3835
3.12212 1.383
3.12612 1.3825
3.13012 1.382
3.13412 1.3815
3.13812 1.381
3.14212 1.3805
3.14612 1.38
3.15012 1.3795
3.15412 1.379
3.15812 1.3785
3.16212 1.378
3.16612 1.3775
3.17012 1.377
3.17412 1.3765
3.17812 1.376
3.18212 1.3755
3.18612 1.375
3.19012 1.3745
3.19412 1.374
3.19812 1.3735
3.20212 1.373
3.20612 1.3725
3.21012 1.372
3.21412 1.3715
3.21812 1.371
3.22212 1.3705
3.22612 1.37
3.23012 1.3695
3.23412 1.369
3.23812 1.3685
3.24212 1.368
3.24612 1.3675
3.25012 1.367
3.25412 1.3665
3.25812 1.366
3.26212 1.3655
3.26612 1.365
3.27012 1.3645
3.27412 1.364
3.27812 1.3635
3.28212 1.363
3.28612 1.3625
3.29012 1.362
3.29412 1.3615
3.29812 1.361
3.30212 1.3605
3.30612 1.36
3.31012 1.3595
3.31412 1.359
3.31812 1.3585
3.32212 1.358
3.32612 1.3575
3.33012 1.357
3.33412 1.3565
3.33812 1.356
3.34212 1.3555
3.34612 1.355
3.35012 1.3545
3.35412 1.354
3.35812 1.3535
3.36212 1.353
3.36612 1.3525
3.37012 1.352
3.37412 1.3515
3.37812 1.351
3.38212 1.3505
3.38612 1.35
3.39012 1.3495
3.39412 1.349
3.39812 1.3485
3.40212 1.348
3.40612 1.3475
3.41012 1.347
3.41412 1.3465
3.41812 1.346
3.42212 1.3455
3.42612 1.345
3.43012 1.3445
3.43412 1.344
3.43812 1.3435
3.44212 1.343
3.44612 1.3425
3.45012 1.342
3.45412 1.3415
3.45812 1.341
3.46212 1.3405
3.46612 1.34
3.47012 1.3395
3.47412 1.339
3.47812 1.3385
3.48212 1.338
3.48612 1.3375
3.49012 1.337
3.49412 1.3365
3.49812 1.336
3.50212 1.3355
3.50612 1.335
3.51012 1.3345
3.51412 1.334
3.51812 1.3335
3.52212 1.333
3.52612 1.3325
3.53012 1.332
3.53412 1.3315
3.53812 1.331
3.54212 1.3305
3.54612 1.33
3.55012 1.3295
3.55412 1.329
3.55812 1.3285
3.56212 1.328
3.56612 1.3275
3.57012 1.327
3.57412 1.3265
3.57812 1.326
3.58212 1.3255
3.58612 1.325
3.59012 1.3245
3.59412 1.324
3.59812 1.3235
3.60212 1.323
3.60612 1.3225
3.61012 1.322
3.61412 1.3215
3.61812 1.321
3.62212 1.3205
3.62612 1.32
3.63012 1.3195
3.63412 1.319
3.63812 1.3185
3.64212 1.318
3.64612 1.3175
3.65012 1.317
3.65412 1.3165
3.65812 1.316
3.66212 1.3155
3.66612 1.315
3.67012 1.3145
3.67412 1.314
3.67812 1.3135
3.68212 1.313
3.68612 1.3125
3.69012 1.312
3.69412 1.3115
3.69812 1.311
3.70212 1.3105
3.70612 1.31
3.71012 1.3095
3.71412 1.309
3.71812 1.3085
3.72212 1.308
3.72612 1.3075
3.73012 1.307
3.73412 1.3065
3.73812 1.306
3.74212 1.3055
3.74612 1.305
3.75012 1.3045
3.75412 1.304
3.75812 1.3035
3.76212 1.303
3.76612 1.3025
3.77012 1.302
3.77412 1.3015
3.77812 1.301
3.78212 1.3005
3.78612 1.3
3.79012 1.2995
3.79412 1.299
3.79812 1.2985
3.80212 1.298
3.80612 1.2975
3.81012 1.297
3.81412 1.2965
3.81812 1.296
3.82212 1.2955
3.82612 1.295
3.83012 1.2945
3.83412 1.294
3.83812 1.2935
3.84212 1.293
3.84612 1.2925
3.85012 1.292
3.85412 1.2915
3.85812 1.291
3.86212 1.2905
3.86612 1.29
3.87012 1.2895
3.87412 1.289
3.87812 1.2885
3.88212 1.288
3.88612 1.2875
3.89012 1.287
3.89412 1.2865
3.89812 1.286
3.90212 1.2855
3.90612 1.285
3.91012 1.2845
3.91412 1.284
3.91812 1.2835
3.92212 1.283
3.92612 1.2825
3.93012 1.282
3.93412 1.2815
3.93812 1.281
3.94212 1.2805
3.94612 1.28
3.95012 1.2795
3.95412 1.279
3.95812 1.2785
3.96212 1.278
3.96612 1.2775
3.97012 1.277
3.97412 1.2765
3.97812 1.276
3.98212 1.2755
3.98612 1.275
3.99012 1.2745
3.99412 1.274
3.99812 1.2735
4.00212 1.273
4.00612 1.2725
4.01012 1.272
4.01412 1.2715
4.01812 1.271
4.02212 1.2705
4.02612 1.27
4.03012 1.2695
4.03412 1.269
4.03812 1.2685
4.04212 1.268
4.04612 1.2675
4.05012 1.267
4.05412 1.2665
4.05812 1.266
4.06212 1.2655
4.06612 1.265
4.07012 1.2645
4.07412 1.264
4.07812 1.2635
4.08212 1.263
4.08612 1.2625
4.09012 1.262
4.09412 1.2615
4.09812 1.261
4.10212 1.2605
4.10612 1.26
4.11012 1.2595
4.11412 1.259
4.11812 1.2585
4.12212 1.258
4.12612 1.2575
4.13012 1.257
4.13412 1.2565
4.13812 1.256
4.14212 1.2555
4.14612 1.255
4.15012 1.2545
4.15412 1.254
4.15812 1.2535
4.16212 1.253
4.16612 1.2525
4.17012 1.252
4.17412 1.2515
4.17812 1.251
4.18212 1.2505
4.18612 1.25
4.19012 1.2495
4.19412 1.249
4.19812 1.2485
4.20212 1.248
4.20612 1.2475
4.21012 1.247
4.21412 1.2465
4.21812 1.246
4.22212 1.2455
4.22612 1.245
4.23012 1.2445
4.23412 1.244
4.23812 1.2435
4.24212 1.243
4.24612 1.2425
4.25012 1.242
4.25412 1.2415
4.25812 1.241
4.26212 1.2405
4.26612 1.24
4.27012 1.2395
4.27412 1.239
4.27812 1.2385
4.28212 1.238
4.28612 1.2375
4.29012 1.237
4.29412 1.2365
4.29812 1.236
4.30212 1.2355
4.30612 1.235
4.31012 1.2345
4.31412 1.234
4.31812 1.2335
4.32212 1.233
4.32612 1.2325
4.33012 1.232
4.33412 1.2315
4.33812 1.231
4.34212 1.2305
4.34612 1.23
4.35012 1.2295
4.35412 1.229
4.35812 1.2285
4.36212 1.228
4.36612 1.2275
4.37012 1.227
4.37412 1.2265
4.37812 1.226
4.38212 1.2255
4.38612 1.225
4.39012 1.2245
4.39412 1.224
4.39812 1.2235
4.40212 1.223
4.40612 1.2225
4.41012 1.222
4.41412 1.2215
4.41812 1.221
4.42212 1.2205
4.42612 1.22
4.43012 1.2195
4.43412 1.219
4.43812 1.2185
4.44212 1.218
4.44612 1.2175
4.45012 1.217
4.45412 1.2165
4.45812 1.216
4.46212 1.2155
4.46612 1.215
4.47012 1.2145
4.47412 1.214
4.47812 1.2135
4.48212 1.213
4.48612 1.2125
4.49012 1.212
4.49412 1.2115
4.49812 1.211
4.50212 1.2105
4.50612 1.21
4.51012 1.2095
4.51412 1.209
4.51812 1.2085
4.52212 1.208
4.52612 1.2075
4.53012 1.207
4.53412 1.2065
4.53812 1.206
4.54212 1.2055
4.54612 1.205
4.55012 1.2045
4.55412 1.204
4.55812 1.2035
4.56212 1.203
4.56612 1.2025
4.57012 1.202
4.57412 1.2015
4.57812 1.201
4.58212 1.2005
4.58612 1.2
4.59012 1.1995
4.59412 1.199
4.59812 1.1985
4.60212 1.198
4.60612 1.1975
4.61012 1.197
4.61412 1.1965
4.61812 1.196
4.62212 1.1955
4.62612 1.195
4.63012 1.1945
4.63412 1.194
4.63812 1.1935
4.64212 1.193
4.64612 1.1925
4.65012 1.192
4.65412 1.1915
4.65812 1.191
4.66212 1.1905
4.66612 1.19
4.67012 1.1895
4.67412 1.189
4.67812 1.1885
4.68212 1.188
4.68612 1.1875
4.69012 1.187
4.69412 1.1865
4.69812 1.186
4.70212 1.1855
4.70612 1.185
4.71012 1.1845
4.71412 1.184
4.71812 1.1835
4.72212 1.183
4.72612 1.1825
4.73012 1.182
4.73412 1.1815
4.73812 1.181
4.74212 1.1805
4.74612 1.18
4.75012 1.1795
4.75412 1.179
4.75812 1.1785
4.76212 1.178
4.76612 1.1775
4.77012 1.177
4.77412 1.1765
4.77812 1.176
4.78212 1.1755
4.78612 1.175
4.79012 1.1745
4.79412 1.174
4.79812 1.1735
4.80212 1.173
4.80612 1.1725
4.81012 1.172
4.81412 1.1715
4.81812 1.171
4.82212 1.1705
4.82612 1.17
4.83012 1.1695
4.83412 1.169
4.83812 1.1685
4.84212 1.168
4.84612 1.1675
4.85012 1.167
4.85412 1.1665
4.85812 1.166
4.86212 1.1655
4.86612 1.165
4.87012 1.1645
4.87412 1.164
4.87812 1.1635
4.88212 1.163
4.88612 1.1625
4.89012 1.162
4.89412 1.1615
4.89812 1.161
4.90212 1.1605
4.90612 1.16
4.91012 1.1595
4.91412 1.159
4.91812 1.1585
4.92212 1.158
4.92612 1.1575
4.93012 1.157
4.93412 1.1565
4.93812 1.156
4.94212 1.1555
4.94612 1.155
4.95012 1.1545
4.95412 1.154
4.95812 1.1535
4.96212 1.153
4.96612 1.1525
4.97012 1.152
4.97412 1.1515
4.97812 1.151
4.98212 1.1505
4.98612 1.15
4.99012 1.1495
4.99412 1.149
4.99812 1.1485
5.00212 1.148
5.00612 1.1475
5.01012 1.147
5.01412 1.1465
5.01812 1.146
5.02212 1.1455
5.02612 1.145
5.03012 1.1445
5.03412 1.144
5.03812 1.1435
5.04212 1.143
5.04612 1.1425
5.05012 1.142
5.05412 1.1415
5.05812 1.141
5.06212 1.1405
5.06612 1.14
5.07012 1.1395
5.07412 1.139
5.07812 1.1385
5.08212 1.138
5.08612 1.1375
5.09012 1.137
5.09412 1.1365
5.09812 1.136
5.10212 1.1355
5.10612 1.135
5.11012 1.1345
5.11412 1.134
5.11812 1.1335
5.12212 1.133
5.12612 1.1325
5.13012 1.132
5.13412 1.1315
5.13812 1.131
5.14212 1.1305
5.14612 1.13
5.15012 1.1295
5.15412 1.129
5.15812 1.1285
5.16212 1.128
5.16612 1.1275
5.17012 1.127
5.17412 1.1265
5.17812 1.126
5.18212 1.1255
5.18612 1.125
5.19012 1.1245
5.19412 1.124
5.19812 1.1235
5.20212 1.123
5.20612 1.1225
5.21012 1.122
5.21412 1.1215
5.21812 1.121
5.22212 1.1205
5.22612 1.12
5.23012 1.1195
5.23412 1.119
5.23812 1.1185
5.24212 1.118
5.24612 1.1175
5.25012 1.117
5.25412 1.1165
5.25812 1.116
5.26212 1.1155
5.26612 1.115
5.27012 1.1145
5.27412 1.114
5.27812 1.1135
5.28212 1.113
5.28612 1.1125
5.29012 1.112
5.29412 1.1115
5.29812 1.111
5.30212 1.1105
5.30612 1.11
5.31012 1.1095
5.31412 1.109
5.31812 1.1085
5.32212 1.108
5.32612 1.1075
5.33012 1.107
5.33412 1.1065
5.33812 1.106
5.34212 1.1055
5.34612 1.105
5.35012 1.1045
5.35412 1.104
5.35812 1.1035
5.36212 1.103
5.36612 1.1025
5.37012 1.102
5.37412 1.1015
5.37812 1.101
5.38212 1.1005
5.38612 1.1
5.39012 1.0995
5.39412 1.099
5.39812 1.0985
5.40212 1.098
5.40612 1.0975
5.41012 1.097
5.41412 1.0965
5.41812 1.096
5.42212 1.0955
5.42612 1.095
5.43012 1.0945
5.43412 1.094
5.43812 1.0935
5.44212 1.093
5.44612 1.0925
5.45012 1.092
5.45412 1.0915
5.45812 1.091
5.46212 1.0905
5.46612 1.09
5.47012 1.0895
5.47412 1.089
5.47812 1.0885
5.48212 1.088
5.48612 1.0875
5.49012 1.087
5.49412 1.0865
5.49812 1.086
5.50212 1.0855
5.50612 1.085
5.51012 1.0845
5.51412 1.084
5.51812 1.0835
5.52212 1.083
5.52612 1.0825
5.53012 1.082
5.53412 1.0815
5.53812 1.081
5.54212 1.0805
5.54612 1.08
5.55012 1.0795
5.55412 1.079
5.55812 1.0785
5.56212 1.078
5.56612 1.0775
5.57012 1.077
5.57412 1.0765
5.57812 1.076
5.58212 1.0755
5.58612 1.075
5.59012 1.0745
5.59412 1.074
5.59812 1.0735
5.60212 1.073
5.60612 1.0725
5.61012 1.072
5.61412 1.0715
5.61812 1.071
5.62212 1.0705
5.62612 1.07
5.63012 1.0695
5.63412 1.069
5.63812 1.0685
5.64212 1.068
5.64612 1.0675
5.65012 1.067
5.65412 1.0665
5.65812 1.066
5.66212 1.0655
5.66612 1.065
5.67012 1.0645
5.67412 1.064
5.67812 1.0635
5.68212 1.063
5.68612 1.0625
5.69012 1.062
5.69412 1.0615
5.69812 1.061
5.70212 1.0605
5.70612 1.06
5.71012 1.0595
5.71412 1.059
5.71812 1.0585
5.72212 1.058
5.72612 1.0575
5.73012 1.057
5.73412 1.0565
5.73812 1.056
5.74212 1.0555
5.74612 1.055
5.75012 1.0545
5.75412 1.054
5.75812 1.0535
5.76212 1.053
5.76612 1.0525
5.77012 1.052
5.77412 1.0515
5.77812 1.051
5.78212 1.0505
5.78612 1.05
5.79012 1.0495
5.79412 1.049
5.79812 1.0485
5.80212 1.048
5.80612 1.0475
5.81012 1.047
5.81412 1.0465
5.81812 1.046
5.82212 1.0455
5.82612 1.045
5.83012 1.0445
5.83412 1.044
5.83812 1.0435
5.84212 1.043
5.84612 1.0425
5.85012 1.042
5.85412 1.0415
5.85812 1.041
5.86212 1.0405
5.86612 1.04
5.87012 1.0395
5.87412 1.039
5.87812 1.0385
5.88212 1.038
5.88612 1.0375
5.89012 1.037
5.89412 1.0365
5.89812 1.036
5.90212 1.0355
5.90612 1.035
5.91012 1.0345
5.91412 1.034
5.91812 1.0335
5.92212 1.033
5.92612 1.0325
5.93012 1.032
5.93412 1.0315
5.93812 1.031
5.94212 1.0305
5.94612 1.03
5.95012 1.0295
5.95412 1.029
5.95812 1.0285
5.96212 1.028
5.96612 1.0275
5.97012 1.027
5.97412 1.0265
5.97812 1.026
5.98212 1.0255
5.98612 1.025
5.99012 1.0245
5.99412 1.024
5.99812 1.0235
6.00212 1.023
6.00612 1.0225
6.01012 1.022
6.01412 1.0215
6.01812 1.021
6.02212 1.0205
6.02612 1.02
6.03012 1.0195
6.03412 1.019
6.03812 1.0185
6.04212 1.018
6.04612 1.0175
6.05012 1.017
6.05412 1.0165
6.05812 1.016
6.06212 1.0155
6.06612 1.015
6.07012 1.0145
6.07412 1.014
6.07812 1.0135
6.08212 1.013
6.08612 1.0125
6.09012 1.012
6.09412 1.0115
6.09812 1.011
6.10212 1.0105
6.10612 1.01
6.11012 1.0095
6.11412 1.009
6.11812 1.0085
6.12212 1.008
6.12612 1.0075
6.13012 1.007
6.13412 1.0065
6.13812 1.006
6.14212 1.0055
6.14612 1.005
6.15012 1.0045
6.15412 1.004
6.15812 1.0035
6.16212 1.003
6.16612 1.0025
6.17012 1.002
6.17412 1.0015
6.17812 1.001
6.17912 1.0005
6.18012 1
