Man
0 0
0 0.001
0 0.002
0 0.003
0 0.004
0 0.005
0 0.006
0 0.007
0 0.008
0 0.009
0 0.01
0 0.011
0 0.012
0 0.013
0 0.014
0 0.015
0 0.016
0 0.017
0 0.018
0 0.019
0 0.02
0 0.021
0 0.022
0 0.023
0 0.024
0 0.025
0 0.026
0 0.027
0 0.028
0 0.029
0 0.03
0 0.031
0 0.032
0 0.033
0 0.034
0 0.035
0 0.036
0 0.037
0 0.038
0 0.039
0 0.04
0 0.041
0 0.042
0 0.043
0 0.044
0 0.045
0 0.046
0 0.047
0 0.048
0 0.049
0 0.05
0 0.051
0 0.052
0 0.053
0 0.054
0 0.055
0 0.056
0 0.057
0 0.058
0 0.059
0 0.06
0 0.061
0 0.062
0 0.063
0 0.064
0 0.065
-0.392699 0.066
-0.392699 0.067
-0.392699 0.068
-0.392699 0.069
-0.392699 0.07
-0.392699 0.071
-0.392699 0.072
-0.392699 0.073
-0.19635 0.074
-0.19635 0.075
-0.19635 0.076
-0.0981748 0.077
-0.0981748 0.078
-0.0981748 0.079
-0.0981748 0.08
-0.0981748 0.081
-0.0981748 0.082
-0.0981748 0.083
-0.0981748 0.084
-0.0981748 0.085
-0.0981748 0.086
-0.0490874 0.087
0 0.088
0 0.089
0 0.09
0 0.091
0.0245437 0.092
0.0245437 0.093
0.0245437 0.094
0.0245437 0.095
0.0490874 0.096
0.0736311 0.097
0.0981748 0.098
0.122718 0.099
0.147262 0.1
0.147262 0.101
0.171806 0.102
0.19635 0.103
0.19635 0.104
0.220893 0.105
0.245437 0.106
0.245437 0.107
0.269981 0.108
0.269981 0.109
0.245437 0.11
0.245437 0.111
0.220893 0.112
0.220893 0.113
0.233165 0.114
0.245437 0.115
0.257709 0.116
0.269981 0.117
0.282252 0.118
0.294524 0.119
0.306796 0.12
0.319068 0.121
0.306796 0.122
0.319068 0.123
0.306796 0.124
0.319068 0.125
0.306796 0.126
0.319068 0.127
0.306796 0.128
0.319068 0.129
0.33134 0.13
0.319647 0.131
0.307375 0.132
0.318176 0.133
0.330448 0.134
0.320122 0.135
0.30785 0.136
0.317475 0.137
0.329747 0.138
0.320503 0.139
0.308231 0.14
0.316615 0.141
0.322751 0.142
0.322751 0.143
0.322751 0.144
0.322751 0.145
0.322751 0.146
0.322751 0.147
0.322751 0.148
0.322751 0.149
0.322751 0.15
0.322751 0.151
0.322751 0.152
0.322751 0.153
0.322751 0.154
0.322751 0.155
0.322751 0.156
0.322751 0.157
0.322751 0.158
0.322751 0.159
0.322751 0.16
0.322751 0.161
0.322751 0.162
0.322751 0.163
0.322751 0.164
0.322751 0.165
0.322751 0.166
0.322751 0.167
0.322751 0.168
0.322751 0.169
0.322751 0.17
0.322751 0.171
0.322751 0.172
0.322751 0.173
0.322751 0.174
0.322751 0.175
0.322751 0.176
0.322751 0.177
0.322751 0.178
0.322751 0.179
0.322751 0.18
0.322751 0.181
0.322751 0.182
0.322751 0.183
0.322751 0.184
0.322751 0.185
0.322751 0.186
0.322751 0.187
0.322751 0.188
0.322751 0.189
0.322751 0.19
0.322751 0.191
0.322751 0.192
0.322751 0.193
0.322751 0.194
0.322751 0.195
0.322751 0.196
0.322751 0.197
0.322751 0.198
0.322751 0.199
0.322751 0.2
0.322751 0.201
0.322751 0.202
0.322751 0.203
0.322751 0.204
0.322751 0.205
0.322751 0.206
0.322751 0.207
0.322751 0.208
0.322751 0.209
0.322751 0.21
0.322751 0.211
0.322751 0.212
0.322751 0.213
0.322751 0.214
0.322751 0.215
0.322751 0.216
0.322751 0.217
0.322751 0.218
0.322751 0.219
0.322751 0.22
0.322751 0.221
0.322751 0.222
0.322751 0.223
0.322751 0.224
0.322751 0.225
0.322751 0.226
0.322751 0.227
0.322751 0.228
0.322751 0.229
0.322751 0.23
0.322751 0.231
0.322751 0.232
0.322751 0.233
0.322751 0.234
0.322751 0.235
0.322751 0.236
0.322751 0.237
0.322751 0.238
0.322751 0.239
0.322751 0.24
0.322751 0.241
0.322751 0.242
0.322751 0.243
0.322751 0.244
0.322751 0.245
0.322751 0.246
0.322751 0.247
0.322751 0.248
0.322751 0.249
0.322751 0.25
0.322751 0.251
0.322751 0.252
0.322751 0.253
0.322751 0.254
0.322751 0.255
0.322751 0.256
0.322751 0.257
0.322751 0.258
0.322751 0.259
0.322751 0.26
0.322751 0.261
0.322751 0.262
0.322751 0.263
0.322751 0.264
0.322751 0.265
0.322751 0.266
0.322751 0.267
0.322751 0.268
0.322751 0.269
0.322751 0.27
0.322751 0.271
0.322751 0.272
0.322751 0.273
0.322751 0.274
0.322751 0.275
0.322751 0.276
0.322751 0.277
0.322751 0.278
0.322751 0.279
0.322751 0.28
0.322751 0.281
0.322751 0.282
0.322751 0.283
0.322751 0.284
0.322751 0.285
0.322751 0.286
0.322751 0.287
0.322751 0.288
0.322751 0.289
0.322751 0.29
0.322751 0.291
0.322751 0.292
0.322751 0.293
0.322751 0.294
0.322751 0.295
0.322751 0.296
0.322751 0.297
0.322751 0.298
0.322751 0.299
0.322751 0.3
0.322751 0.301
0.322751 0.302
0.322751 0.303
0.322751 0.304
0.322751 0.305
0.322751 0.306
0.322751 0.307
0.322751 0.308
0.322751 0.309
0.322751 0.31
0.322751 0.311
0.322751 0.312
0.322751 0.313
0.322751 0.314
0.322751 0.315
0.322751 0.316
0.322751 0.317
0.322751 0.318
0.322751 0.319
0.322751 0.32
0.322751 0.321
0.322751 0.322
0.322751 0.323
0.322751 0.324
0.322751 0.325
0.322751 0.326
0.322751 0.327
0.322751 0.328
0.322751 0.329
0.322751 0.33
0.322751 0.331
0.322751 0.332
0.322751 0.333
0.322751 0.334
0.322751 0.335
0.322751 0.336
0.322751 0.337
0.322751 0.338
0.322751 0.339
0.322751 0.34
0.322751 0.341
0.322751 0.342
0.322751 0.343
0.322751 0.344
0.322751 0.345
0.322751 0.346
0.322751 0.347
0.322751 0.348
0.322751 0.349
0.322751 0.35
0.322751 0.351
0.322751 0.352
0.322751 0.353
0.322751 0.354
0.322751 0.355
0.322751 0.356
0.322751 0.357
0.322751 0.358
0.322751 0.359
0.322751 0.36
0.322751 0.361
0.322751 0.362
0.322751 0.363
0.322751 0.364
0.322751 0.365
0.322751 0.366
0.322751 0.367
0.322751 0.368
0.322751 0.369
0.322751 0.37
0.322751 0.371
0.322751 0.372
0.322751 0.373
0.322751 0.374
0.322751 0.375
0.322751 0.376
0.322751 0.377
0.322751 0.378
0.322751 0.379
0.322751 0.38
0.322751 0.381
0.322751 0.382
0.322751 0.383
0.322751 0.384
0.322751 0.385
0.322751 0.386
0.322751 0.387
0.322751 0.388
0.322751 0.389
0.322751 0.39
0.322751 0.391
0.322751 0.392
0.322751 0.393
0.322751 0.394
0.322751 0.395
0.322751 0.396
0.322751 0.397
0.322751 0.398
0.322751 0.399
0.322751 0.4
0.322751 0.401
0.322751 0.402
0.322751 0.403
0.322751 0.404
0.322751 0.405
0.322751 0.406
0.322751 0.407
0.322751 0.408
0.322751 0.409
0.322751 0.41
0.322751 0.411
0.322751 0.412
0.322751 0.413
0.322751 0.414
0.322751 0.415
0.322751 0.416
0.322751 0.417
0.322751 0.418
0.322751 0.419
0.322751 0.42
0.322751 0.421
0.322751 0.422
0.322751 0.423
0.322751 0.424
0.322751 0.425
0.322751 0.426
0.322751 0.427
0.322751 0.428
0.322751 0.429
0.322751 0.43
0.322751 0.431
0.322751 0.432
0.322751 0.433
0.322751 0.434
0.322751 0.435
0.322751 0.436
0.322751 0.437
0.322751 0.438
0.322751 0.439
0.322751 0.44
0.322751 0.441
0.322751 0.442
0.322751 0.443
0.322751 0.444
0.322751 0.445
0.322751 0.446
0.322751 0.447
0.322751 0.448
0.322751 0.449
0.322751 0.45
0.322751 0.451
0.322751 0.452
0.322751 0.453
0.322751 0.454
0.322751 0.455
0.322751 0.456
0.322751 0.457
0.322751 0.458
0.322751 0.459
0.322751 0.46
0.322751 0.461
0.322751 0.462
0.322751 0.463
0.322751 0.464
0.322751 0.465
0.322751 0.466
0.322751 0.467
0.322751 0.468
0.322751 0.469
0.322751 0.47
0.322751 0.471
0.322751 0.472
0.322751 0.473
0.322751 0.474
0.322751 0.475
0.322751 0.476
0.322751 0.477
0.322751 0.478
0.322751 0.479
0.322751 0.48
0.322751 0.481
0.322751 0.482
0.322751 0.483
0.322751 0.484
0.322751 0.485
0.322751 0.486
0.322751 0.487
0.322751 0.488
0.322751 0.489
0.322751 0.49
0.322751 0.491
0.322751 0.492
0.322751 0.493
0.322751 0.494
0.322751 0.495
0.322751 0.496
0.322751 0.497
0.322751 0.498
0.322751 0.499
0.322751 0.5
0.322751 0.501
0.322751 0.502
0.322751 0.503
0.322751 0.504
0.322751 0.505
0.322751 0.506
0.322751 0.507
0.322751 0.508
0.322751 0.509
0.322751 0.51
0.322751 0.511
0.322751 0.512
0.322751 0.513
0.322751 0.514
0.322751 0.515
0.322751 0.516
0.322751 0.517
0.322751 0.518
0.322751 0.519
0.322751 0.52
0.322751 0.521
0.322751 0.522
0.322751 0.523
0.322751 0.524
0.322751 0.525
0.322751 0.526
0.322751 0.527
0.322751 0.528
0.322751 0.529
0.322751 0.53
0.322751 0.531
0.322751 0.532
0.322751 0.533
0.322751 0.534
0.322751 0.535
0.322751 0.536
0.322751 0.537
0.322751 0.538
0.322751 0.539
0.322751 0.54
0.322751 0.541
0.322751 0.542
0.322751 0.543
0.322751 0.544
0.322751 0.545
0.322751 0.546
0.322751 0.547
0.322751 0.548
0.322751 0.549
0.322751 0.55
0.322751 0.551
0.322751 0.552
0.322751 0.553
0.322751 0.554
0.322751 0.555
0.322751 0.556
0.322751 0.557
0.322751 0.558
0.322751 0.559
0.322751 0.56
0.322751 0.561
0.322751 0.562
0.322751 0.563
0.322751 0.564
0.322751 0.565
0.322751 0.566
0.322751 0.567
0.322751 0.568
0.322751 0.569
0.322751 0.57
0.322751 0.571
0.322751 0.572
0.322751 0.573
0.322751 0.574
0.322751 0.575
0.322751 0.576
0.322751 0.577
0.322751 0.578
0.322751 0.579
0.322751 0.58
0.322751 0.581
0.322751 0.582
0.322751 0.583
0.322751 0.584
0.322751 0.585
0.322751 0.586
0.322751 0.587
0.322751 0.588
0.322751 0.589
0.322751 0.59
0.322751 0.591
0.322751 0.592
0.322751 0.593
0.322751 0.594
0.322751 0.595
0.322751 0.596
0.322751 0.597
0.322751 0.598
0.322751 0.599
0.322751 0.6
0.322751 0.601
0.322751 0.602
0.322751 0.603
0.322751 0.604
0.322751 0.605
0.322751 0.606
0.322751 0.607
0.322751 0.608
0.322751 0.609
0.322751 0.61
0.322751 0.611
0.322751 0.612
0.322751 0.613
0.322751 0.614
0.322751 0.615
0.322751 0.616
0.322751 0.617
0.322751 0.618
0.322751 0.619
0.322751 0.62
0.322751 0.621
0.322751 0.622
0.322751 0.623
0.322751 0.624
0.322751 0.625
0.322751 0.626
0.322751 0.627
0.322751 0.628
0.322751 0.629
0.322751 0.63
0.322751 0.631
0.322751 0.632
0.322751 0.633
0.322751 0.634
0.322751 0.635
0.322751 0.636
0.322751 0.637
0.322751 0.638
0.322751 0.639
0.322751 0.64
0.322751 0.641
0.322751 0.642
0.322751 0.643
0.322751 0.644
0.322751 0.645
0.322751 0.646
0.322751 0.647
0.322751 0.648
0.322751 0.649
0.322751 0.65
0.322751 0.651
0.322751 0.652
0.322751 0.653
0.322751 0.654
0.322751 0.655
0.322751 0.656
0.322751 0.657
0.322751 0.658
0.322751 0.659
0.322751 0.66
0.322751 0.661
0.322751 0.662
0.322751 0.663
0.322751 0.664
0.321751 0.665
0.320751 0.666
0.319751 0.667
0.318751 0.668
0.31775 0.669
0.31675 0.67
0.31575 0.671
0.31475 0.672
0.31375 0.673
0.31275 0.674
0.31175 0.675
0.31075 0.676
0.30975 0.677
0.30875 0.678
0.30775 0.679
0.30675 0.68
0.30575 0.681
0.30475 0.682
0.30375 0.683
0.30275 0.684
0.30175 0.685
0.30075 0.686
0.29975 0.687
0.29875 0.688
0.29775 0.689
0.29675 0.69
0.29575 0.691
0.29475 0.692
0.29375 0.693
0.29275 0.694
0.29175 0.695
0.29075 0.696
0.28975 0.697
0.28875 0.698
0.28775 0.699
0.28675 0.7
0.28575 0.701
0.28475 0.702
0.28375 0.703
0.28275 0.704
0.28175 0.705
0.280749 0.706
0.279749 0.707
0.278749 0.708
0.277749 0.709
0.276749 0.71
0.275749 0.711
0.274749 0.712
0.273749 0.713
0.272749 0.714
0.271749 0.715
0.270749 0.716
0.269749 0.717
0.268749 0.718
0.267749 0.719
0.266749 0.72
0.265749 0.721
0.264749 0.722
0.263749 0.723
0.262749 0.724
0.261749 0.725
0.260749 0.726
0.259749 0.727
0.258749 0.728
0.257749 0.729
0.256749 0.73
0.255749 0.731
0.254749 0.732
0.253749 0.733
0.252749 0.734
0.251749 0.735
0.250749 0.736
0.249749 0.737
0.248749 0.738
0.247749 0.739
0.246749 0.74
0.245749 0.741
0.244748 0.742
0.243748 0.743
0.242748 0.744
0.241748 0.745
0.240748 0.746
0.239748 0.747
0.238748 0.748
0.237748 0.749
0.236748 0.75
0.235748 0.751
0.234748 0.752
0.233748 0.753
0.232748 0.754
0.231748 0.755
0.230748 0.756
0.229748 0.757
0.228748 0.758
0.227748 0.759
0.226748 0.76
0.225748 0.761
0.224748 0.762
0.223748 0.763
0.222748 0.764
0.221748 0.765
0.220748 0.766
0.219748 0.767
0.218748 0.768
0.217748 0.769
0.216748 0.77
0.215748 0.771
0.214748 0.772
0.213748 0.773
0.212748 0.774
0.211748 0.775
0.210748 0.776
0.209748 0.777
0.208748 0.778
0.207747 0.779
0.206747 0.78
0.205747 0.781
0.204747 0.782
0.203747 0.783
0.202747 0.784
0.201747 0.785
0.200747 0.786
0.199747 0.787
0.198747 0.788
0.197747 0.789
0.196747 0.79
0.195747 0.791
0.194747 0.792
0.193747 0.793
0.192747 0.794
0.191747 0.795
0.190747 0.796
0.189747 0.797
0.188747 0.798
0.187747 0.799
0.186747 0.8
0.185747 0.801
0.184747 0.802
0.183747 0.803
0.182747 0.804
0.181747 0.805
0.180747 0.806
0.179747 0.807
0.178747 0.808
0.177747 0.809
0.176747 0.81
0.175747 0.811
0.174747 0.812
0.173747 0.813
0.172747 0.814
0.171746 0.815
0.170746 0.816
0.169746 0.817
0.168746 0.818
0.167746 0.819
0.166746 0.82
0.165746 0.821
0.164746 0.822
0.163746 0.823
0.162746 0.824
0.161746 0.825
0.160746 0.826
0.159746 0.827
0.158746 0.828
0.157746 0.829
0.156746 0.83
0.155746 0.831
0.154746 0.832
0.153746 0.833
0.152746 0.834
0.151746 0.835
0.150746 0.836
0.149746 0.837
0.148746 0.838
0.147746 0.839
0.146746 0.84
0.145746 0.841
0.144746 0.842
0.143746 0.843
0.142746 0.844
0.141746 0.845
0.140746 0.846
0.139746 0.847
0.138746 0.848
0.137746 0.849
0.136746 0.85
0.135746 0.851
0.134745 0.852
0.133745 0.853
0.132745 0.854
0.131745 0.855
0.130745 0.856
0.129745 0.857
0.128745 0.858
0.127745 0.859
0.126745 0.86
0.125745 0.861
0.124745 0.862
0.123745 0.863
0.122745 0.864
0.121745 0.865
0.120745 0.866
0.119745 0.867
0.118745 0.868
0.117745 0.869
0.116745 0.87
0.115745 0.871
0.114745 0.872
0.113745 0.873
0.112745 0.874
0.111745 0.875
0.110745 0.876
0.109745 0.877
0.108745 0.878
0.107745 0.879
0.106745 0.88
0.105745 0.881
0.104745 0.882
0.103745 0.883
0.102745 0.884
0.101745 0.885
0.100745 0.886
0.0997445 0.887
0.0987445 0.888
0.0977445 0.889
0.0967444 0.89
0.0957444 0.891
0.0947444 0.892
0.0937444 0.893
0.0927443 0.894
0.0917443 0.895
0.0907443 0.896
0.0897442 0.897
0.0887442 0.898
0.0877442 0.899
0.0867442 0.9
0.0857441 0.901
0.0847441 0.902
0.0837441 0.903
0.0827441 0.904
0.081744 0.905
0.080744 0.906
0.079744 0.907
0.0787439 0.908
0.0777439 0.909
0.0767439 0.91
0.0757439 0.911
0.0747438 0.912
0.0737438 0.913
0.0727438 0.914
0.0717437 0.915
0.0707437 0.916
0.0697437 0.917
0.0687437 0.918
0.0677436 0.919
0.0667436 0.92
0.0657436 0.921
0.0647436 0.922
0.0637435 0.923
0.0627435 0.924
0.0617435 0.925
0.0607434 0.926
0.0597434 0.927
0.0587434 0.928
0.0577434 0.929
0.0567433 0.93
0.0557433 0.931
0.0547433 0.932
0.0537433 0.933
0.0527432 0.934
0.0517432 0.935
0.0507432 0.936
0.0497431 0.937
0.0487431 0.938
0.0477431 0.939
0.0467431 0.94
0.045743 0.941
0.044743 0.942
0.043743 0.943
0.042743 0.944
0.0417429 0.945
0.0407429 0.946
0.0397429 0.947
0.0387428 0.948
0.0377428 0.949
0.0367428 0.95
0.0357428 0.951
0.0347427 0.952
0.0337427 0.953
0.0327427 0.954
0.0317427 0.955
0.0307426 0.956
0.0297426 0.957
0.0287426 0.958
0.0277425 0.959
0.0267425 0.96
0.0257425 0.961
0.0247425 0.962
0.0237424 0.963
0.0227424 0.964
0.0217424 0.965
0.0207424 0.966
0.0197423 0.967
0.0187423 0.968
0.0177423 0.969
0.0167422 0.97
0.0157422 0.971
0.0147422 0.972
0.0137422 0.973
0.0127421 0.974
0.0117421 0.975
0.0107421 0.976
0.00974205 0.977
0.00874202 0.978
0.007742 0.979
0.00674197 0.98
0.00574194 0.981
0.00474191 0.982
0.00374189 0.983
0.00274186 0.984
0.00174183 0.985
0.000741805 0.986
-0.000258223 0.987
-0.00125825 0.988
-0.00225828 0.989
-0.0032583 0.99
-0.00425833 0.991
-0.00525836 0.992
-0.00625839 0.993
-0.00725841 0.994
-0.00825844 0.995
-0.00925847 0.996
-0.0102585 0.997
-0.0112585 0.998
-0.0122586 0.999
-0.0112585 1


Shark
3.14159 1.5
3.13559 1.4995
3.12959 1.499
3.12359 1.4985
3.11759 1.498
3.11159 1.4975
3.10559 1.497
3.09959 1.4965
3.09359 1.496
3.08759 1.4955
3.08159 1.495
3.07559 1.4945
3.06959 1.494
3.06359 1.4935
3.05759 1.493
3.05159 1.4925
3.04559 1.492
3.03959 1.4915
3.03359 1.491
3.02759 1.4905
3.02159 1.49
3.01559 1.4895
3.00959 1.489
3.00359 1.4885
2.99759 1.488
2.99159 1.4875
2.98559 1.487
2.97959 1.4865
2.97359 1.486
2.96759 1.4855
2.96159 1.485
2.95559 1.4845
2.94959 1.484
2.94359 1.4835
2.93759 1.483
2.93159 1.4825
2.92559 1.482
2.91959 1.4815
2.91359 1.481
2.90759 1.4805
2.90159 1.48
2.89559 1.4795
2.88959 1.479
2.88359 1.4785
2.87759 1.478
2.87159 1.4775
2.86559 1.477
2.85959 1.4765
2.85359 1.476
2.84759 1.4755
2.84159 1.475
2.83559 1.4745
2.82959 1.474
2.82359 1.4735
2.81759 1.473
2.81159 1.4725
2.80559 1.472
2.79959 1.4715
2.79359 1.471
2.78759 1.4705
2.78159 1.47
2.77559 1.4695
2.76959 1.469
2.76359 1.4685
2.75759 1.468
2.75159 1.4675
2.90505 1.467
2.91105 1.4665
2.91705 1.466
2.92305 1.4655
2.92905 1.465
2.93505 1.4645
2.94105 1.464
2.94705 1.4635
3.0337 1.463
3.0397 1.4625
3.0457 1.462
3.09114 1.4615
3.09714 1.461
3.10314 1.4605
3.10914 1.46
3.11514 1.4595
3.12114 1.459
3.12714 1.4585
3.13314 1.458
3.13914 1.4575
3.14514 1.457
3.17132 1.4565
3.19777 1.456
3.20377 1.4555
3.20977 1.455
3.21577 1.4545
3.23052 1.454
3.23652 1.4535
3.24252 1.453
3.24852 1.4525
3.26381 1.452
3.27924 1.4515
3.2948 1.451
3.31049 1.4505
3.32633 1.45
3.33233 1.4495
3.34843 1.449
3.36468 1.4485
3.37068 1.448
3.38719 1.4475
3.40385 1.447
3.40985 1.4465
3.39292 1.446
3.38692 1.4455
3.36971 1.445
3.36371 1.4445
3.38119 1.444
3.38719 1.4435
3.39748 1.443
3.40783 1.4425
3.41824 1.442
3.4287 1.4415
3.43923 1.441
3.44982 1.4405
3.46047 1.44
3.44976 1.4395
3.46053 1.439
3.4497 1.4385
3.46059 1.438
3.44964 1.4375
3.46066 1.437
3.44958 1.4365
3.46072 1.436
3.47192 1.4355
3.46066 1.435
3.44971 1.4345
3.4611 1.434
3.47158 1.4335
3.46006 1.433
3.44979 1.4325
3.46143 1.432
3.47134 1.4315
3.45957 1.431
3.44982 1.4305
3.46172 1.43
3.47099 1.4295
3.47894 1.429
3.48494 1.4285
3.49094 1.428
3.49694 1.4275
3.50294 1.427
3.50894 1.4265
3.51494 1.426
3.52094 1.4255
3.52694 1.425
3.53294 1.4245
3.53894 1.424
3.54494 1.4235
3.55094 1.423
3.55694 1.4225
3.56294 1.422
3.56894 1.4215
3.57494 1.421
3.58094 1.4205
3.58694 1.42
3.59294 1.4195
3.59894 1.419
3.60494 1.4185
3.61094 1.418
3.61694 1.4175
3.62294 1.417
3.62894 1.4165
3.63494 1.416
3.64094 1.4155
3.64694 1.415
3.65294 1.4145
3.65894 1.414
3.66494 1.4135
3.67094 1.413
3.67694 1.4125
3.68294 1.412
3.68894 1.4115
3.69494 1.411
3.70094 1.4105
3.70694 1.41
3.71294 1.4095
3.71894 1.409
3.72494 1.4085
3.73094 1.408
3.73694 1.4075
3.74294 1.407
3.74894 1.4065
3.75494 1.406
3.76094 1.4055
3.76694 1.405
3.77294 1.4045
3.77894 1.404
3.78494 1.4035
3.79094 1.403
3.79694 1.4025
3.80294 1.402
3.80894 1.4015
3.81494 1.401
3.82094 1.4005
3.82694 1.4
3.83294 1.3995
3.83894 1.399
3.84494 1.3985
3.85094 1.398
3.85694 1.3975
3.86294 1.397
3.86894 1.3965
3.87494 1.396
3.88094 1.3955
3.88694 1.395
3.89294 1.3945
3.89894 1.394
3.90494 1.3935
3.91094 1.393
3.91694 1.3925
3.92294 1.392
3.92894 1.3915
3.93494 1.391
3.94094 1.3905
3.94694 1.39
3.95294 1.3895
3.95894 1.389
3.96494 1.3885
3.97094 1.388
3.97694 1.3875
3.98294 1.387
3.98894 1.3865
3.99494 1.386
4.00094 1.3855
4.00694 1.385
4.01294 1.3845
4.01894 1.384
4.02494 1.3835
4.03094 1.383
4.03694 1.3825
4.04294 1.382
4.04894 1.3815
4.05494 1.381
4.06094 1.3805
4.06694 1.38
4.07294 1.3795
4.07894 1.379
4.08494 1.3785
4.09094 1.378
4.09694 1.3775
4.10294 1.377
4.10894 1.3765
4.11494 1.376
4.12094 1.3755
4.12694 1.375
4.13294 1.3745
4.13894 1.374
4.14494 1.3735
4.15094 1.373
4.15694 1.3725
4.16294 1.372
4.16894 1.3715
4.17494 1.371
4.18094 1.3705
4.18694 1.37
4.19294 1.3695
4.19894 1.369
4.20494 1.3685
4.21094 1.368
4.21694 1.3675
4.22294 1.367
4.22894 1.3665
4.23494 1.366
4.24094 1.3655
4.24694 1.365
4.25294 1.3645
4.25894 1.364
4.26494 1.3635
4.27094 1.363
4.27694 1.3625
4.28294 1.362
4.28894 1.3615
4.29494 1.361
4.30094 1.3605
4.30694 1.36
4.31294 1.3595
4.31894 1.359
4.32494 1.3585
4.33094 1.358
4.33694 1.3575
4.34294 1.357
4.34894 1.3565
4.35494 1.356
4.36094 1.3555
4.36694 1.355
4.37294 1.3545
4.37894 1.354
4.38494 1.3535
4.39094 1.353
4.39694 1.3525
4.40294 1.352
4.40894 1.3515
4.41494 1.351
4.42094 1.3505
4.42694 1.35
4.43294 1.3495
4.43894 1.349
4.44494 1.3485
4.45094 1.348
4.45694 1.3475
4.46294 1.347
4.46894 1.3465
4.47494 1.346
4.48094 1.3455
4.48694 1.345
4.49294 1.3445
4.49894 1.344
4.50494 1.3435
4.51094 1.343
4.51694 1.3425
4.52294 1.342
4.52894 1.3415
4.53494 1.341
4.54094 1.3405
4.54694 1.34
4.55294 1.3395
4.55894 1.339
4.56494 1.3385
4.57094 1.338
4.57694 1.3375
4.58294 1.337
4.58894 1.3365
4.59494 1.336
4.60094 1.3355
4.60694 1.335
4.61294 1.3345
4.61894 1.334
4.62494 1.3335
4.63094 1.333
4.63694 1.3325
4.64294 1.332
4.64894 1.3315
4.65494 1.331
4.66094 1.3305
4.66694 1.33
4.67294 1.3295
4.67894 1.329
4.68494 1.3285
4.69094 1.328
4.69694 1.3275
4.70294 1.327
4.70894 1.3265
4.71494 1.326
4.72094 1.3255
4.72694 1.325
4.73294 1.3245
4.73894 1.324
4.74494 1.3235
4.75094 1.323
4.75694 1.3225
4.76294 1.322
4.76894 1.3215
4.77494 1.321
4.78094 1.3205
4.78694 1.32
4.79294 1.3195
4.79894 1.319
4.80494 1.3185
4.81094 1.318
4.81694 1.3175
4.82294 1.317
4.82894 1.3165
4.83494 1.316
4.84094 1.3155
4.84694 1.315
4.85294 1.3145
4.85894 1.314
4.86494 1.3135
4.87094 1.313
4.87694 1.3125
4.88294 1.312
4.88894 1.3115
4.89494 1.311
4.90094 1.3105
4.90694 1.31
4.91294 1.3095
4.91894 1.309
4.92494 1.3085
4.93094 1.308
4.93694 1.3075
4.94294 1.307
4.94894 1.3065
4.95494 1.306
4.96094 1.3055
4.96694 1.305
4.97294 1.3045
4.97894 1.304
4.98494 1.3035
4.99094 1.303
4.99694 1.3025
5.00294 1.302
5.00894 1.3015
5.01494 1.301
5.02094 1.3005
5.02694 1.3
5.03294 1.2995
5.03894 1.299
5.04494 1.2985
5.05094 1.298
5.05694 1.2975
5.06294 1.297
5.06894 1.2965
5.07494 1.296
5.08094 1.2955
5.08694 1.295
5.09294 1.2945
5.09894 1.294
5.10494 1.2935
5.11094 1.293
5.11694 1.2925
5.12294 1.292
5.12894 1.2915
5.13494 1.291
5.14094 1.2905
5.14694 1.29
5.15294 1.2895
5.15894 1.289
5.16494 1.2885
5.17094 1.288
5.17694 1.2875
5.18294 1.287
5.18894 1.2865
5.19494 1.286
5.20094 1.2855
5.20694 1.285
5.21294 1.2845
5.21894 1.284
5.22494 1.2835
5.23094 1.283
5.23694 1.2825
5.24294 1.282
5.24894 1.2815
5.25494 1.281
5.26094 1.2805
5.26694 1.28
5.27294 1.2795
5.27894 1.279
5.28494 1.2785
5.29094 1.278
5.29694 1.2775
5.30294 1.277
5.30894 1.2765
5.31494 1.276
5.32094 1.2755
5.32694 1.275
5.33294 1.2745
5.33894 1.274
5.34494 1.2735
5.35094 1.273
5.35694 1.2725
5.36294 1.272
5.36894 1.2715
5.37494 1.271
5.38094 1.2705
5.38694 1.27
5.39294 1.2695
5.39894 1.269
5.40494 1.2685
5.41094 1.268
5.41694 1.2675
5.42294 1.267
5.42894 1.2665
5.43494 1.266
5.44094 1.2655
5.44694 1.265
5.45294 1.2645
5.45894 1.264
5.46494 1.2635
5.47094 1.263
5.47694 1.2625
5.48294 1.262
5.48894 1.2615
5.49494 1.261
5.50094 1.2605
5.50694 1.26
5.51294 1.2595
5.51894 1.259
5.52494 1.2585
5.53094 1.258
5.53694 1.2575
5.54294 1.257
5.54894 1.2565
5.55494 1.256
5.56094 1.2555
5.56694 1.255
5.57294 1.2545
5.57894 1.254
5.58494 1.2535
5.59094 1.253
5.59694 1.2525
5.60294 1.252
5.60894 1.2515
5.61494 1.251
5.62094 1.2505
5.62694 1.25
5.63294 1.2495
5.63894 1.249
5.64494 1.2485
5.65094 1.248
5.65694 1.2475
5.66294 1.247
5.66894 1.2465
5.67494 1.246
5.68094 1.2455
5.68694 1.245
5.69294 1.2445
5.69894 1.244
5.70494 1.2435
5.71094 1.243
5.71694 1.2425
5.72294 1.242
5.72894 1.2415
5.73494 1.241
5.74094 1.2405
5.74694 1.24
5.75294 1.2395
5.75894 1.239
5.76494 1.2385
5.77094 1.238
5.77694 1.2375
5.78294 1.237
5.78894 1.2365
5.79494 1.236
5.80094 1.2355
5.80694 1.235
5.81294 1.2345
5.81894 1.234
5.82494 1.2335
5.83094 1.233
5.83694 1.2325
5.84294 1.232
5.84894 1.2315
5.85494 1.231
5.86094 1.2305
5.86694 1.23
5.87294 1.2295
5.87894 1.229
5.88494 1.2285
5.89094 1.228
5.89694 1.2275
5.90294 1.227
5.90894 1.2265
5.91494 1.226
5.92094 1.2255
5.92694 1.225
5.93294 1.2245
5.93894 1.224
5.94494 1.2235
5.95094 1.223
5.95694 1.2225
5.96294 1.222
5.96894 1.2215
5.97494 1.221
5.98094 1.2205
5.98694 1.22
5.99294 1.2195
5.99894 1.219
6.00494 1.2185
6.01094 1.218
6.01694 1.2175
6.02294 1.217
6.02894 1.2165
6.03494 1.216
6.04094 1.2155
6.04694 1.215
6.05294 1.2145
6.05894 1.214
6.06494 1.2135
6.07094 1.213
6.07694 1.2125
6.08294 1.212
6.08894 1.2115
6.09494 1.211
6.10094 1.2105
6.10694 1.21
6.11294 1.2095
6.11894 1.209
6.12494 1.2085
6.13094 1.208
6.13694 1.2075
6.14294 1.207
6.14894 1.2065
6.15494 1.206
6.16094 1.2055
6.16694 1.205
6.17294 1.2045
6.17894 1.204
6.18494 1.2035
6.19094 1.203
6.19694 1.2025
6.20294 1.202
6.20894 1.2015
6.21494 1.201
6.22094 1.2005
6.22694 1.2
6.23294 1.1995
6.23894 1.199
6.24494 1.1985
6.25094 1.198
6.25694 1.1975
6.26294 1.197
6.26894 1.1965
6.27494 1.196
6.28094 1.1955
6.28694 1.195
6.29294 1.1945
6.29894 1.194
6.30494 1.1935
6.31094 1.193
6.31694 1.1925
6.32294 1.192
6.32894 1.1915
6.33494 1.191
6.34094 1.1905
6.34694 1.19
6.35294 1.1895
6.35894 1.189
6.36494 1.1885
6.37094 1.188
6.37694 1.1875
6.38294 1.187
6.38894 1.1865
6.39494 1.186
6.40094 1.1855
6.40694 1.185
6.41294 1.1845
6.41894 1.184
6.42494 1.1835
6.43094 1.183
6.43694 1.1825
6.44294 1.182
6.44894 1.1815
6.45494 1.181
6.46094 1.1805
6.46694 1.18
6.47294 1.1795
6.47894 1.179
6.48494 1.1785
6.49094 1.178
6.49694 1.1775
6.50294 1.177
6.50894 1.1765
6.51494 1.176
6.52094 1.1755
6.52694 1.175
6.53294 1.1745
6.53894 1.174
6.54494 1.1735
6.55094 1.173
6.55694 1.1725
6.56294 1.172
6.56894 1.1715
6.57494 1.171
6.58094 1.1705
6.58694 1.17
6.59294 1.1695
6.59894 1.169
6.60494 1.1685
6.60594 1.168
6.60494 1.1675
6.60394 1.167
6.60294 1.1665
6.60194 1.166
6.60094 1.1655
6.59994 1.165
6.59894 1.1645
6.59794 1.164
6.59694 1.1635
6.59594 1.163
6.59494 1.1625
6.59394 1.162
6.59294 1.1615
6.59194 1.161
6.59094 1.1605
6.58994 1.16
6.58894 1.1595
6.58794 1.159
6.58694 1.1585
6.58594 1.158
6.58494 1.1575
6.58394 1.157
6.58294 1.1565
6.58194 1.156
6.58094 1.1555
6.57994 1.155
6.57894 1.1545
6.57794 1.154
6.57694 1.1535
6.57594 1.153
6.57494 1.1525
6.57394 1.152
6.57294 1.1515
6.57194 1.151
6.57093 1.1505
6.56993 1.15
6.56893 1.1495
6.56793 1.149
6.56693 1.1485
6.56593 1.148
6.56493 1.1475
6.56393 1.147
6.56293 1.1465
6.56193 1.146
6.56093 1.1455
6.55993 1.145
6.55893 1.1445
6.55793 1.144
6.55693 1.1435
6.55593 1.143
6.55493 1.1425
6.55393 1.142
6.55293 1.1415
6.55193 1.141
6.55093 1.1405
6.54993 1.14
6.54893 1.1395
6.54793 1.139
6.54693 1.1385
6.54593 1.138
6.54493 1.1375
6.54393 1.137
6.54293 1.1365
6.54193 1.136
6.54093 1.1355
6.53993 1.135
6.53893 1.1345
6.53793 1.134
6.53693 1.1335
6.53593 1.133
6.53493 1.1325
6.53393 1.132
6.53293 1.1315
6.53193 1.131
6.53093 1.1305
6.52993 1.13
6.52893 1.1295
6.52793 1.129
6.52693 1.1285
6.52593 1.128
6.52493 1.1275
6.52393 1.127
6.52293 1.1265
6.52193 1.126
6.52093 1.1255
6.51993 1.125
6.51893 1.1245
6.51793 1.124
6.51693 1.1235
6.51593 1.123
6.51493 1.1225
6.51393 1.122
6.51293 1.1215
6.51193 1.121
6.51093 1.1205
6.50993 1.12
6.50893 1.1195
6.50793 1.119
6.50693 1.1185
6.50593 1.118
6.50493 1.1175
6.50393 1.117
6.50293 1.1165
6.50193 1.116
6.50093 1.1155
6.49993 1.115
6.49893 1.1145
6.49793 1.114
6.49693 1.1135
6.49593 1.113
6.49493 1.1125
6.49393 1.112
6.49293 1.1115
6.49193 1.111
6.49093 1.1105
6.48993 1.11
6.48893 1.1095
6.48793 1.109
6.48693 1.1085
6.48593 1.108
6.48493 1.1075
6.48393 1.107
6.48293 1.1065
6.48193 1.106
6.48093 1.1055
6.47993 1.105
6.47893 1.1045
6.47793 1.104
6.47693 1.1035
6.47593 1.103
6.47493 1.1025
6.47393 1.102
6.47293 1.1015
6.47193 1.101
6.47093 1.1005
6.46993 1.1
6.46893 1.0995
6.46793 1.099
6.46693 1.0985
6.46593 1.098
6.46493 1.0975
6.46393 1.097
6.46293 1.0965
6.46193 1.096
6.46093 1.0955
6.45993 1.095
6.45893 1.0945
6.45793 1.094
6.45693 1.0935
6.45593 1.093
6.45493 1.0925
6.45393 1.092
6.45293 1.0915
6.45193 1.091
6.45093 1.0905
6.44993 1.09
6.44893 1.0895
6.44793 1.089
6.44693 1.0885
6.44593 1.088
6.44493 1.0875
6.44393 1.087
6.44293 1.0865
6.44193 1.086
6.44093 1.0855
6.43993 1.085
6.43893 1.0845
6.43793 1.084
6.43693 1.0835
6.43593 1.083
6.43493 1.0825
6.43393 1.082
6.43293 1.0815
6.43193 1.081
6.43093 1.0805
6.42993 1.08
6.42893 1.0795
6.42793 1.079
6.42693 1.0785
6.42593 1.078
6.42493 1.0775
6.42393 1.077
6.42293 1.0765
6.42193 1.076
6.42093 1.0755
6.41993 1.075
6.41893 1.0745
6.41793 1.074
6.41693 1.0735
6.41593 1.073
6.41493 1.0725
6.41393 1.072
6.41293 1.0715
6.41193 1.071
6.41093 1.0705
6.40993 1.07
6.40893 1.0695
6.40793 1.069
6.40693 1.0685
6.40593 1.068
6.40493 1.0675
6.40393 1.067
6.40293 1.0665
6.40193 1.066
6.40093 1.0655
6.39993 1.065
6.39893 1.0645
6.39793 1.064
6.39693 1.0635
6.39593 1.063
6.39493 1.0625
6.39393 1.062
6.39293 1.0615
6.39193 1.061
6.39093 1.0605
6.38993 1.06
6.38893 1.0595
6.38793 1.059
6.38693 1.0585
6.38593 1.058
6.38493 1.0575
6.38393 1.057
6.38293 1.0565
6.38193 1.056
6.38093 1.0555
6.37993 1.055
6.37893 1.0545
6.37793 1.054
6.37693 1.0535
6.37593 1.053
6.37493 1.0525
6.37393 1.052
6.37293 1.0515
6.37193 1.051
6.37093 1.0505
6.36993 1.05
6.36893 1.0495
6.36793 1.049
6.36693 1.0485
6.36593 1.048
6.36493 1.0475
6.36393 1.047
6.36293 1.0465
6.36193 1.046
6.36093 1.0455
6.35993 1.045
6.35893 1.0445
6.35793 1.044
6.35693 1.0435
6.35593 1.043
6.35493 1.0425
6.35393 1.042
6.35293 1.0415
6.35193 1.041
6.35093 1.0405
6.34993 1.04
6.34893 1.0395
6.34793 1.039
6.34693 1.0385
6.34593 1.038
6.34493 1.0375
6.34393 1.037
6.34293 1.0365
6.34193 1.036
6.34093 1.0355
6.33993 1.035
6.33893 1.0345
6.33793 1.034
6.33693 1.0335
6.33593 1.033
6.33493 1.0325
6.33393 1.032
6.33293 1.0315
6.33193 1.031
6.33093 1.0305
6.32993 1.03
6.32893 1.0295
6.32793 1.029
6.32693 1.0285
6.32593 1.028
6.32493 1.0275
6.32393 1.027
6.32293 1.0265
6.32193 1.026
6.32093 1.0255
6.31993 1.025
6.31893 1.0245
6.31793 1.024
6.31693 1.0235
6.31593 1.023
6.31493 1.0225
6.31393 1.022
6.31293 1.0215
6.31193 1.021
6.31093 1.0205
6.30993 1.02
6.30893 1.0195
6.30793 1.019
6.30693 1.0185
6.30593 1.018
6.30493 1.0175
6.30393 1.017
6.30293 1.0165
6.30193 1.016
6.30093 1.0155
6.29993 1.015
6.29893 1.0145
6.29793 1.014
6.29693 1.0135
6.29593 1.013
6.29493 1.0125
6.29393 1.012
6.29293 1.0115
6.29193 1.011
6.29093 1.0105
6.28993 1.01
6.28893 1.0095
6.28793 1.009
6.28693 1.0085
6.28593 1.008
6.28493 1.0075
6.28393 1.007
6.28293 1.0065
6.28193 1.006
6.28093 1.0055
6.27993 1.005
6.27893 1.0045
6.27793 1.004
6.27693 1.0035
6.27593 1.003
6.27493 1.0025
6.27393 1.002
6.27293 1.0015
6.27193 1.001
6.27093 1.0005
6.27193 1
