Man
0 0
0 0.001
0 0.002
0 0.003
0 0.004
0 0.005
0 0.006
0 0.007
0 0.008
0 0.009
0 0.01
0 0.011
0 0.012
0 0.013
0 0.014
0 0.015
0 0.016
0 0.017
0 0.018
0 0.019
0 0.02
0 0.021
0 0.022
0 0.023
0 0.024
0 0.025
0 0.026
0 0.027
0 0.028
0 0.029
0 0.03
0 0.031
0 0.032
0 0.033
0 0.034
0 0.035
0 0.036
0 0.037
0 0.038
0 0.039
0 0.04
0 0.041
0 0.042
0 0.043
0 0.044
0 0.045
0 0.046
0 0.047
0 0.048
0 0.049
0 0.05
0 0.051
0 0.052
0 0.053
0 0.054
0 0.055
0 0.056
0 0.057
0 0.058
0 0.059
0 0.06
0 0.061
0 0.062
0 0.063
0 0.064
0 0.065
0 0.066
0 0.067
0 0.068
0 0.069
0 0.07
0 0.071
0 0.072
0 0.073
0 0.074
0 0.075
0 0.076
0 0.077
0 0.078
0 0.079
0 0.08
0 0.081
0 0.082
0 0.083
0 0.084
0 0.085
0 0.086
0 0.087
0 0.088
0 0.089
0 0.09
0 0.091
-0.392699 0.092
-0.392699 0.093
-0.392699 0.094
-0.392699 0.095
-0.392699 0.096
-0.392699 0.097
-0.392699 0.098
-0.392699 0.099
-0.392699 0.1
-0.392699 0.101
-0.392699 0.102
-0.19635 0.103
-0.19635 0.104
-0.19635 0.105
-0.19635 0.106
-0.0981748 0.107
-0.0981748 0.108
-0.0981748 0.109
-0.0981748 0.11
-0.0981748 0.111
-0.0981748 0.112
-0.0981748 0.113
-0.0981748 0.114
-0.0981748 0.115
-0.0981748 0.116
-0.0490874 0.117
-0.0490874 0.118
-0.0490874 0.119
-0.00286105 0.12
0.0462263 0.121
0.0462263 0.122
0.0462263 0.123
0.0462263 0.124
0.0462263 0.125
0.0462263 0.126
0.0462263 0.127
0.0216826 0.128
-0.00286105 0.129
-0.00286105 0.13
-0.0274047 0.131
-0.0274047 0.132
-0.0274047 0.133
-0.0274047 0.134
-0.0519484 0.135
-0.0519484 0.136
-0.0519484 0.137
-0.0764921 0.138
-0.0764921 0.139
-0.0764921 0.14
-0.101036 0.141
-0.101036 0.142
-0.101036 0.143
-0.12558 0.144
-0.12558 0.145
-0.12558 0.146
-0.150123 0.147
-0.150123 0.148
-0.150123 0.149
-0.173709 0.15
-0.195272 0.151
-0.201408 0.152
-0.21368 0.153
-0.219816 0.154
-0.225952 0.155
-0.238224 0.156
-0.24436 0.157
-0.250496 0.158
-0.256632 0.159
-0.262768 0.16
-0.268904 0.161
-0.275039 0.162
-0.281175 0.163
-0.287311 0.164
-0.293447 0.165
-0.299583 0.166
-0.305719 0.167
-0.311855 0.168
-0.317991 0.169
-0.324127 0.17
-0.330263 0.171
-0.336399 0.172
-0.342535 0.173
-0.348671 0.174
-0.354806 0.175
-0.360942 0.176
-0.367078 0.177
-0.373214 0.178
-0.37935 0.179
-0.37935 0.18
-0.37935 0.181
-0.37935 0.182
-0.37935 0.183
-0.37935 0.184
-0.37935 0.185
-0.37935 0.186
-0.37935 0.187
-0.37935 0.188
-0.37935 0.189
-0.37935 0.19
-0.37935 0.191
-0.37935 0.192
-0.37935 0.193
-0.37935 0.194
-0.37935 0.195
-0.37935 0.196
-0.37935 0.197
-0.37935 0.198
-0.37935 0.199
-0.37935 0.2
-0.37935 0.201
-0.37935 0.202
-0.37935 0.203
-0.37935 0.204
-0.37935 0.205
-0.37935 0.206
-0.37935 0.207
-0.37935 0.208
-0.37935 0.209
-0.37935 0.21
-0.37935 0.211
-0.37935 0.212
-0.37935 0.213
-0.37935 0.214
-0.37935 0.215
-0.37935 0.216
-0.37935 0.217
-0.37935 0.218
-0.37935 0.219
-0.37935 0.22
-0.37935 0.221
-0.37935 0.222
-0.37935 0.223
-0.37935 0.224
-0.37935 0.225
-0.37935 0.226
-0.37935 0.227
-0.37935 0.228
-0.37935 0.229
-0.37935 0.23
-0.37935 0.231
-0.37935 0.232
-0.37935 0.233
-0.37935 0.234
-0.37935 0.235
-0.37935 0.236
-0.37935 0.237
-0.37935 0.238
-0.37935 0.239
-0.37935 0.24
-0.37935 0.241
-0.37935 0.242
-0.37935 0.243
-0.37935 0.244
-0.37935 0.245
-0.37935 0.246
-0.37935 0.247
-0.37935 0.248
-0.37935 0.249
-0.37935 0.25
-0.37935 0.251
-0.37935 0.252
-0.37935 0.253
-0.37935 0.254
-0.37935 0.255
-0.37935 0.256
-0.37935 0.257
-0.37935 0.258
-0.37935 0.259
-0.37935 0.26
-0.37935 0.261
-0.37935 0.262
-0.37935 0.263
-0.37935 0.264
-0.37935 0.265
-0.37935 0.266
-0.37935 0.267
-0.37935 0.268
-0.37935 0.269
-0.37935 0.27
-0.37935 0.271
-0.37935 0.272
-0.37935 0.273
-0.37935 0.274
-0.37935 0.275
-0.37935 0.276
-0.37935 0.277
-0.37935 0.278
-0.37935 0.279
-0.37935 0.28
-0.37935 0.281
-0.37935 0.282
-0.37935 0.283
-0.37935 0.284
-0.37935 0.285
-0.37935 0.286
-0.37935 0.287
-0.37935 0.288
-0.37935 0.289
-0.37935 0.29
-0.37935 0.291
-0.37935 0.292
-0.37935 0.293
-0.37935 0.294
-0.37935 0.295
-0.37935 0.296
-0.37935 0.297
-0.37935 0.298
-0.37935 0.299
-0.37935 0.3
-0.37935 0.301
-0.37935 0.302
-0.37935 0.303
-0.37935 0.304
-0.37935 0.305
-0.37935 0.306
-0.37935 0.307
-0.37935 0.308
-0.37935 0.309
-0.37935 0.31
-0.37935 0.311
-0.37935 0.312
-0.37935 0.313
-0.37935 0.314
-0.37935 0.315
-0.37935 0.316
-0.37935 0.317
-0.37935 0.318
-0.37935 0.319
-0.37935 0.32
-0.37935 0.321
-0.37935 0.322
-0.37935 0.323
-0.37935 0.324
-0.37935 0.325
-0.37935 0.326
-0.37935 0.327
-0.37935 0.328
-0.37935 0.329
-0.37935 0.33
-0.37935 0.331
-0.37935 0.332
-0.37935 0.333
-0.37935 0.334
-0.37935 0.335
-0.37935 0.336
-0.37935 0.337
-0.37935 0.338
-0.37935 0.339
-0.37935 0.34
-0.37935 0.341
-0.37935 0.342
-0.37935 0.343
-0.37935 0.344
-0.37935 0.345
-0.37935 0.346
-0.37935 0.347
-0.37935 0.348
-0.37935 0.349
-0.37935 0.35
-0.37935 0.351
-0.37935 0.352
-0.37935 0.353
-0.37935 0.354
-0.37935 0.355
-0.37935 0.356
-0.37935 0.357
-0.37935 0.358
-0.37935 0.359
-0.37935 0.36
-0.37935 0.361
-0.37935 0.362
-0.37935 0.363
-0.37935 0.364
-0.37935 0.365
-0.37935 0.366
-0.37935 0.367
-0.37935 0.368
-0.37935 0.369
-0.37935 0.37
-0.37935 0.371
-0.37935 0.372
-0.37935 0.373
-0.37935 0.374
-0.37935 0.375
-0.37935 0.376
-0.37935 0.377
-0.37935 0.378
-0.37935 0.379
-0.37935 0.38
-0.37935 0.381
-0.37935 0.382
-0.37935 0.383
-0.37935 0.384
-0.37935 0.385
-0.37935 0.386
-0.37935 0.387
-0.37935 0.388
-0.37935 0.389
-0.37935 0.39
-0.37935 0.391
-0.37935 0.392
-0.37935 0.393
-0.37935 0.394
-0.37935 0.395
-0.37935 0.396
-0.37935 0.397
-0.37935 0.398
-0.37935 0.399
-0.37935 0.4
-0.37935 0.401
-0.37935 0.402
-0.37935 0.403
-0.37935 0.404
-0.37935 0.405
-0.37935 0.406
-0.37935 0.407
-0.37935 0.408
-0.37935 0.409
-0.37935 0.41
-0.37935 0.411
-0.37935 0.412
-0.37935 0.413
-0.37935 0.414
-0.37935 0.415
-0.37935 0.416
-0.37935 0.417
-0.37935 0.418
-0.37935 0.419
-0.37935 0.42
-0.37935 0.421
-0.37935 0.422
-0.37935 0.423
-0.37935 0.424
-0.37935 0.425
-0.37935 0.426
-0.37935 0.427
-0.37935 0.428
-0.37935 0.429
-0.37935 0.43
-0.37935 0.431
-0.37935 0.432
-0.37935 0.433
-0.37935 0.434
-0.37935 0.435
-0.37935 0.436
-0.37935 0.437
-0.37935 0.438
-0.37935 0.439
-0.37935 0.44
-0.37935 0.441
-0.37935 0.442
-0.37935 0.443
-0.37935 0.444
-0.37935 0.445
-0.37935 0.446
-0.37935 0.447
-0.37935 0.448
-0.37935 0.449
-0.37935 0.45
-0.37935 0.451
-0.37935 0.452
-0.37935 0.453
-0.37935 0.454
-0.37935 0.455
-0.37935 0.456
-0.37935 0.457
-0.37935 0.458
-0.37935 0.459
-0.37935 0.46
-0.37935 0.461
-0.37935 0.462
-0.37935 0.463
-0.37935 0.464
-0.37935 0.465
-0.37935 0.466
-0.37935 0.467
-0.37935 0.468
-0.37935 0.469
-0.37935 0.47
-0.37935 0.471
-0.37935 0.472
-0.37935 0.473
-0.37935 0.474
-0.37935 0.475
-0.37935 0.476
-0.37935 0.477
-0.37935 0.478
-0.37935 0.479
-0.37935 0.48
-0.37935 0.481
-0.37935 0.482
-0.37935 0.483
-0.37935 0.484
-0.37935 0.485
-0.37935 0.486
-0.37935 0.487
-0.37935 0.488
-0.37935 0.489
-0.37935 0.49
-0.37935 0.491
-0.37935 0.492
-0.37935 0.493
-0.37935 0.494
-0.37935 0.495
-0.37935 0.496
-0.37935 0.497
-0.37935 0.498
-0.37935 0.499
-0.37935 0.5
-0.37935 0.501
-0.37935 0.502
-0.37935 0.503
-0.37935 0.504
-0.37935 0.505
-0.37935 0.506
-0.37935 0.507
-0.37935 0.508
-0.37935 0.509
-0.37935 0.51
-0.37935 0.511
-0.37935 0.512
-0.37935 0.513
-0.37935 0.514
-0.37935 0.515
-0.37935 0.516
-0.37935 0.517
-0.37935 0.518
-0.37935 0.519
-0.37935 0.52
-0.37935 0.521
-0.37935 0.522
-0.37935 0.523
-0.37935 0.524
-0.37935 0.525
-0.37935 0.526
-0.37935 0.527
-0.37935 0.528
-0.37935 0.529
-0.37935 0.53
-0.37935 0.531
-0.37935 0.532
-0.37935 0.533
-0.37935 0.534
-0.37935 0.535
-0.37935 0.536
-0.37935 0.537
-0.37935 0.538
-0.37935 0.539
-0.37935 0.54
-0.37935 0.541
-0.37935 0.542
-0.37935 0.543
-0.37935 0.544
-0.37935 0.545
-0.37935 0.546
-0.37935 0.547
-0.37935 0.548
-0.37935 0.549
-0.37935 0.55
-0.37935 0.551
-0.37935 0.552
-0.37935 0.553
-0.37935 0.554
-0.37935 0.555
-0.37935 0.556
-0.37935 0.557
-0.37935 0.558
-0.37935 0.559
-0.37935 0.56
-0.37935 0.561
-0.37935 0.562
-0.37935 0.563
-0.37935 0.564
-0.37935 0.565
-0.37935 0.566
-0.37935 0.567
-0.37935 0.568
-0.37935 0.569
-0.37935 0.57
-0.37935 0.571
-0.37935 0.572
-0.37935 0.573
-0.37935 0.574
-0.37935 0.575
-0.37935 0.576
-0.37935 0.577
-0.37935 0.578
-0.37935 0.579
-0.37935 0.58
-0.37935 0.581
-0.37935 0.582
-0.37935 0.583
-0.37935 0.584
-0.37935 0.585
-0.37935 0.586
-0.37935 0.587
-0.37935 0.588
-0.37935 0.589
-0.37935 0.59
-0.37935 0.591
-0.37935 0.592
-0.37935 0.593
-0.37935 0.594
-0.37935 0.595
-0.37935 0.596
-0.37935 0.597
-0.37935 0.598
-0.37935 0.599
-0.37935 0.6
-0.37935 0.601
-0.37935 0.602
-0.37935 0.603
-0.37935 0.604
-0.37935 0.605
-0.37935 0.606
-0.37935 0.607
-0.37935 0.608
-0.37935 0.609
-0.37935 0.61
-0.37935 0.611
-0.37935 0.612
-0.37935 0.613
-0.37935 0.614
-0.37935 0.615
-0.37935 0.616
-0.37935 0.617
-0.37935 0.618
-0.37935 0.619
-0.37935 0.62
-0.37935 0.621
-0.37935 0.622
-0.37935 0.623
-0.37935 0.624
-0.37935 0.625
-0.37935 0.626
-0.37935 0.627
-0.37935 0.628
-0.37935 0.629
-0.37935 0.63
-0.37935 0.631
-0.37935 0.632
-0.37935 0.633
-0.37935 0.634
-0.37935 0.635
-0.37935 0.636
-0.37935 0.637
-0.37935 0.638
-0.37935 0.639
-0.37935 0.64
-0.37935 0.641
-0.37935 0.642
-0.37935 0.643
-0.37935 0.644
-0.37935 0.645
-0.37935 0.646
-0.37935 0.647
-0.37935 0.648
-0.37935 0.649
-0.37935 0.65
-0.37935 0.651
-0.37935 0.652
-0.37935 0.653
-0.37935 0.654
-0.37935 0.655
-0.37935 0.656
-0.37935 0.657
-0.37935 0.658
-0.37935 0.659
-0.37935 0.66
-0.37935 0.661
-0.37935 0.662
-0.37935 0.663
-0.37935 0.664
-0.37935 0.665
-0.37935 0.666
-0.37935 0.667
-0.37935 0.668
-0.37935 0.669
-0.37935 0.67
-0.37935 0.671
-0.37935 0.672
-0.37935 0.673
-0.37935 0.674
-0.37935 0.675
-0.37935 0.676
-0.37935 0.677
-0.37935 0.678
-0.37935 0.679
-0.37935 0.68
-0.37935 0.681
-0.37935 0.682
-0.37935 0.683
-0.37935 0.684
-0.37935 0.685
-0.37935 0.686
-0.37935 0.687
-0.37935 0.688
-0.37935 0.689
-0.37935 0.69
-0.37935 0.691
-0.37935 0.692
-0.37935 0.693
-0.37935 0.694
-0.37935 0.695
-0.37935 0.696
-0.37935 0.697
-0.37935 0.698
-0.37935 0.699
-0.37935 0.7
-0.37935 0.701
-0.37935 0.702
-0.37935 0.703
-0.37935 0.704
-0.37935 0.705
-0.37935 0.706
-0.37935 0.707
-0.37935 0.708
-0.37935 0.709
-0.37935 0.71
-0.37935 0.711
-0.37935 0.712
-0.37935 0.713
-0.37935 0.714
-0.37935 0.715
-0.37935 0.716
-0.37935 0.717
-0.37935 0.718
-0.37935 0.719
-0.37935 0.72
-0.37935 0.721
-0.37935 0.722
-0.37935 0.723
-0.37935 0.724
-0.37935 0.725
-0.37935 0.726
-0.37935 0.727
-0.37935 0.728
-0.37935 0.729
-0.37935 0.73
-0.37935 0.731
-0.37935 0.732
-0.37935 0.733
-0.37935 0.734
-0.37935 0.735
-0.37935 0.736
-0.37935 0.737
-0.37935 0.738
-0.37935 0.739
-0.37935 0.74
-0.37935 0.741
-0.37935 0.742
-0.37935 0.743
-0.37935 0.744
-0.37935 0.745
-0.37935 0.746
-0.37935 0.747
-0.37935 0.748
-0.37935 0.749
-0.37935 0.75
-0.37935 0.751
-0.37935 0.752
-0.37935 0.753
-0.37935 0.754
-0.37935 0.755
-0.37935 0.756
-0.37935 0.757
-0.37935 0.758
-0.37935 0.759
-0.37935 0.76
-0.37935 0.761
-0.37935 0.762
-0.37935 0.763
-0.37935 0.764
-0.37935 0.765
-0.37935 0.766
-0.37935 0.767
-0.37935 0.768
-0.37935 0.769
-0.37935 0.77
-0.37935 0.771
-0.37935 0.772
-0.37935 0.773
-0.37935 0.774
-0.37935 0.775
-0.37935 0.776
-0.37935 0.777
-0.37935 0.778
-0.37935 0.779
-0.37935 0.78
-0.37935 0.781
-0.37935 0.782
-0.37935 0.783
-0.37935 0.784
-0.37935 0.785
-0.37935 0.786
-0.37935 0.787
-0.37935 0.788
-0.37935 0.789
-0.37935 0.79
-0.37935 0.791
-0.37935 0.792
-0.37935 0.793
-0.37935 0.794
-0.37935 0.795
-0.37935 0.796
-0.37935 0.797
-0.37935 0.798
-0.37935 0.799
-0.37935 0.8
-0.37935 0.801
-0.37935 0.802
-0.37935 0.803
-0.37935 0.804
-0.37935 0.805
-0.37935 0.806
-0.37935 0.807
-0.37935 0.808
-0.37935 0.809
-0.37935 0.81
-0.37935 0.811
-0.37935 0.812
-0.37935 0.813
-0.37935 0.814
-0.37935 0.815
-0.37935 0.816
-0.37935 0.817
-0.37935 0.818
-0.37935 0.819
-0.37935 0.82
-0.37935 0.821
-0.37935 0.822
-0.37935 0.823
-0.37935 0.824
-0.37935 0.825
-0.37935 0.826
-0.37935 0.827
-0.37935 0.828
-0.37935 0.829
-0.37935 0.83
-0.37935 0.831
-0.37935 0.832
-0.37935 0.833
-0.37935 0.834
-0.37935 0.835
-0.37935 0.836
-0.37935 0.837
-0.37935 0.838
-0.37935 0.839
-0.37935 0.84
-0.37935 0.841
-0.37935 0.842
-0.37935 0.843
-0.37935 0.844
-0.37935 0.845
-0.37935 0.846
-0.37935 0.847
-0.37935 0.848
-0.37935 0.849
-0.37935 0.85
-0.37935 0.851
-0.37935 0.852
-0.37935 0.853
-0.37935 0.854
-0.37935 0.855
-0.37935 0.856
-0.37935 0.857
-0.37935 0.858
-0.37935 0.859
-0.37935 0.86
-0.37935 0.861
-0.37935 0.862
-0.37935 0.863
-0.37935 0.864
-0.37935 0.865
-0.37935 0.866
-0.37935 0.867
-0.37935 0.868
-0.37935 0.869
-0.37935 0.87
-0.37935 0.871
-0.37935 0.872
-0.37935 0.873
-0.37935 0.874
-0.37935 0.875
-0.37935 0.876
-0.37935 0.877
-0.37935 0.878
-0.37935 0.879
-0.37935 0.88
-0.37935 0.881
-0.37935 0.882
-0.37935 0.883
-0.37935 0.884
-0.37935 0.885
-0.37935 0.886
-0.37935 0.887
-0.37935 0.888
-0.37935 0.889
-0.37935 0.89
-0.37935 0.891
-0.37935 0.892
-0.37935 0.893
-0.37935 0.894
-0.37935 0.895
-0.37935 0.896
-0.37935 0.897
-0.37935 0.898
-0.37935 0.899
-0.37935 0.9
-0.37935 0.901
-0.37935 0.902
-0.37935 0.903
-0.37935 0.904
-0.37935 0.905
-0.37935 0.906
-0.37935 0.907
-0.38035 0.908
-0.38135 0.909
-0.38235 0.91
-0.38335 0.911
-0.38435 0.912
-0.38535 0.913
-0.38635 0.914
-0.38735 0.915
-0.38835 0.916
-0.38935 0.917
-0.39035 0.918
-0.39135 0.919
-0.392351 0.92
-0.393351 0.921
-0.394351 0.922
-0.395351 0.923
-0.396351 0.924
-0.397351 0.925
-0.398351 0.926
-0.399351 0.927
-0.400351 0.928
-0.401351 0.929
-0.402351 0.93
-0.403351 0.931
-0.404351 0.932
-0.405351 0.933
-0.406351 0.934
-0.407351 0.935
-0.408351 0.936
-0.409351 0.937
-0.410351 0.938
-0.411351 0.939
-0.412351 0.94
-0.413351 0.941
-0.414351 0.942
-0.415351 0.943
-0.416351 0.944
-0.417351 0.945
-0.418351 0.946
-0.419351 0.947
-0.420351 0.948
-0.421351 0.949
-0.422351 0.95
-0.423351 0.951
-0.424351 0.952
-0.425351 0.953
-0.426351 0.954
-0.427351 0.955
-0.428351 0.956
-0.429352 0.957
-0.430352 0.958
-0.431352 0.959
-0.432352 0.96
-0.433352 0.961
-0.434352 0.962
-0.435352 0.963
-0.436352 0.964
-0.437352 0.965
-0.438352 0.966
-0.439352 0.967
-0.440352 0.968
-0.441352 0.969
-0.442352 0.97
-0.443352 0.971
-0.444352 0.972
-0.445352 0.973
-0.446352 0.974
-0.447352 0.975
-0.448352 0.976
-0.449352 0.977
-0.450352 0.978
-0.451352 0.979
-0.452352 0.98
-0.453352 0.981
-0.454352 0.982
-0.455352 0.983
-0.456352 0.984
-0.457352 0.985
-0.458352 0.986
-0.459352 0.987
-0.460352 0.988
-0.461352 0.989
-0.462352 0.99
-0.463352 0.991
-0.462352 0.992
-0.461352 0.993
-0.460352 0.994
-0.459352 0.995
-0.458352 0.996
-0.457352 0.997
-0.456352 0.998
-0.455352 0.999
-0.454352 1


Shark
3.14159 1.5
3.13729 1.4995
3.13299 1.499
3.12869 1.4985
3.12439 1.498
3.12009 1.4975
3.11579 1.497
3.11149 1.4965
3.10719 1.496
3.10289 1.4955
3.09859 1.495
3.09429 1.4945
3.08999 1.494
3.08569 1.4935
3.08139 1.493
3.07709 1.4925
3.07279 1.492
3.06849 1.4915
3.06419 1.491
3.05989 1.4905
3.05559 1.49
3.05129 1.4895
3.04699 1.489
3.04269 1.4885
3.03839 1.488
3.03409 1.4875
3.02979 1.487
3.02549 1.4865
3.02119 1.486
3.01689 1.4855
3.01259 1.485
3.00829 1.4845
3.00399 1.484
2.99969 1.4835
2.99539 1.483
2.99109 1.4825
2.98679 1.482
2.98249 1.4815
2.97819 1.481
2.97389 1.4805
2.96959 1.48
2.96529 1.4795
2.96099 1.479
2.95669 1.4785
2.95239 1.478
2.94809 1.4775
2.94379 1.477
2.93949 1.4765
2.93519 1.476
2.93089 1.4755
2.92659 1.475
2.92229 1.4745
2.91799 1.474
2.91369 1.4735
2.90939 1.473
2.90509 1.4725
2.90079 1.472
2.89649 1.4715
2.89219 1.471
2.88789 1.4705
2.88359 1.47
2.87929 1.4695
2.87499 1.469
2.87069 1.4685
2.86639 1.468
2.86209 1.4675
2.85779 1.467
2.85349 1.4665
2.84919 1.466
2.84489 1.4655
2.84059 1.465
2.83629 1.4645
2.83199 1.464
2.82769 1.4635
2.82339 1.463
2.81909 1.4625
2.81479 1.462
2.81049 1.4615
2.80619 1.461
2.80189 1.4605
2.79759 1.46
2.79329 1.4595
2.78899 1.459
2.78469 1.4585
2.78039 1.458
2.77609 1.4575
2.77179 1.457
2.76749 1.4565
2.76319 1.456
2.75889 1.4555
2.75459 1.455
2.75029 1.4545
2.90387 1.454
2.90817 1.4535
2.91247 1.453
2.91677 1.4525
2.92107 1.452
2.92537 1.4515
2.92967 1.451
2.93397 1.4505
2.93827 1.45
2.94257 1.4495
2.94687 1.449
3.03338 1.4485
3.03768 1.448
3.04198 1.4475
3.04628 1.447
3.09142 1.4465
3.09572 1.446
3.10002 1.4455
3.10432 1.445
3.10862 1.4445
3.11292 1.444
3.11722 1.4435
3.12152 1.443
3.12582 1.4425
3.13012 1.442
3.15508 1.4415
3.15938 1.441
3.16368 1.4405
3.18782 1.44
3.16203 1.4395
3.15773 1.439
3.15343 1.4385
3.14913 1.438
3.14483 1.4375
3.14053 1.437
3.13623 1.4365
3.1221 1.436
3.10787 1.4355
3.10357 1.435
3.08915 1.4345
3.08485 1.434
3.08055 1.4335
3.07625 1.433
3.06141 1.4325
3.05711 1.432
3.05281 1.4315
3.03768 1.431
3.03338 1.4305
3.02908 1.43
3.01364 1.4295
3.00934 1.429
3.00504 1.4285
2.9893 1.428
2.985 1.4275
2.9807 1.427
2.96465 1.4265
2.96035 1.426
2.95605 1.4255
2.94029 1.425
2.92569 1.4245
2.91982 1.424
2.91069 1.4235
2.90479 1.423
2.89886 1.4225
2.8896 1.422
2.88364 1.4215
2.87766 1.421
2.87166 1.4205
2.86564 1.42
2.85961 1.4195
2.85355 1.419
2.84748 1.4185
2.84139 1.418
2.83528 1.4175
2.82915 1.417
2.823 1.4165
2.81684 1.416
2.81065 1.4155
2.80445 1.415
2.79823 1.4145
2.79198 1.414
2.78572 1.4135
2.77944 1.413
2.77314 1.4125
2.76682 1.412
2.76049 1.4115
2.75413 1.411
2.74775 1.4105
2.74345 1.41
2.73915 1.4095
2.73485 1.409
2.73055 1.4085
2.72625 1.408
2.72195 1.4075
2.71765 1.407
2.71335 1.4065
2.70905 1.406
2.70475 1.4055
2.70045 1.405
2.69615 1.4045
2.69185 1.404
2.68755 1.4035
2.68325 1.403
2.67895 1.4025
2.67465 1.402
2.67035 1.4015
2.66605 1.401
2.66175 1.4005
2.65745 1.4
2.65315 1.3995
2.64885 1.399
2.64455 1.3985
2.64025 1.398
2.63595 1.3975
2.63165 1.397
2.62735 1.3965
2.62305 1.396
2.61875 1.3955
2.61445 1.395
2.61015 1.3945
2.60585 1.394
2.60155 1.3935
2.59725 1.393
2.59295 1.3925
2.58865 1.392
2.58435 1.3915
2.58005 1.391
2.57575 1.3905
2.57145 1.39
2.56715 1.3895
2.56285 1.389
2.55855 1.3885
2.55425 1.388
2.54995 1.3875
2.54565 1.387
2.54135 1.3865
2.53705 1.386
2.53275 1.3855
2.52845 1.385
2.52415 1.3845
2.51985 1.384
2.51555 1.3835
2.51125 1.383
2.50695 1.3825
2.50265 1.382
2.49835 1.3815
2.49405 1.381
2.48975 1.3805
2.48545 1.38
2.48115 1.3795
2.47685 1.379
2.47255 1.3785
2.46825 1.378
2.46395 1.3775
2.45965 1.377
2.45535 1.3765
2.45105 1.376
2.44675 1.3755
2.44245 1.375
2.43815 1.3745
2.43385 1.374
2.42955 1.3735
2.42525 1.373
2.42095 1.3725
2.41665 1.372
2.41235 1.3715
2.40805 1.371
2.40375 1.3705
2.39945 1.37
2.39515 1.3695
2.39085 1.369
2.38655 1.3685
2.38225 1.368
2.37795 1.3675
2.37365 1.367
2.36935 1.3665
2.36505 1.366
2.36075 1.3655
2.35645 1.365
2.35215 1.3645
2.34785 1.364
2.34355 1.3635
2.33925 1.363
2.33495 1.3625
2.33065 1.362
2.32635 1.3615
2.32205 1.361
2.31775 1.3605
2.31345 1.36
2.30915 1.3595
2.30485 1.359
2.30055 1.3585
2.29625 1.358
2.29195 1.3575
2.28765 1.357
2.28335 1.3565
2.27905 1.356
2.27475 1.3555
2.27045 1.355
2.26615 1.3545
2.26185 1.354
2.25755 1.3535
2.25325 1.353
2.24895 1.3525
2.24465 1.352
2.24035 1.3515
2.23605 1.351
2.23175 1.3505
2.22745 1.35
2.22315 1.3495
2.21885 1.349
2.21455 1.3485
2.21025 1.348
2.20595 1.3475
2.20165 1.347
2.19735 1.3465
2.19305 1.346
2.18875 1.3455
2.18445 1.345
2.18015 1.3445
2.17585 1.344
2.17155 1.3435
2.16725 1.343
2.16295 1.3425
2.15865 1.342
2.15435 1.3415
2.15005 1.341
2.14575 1.3405
2.14145 1.34
2.13715 1.3395
2.13285 1.339
2.12855 1.3385
2.12425 1.338
2.11995 1.3375
2.11565 1.337
2.11135 1.3365
2.10705 1.336
2.10275 1.3355
2.09845 1.335
2.09415 1.3345
2.08985 1.334
2.08555 1.3335
2.08125 1.333
2.07695 1.3325
2.07265 1.332
2.06835 1.3315
2.06405 1.331
2.05975 1.3305
2.05545 1.33
2.05115 1.3295
2.04685 1.329
2.04255 1.3285
2.03825 1.328
2.03395 1.3275
2.02965 1.327
2.02535 1.3265
2.02105 1.326
2.01675 1.3255
2.01245 1.325
2.00815 1.3245
2.00385 1.324
1.99955 1.3235
1.99525 1.323
1.99095 1.3225
1.98665 1.322
1.98235 1.3215
1.97805 1.321
1.97375 1.3205
1.96945 1.32
1.96515 1.3195
1.96085 1.319
1.95655 1.3185
1.95225 1.318
1.94795 1.3175
1.94365 1.317
1.93935 1.3165
1.93505 1.316
1.93075 1.3155
1.92645 1.315
1.92215 1.3145
1.91785 1.314
1.91355 1.3135
1.90925 1.313
1.90495 1.3125
1.90065 1.312
1.89635 1.3115
1.89205 1.311
1.88775 1.3105
1.88345 1.31
1.87915 1.3095
1.87485 1.309
1.87055 1.3085
1.86625 1.308
1.86195 1.3075
1.85765 1.307
1.85335 1.3065
1.84905 1.306
1.84475 1.3055
1.84045 1.305
1.83615 1.3045
1.83185 1.304
1.82755 1.3035
1.82325 1.303
1.81895 1.3025
1.81465 1.302
1.81035 1.3015
1.80605 1.301
1.80175 1.3005
1.79745 1.3
1.79315 1.2995
1.78885 1.299
1.78455 1.2985
1.78025 1.298
1.77595 1.2975
1.77165 1.297
1.76735 1.2965
1.76305 1.296
1.75875 1.2955
1.75445 1.295
1.75015 1.2945
1.74585 1.294
1.74155 1.2935
1.73725 1.293
1.73295 1.2925
1.72865 1.292
1.72435 1.2915
1.72005 1.291
1.71575 1.2905
1.71145 1.29
1.70715 1.2895
1.70285 1.289
1.69855 1.2885
1.69425 1.288
1.68995 1.2875
1.68565 1.287
1.68135 1.2865
1.67705 1.286
1.67275 1.2855
1.66845 1.285
1.66415 1.2845
1.65985 1.284
1.65555 1.2835
1.65125 1.283
1.64695 1.2825
1.64265 1.282
1.63835 1.2815
1.63405 1.281
1.62975 1.2805
1.62545 1.28
1.62115 1.2795
1.61685 1.279
1.61255 1.2785
1.60825 1.278
1.60395 1.2775
1.59965 1.277
1.59535 1.2765
1.59105 1.276
1.58675 1.2755
1.58245 1.275
1.57815 1.2745
1.57385 1.274
1.56955 1.2735
1.56525 1.273
1.56095 1.2725
1.55665 1.272
1.55235 1.2715
1.54805 1.271
1.54375 1.2705
1.53945 1.27
1.53515 1.2695
1.53085 1.269
1.52655 1.2685
1.52225 1.268
1.51795 1.2675
1.51365 1.267
1.50935 1.2665
1.50505 1.266
1.50075 1.2655
1.49645 1.265
1.49215 1.2645
1.48785 1.264
1.48355 1.2635
1.47925 1.263
1.47495 1.2625
1.47065 1.262
1.46635 1.2615
1.46205 1.261
1.45775 1.2605
1.45345 1.26
1.44915 1.2595
1.44485 1.259
1.44055 1.2585
1.43625 1.258
1.43195 1.2575
1.42765 1.257
1.42335 1.2565
1.41905 1.256
1.41475 1.2555
1.41045 1.255
1.40615 1.2545
1.40185 1.254
1.39755 1.2535
1.39325 1.253
1.38895 1.2525
1.38465 1.252
1.38035 1.2515
1.37605 1.251
1.37175 1.2505
1.36745 1.25
1.36315 1.2495
1.35885 1.249
1.35455 1.2485
1.35025 1.248
1.34595 1.2475
1.34165 1.247
1.33735 1.2465
1.33305 1.246
1.32875 1.2455
1.32445 1.245
1.32015 1.2445
1.31585 1.244
1.31155 1.2435
1.30725 1.243
1.30295 1.2425
1.29865 1.242
1.29435 1.2415
1.29005 1.241
1.28575 1.2405
1.28145 1.24
1.27715 1.2395
1.27285 1.239
1.26855 1.2385
1.26425 1.238
1.25995 1.2375
1.25565 1.237
1.25135 1.2365
1.24705 1.236
1.24275 1.2355
1.23845 1.235
1.23415 1.2345
1.22985 1.234
1.22555 1.2335
1.22125 1.233
1.21695 1.2325
1.21265 1.232
1.20835 1.2315
1.20405 1.231
1.19975 1.2305
1.19545 1.23
1.19115 1.2295
1.18685 1.229
1.18255 1.2285
1.17825 1.228
1.17395 1.2275
1.16965 1.227
1.16535 1.2265
1.16105 1.226
1.15675 1.2255
1.15245 1.225
1.14815 1.2245
1.14385 1.224
1.13955 1.2235
1.13525 1.223
1.13095 1.2225
1.12665 1.222
1.12235 1.2215
1.11805 1.221
1.11375 1.2205
1.10945 1.22
1.10515 1.2195
1.10085 1.219
1.09655 1.2185
1.09225 1.218
1.08795 1.2175
1.08365 1.217
1.07935 1.2165
1.07505 1.216
1.07075 1.2155
1.06645 1.215
1.06215 1.2145
1.05785 1.214
1.05355 1.2135
1.04925 1.213
1.04495 1.2125
1.04065 1.212
1.03635 1.2115
1.03205 1.211
1.02775 1.2105
1.02345 1.21
1.01915 1.2095
1.01485 1.209
1.01055 1.2085
1.00625 1.208
1.00195 1.2075
0.99765 1.207
0.99335 1.2065
0.98905 1.206
0.98475 1.2055
0.98045 1.205
0.97615 1.2045
0.97185 1.204
0.96755 1.2035
0.96325 1.203
0.95895 1.2025
0.95465 1.202
0.95035 1.2015
0.94605 1.201
0.94175 1.2005
0.93745 1.2
0.93315 1.1995
0.92885 1.199
0.92455 1.1985
0.92025 1.198
0.91595 1.1975
0.91165 1.197
0.90735 1.1965
0.90305 1.196
0.89875 1.1955
0.89445 1.195
0.89015 1.1945
0.88585 1.194
0.88155 1.1935
0.87725 1.193
0.87295 1.1925
0.86865 1.192
0.86435 1.1915
0.86005 1.191
0.85575 1.1905
0.85145 1.19
0.84715 1.1895
0.84285 1.189
0.83855 1.1885
0.83425 1.188
0.82995 1.1875
0.82565 1.187
0.82135 1.1865
0.81705 1.186
0.81275 1.1855
0.80845 1.185
0.80415 1.1845
0.79985 1.184
0.79555 1.1835
0.79125 1.183
0.78695 1.1825
0.78265 1.182
0.77835 1.1815
0.77405 1.181
0.76975 1.1805
0.76545 1.18
0.76115 1.1795
0.75685 1.179
0.75255 1.1785
0.74825 1.178
0.74395 1.1775
0.73965 1.177
0.73535 1.1765
0.73105 1.176
0.72675 1.1755
0.72245 1.175
0.71815 1.1745
0.71385 1.174
0.70955 1.1735
0.70525 1.173
0.70095 1.1725
0.69665 1.172
0.69235 1.1715
0.68805 1.171
0.68375 1.1705
0.67945 1.17
0.67515 1.1695
0.67085 1.169
0.66655 1.1685
0.66225 1.168
0.65795 1.1675
0.65365 1.167
0.64935 1.1665
0.64505 1.166
0.64075 1.1655
0.63645 1.165
0.63215 1.1645
0.62785 1.164
0.62355 1.1635
0.61925 1.163
0.61495 1.1625
0.61065 1.162
0.60635 1.1615
0.60205 1.161
0.59775 1.1605
0.59345 1.16
0.58915 1.1595
0.58485 1.159
0.58055 1.1585
0.57625 1.158
0.57195 1.1575
0.56765 1.157
0.56335 1.1565
0.55905 1.156
0.55475 1.1555
0.55045 1.155
0.54615 1.1545
0.54185 1.154
0.53755 1.1535
0.53325 1.153
0.52895 1.1525
0.52465 1.152
0.52035 1.1515
0.51605 1.151
0.51175 1.1505
0.50745 1.15
0.50315 1.1495
0.49885 1.149
0.49455 1.1485
0.49025 1.148
0.48595 1.1475
0.48165 1.147
0.47735 1.1465
0.47305 1.146
0.46875 1.1455
0.46445 1.145
0.46015 1.1445
0.45585 1.144
0.45155 1.1435
0.44725 1.143
0.44295 1.1425
0.43865 1.142
0.43435 1.1415
0.43005 1.141
0.42575 1.1405
0.42145 1.14
0.41715 1.1395
0.41285 1.139
0.40855 1.1385
0.40425 1.138
0.39995 1.1375
0.39565 1.137
0.39135 1.1365
0.38705 1.136
0.38275 1.1355
0.37845 1.135
0.37415 1.1345
0.36985 1.134
0.36555 1.1335
0.36125 1.133
0.35695 1.1325
0.35265 1.132
0.34835 1.1315
0.34405 1.131
0.33975 1.1305
0.33545 1.13
0.33115 1.1295
0.32685 1.129
0.32255 1.1285
0.31825 1.128
0.31395 1.1275
0.30965 1.127
0.30535 1.1265
0.30105 1.126
0.29675 1.1255
0.29245 1.125
0.28815 1.1245
0.28385 1.124
0.27955 1.1235
0.27525 1.123
0.27095 1.1225
0.26665 1.122
0.26235 1.1215
0.25805 1.121
0.25375 1.1205
0.24945 1.12
0.24515 1.1195
0.24085 1.119
0.23655 1.1185
0.23225 1.118
0.22795 1.1175
0.22365 1.117
0.21935 1.1165
0.21505 1.116
0.21075 1.1155
0.20645 1.115
0.20215 1.1145
0.19785 1.114
0.19355 1.1135
0.18925 1.113
0.18495 1.1125
0.18065 1.112
0.17635 1.1115
0.17205 1.111
0.16775 1.1105
0.16345 1.11
0.15915 1.1095
0.15485 1.109
0.15055 1.1085
0.14625 1.108
0.14195 1.1075
0.13765 1.107
0.13335 1.1065
0.12905 1.106
0.12475 1.1055
0.12045 1.105
0.11615 1.1045
0.11185 1.104
0.10755 1.1035
0.10325 1.103
0.0989499 1.1025
0.0946499 1.102
0.0903499 1.1015
0.0860499 1.101
0.0817499 1.1005
0.0774499 1.1
0.0731499 1.0995
0.0688499 1.099
0.0645499 1.0985
0.0602499 1.098
0.0559499 1.0975
0.0516499 1.097
0.0473499 1.0965
0.0430499 1.096
0.0387499 1.0955
0.0344499 1.095
0.0301499 1.0945
0.0258499 1.094
0.0215499 1.0935
0.0172499 1.093
0.0129499 1.0925
0.00864986 1.092
0.00434986 1.0915
4.98607e-05 1.091
-0.00425014 1.0905
-0.00855014 1.09
-0.0128501 1.0895
-0.0171501 1.089
-0.0214501 1.0885
-0.0257501 1.088
-0.0300501 1.0875
-0.0343501 1.087
-0.0386501 1.0865
-0.0429501 1.086
-0.0472501 1.0855
-0.0515501 1.085
-0.0558501 1.0845
-0.0601501 1.084
-0.0644501 1.0835
-0.0687501 1.083
-0.0730501 1.0825
-0.0773501 1.082
-0.0816501 1.0815
-0.0859501 1.081
-0.0902501 1.0805
-0.0945501 1.08
-0.0988501 1.0795
-0.10315 1.079
-0.10745 1.0785
-0.11175 1.078
-0.11605 1.0775
-0.12035 1.077
-0.12465 1.0765
-0.12895 1.076
-0.13325 1.0755
-0.13755 1.075
-0.14185 1.0745
-0.14615 1.074
-0.15045 1.0735
-0.15475 1.073
-0.15905 1.0725
-0.16335 1.072
-0.16765 1.0715
-0.17195 1.071
-0.17625 1.0705
-0.18055 1.07
-0.18485 1.0695
-0.18915 1.069
-0.19345 1.0685
-0.19775 1.068
-0.20205 1.0675
-0.20635 1.067
-0.21065 1.0665
-0.21495 1.066
-0.21925 1.0655
-0.22355 1.065
-0.22785 1.0645
-0.23215 1.064
-0.23645 1.0635
-0.24075 1.063
-0.24505 1.0625
-0.24935 1.062
-0.25365 1.0615
-0.25795 1.061
-0.26225 1.0605
-0.26655 1.06
-0.27085 1.0595
-0.27515 1.059
-0.27945 1.0585
-0.28375 1.058
-0.28805 1.0575
-0.29235 1.057
-0.29665 1.0565
-0.30095 1.056
-0.30525 1.0555
-0.30955 1.055
-0.31385 1.0545
-0.31815 1.054
-0.32245 1.0535
-0.32675 1.053
-0.33105 1.0525
-0.33535 1.052
-0.33965 1.0515
-0.34395 1.051
-0.34825 1.0505
-0.35255 1.05
-0.35685 1.0495
-0.36115 1.049
-0.36545 1.0485
-0.36975 1.048
-0.37405 1.0475
-0.37835 1.047
-0.37935 1.0465
-0.38035 1.046
-0.38135 1.0455
-0.38235 1.045
-0.38335 1.0445
-0.38435 1.044
-0.38535 1.0435
-0.38635 1.043
-0.38735 1.0425
-0.38835 1.042
-0.38935 1.0415
-0.39035 1.041
-0.39135 1.0405
-0.392351 1.04
-0.393351 1.0395
-0.394351 1.039
-0.395351 1.0385
-0.396351 1.038
-0.397351 1.0375
-0.398351 1.037
-0.399351 1.0365
-0.400351 1.036
-0.401351 1.0355
-0.402351 1.035
-0.403351 1.0345
-0.404351 1.034
-0.405351 1.0335
-0.406351 1.033
-0.407351 1.0325
-0.408351 1.032
-0.409351 1.0315
-0.410351 1.031
-0.411351 1.0305
-0.412351 1.03
-0.413351 1.0295
-0.414351 1.029
-0.415351 1.0285
-0.416351 1.028
-0.417351 1.0275
-0.418351 1.027
-0.419351 1.0265
-0.420351 1.026
-0.421351 1.0255
-0.422351 1.025
-0.423351 1.0245
-0.424351 1.024
-0.425351 1.0235
-0.426351 1.023
-0.427351 1.0225
-0.428351 1.022
-0.429352 1.0215
-0.430352 1.021
-0.431352 1.0205
-0.432352 1.02
-0.433352 1.0195
-0.434352 1.019
-0.435352 1.0185
-0.436352 1.018
-0.437352 1.0175
-0.438352 1.017
-0.439352 1.0165
-0.440352 1.016
-0.441352 1.0155
-0.442352 1.015
-0.443352 1.0145
-0.444352 1.014
-0.445352 1.0135
-0.446352 1.013
-0.447352 1.0125
-0.448352 1.012
-0.449352 1.0115
-0.450352 1.011
-0.451352 1.0105
-0.452352 1.01
-0.453352 1.0095
-0.454352 1.009
-0.455352 1.0085
-0.456352 1.008
-0.457352 1.0075
-0.458352 1.007
-0.459352 1.0065
-0.460352 1.006
-0.461352 1.0055
-0.462352 1.005
-0.463352 1.0045
-0.462352 1.004
-0.461352 1.0035
-0.460352 1.003
-0.459352 1.0025
-0.458352 1.002
-0.457352 1.0015
-0.456352 1.001
-0.455352 1.0005
-0.454352 1
