Man
0 0
0 0.001
0 0.002
0 0.003
0 0.004
0 0.005
0 0.006
0 0.007
0 0.008
0 0.009
0 0.01
0 0.011
0 0.012
0 0.013
0 0.014
0 0.015
0 0.016
0 0.017
0 0.018
0 0.019
0 0.02
0 0.021
0 0.022
0 0.023
0 0.024
0 0.025
0 0.026
0 0.027
0 0.028
0 0.029
0 0.03
0 0.031
0 0.032
0 0.033
0 0.034
0 0.035
0 0.036
0 0.037
0 0.038
0 0.039
0 0.04
0 0.041
0 0.042
0 0.043
0 0.044
0 0.045
0 0.046
0 0.047
0 0.048
0 0.049
0 0.05
0 0.051
0 0.052
0 0.053
0 0.054
0 0.055
0 0.056
0 0.057
0 0.058
0 0.059
0 0.06
0 0.061
0 0.062
0 0.063
0 0.064
0 0.065
0 0.066
0 0.067
0 0.068
0 0.069
0 0.07
0 0.071
0 0.072
0 0.073
0 0.074
0 0.075
0 0.076
0 0.077
0 0.078
0 0.079
0 0.08
0 0.081
0 0.082
0 0.083
0 0.084
0 0.085
0 0.086
0 0.087
0 0.088
0 0.089
0 0.09
0 0.091
0 0.092
0 0.093
0 0.094
0 0.095
0 0.096
0 0.097
0 0.098
0 0.099
0 0.1
0 0.101
0 0.102
0 0.103
0 0.104
0 0.105
0 0.106
0 0.107
0 0.108
0 0.109
0 0.11
0 0.111
0 0.112
0 0.113
0 0.114
0 0.115
0 0.116
0 0.117
0 0.118
0 0.119
0 0.12
0 0.121
0 0.122
0 0.123
0 0.124
0 0.125
0 0.126
0 0.127
0 0.128
0 0.129
0 0.13
0 0.131
0 0.132
0 0.133
0 0.134
0 0.135
0 0.136
0 0.137
0 0.138
0 0.139
0 0.14
0 0.141
0 0.142
0 0.143
0 0.144
0 0.145
0 0.146
0 0.147
0 0.148
0 0.149
0 0.15
0 0.151
0 0.152
0 0.153
0 0.154
0 0.155
0 0.156
0 0.157
0 0.158
0 0.159
0 0.16
0 0.161
0 0.162
0 0.163
0 0.164
0 0.165
0 0.166
0 0.167
0 0.168
0 0.169
0 0.17
0 0.171
0 0.172
0 0.173
0 0.174
0 0.175
0 0.176
0 0.177
0 0.178
0 0.179
0 0.18
0 0.181
0 0.182
0 0.183
0 0.184
0 0.185
0 0.186
0 0.187
0 0.188
0 0.189
0 0.19
0 0.191
0 0.192
0 0.193
0 0.194
0 0.195
0 0.196
-0.785398 0.197
-0.392699 0.198
0 0.199
0.392699 0.2
0.392699 0.201
0.392699 0.202
0.392699 0.203
0.392699 0.204
0.392699 0.205
0.392699 0.206
0.392699 0.207
0.392699 0.208
0.392699 0.209
0.392699 0.21
0.771192 0.211
0.771192 0.212
0.771192 0.213
0.771192 0.214
0.771192 0.215
0.771192 0.216
0.771192 0.217
0.771192 0.218
0.771192 0.219
0.771192 0.22
0.771192 0.221
0.771192 0.222
0.771192 0.223
0.771192 0.224
0.771192 0.225
0.771192 0.226
1.16389 0.227
0.967541 0.228
0.771192 0.229
0.62393 0.23
0.574842 0.231
0.525755 0.232
0.501211 0.233
0.476667 0.234
0.452124 0.235
0.42758 0.236
0.403036 0.237
0.378493 0.238
0.353949 0.239
0.329405 0.24
0.304862 0.241
0.280318 0.242
0.255774 0.243
0.231231 0.244
0.206687 0.245
0.184444 0.246
0.164566 0.247
0.146522 0.248
0.13425 0.249
0.121978 0.25
0.109706 0.251
0.0974344 0.252
0.0851626 0.253
0.0851626 0.254
0.0851626 0.255
0.0851626 0.256
0.0851626 0.257
0.0851626 0.258
0.0851626 0.259
0.0851626 0.26
0.0851626 0.261
0.0851626 0.262
0.0851626 0.263
0.0851626 0.264
0.0851626 0.265
0.0851626 0.266
0.0851626 0.267
0.0851626 0.268
0.0851626 0.269
0.0851626 0.27
0.0851626 0.271
0.0851626 0.272
0.0851626 0.273
0.0851626 0.274
0.0851626 0.275
0.0851626 0.276
0.0851626 0.277
0.0851626 0.278
0.0851626 0.279
0.0851626 0.28
0.0851626 0.281
0.0851626 0.282
0.0851626 0.283
0.0851626 0.284
0.0851626 0.285
0.0851626 0.286
0.0851626 0.287
0.0851626 0.288
0.0851626 0.289
0.0851626 0.29
0.0851626 0.291
0.0851626 0.292
0.0851626 0.293
0.0851626 0.294
0.0851626 0.295
0.0851626 0.296
0.0851626 0.297
0.0851626 0.298
0.0851626 0.299
0.0851626 0.3
0.0851626 0.301
0.0851626 0.302
0.0851626 0.303
0.0851626 0.304
0.0851626 0.305
0.0851626 0.306
0.0851626 0.307
0.0851626 0.308
0.0851626 0.309
0.0851626 0.31
0.0851626 0.311
0.0851626 0.312
0.0851626 0.313
0.0851626 0.314
0.0851626 0.315
0.0851626 0.316
0.0851626 0.317
0.0851626 0.318
0.0851626 0.319
0.0851626 0.32
0.0851626 0.321
0.0851626 0.322
0.0851626 0.323
0.0851626 0.324
0.0851626 0.325
0.0851626 0.326
0.0851626 0.327
0.0851626 0.328
0.0851626 0.329
0.0851626 0.33
0.0851626 0.331
0.0851626 0.332
0.0851626 0.333
0.0851626 0.334
0.0851626 0.335
0.0851626 0.336
0.0851626 0.337
0.0851626 0.338
0.0851626 0.339
0.0851626 0.34
0.0851626 0.341
0.0851626 0.342
0.0851626 0.343
0.0851626 0.344
0.0851626 0.345
0.0851626 0.346
0.0851626 0.347
0.0851626 0.348
0.0851626 0.349
0.0851626 0.35
0.0851626 0.351
0.0851626 0.352
0.0851626 0.353
0.0851626 0.354
0.0851626 0.355
0.0851626 0.356
0.0851626 0.357
0.0851626 0.358
0.0851626 0.359
0.0851626 0.36
0.0851626 0.361
0.0851626 0.362
0.0851626 0.363
0.0851626 0.364
0.0851626 0.365
0.0851626 0.366
0.0851626 0.367
0.0851626 0.368
0.0851626 0.369
0.0851626 0.37
0.0851626 0.371
0.0851626 0.372
0.0851626 0.373
0.0851626 0.374
0.0851626 0.375
0.0851626 0.376
0.0851626 0.377
0.0851626 0.378
0.0851626 0.379
0.0851626 0.38
0.0851626 0.381
0.0851626 0.382
0.0851626 0.383
0.0851626 0.384
0.0851626 0.385
0.0851626 0.386
0.0851626 0.387
0.0851626 0.388
0.0851626 0.389
0.0851626 0.39
0.0851626 0.391
0.0851626 0.392
0.0851626 0.393
0.0851626 0.394
0.0851626 0.395
0.0851626 0.396
0.0851626 0.397
0.0851626 0.398
0.0851626 0.399
0.0851626 0.4
0.0851626 0.401
0.0851626 0.402
0.0851626 0.403
0.0851626 0.404
0.0851626 0.405
0.0851626 0.406
0.0851626 0.407
0.0851626 0.408
0.0851626 0.409
0.0851626 0.41
0.0851626 0.411
0.0851626 0.412
0.0851626 0.413
0.0851626 0.414
0.0851626 0.415
0.0851626 0.416
0.0851626 0.417
0.0851626 0.418
0.0851626 0.419
0.0851626 0.42
0.0851626 0.421
0.0851626 0.422
0.0851626 0.423
0.0851626 0.424
0.0851626 0.425
0.0851626 0.426
0.0851626 0.427
0.0851626 0.428
0.0851626 0.429
0.0851626 0.43
0.0851626 0.431
0.0851626 0.432
0.0851626 0.433
0.0851626 0.434
0.0851626 0.435
0.0851626 0.436
0.0851626 0.437
0.0851626 0.438
0.0851626 0.439
0.0851626 0.44
0.0851626 0.441
0.0851626 0.442
0.0851626 0.443
0.0851626 0.444
0.0851626 0.445
0.0851626 0.446
0.0851626 0.447
0.0851626 0.448
0.0851626 0.449
0.0851626 0.45
0.0851626 0.451
0.0851626 0.452
0.0851626 0.453
0.0851626 0.454
0.0851626 0.455
0.0851626 0.456
0.0851626 0.457
0.0851626 0.458
0.0851626 0.459
0.0851626 0.46
0.0851626 0.461
0.0851626 0.462
0.0851626 0.463
0.0851626 0.464
0.0851626 0.465
0.0851626 0.466
0.0851626 0.467
0.0851626 0.468
0.0851626 0.469
0.0851626 0.47
0.0851626 0.471
0.0851626 0.472
0.0851626 0.473
0.0851626 0.474
0.0851626 0.475
0.0851626 0.476
0.0851626 0.477
0.0851626 0.478
0.0851626 0.479
0.0851626 0.48
0.0851626 0.481
0.0851626 0.482
0.0851626 0.483
0.0851626 0.484
0.0851626 0.485
0.0851626 0.486
0.0851626 0.487
0.0851626 0.488
0.0851626 0.489
0.0851626 0.49
0.0851626 0.491
0.0851626 0.492
0.0851626 0.493
0.0851626 0.494
0.0851626 0.495
0.0851626 0.496
0.0851626 0.497
0.0851626 0.498
0.0851626 0.499
0.0851626 0.5
0.0851626 0.501
0.0851626 0.502
0.0851626 0.503
0.0851626 0.504
0.0851626 0.505
0.0851626 0.506
0.0851626 0.507
0.0851626 0.508
0.0851626 0.509
0.0851626 0.51
0.0851626 0.511
0.0851626 0.512
0.0851626 0.513
0.0851626 0.514
0.0851626 0.515
0.0851626 0.516
0.0851626 0.517
0.0851626 0.518
0.0851626 0.519
0.0851626 0.52
0.0851626 0.521
0.0851626 0.522
0.0851626 0.523
0.0851626 0.524
0.0851626 0.525
0.0851626 0.526
0.0851626 0.527
0.0851626 0.528
0.0851626 0.529
0.0851626 0.53
0.0851626 0.531
0.0851626 0.532
0.0851626 0.533
0.0851626 0.534
0.0851626 0.535
0.0851626 0.536
0.0851626 0.537
0.0851626 0.538
0.0851626 0.539
0.0851626 0.54
0.0851626 0.541
0.0851626 0.542
0.0851626 0.543
0.0851626 0.544
0.0851626 0.545
0.0851626 0.546
0.0851626 0.547
0.0851626 0.548
0.0851626 0.549
0.0851626 0.55
0.0851626 0.551
0.0851626 0.552
0.0851626 0.553
0.0851626 0.554
0.0851626 0.555
0.0851626 0.556
0.0851626 0.557
0.0851626 0.558
0.0851626 0.559
0.0851626 0.56
0.0851626 0.561
0.0851626 0.562
0.0851626 0.563
0.0851626 0.564
0.0851626 0.565
0.0851626 0.566
0.0851626 0.567
0.0851626 0.568
0.0851626 0.569
0.0851626 0.57
0.0851626 0.571
0.0851626 0.572
0.0851626 0.573
0.0851626 0.574
0.0851626 0.575
0.0851626 0.576
0.0851626 0.577
0.0851626 0.578
0.0851626 0.579
0.0851626 0.58
0.0851626 0.581
0.0851626 0.582
0.0851626 0.583
0.0851626 0.584
0.0851626 0.585
0.0851626 0.586
0.0851626 0.587
0.0851626 0.588
0.0851626 0.589
0.0851626 0.59
0.0851626 0.591
0.0851626 0.592
0.0851626 0.593
0.0851626 0.594
0.0851626 0.595
0.0851626 0.596
0.0851626 0.597
0.0851626 0.598
0.0851626 0.599
0.0851626 0.6
0.0851626 0.601
0.0851626 0.602
0.0851626 0.603
0.0851626 0.604
0.0851626 0.605
0.0851626 0.606
0.0851626 0.607
0.0851626 0.608
0.0851626 0.609
0.0851626 0.61
0.0851626 0.611
0.0851626 0.612
0.0851626 0.613
0.0851626 0.614
0.0851626 0.615
0.0851626 0.616
0.0851626 0.617
0.0851626 0.618
0.0851626 0.619
0.0851626 0.62
0.0851626 0.621
0.0851626 0.622
0.0851626 0.623
0.0851626 0.624
0.0851626 0.625
0.0851626 0.626
0.0851626 0.627
0.0851626 0.628
0.0851626 0.629
0.0851626 0.63
0.0851626 0.631
0.0851626 0.632
0.0851626 0.633
0.0851626 0.634
0.0851626 0.635
0.0851626 0.636
0.0851626 0.637
0.0851626 0.638
0.0851626 0.639
0.0851626 0.64
0.0851626 0.641
0.0851626 0.642
0.0851626 0.643
0.0851626 0.644
0.0851626 0.645
0.0851626 0.646
0.0851626 0.647
0.0851626 0.648
0.0851626 0.649
0.0851626 0.65
0.0851626 0.651
0.0851626 0.652
0.0851626 0.653
0.0851626 0.654
0.0851626 0.655
0.0851626 0.656
0.0851626 0.657
0.0851626 0.658
0.0851626 0.659
0.0851626 0.66
0.0851626 0.661
0.0851626 0.662
0.0851626 0.663
0.0851626 0.664
0.0851626 0.665
0.0851626 0.666
0.0851626 0.667
0.0851626 0.668
0.0851626 0.669
0.0851626 0.67
0.0851626 0.671
0.0851626 0.672
0.0851626 0.673
0.0851626 0.674
0.0851626 0.675
0.0851626 0.676
0.0851626 0.677
0.0851626 0.678
0.0851626 0.679
0.0851626 0.68
0.0851626 0.681
0.0851626 0.682
0.0851626 0.683
0.0851626 0.684
0.0851626 0.685
0.0851626 0.686
0.0851626 0.687
0.0851626 0.688
0.0851626 0.689
0.0851626 0.69
0.0851626 0.691
0.0851626 0.692
0.0851626 0.693
0.0851626 0.694
0.0851626 0.695
0.0851626 0.696
0.0851626 0.697
0.0851626 0.698
0.0851626 0.699
0.0851626 0.7
0.0851626 0.701
0.0851626 0.702
0.0851626 0.703
0.0851626 0.704
0.0851626 0.705
0.0851626 0.706
0.0851626 0.707
0.0851626 0.708
0.0851626 0.709
0.0851626 0.71
0.0851626 0.711
0.0851626 0.712
0.0851626 0.713
0.0851626 0.714
0.0851626 0.715
0.0851626 0.716
0.0851626 0.717
0.0851626 0.718
0.0851626 0.719
0.0851626 0.72
0.0851626 0.721
0.0851626 0.722
0.0851626 0.723
0.0851626 0.724
0.0851626 0.725
0.0851626 0.726
0.0851626 0.727
0.0851626 0.728
0.0851626 0.729
0.0851626 0.73
0.0851626 0.731
0.0851626 0.732
0.0851626 0.733
0.0851626 0.734
0.0851626 0.735
0.0851626 0.736
0.0851626 0.737
0.0851626 0.738
0.0851626 0.739
0.0851626 0.74
0.0851626 0.741
0.0851626 0.742
0.0851626 0.743
0.0851626 0.744
0.0851626 0.745
0.0851626 0.746
0.0851626 0.747
0.0851626 0.748
0.0851626 0.749
0.0851626 0.75
0.0851626 0.751
0.0851626 0.752
0.0851626 0.753
0.0851626 0.754
0.0851626 0.755
0.0851626 0.756
0.0851626 0.757
0.0851626 0.758
0.0851626 0.759
0.0851626 0.76
0.0851626 0.761
0.0851626 0.762
0.0851626 0.763
0.0851626 0.764
0.0851626 0.765
0.0851626 0.766
0.0851626 0.767
0.0851626 0.768
0.0851626 0.769
0.0851626 0.77
0.0851626 0.771
0.0851626 0.772
0.0851626 0.773
0.0851626 0.774
0.0851626 0.775
0.0851626 0.776
0.0851626 0.777
0.0851626 0.778
0.0851626 0.779
0.0851626 0.78
0.0851626 0.781
0.0851626 0.782
0.0851626 0.783
0.0851626 0.784
0.0851626 0.785
0.0851626 0.786
0.0851626 0.787
0.0851626 0.788
0.0851626 0.789
0.0851626 0.79
0.0851626 0.791
0.0851626 0.792
0.0851626 0.793
0.0851626 0.794
0.0851626 0.795
0.0851626 0.796
0.0851626 0.797
0.0851626 0.798
0.0851626 0.799
0.0851626 0.8
0.0851626 0.801
0.0851626 0.802
0.0851626 0.803
0.0851626 0.804
0.0851626 0.805
0.0851626 0.806
0.0851626 0.807
0.0851626 0.808
0.0851626 0.809
0.0851626 0.81
0.0851626 0.811
0.0851626 0.812
0.0851626 0.813
0.0851626 0.814
0.0851626 0.815
0.0851626 0.816
0.0851626 0.817
0.0851626 0.818
0.0851626 0.819
0.0851626 0.82
0.0851626 0.821
0.0851626 0.822
0.0851626 0.823
0.0851626 0.824
0.0851626 0.825
0.0851626 0.826
0.0851626 0.827
0.0851626 0.828
0.0851626 0.829
0.0851626 0.83
0.0851626 0.831
0.0851626 0.832
0.0851626 0.833
0.0851626 0.834
0.0851626 0.835
0.0851626 0.836
0.0851626 0.837
0.0851626 0.838
0.0851626 0.839
0.0851626 0.84
0.0851626 0.841
0.0851626 0.842
0.0851626 0.843
0.0851626 0.844
0.0851626 0.845
0.0851626 0.846
0.0851626 0.847
0.0851626 0.848
0.0851626 0.849
0.0851626 0.85
0.0851626 0.851
0.0851626 0.852
0.0851626 0.853
0.0851626 0.854
0.0851626 0.855
0.0851626 0.856
0.0851626 0.857
0.0851626 0.858
0.0851626 0.859
0.0851626 0.86
0.0851626 0.861
0.0851626 0.862
0.0851626 0.863
0.0851626 0.864
0.0851626 0.865
0.0851626 0.866
0.0851626 0.867
0.0851626 0.868
0.0851626 0.869
0.0851626 0.87
0.0851626 0.871
0.0851626 0.872
0.0851626 0.873
0.0851626 0.874
0.0851626 0.875
0.0851626 0.876
0.0851626 0.877
0.0851626 0.878
0.0851626 0.879
0.0851626 0.88
0.0851626 0.881
0.0851626 0.882
0.0851626 0.883
0.0851626 0.884
0.0851626 0.885
0.0851626 0.886
0.0851626 0.887
0.0851626 0.888
0.0851626 0.889
0.0851626 0.89
0.0851626 0.891
0.0851626 0.892
0.0851626 0.893
0.0851626 0.894
0.0851626 0.895
0.0851626 0.896
0.0851626 0.897
0.0851626 0.898
0.0851626 0.899
0.0851626 0.9
0.0851626 0.901
0.0851626 0.902
0.0851626 0.903
0.0851626 0.904
0.0851626 0.905
0.0851626 0.906
0.0851626 0.907
0.0851626 0.908
0.0851626 0.909
0.0851626 0.91
0.0851626 0.911
0.0851626 0.912
0.0851626 0.913
0.0851626 0.914
0.0851626 0.915
0.0851626 0.916
0.0851626 0.917
0.0851626 0.918
0.0851626 0.919
0.0851626 0.92
0.0851626 0.921
0.0851626 0.922
0.0851626 0.923
0.0851626 0.924
0.0851626 0.925
0.0851626 0.926
0.0851626 0.927
0.0851626 0.928
0.0851626 0.929
0.0851626 0.93
0.0851626 0.931
0.0851626 0.932
0.0851626 0.933
0.0851626 0.934
0.0851626 0.935
0.0851626 0.936
0.0851626 0.937
0.0851626 0.938
0.0851626 0.939
0.0851626 0.94
0.0851626 0.941
0.0851626 0.942
0.0851626 0.943
0.0851626 0.944
0.0851626 0.945
0.0851626 0.946
0.0851626 0.947
0.0851626 0.948
0.0851626 0.949
0.0851626 0.95
0.0851626 0.951
0.0851626 0.952
0.0851626 0.953
0.0851626 0.954
0.0851626 0.955
0.0851626 0.956
0.0851626 0.957
0.0851626 0.958
0.0851626 0.959
0.0851626 0.96
0.0851626 0.961
0.0851626 0.962
0.0851626 0.963
0.0851626 0.964
0.0851626 0.965
0.0851626 0.966
0.0861626 0.967
0.0871626 0.968
0.0881627 0.969
0.0891627 0.97
0.0901627 0.971
0.0911627 0.972
0.0921628 0.973
0.0931628 0.974
0.0941628 0.975
0.0951628 0.976
0.0961629 0.977
0.0971629 0.978
0.0981629 0.979
0.099163 0.98
0.100163 0.981
0.101163 0.982
0.102163 0.983
0.103163 0.984
0.104163 0.985
0.105163 0.986
0.106163 0.987
0.107163 0.988
0.108163 0.989
0.109163 0.99
0.110163 0.991
0.111163 0.992
0.112163 0.993
0.113163 0.994
0.114163 0.995
0.115163 0.996
0.116163 0.997
0.117163 0.998
0.118163 0.999
0.117163 1


Shark
3.14159 1.5
3.13759 1.4995
3.13359 1.499
3.12959 1.4985
3.12559 1.498
3.12159 1.4975
3.11759 1.497
3.11359 1.4965
3.10959 1.496
3.10559 1.4955
3.10159 1.495
3.09759 1.4945
3.09359 1.494
3.08959 1.4935
3.08559 1.493
3.08159 1.4925
3.07759 1.492
3.07359 1.4915
3.06959 1.491
3.06559 1.4905
3.06159 1.49
3.05759 1.4895
3.05359 1.489
3.04959 1.4885
3.04559 1.488
3.04159 1.4875
3.03759 1.487
3.03359 1.4865
3.02959 1.486
3.02559 1.4855
3.02159 1.485
3.01759 1.4845
3.01359 1.484
3.00959 1.4835
3.00559 1.483
3.00159 1.4825
2.99759 1.482
2.99359 1.4815
2.98959 1.481
2.98559 1.4805
2.98159 1.48
2.97759 1.4795
2.97359 1.479
2.96959 1.4785
2.96559 1.478
2.96159 1.4775
2.95759 1.477
2.95359 1.4765
2.94959 1.476
2.94559 1.4755
2.94159 1.475
2.93759 1.4745
2.93359 1.474
2.92959 1.4735
2.92559 1.473
2.92159 1.4725
2.91759 1.472
2.91359 1.4715
2.90959 1.471
2.90559 1.4705
2.90159 1.47
2.89759 1.4695
2.89359 1.469
2.88959 1.4685
2.88559 1.468
2.88159 1.4675
2.87759 1.467
2.87359 1.4665
2.86959 1.466
2.86559 1.4655
2.86159 1.465
2.85759 1.4645
2.85359 1.464
2.84959 1.4635
2.84559 1.463
2.84159 1.4625
2.83759 1.462
2.83359 1.4615
2.82959 1.461
2.82559 1.4605
2.82159 1.46
2.81759 1.4595
2.81359 1.459
2.80959 1.4585
2.80559 1.458
2.80159 1.4575
2.79759 1.457
2.79359 1.4565
2.78959 1.456
2.78559 1.4555
2.78159 1.455
2.77759 1.4545
2.77359 1.454
2.76959 1.4535
2.76559 1.453
2.76159 1.4525
2.75759 1.452
2.75359 1.4515
2.74959 1.451
2.74559 1.4505
2.74159 1.45
2.73759 1.4495
2.73359 1.449
2.72959 1.4485
2.72559 1.448
2.72159 1.4475
2.71759 1.447
2.71359 1.4465
2.70959 1.446
2.70559 1.4455
2.70159 1.445
2.69759 1.4445
2.69359 1.444
2.68959 1.4435
2.68559 1.443
2.68159 1.4425
2.67759 1.442
2.67359 1.4415
2.66959 1.441
2.66559 1.4405
2.66159 1.44
2.65759 1.4395
2.65359 1.439
2.64959 1.4385
2.64559 1.438
2.64159 1.4375
2.63759 1.437
2.63359 1.4365
2.62959 1.436
2.62559 1.4355
2.62159 1.435
2.61759 1.4345
2.61359 1.434
2.60959 1.4335
2.60559 1.433
2.60159 1.4325
2.59759 1.432
2.59359 1.4315
2.58959 1.431
2.58559 1.4305
2.58159 1.43
2.57759 1.4295
2.57359 1.429
2.56959 1.4285
2.56559 1.428
2.56159 1.4275
2.55759 1.427
2.55359 1.4265
2.54959 1.426
2.54559 1.4255
2.54159 1.425
2.53759 1.4245
2.53359 1.424
2.52959 1.4235
2.52559 1.423
2.52159 1.4225
2.51759 1.422
2.51359 1.4215
2.50959 1.421
2.50559 1.4205
2.50159 1.42
2.49759 1.4195
2.49359 1.419
2.48959 1.4185
2.48559 1.418
2.48159 1.4175
2.47759 1.417
2.47359 1.4165
2.46959 1.416
2.46559 1.4155
2.46159 1.415
2.45759 1.4145
2.45359 1.414
2.44959 1.4135
2.44559 1.413
2.44159 1.4125
2.43759 1.412
2.43359 1.4115
2.42959 1.411
2.42559 1.4105
2.42159 1.41
2.41759 1.4095
2.41359 1.409
2.40959 1.4085
2.40559 1.408
2.40159 1.4075
2.39759 1.407
2.39359 1.4065
2.38959 1.406
2.38559 1.4055
2.38159 1.405
2.37759 1.4045
2.37359 1.404
2.36959 1.4035
2.36559 1.403
2.36159 1.4025
2.35759 1.402
2.95918 1.4015
3.26745 1.401
3.57728 1.4005
3.88867 1.4
3.89267 1.3995
3.89667 1.399
3.90067 1.3985
3.90467 1.398
3.90867 1.3975
3.91267 1.397
3.91667 1.3965
3.92067 1.396
3.92467 1.3955
3.92867 1.395
4.24548 1.3945
4.24948 1.394
4.25348 1.3935
4.25748 1.393
4.26148 1.3925
4.26548 1.392
4.26948 1.3915
4.27348 1.391
4.27748 1.3905
4.28148 1.39
4.28548 1.3895
4.28948 1.389
4.29348 1.3885
4.29748 1.388
4.30148 1.3875
4.30548 1.387
3.95196 1.3865
3.77352 1.386
3.5943 1.3855
3.45918 1.385
3.41375 1.3845
3.36812 1.384
3.34495 1.3835
3.32168 1.383
3.29831 1.3825
3.27485 1.382
3.25129 1.3815
3.22764 1.381
3.20388 1.3805
3.18003 1.38
3.15609 1.3795
3.13204 1.379
3.1079 1.3785
3.08366 1.378
3.05933 1.3775
3.03712 1.377
3.01712 1.3765
2.99882 1.376
2.98598 1.3755
2.97309 1.375
2.96016 1.3745
2.94719 1.374
2.93416 1.3735
2.93016 1.373
2.92616 1.3725
2.92216 1.372
2.91816 1.3715
2.91416 1.371
2.91016 1.3705
2.90616 1.37
2.90216 1.3695
2.89816 1.369
2.89416 1.3685
2.89016 1.368
2.88616 1.3675
2.88216 1.367
2.87816 1.3665
2.87416 1.366
2.87016 1.3655
2.86616 1.365
2.86216 1.3645
2.85816 1.364
2.85416 1.3635
2.85016 1.363
2.84616 1.3625
2.84216 1.362
2.83816 1.3615
2.83416 1.361
2.83016 1.3605
2.82616 1.36
2.82216 1.3595
2.81816 1.359
2.81416 1.3585
2.81016 1.358
2.80616 1.3575
2.80216 1.357
2.79816 1.3565
2.79416 1.356
2.79016 1.3555
2.78616 1.355
2.78216 1.3545
2.77816 1.354
2.77416 1.3535
2.77016 1.353
2.76616 1.3525
2.76216 1.352
2.75816 1.3515
2.75416 1.351
2.75016 1.3505
2.74616 1.35
2.74216 1.3495
2.73816 1.349
2.73416 1.3485
2.73016 1.348
2.72616 1.3475
2.72216 1.347
2.71816 1.3465
2.71416 1.346
2.71016 1.3455
2.70616 1.345
2.70216 1.3445
2.69816 1.344
2.69416 1.3435
2.69016 1.343
2.68616 1.3425
2.68216 1.342
2.67816 1.3415
2.67416 1.341
2.67016 1.3405
2.66616 1.34
2.66216 1.3395
2.65816 1.339
2.65416 1.3385
2.65016 1.338
2.64616 1.3375
2.64216 1.337
2.63816 1.3365
2.63416 1.336
2.63016 1.3355
2.62616 1.335
2.62216 1.3345
2.61816 1.334
2.61416 1.3335
2.61016 1.333
2.60616 1.3325
2.60216 1.332
2.59816 1.3315
2.59416 1.331
2.59016 1.3305
2.58616 1.33
2.58216 1.3295
2.57816 1.329
2.57416 1.3285
2.57016 1.328
2.56616 1.3275
2.56216 1.327
2.55816 1.3265
2.55416 1.326
2.55016 1.3255
2.54616 1.325
2.54216 1.3245
2.53816 1.324
2.53416 1.3235
2.53016 1.323
2.52616 1.3225
2.52216 1.322
2.51816 1.3215
2.51416 1.321
2.51016 1.3205
2.50616 1.32
2.50216 1.3195
2.49816 1.319
2.49416 1.3185
2.49016 1.318
2.48616 1.3175
2.48216 1.317
2.47816 1.3165
2.47416 1.316
2.47016 1.3155
2.46616 1.315
2.46216 1.3145
2.45816 1.314
2.45416 1.3135
2.45016 1.313
2.44616 1.3125
2.44216 1.312
2.43816 1.3115
2.43416 1.311
2.43016 1.3105
2.42616 1.31
2.42216 1.3095
2.41816 1.309
2.41416 1.3085
2.41016 1.308
2.40616 1.3075
2.40216 1.307
2.39816 1.3065
2.39416 1.306
2.39016 1.3055
2.38616 1.305
2.38216 1.3045
2.37816 1.304
2.37416 1.3035
2.37016 1.303
2.36616 1.3025
2.36216 1.302
2.35816 1.3015
2.35416 1.301
2.35016 1.3005
2.34616 1.3
2.34216 1.2995
2.33816 1.299
2.33416 1.2985
2.33016 1.298
2.32616 1.2975
2.32216 1.297
2.31816 1.2965
2.31416 1.296
2.31016 1.2955
2.30616 1.295
2.30216 1.2945
2.29816 1.294
2.29416 1.2935
2.29016 1.293
2.28616 1.2925
2.28216 1.292
2.27816 1.2915
2.27416 1.291
2.27016 1.2905
2.26616 1.29
2.26216 1.2895
2.25816 1.289
2.25416 1.2885
2.25016 1.288
2.24616 1.2875
2.24216 1.287
2.23816 1.2865
2.23416 1.286
2.23016 1.2855
2.22616 1.285
2.22216 1.2845
2.21816 1.284
2.21416 1.2835
2.21016 1.283
2.20616 1.2825
2.20216 1.282
2.19816 1.2815
2.19416 1.281
2.19016 1.2805
2.18616 1.28
2.18216 1.2795
2.17816 1.279
2.17416 1.2785
2.17016 1.278
2.16616 1.2775
2.16216 1.277
2.15816 1.2765
2.15416 1.276
2.15016 1.2755
2.14616 1.275
2.14216 1.2745
2.13816 1.274
2.13416 1.2735
2.13016 1.273
2.12616 1.2725
2.12216 1.272
2.11816 1.2715
2.11416 1.271
2.11016 1.2705
2.10616 1.27
2.10216 1.2695
2.09816 1.269
2.09416 1.2685
2.09016 1.268
2.08616 1.2675
2.08216 1.267
2.07816 1.2665
2.07416 1.266
2.07016 1.2655
2.06616 1.265
2.06216 1.2645
2.05816 1.264
2.05416 1.2635
2.05016 1.263
2.04616 1.2625
2.04216 1.262
2.03816 1.2615
2.03416 1.261
2.03016 1.2605
2.02616 1.26
2.02216 1.2595
2.01816 1.259
2.01416 1.2585
2.01016 1.258
2.00616 1.2575
2.00216 1.257
1.99816 1.2565
1.99416 1.256
1.99016 1.2555
1.98616 1.255
1.98216 1.2545
1.97816 1.254
1.97416 1.2535
1.97016 1.253
1.96616 1.2525
1.96216 1.252
1.95816 1.2515
1.95416 1.251
1.95016 1.2505
1.94616 1.25
1.94216 1.2495
1.93816 1.249
1.93416 1.2485
1.93016 1.248
1.92616 1.2475
1.92216 1.247
1.91816 1.2465
1.91416 1.246
1.91016 1.2455
1.90616 1.245
1.90216 1.2445
1.89816 1.244
1.89416 1.2435
1.89016 1.243
1.88616 1.2425
1.88216 1.242
1.87816 1.2415
1.87416 1.241
1.87016 1.2405
1.86616 1.24
1.86216 1.2395
1.85816 1.239
1.85416 1.2385
1.85016 1.238
1.84616 1.2375
1.84216 1.237
1.83816 1.2365
1.83416 1.236
1.83016 1.2355
1.82616 1.235
1.82216 1.2345
1.81816 1.234
1.81416 1.2335
1.81016 1.233
1.80616 1.2325
1.80216 1.232
1.79816 1.2315
1.79416 1.231
1.79016 1.2305
1.78616 1.23
1.78216 1.2295
1.77816 1.229
1.77416 1.2285
1.77016 1.228
1.76616 1.2275
1.76216 1.227
1.75816 1.2265
1.75416 1.226
1.75016 1.2255
1.74616 1.225
1.74216 1.2245
1.73816 1.224
1.73416 1.2235
1.73016 1.223
1.72616 1.2225
1.72216 1.222
1.71816 1.2215
1.71416 1.221
1.71016 1.2205
1.70616 1.22
1.70216 1.2195
1.69816 1.219
1.69416 1.2185
1.69016 1.218
1.68616 1.2175
1.68216 1.217
1.67816 1.2165
1.67416 1.216
1.67016 1.2155
1.66616 1.215
1.66216 1.2145
1.65816 1.214
1.65416 1.2135
1.65016 1.213
1.64616 1.2125
1.64216 1.212
1.63816 1.2115
1.63416 1.211
1.63016 1.2105
1.62616 1.21
1.62216 1.2095
1.61816 1.209
1.61416 1.2085
1.61016 1.208
1.60616 1.2075
1.60216 1.207
1.59816 1.2065
1.59416 1.206
1.59016 1.2055
1.58616 1.205
1.58216 1.2045
1.57816 1.204
1.57416 1.2035
1.57016 1.203
1.56616 1.2025
1.56216 1.202
1.55816 1.2015
1.55416 1.201
1.55016 1.2005
1.54616 1.2
1.54216 1.1995
1.53816 1.199
1.53416 1.1985
1.53016 1.198
1.52616 1.1975
1.52216 1.197
1.51816 1.1965
1.51416 1.196
1.51016 1.1955
1.50616 1.195
1.50216 1.1945
1.49816 1.194
1.49416 1.1935
1.49016 1.193
1.48616 1.1925
1.48216 1.192
1.47816 1.1915
1.47416 1.191
1.47016 1.1905
1.46616 1.19
1.46216 1.1895
1.45816 1.189
1.45416 1.1885
1.45016 1.188
1.44616 1.1875
1.44216 1.187
1.43816 1.1865
1.43416 1.186
1.43016 1.1855
1.42616 1.185
1.42216 1.1845
1.41816 1.184
1.41416 1.1835
1.41016 1.183
1.40616 1.1825
1.40216 1.182
1.39816 1.1815
1.39416 1.181
1.39016 1.1805
1.38616 1.18
1.38216 1.1795
1.37816 1.179
1.37416 1.1785
1.37016 1.178
1.36616 1.1775
1.36216 1.177
1.35816 1.1765
1.35416 1.176
1.35016 1.1755
1.34616 1.175
1.34216 1.1745
1.33816 1.174
1.33416 1.1735
1.33016 1.173
1.32616 1.1725
1.32216 1.172
1.31816 1.1715
1.31416 1.171
1.31016 1.1705
1.30616 1.17
1.30216 1.1695
1.29816 1.169
1.29416 1.1685
1.29016 1.168
1.28616 1.1675
1.28216 1.167
1.27816 1.1665
1.27416 1.166
1.27016 1.1655
1.26616 1.165
1.26216 1.1645
1.25816 1.164
1.25416 1.1635
1.25016 1.163
1.24616 1.1625
1.24216 1.162
1.23816 1.1615
1.23416 1.161
1.23016 1.1605
1.22616 1.16
1.22216 1.1595
1.21816 1.159
1.21416 1.1585
1.21016 1.158
1.20616 1.1575
1.20216 1.157
1.19816 1.1565
1.19416 1.156
1.19016 1.1555
1.18616 1.155
1.18216 1.1545
1.17816 1.154
1.17416 1.1535
1.17016 1.153
1.16616 1.1525
1.16216 1.152
1.15816 1.1515
1.15416 1.151
1.15016 1.1505
1.14616 1.15
1.14216 1.1495
1.13816 1.149
1.13416 1.1485
1.13016 1.148
1.12616 1.1475
1.12216 1.147
1.11816 1.1465
1.11416 1.146
1.11016 1.1455
1.10616 1.145
1.10216 1.1445
1.09816 1.144
1.09416 1.1435
1.09016 1.143
1.08616 1.1425
1.08216 1.142
1.07816 1.1415
1.07416 1.141
1.07016 1.1405
1.06616 1.14
1.06216 1.1395
1.05816 1.139
1.05416 1.1385
1.05016 1.138
1.04616 1.1375
1.04216 1.137
1.03816 1.1365
1.03416 1.136
1.03016 1.1355
1.02616 1.135
1.02216 1.1345
1.01816 1.134
1.01416 1.1335
1.01016 1.133
1.00616 1.1325
1.00216 1.132
0.998163 1.1315
0.994163 1.131
0.990163 1.1305
0.986163 1.13
0.982163 1.1295
0.978163 1.129
0.974163 1.1285
0.970163 1.128
0.966163 1.1275
0.962163 1.127
0.958163 1.1265
0.954163 1.126
0.950163 1.1255
0.946163 1.125
0.942163 1.1245
0.938163 1.124
0.934163 1.1235
0.930163 1.123
0.926163 1.1225
0.922163 1.122
0.918163 1.1215
0.914163 1.121
0.910163 1.1205
0.906163 1.12
0.902163 1.1195
0.898163 1.119
0.894163 1.1185
0.890163 1.118
0.886163 1.1175
0.882163 1.117
0.878163 1.1165
0.874163 1.116
0.870163 1.1155
0.866163 1.115
0.862163 1.1145
0.858163 1.114
0.854163 1.1135
0.850163 1.113
0.846163 1.1125
0.842163 1.112
0.838163 1.1115
0.834163 1.111
0.830163 1.1105
0.826163 1.11
0.822163 1.1095
0.818163 1.109
0.814163 1.1085
0.810163 1.108
0.806163 1.1075
0.802163 1.107
0.798163 1.1065
0.794163 1.106
0.790163 1.1055
0.786163 1.105
0.782163 1.1045
0.778163 1.104
0.774163 1.1035
0.770163 1.103
0.766163 1.1025
0.762163 1.102
0.758163 1.1015
0.754163 1.101
0.750163 1.1005
0.746163 1.1
0.742163 1.0995
0.738163 1.099
0.734163 1.0985
0.730163 1.098
0.726163 1.0975
0.722163 1.097
0.718163 1.0965
0.714163 1.096
0.710163 1.0955
0.706163 1.095
0.702163 1.0945
0.698163 1.094
0.694163 1.0935
0.690163 1.093
0.686163 1.0925
0.682163 1.092
0.678163 1.0915
0.674163 1.091
0.670163 1.0905
0.666163 1.09
0.662163 1.0895
0.658163 1.089
0.654163 1.0885
0.650163 1.088
0.646163 1.0875
0.642163 1.087
0.638163 1.0865
0.634163 1.086
0.630163 1.0855
0.626163 1.085
0.622163 1.0845
0.618163 1.084
0.614163 1.0835
0.610163 1.083
0.606163 1.0825
0.602163 1.082
0.598163 1.0815
0.594163 1.081
0.590163 1.0805
0.586163 1.08
0.582163 1.0795
0.578163 1.079
0.574163 1.0785
0.570163 1.078
0.566163 1.0775
0.562163 1.077
0.558163 1.0765
0.554163 1.076
0.550163 1.0755
0.546163 1.075
0.542163 1.0745
0.538163 1.074
0.534163 1.0735
0.530163 1.073
0.526163 1.0725
0.522163 1.072
0.518163 1.0715
0.514163 1.071
0.510163 1.0705
0.506163 1.07
0.502163 1.0695
0.498163 1.069
0.494163 1.0685
0.490163 1.068
0.486163 1.0675
0.482163 1.067
0.478163 1.0665
0.474163 1.066
0.470163 1.0655
0.466163 1.065
0.462163 1.0645
0.458163 1.064
0.454163 1.0635
0.450163 1.063
0.446163 1.0625
0.442163 1.062
0.438163 1.0615
0.434163 1.061
0.430163 1.0605
0.426163 1.06
0.422163 1.0595
0.418163 1.059
0.414163 1.0585
0.410163 1.058
0.406163 1.0575
0.402163 1.057
0.398163 1.0565
0.394163 1.056
0.390163 1.0555
0.386163 1.055
0.382163 1.0545
0.378163 1.054
0.374163 1.0535
0.370163 1.053
0.366163 1.0525
0.362163 1.052
0.358163 1.0515
0.354163 1.051
0.350163 1.0505
0.346163 1.05
0.342163 1.0495
0.338163 1.049
0.334163 1.0485
0.330163 1.048
0.326163 1.0475
0.322163 1.047
0.318163 1.0465
0.314163 1.046
0.310163 1.0455
0.306163 1.045
0.302163 1.0445
0.298163 1.044
0.294163 1.0435
0.290163 1.043
0.286163 1.0425
0.282163 1.042
0.278163 1.0415
0.274163 1.041
0.270163 1.0405
0.266163 1.04
0.262163 1.0395
0.258163 1.039
0.254163 1.0385
0.250163 1.038
0.246163 1.0375
0.242163 1.037
0.238163 1.0365
0.234163 1.036
0.230163 1.0355
0.226163 1.035
0.222163 1.0345
0.218163 1.034
0.214163 1.0335
0.210163 1.033
0.206163 1.0325
0.202163 1.032
0.198163 1.0315
0.194163 1.031
0.190163 1.0305
0.186163 1.03
0.182163 1.0295
0.178163 1.029
0.174163 1.0285
0.170163 1.028
0.166163 1.0275
0.162163 1.027
0.158163 1.0265
0.154163 1.026
0.150163 1.0255
0.146163 1.025
0.142163 1.0245
0.138163 1.024
0.134163 1.0235
0.130163 1.023
0.126163 1.0225
0.122163 1.022
0.118163 1.0215
0.114163 1.021
0.110163 1.0205
0.106163 1.02
0.102163 1.0195
0.0981626 1.019
0.0941626 1.0185
0.0901626 1.018
0.0861626 1.0175
0.0851626 1.017
0.0861626 1.0165
0.0871626 1.016
0.0881627 1.0155
0.0891627 1.015
0.0901627 1.0145
0.0911627 1.014
0.0921628 1.0135
0.0931628 1.013
0.0941628 1.0125
0.0951628 1.012
0.0961629 1.0115
0.0971629 1.011
0.0981629 1.0105
0.099163 1.01
0.100163 1.0095
0.101163 1.009
0.102163 1.0085
0.103163 1.008
0.104163 1.0075
0.105163 1.007
0.106163 1.0065
0.107163 1.006
0.108163 1.0055
0.109163 1.005
0.110163 1.0045
0.111163 1.004
0.112163 1.0035
0.113163 1.003
0.114163 1.0025
0.115163 1.002
0.116163 1.0015
0.117163 1.001
0.118163 1.0005
0.117163 1
