Man
0 0
0 0.001
0 0.002
0 0.003
0 0.004
0 0.005
0 0.006
0 0.007
0 0.008
0 0.009
0 0.01
0 0.011
0 0.012
0 0.013
0 0.014
0 0.015
0 0.016
0 0.017
0 0.018
0 0.019
0 0.02
0 0.021
0 0.022
0 0.023
0 0.024
0 0.025
0 0.026
0 0.027
0 0.028
0 0.029
0 0.03
0 0.031
0 0.032
0 0.033
0 0.034
0 0.035
0 0.036
0 0.037
0 0.038
0 0.039
0 0.04
0 0.041
0 0.042
0 0.043
0 0.044
0 0.045
0 0.046
0 0.047
0 0.048
0 0.049
0 0.05
0 0.051
0 0.052
0 0.053
0 0.054
0 0.055
0 0.056
0 0.057
0 0.058
0 0.059
0 0.06
0 0.061
0 0.062
0 0.063
0 0.064
0 0.065
0 0.066
0 0.067
0 0.068
0 0.069
0 0.07
0 0.071
0 0.072
0 0.073
0 0.074
0 0.075
0 0.076
0 0.077
0 0.078
0 0.079
0 0.08
0 0.081
0 0.082
0 0.083
0 0.084
0 0.085
0 0.086
0 0.087
0 0.088
0 0.089
0 0.09
0 0.091
0 0.092
0 0.093
0 0.094
0 0.095
0 0.096
0 0.097
0 0.098
0 0.099
0 0.1
0 0.101
-0.392699 0.102
-0.392699 0.103
-0.392699 0.104
-0.392699 0.105
-0.392699 0.106
-0.392699 0.107
-0.392699 0.108
-0.392699 0.109
-0.392699 0.11
-0.392699 0.111
-0.392699 0.112
-0.392699 0.113
-0.589049 0.114
-0.589049 0.115
-0.589049 0.116
-0.589049 0.117
-0.687223 0.118
-0.687223 0.119
-0.687223 0.12
-0.687223 0.121
-0.687223 0.122
-0.687223 0.123
-0.687223 0.124
-0.687223 0.125
-0.687223 0.126
-0.687223 0.127
-0.687223 0.128
-0.687223 0.129
-0.687223 0.13
-0.687223 0.131
-0.736311 0.132
-0.785398 0.133
-0.834486 0.134
-0.834486 0.135
-0.834486 0.136
-0.834486 0.137
-0.834486 0.138
-0.834486 0.139
-0.883573 0.14
-0.859029 0.141
-0.859029 0.142
-0.859029 0.143
-0.834486 0.144
-0.834486 0.145
-0.834486 0.146
-0.809942 0.147
-0.809942 0.148
-0.809942 0.149
-0.834486 0.15
-0.834486 0.151
-0.834486 0.152
-0.809942 0.153
-0.809942 0.154
-0.809942 0.155
-0.834486 0.156
-0.822214 0.157
-0.809942 0.158
-0.809942 0.159
-0.816078 0.16
-0.822214 0.161
-0.82835 0.162
-0.834486 0.163
-0.840621 0.164
-0.846757 0.165
-0.852893 0.166
-0.859029 0.167
-0.865165 0.168
-0.871301 0.169
-0.877437 0.17
-0.883573 0.171
-0.877437 0.172
-0.883573 0.173
-0.877437 0.174
-0.883573 0.175
-0.877437 0.176
-0.883573 0.177
-0.877437 0.178
-0.883573 0.179
-0.877437 0.18
-0.883573 0.181
-0.877437 0.182
-0.883573 0.183
-0.877437 0.184
-0.883573 0.185
-0.889709 0.186
-0.883573 0.187
-0.877437 0.188
-0.883476 0.189
-0.889611 0.19
-0.883856 0.191
-0.877726 0.192
-0.883368 0.193
-0.889498 0.194
-0.888342 0.195
-0.888342 0.196
-0.888342 0.197
-0.888342 0.198
-0.888342 0.199
-0.888342 0.2
-0.888342 0.201
-0.888342 0.202
-0.888342 0.203
-0.888342 0.204
-0.888342 0.205
-0.888342 0.206
-0.888342 0.207
-0.888342 0.208
-0.888342 0.209
-0.888342 0.21
-0.888342 0.211
-0.888342 0.212
-0.888342 0.213
-0.888342 0.214
-0.888342 0.215
-0.888342 0.216
-0.888342 0.217
-0.888342 0.218
-0.888342 0.219
-0.888342 0.22
-0.888342 0.221
-0.888342 0.222
-0.888342 0.223
-0.888342 0.224
-0.888342 0.225
-0.888342 0.226
-0.888342 0.227
-0.888342 0.228
-0.888342 0.229
-0.888342 0.23
-0.888342 0.231
-0.888342 0.232
-0.888342 0.233
-0.888342 0.234
-0.888342 0.235
-0.888342 0.236
-0.888342 0.237
-0.888342 0.238
-0.888342 0.239
-0.888342 0.24
-0.888342 0.241
-0.888342 0.242
-0.888342 0.243
-0.888342 0.244
-0.888342 0.245
-0.888342 0.246
-0.888342 0.247
-0.888342 0.248
-0.888342 0.249
-0.888342 0.25
-0.888342 0.251
-0.888342 0.252
-0.888342 0.253
-0.888342 0.254
-0.888342 0.255
-0.888342 0.256
-0.888342 0.257
-0.888342 0.258
-0.888342 0.259
-0.888342 0.26
-0.888342 0.261
-0.888342 0.262
-0.888342 0.263
-0.888342 0.264
-0.888342 0.265
-0.888342 0.266
-0.888342 0.267
-0.888342 0.268
-0.888342 0.269
-0.888342 0.27
-0.888342 0.271
-0.888342 0.272
-0.888342 0.273
-0.888342 0.274
-0.888342 0.275
-0.888342 0.276
-0.888342 0.277
-0.888342 0.278
-0.888342 0.279
-0.888342 0.28
-0.888342 0.281
-0.888342 0.282
-0.888342 0.283
-0.888342 0.284
-0.888342 0.285
-0.888342 0.286
-0.888342 0.287
-0.888342 0.288
-0.888342 0.289
-0.888342 0.29
-0.888342 0.291
-0.888342 0.292
-0.888342 0.293
-0.888342 0.294
-0.888342 0.295
-0.888342 0.296
-0.888342 0.297
-0.888342 0.298
-0.888342 0.299
-0.888342 0.3
-0.888342 0.301
-0.888342 0.302
-0.888342 0.303
-0.888342 0.304
-0.888342 0.305
-0.888342 0.306
-0.888342 0.307
-0.888342 0.308
-0.888342 0.309
-0.888342 0.31
-0.888342 0.311
-0.888342 0.312
-0.888342 0.313
-0.888342 0.314
-0.888342 0.315
-0.888342 0.316
-0.888342 0.317
-0.888342 0.318
-0.888342 0.319
-0.888342 0.32
-0.888342 0.321
-0.888342 0.322
-0.888342 0.323
-0.888342 0.324
-0.888342 0.325
-0.888342 0.326
-0.888342 0.327
-0.888342 0.328
-0.888342 0.329
-0.888342 0.33
-0.888342 0.331
-0.888342 0.332
-0.888342 0.333
-0.888342 0.334
-0.888342 0.335
-0.888342 0.336
-0.888342 0.337
-0.888342 0.338
-0.888342 0.339
-0.888342 0.34
-0.888342 0.341
-0.888342 0.342
-0.888342 0.343
-0.888342 0.344
-0.888342 0.345
-0.888342 0.346
-0.888342 0.347
-0.888342 0.348
-0.888342 0.349
-0.888342 0.35
-0.888342 0.351
-0.888342 0.352
-0.888342 0.353
-0.888342 0.354
-0.888342 0.355
-0.888342 0.356
-0.888342 0.357
-0.888342 0.358
-0.888342 0.359
-0.888342 0.36
-0.888342 0.361
-0.888342 0.362
-0.888342 0.363
-0.888342 0.364
-0.888342 0.365
-0.888342 0.366
-0.888342 0.367
-0.888342 0.368
-0.888342 0.369
-0.888342 0.37
-0.888342 0.371
-0.888342 0.372
-0.888342 0.373
-0.888342 0.374
-0.888342 0.375
-0.888342 0.376
-0.888342 0.377
-0.888342 0.378
-0.888342 0.379
-0.888342 0.38
-0.888342 0.381
-0.888342 0.382
-0.888342 0.383
-0.888342 0.384
-0.888342 0.385
-0.888342 0.386
-0.888342 0.387
-0.888342 0.388
-0.888342 0.389
-0.888342 0.39
-0.888342 0.391
-0.888342 0.392
-0.888342 0.393
-0.888342 0.394
-0.888342 0.395
-0.888342 0.396
-0.888342 0.397
-0.888342 0.398
-0.888342 0.399
-0.888342 0.4
-0.888342 0.401
-0.888342 0.402
-0.888342 0.403
-0.888342 0.404
-0.888342 0.405
-0.888342 0.406
-0.888342 0.407
-0.888342 0.408
-0.888342 0.409
-0.888342 0.41
-0.888342 0.411
-0.888342 0.412
-0.888342 0.413
-0.888342 0.414
-0.888342 0.415
-0.888342 0.416
-0.888342 0.417
-0.888342 0.418
-0.888342 0.419
-0.888342 0.42
-0.888342 0.421
-0.888342 0.422
-0.888342 0.423
-0.888342 0.424
-0.888342 0.425
-0.888342 0.426
-0.888342 0.427
-0.888342 0.428
-0.888342 0.429
-0.888342 0.43
-0.888342 0.431
-0.888342 0.432
-0.888342 0.433
-0.888342 0.434
-0.888342 0.435
-0.888342 0.436
-0.888342 0.437
-0.888342 0.438
-0.888342 0.439
-0.888342 0.44
-0.888342 0.441
-0.888342 0.442
-0.888342 0.443
-0.888342 0.444
-0.888342 0.445
-0.888342 0.446
-0.888342 0.447
-0.888342 0.448
-0.888342 0.449
-0.888342 0.45
-0.888342 0.451
-0.888342 0.452
-0.888342 0.453
-0.888342 0.454
-0.888342 0.455
-0.888342 0.456
-0.888342 0.457
-0.888342 0.458
-0.888342 0.459
-0.888342 0.46
-0.888342 0.461
-0.888342 0.462
-0.888342 0.463
-0.888342 0.464
-0.888342 0.465
-0.888342 0.466
-0.888342 0.467
-0.888342 0.468
-0.888342 0.469
-0.888342 0.47
-0.888342 0.471
-0.888342 0.472
-0.888342 0.473
-0.888342 0.474
-0.888342 0.475
-0.888342 0.476
-0.888342 0.477
-0.888342 0.478
-0.888342 0.479
-0.888342 0.48
-0.888342 0.481
-0.888342 0.482
-0.888342 0.483
-0.888342 0.484
-0.888342 0.485
-0.888342 0.486
-0.888342 0.487
-0.888342 0.488
-0.888342 0.489
-0.888342 0.49
-0.888342 0.491
-0.888342 0.492
-0.888342 0.493
-0.888342 0.494
-0.888342 0.495
-0.888342 0.496
-0.888342 0.497
-0.888342 0.498
-0.888342 0.499
-0.888342 0.5
-0.888342 0.501
-0.888342 0.502
-0.888342 0.503
-0.888342 0.504
-0.888342 0.505
-0.888342 0.506
-0.888342 0.507
-0.888342 0.508
-0.888342 0.509
-0.888342 0.51
-0.888342 0.511
-0.888342 0.512
-0.888342 0.513
-0.888342 0.514
-0.888342 0.515
-0.888342 0.516
-0.888342 0.517
-0.888342 0.518
-0.888342 0.519
-0.888342 0.52
-0.888342 0.521
-0.888342 0.522
-0.888342 0.523
-0.888342 0.524
-0.888342 0.525
-0.888342 0.526
-0.888342 0.527
-0.888342 0.528
-0.888342 0.529
-0.888342 0.53
-0.888342 0.531
-0.888342 0.532
-0.888342 0.533
-0.888342 0.534
-0.888342 0.535
-0.888342 0.536
-0.888342 0.537
-0.888342 0.538
-0.888342 0.539
-0.888342 0.54
-0.888342 0.541
-0.888342 0.542
-0.888342 0.543
-0.888342 0.544
-0.888342 0.545
-0.888342 0.546
-0.888342 0.547
-0.888342 0.548
-0.888342 0.549
-0.888342 0.55
-0.888342 0.551
-0.888342 0.552
-0.888342 0.553
-0.888342 0.554
-0.888342 0.555
-0.888342 0.556
-0.888342 0.557
-0.888342 0.558
-0.888342 0.559
-0.888342 0.56
-0.888342 0.561
-0.888342 0.562
-0.888342 0.563
-0.888342 0.564
-0.888342 0.565
-0.888342 0.566
-0.888342 0.567
-0.888342 0.568
-0.888342 0.569
-0.888342 0.57
-0.888342 0.571
-0.888342 0.572
-0.888342 0.573
-0.888342 0.574
-0.888342 0.575
-0.888342 0.576
-0.888342 0.577
-0.888342 0.578
-0.888342 0.579
-0.888342 0.58
-0.888342 0.581
-0.888342 0.582
-0.888342 0.583
-0.888342 0.584
-0.888342 0.585
-0.888342 0.586
-0.888342 0.587
-0.888342 0.588
-0.888342 0.589
-0.888342 0.59
-0.888342 0.591
-0.888342 0.592
-0.888342 0.593
-0.888342 0.594
-0.888342 0.595
-0.888342 0.596
-0.888342 0.597
-0.888342 0.598
-0.888342 0.599
-0.888342 0.6
-0.888342 0.601
-0.888342 0.602
-0.888342 0.603
-0.888342 0.604
-0.888342 0.605
-0.888342 0.606
-0.888342 0.607
-0.888342 0.608
-0.888342 0.609
-0.888342 0.61
-0.888342 0.611
-0.888342 0.612
-0.888342 0.613
-0.888342 0.614
-0.888342 0.615
-0.888342 0.616
-0.888342 0.617
-0.888342 0.618
-0.888342 0.619
-0.888342 0.62
-0.888342 0.621
-0.888342 0.622
-0.888342 0.623
-0.888342 0.624
-0.888342 0.625
-0.888342 0.626
-0.888342 0.627
-0.888342 0.628
-0.888342 0.629
-0.888342 0.63
-0.888342 0.631
-0.888342 0.632
-0.888342 0.633
-0.888342 0.634
-0.888342 0.635
-0.888342 0.636
-0.888342 0.637
-0.888342 0.638
-0.888342 0.639
-0.888342 0.64
-0.888342 0.641
-0.888342 0.642
-0.888342 0.643
-0.888342 0.644
-0.888342 0.645
-0.888342 0.646
-0.888342 0.647
-0.888342 0.648
-0.888342 0.649
-0.888342 0.65
-0.888342 0.651
-0.888342 0.652
-0.888342 0.653
-0.888342 0.654
-0.888342 0.655
-0.888342 0.656
-0.888342 0.657
-0.888342 0.658
-0.888342 0.659
-0.888342 0.66
-0.888342 0.661
-0.888342 0.662
-0.888342 0.663
-0.888342 0.664
-0.888342 0.665
-0.888342 0.666
-0.888342 0.667
-0.888342 0.668
-0.888342 0.669
-0.888342 0.67
-0.888342 0.671
-0.888342 0.672
-0.888342 0.673
-0.888342 0.674
-0.888342 0.675
-0.888342 0.676
-0.888342 0.677
-0.888342 0.678
-0.888342 0.679
-0.888342 0.68
-0.888342 0.681
-0.888342 0.682
-0.888342 0.683
-0.888342 0.684
-0.888342 0.685
-0.888342 0.686
-0.888342 0.687
-0.888342 0.688
-0.888342 0.689
-0.888342 0.69
-0.888342 0.691
-0.888342 0.692
-0.888342 0.693
-0.888342 0.694
-0.888342 0.695
-0.888342 0.696
-0.888342 0.697
-0.888342 0.698
-0.888342 0.699
-0.888342 0.7
-0.888342 0.701
-0.888342 0.702
-0.888342 0.703
-0.888342 0.704
-0.888342 0.705
-0.888342 0.706
-0.888342 0.707
-0.888342 0.708
-0.888342 0.709
-0.888342 0.71
-0.888342 0.711
-0.888342 0.712
-0.888342 0.713
-0.888342 0.714
-0.888342 0.715
-0.888342 0.716
-0.888342 0.717
-0.888342 0.718
-0.888342 0.719
-0.888342 0.72
-0.888342 0.721
-0.888342 0.722
-0.888342 0.723
-0.888342 0.724
-0.888342 0.725
-0.888342 0.726
-0.888342 0.727
-0.888342 0.728
-0.888342 0.729
-0.888342 0.73
-0.888342 0.731
-0.888342 0.732
-0.888342 0.733
-0.888342 0.734
-0.888342 0.735
-0.888342 0.736
-0.888342 0.737
-0.888342 0.738
-0.888342 0.739
-0.888342 0.74
-0.888342 0.741
-0.888342 0.742
-0.888342 0.743
-0.888342 0.744
-0.888342 0.745
-0.888342 0.746
-0.888342 0.747
-0.888342 0.748
-0.888342 0.749
-0.888342 0.75
-0.888342 0.751
-0.888342 0.752
-0.888342 0.753
-0.888342 0.754
-0.888342 0.755
-0.888342 0.756
-0.888342 0.757
-0.888342 0.758
-0.888342 0.759
-0.888342 0.76
-0.888342 0.761
-0.888342 0.762
-0.888342 0.763
-0.888342 0.764
-0.888342 0.765
-0.888342 0.766
-0.888342 0.767
-0.888342 0.768
-0.888342 0.769
-0.888342 0.77
-0.888342 0.771
-0.888342 0.772
-0.888342 0.773
-0.888342 0.774
-0.888342 0.775
-0.888342 0.776
-0.888342 0.777
-0.888342 0.778
-0.888342 0.779
-0.888342 0.78
-0.888342 0.781
-0.888342 0.782
-0.888342 0.783
-0.888342 0.784
-0.888342 0.785
-0.888342 0.786
-0.888342 0.787
-0.888342 0.788
-0.888342 0.789
-0.888342 0.79
-0.888342 0.791
-0.888342 0.792
-0.888342 0.793
-0.888342 0.794
-0.888342 0.795
-0.888342 0.796
-0.888342 0.797
-0.888342 0.798
-0.888342 0.799
-0.888342 0.8
-0.888342 0.801
-0.888342 0.802
-0.888342 0.803
-0.888342 0.804
-0.888342 0.805
-0.888342 0.806
-0.888342 0.807
-0.888342 0.808
-0.888342 0.809
-0.888342 0.81
-0.888342 0.811
-0.888342 0.812
-0.888342 0.813
-0.888342 0.814
-0.888342 0.815
-0.888342 0.816
-0.888342 0.817
-0.888342 0.818
-0.888342 0.819
-0.888342 0.82
-0.888342 0.821
-0.888342 0.822
-0.888342 0.823
-0.888342 0.824
-0.888342 0.825
-0.888342 0.826
-0.888342 0.827
-0.888342 0.828
-0.888342 0.829
-0.888342 0.83
-0.888342 0.831
-0.888342 0.832
-0.888342 0.833
-0.888342 0.834
-0.888342 0.835
-0.888342 0.836
-0.888342 0.837
-0.888342 0.838
-0.888342 0.839
-0.888342 0.84
-0.888342 0.841
-0.888342 0.842
-0.888342 0.843
-0.888342 0.844
-0.888342 0.845
-0.888342 0.846
-0.888342 0.847
-0.888342 0.848
-0.888342 0.849
-0.888342 0.85
-0.888342 0.851
-0.888342 0.852
-0.888342 0.853
-0.888342 0.854
-0.888342 0.855
-0.888342 0.856
-0.888342 0.857
-0.888342 0.858
-0.888342 0.859
-0.888342 0.86
-0.888342 0.861
-0.888342 0.862
-0.888342 0.863
-0.888342 0.864
-0.888342 0.865
-0.888342 0.866
-0.888342 0.867
-0.888342 0.868
-0.888342 0.869
-0.888342 0.87
-0.888342 0.871
-0.888342 0.872
-0.888342 0.873
-0.888342 0.874
-0.888342 0.875
-0.888342 0.876
-0.888342 0.877
-0.888342 0.878
-0.888342 0.879
-0.888342 0.88
-0.888342 0.881
-0.888342 0.882
-0.888342 0.883
-0.888342 0.884
-0.888342 0.885
-0.888342 0.886
-0.888342 0.887
-0.888342 0.888
-0.888342 0.889
-0.888342 0.89
-0.888342 0.891
-0.888342 0.892
-0.888342 0.893
-0.888342 0.894
-0.888342 0.895
-0.888342 0.896
-0.888342 0.897
-0.888342 0.898
-0.888342 0.899
-0.888342 0.9
-0.888342 0.901
-0.888342 0.902
-0.888342 0.903
-0.888342 0.904
-0.888342 0.905
-0.888342 0.906
-0.888342 0.907
-0.888342 0.908
-0.888342 0.909
-0.888342 0.91
-0.888342 0.911
-0.888342 0.912
-0.888342 0.913
-0.888342 0.914
-0.888342 0.915
-0.888342 0.916
-0.888342 0.917
-0.888342 0.918
-0.888342 0.919
-0.888342 0.92
-0.888342 0.921
-0.888342 0.922
-0.888342 0.923
-0.888342 0.924
-0.888342 0.925
-0.888342 0.926
-0.888342 0.927
-0.888342 0.928
-0.888342 0.929
-0.888342 0.93
-0.888342 0.931
-0.888342 0.932
-0.888342 0.933
-0.888342 0.934
-0.888342 0.935
-0.888342 0.936
-0.888342 0.937
-0.888342 0.938
-0.888342 0.939
-0.888342 0.94
-0.888342 0.941
-0.888342 0.942
-0.888342 0.943
-0.888342 0.944
-0.888342 0.945
-0.888342 0.946
-0.888342 0.947
-0.888342 0.948
-0.888342 0.949
-0.888342 0.95
-0.888342 0.951
-0.888342 0.952
-0.888342 0.953
-0.888342 0.954
-0.888342 0.955
-0.888342 0.956
-0.888342 0.957
-0.888342 0.958
-0.888342 0.959
-0.888342 0.96
-0.888342 0.961
-0.888342 0.962
-0.888342 0.963
-0.888342 0.964
-0.888342 0.965
-0.888342 0.966
-0.888342 0.967
-0.888342 0.968
-0.888342 0.969
-0.888342 0.97
-0.888342 0.971
-0.888342 0.972
-0.888342 0.973
-0.888342 0.974
-0.888342 0.975
-0.888342 0.976
-0.888342 0.977
-0.888342 0.978
-0.888342 0.979
-0.888342 0.98
-0.888342 0.981
-0.888342 0.982
-0.888342 0.983
-0.888342 0.984
-0.888342 0.985
-0.888342 0.986
-0.888342 0.987
-0.888342 0.988
-0.888342 0.989
-0.888342 0.99
-0.888342 0.991
-0.888342 0.992
-0.888342 0.993
-0.888342 0.994
-0.888342 0.995
-0.888342 0.996
-0.888342 0.997
-0.888342 0.998
-0.888342 0.999
-0.887342 1


Shark
3.14159 1.5
3.13769 1.4995
3.13379 1.499
3.12989 1.4985
3.12599 1.498
3.12209 1.4975
3.11819 1.497
3.11429 1.4965
3.11039 1.496
3.10649 1.4955
3.10259 1.495
3.09869 1.4945
3.09479 1.494
3.09089 1.4935
3.08699 1.493
3.08309 1.4925
3.07919 1.492
3.07529 1.4915
3.07139 1.491
3.06749 1.4905
3.06359 1.49
3.05969 1.4895
3.05579 1.489
3.05189 1.4885
3.04799 1.488
3.04409 1.4875
3.04019 1.487
3.03629 1.4865
3.03239 1.486
3.02849 1.4855
3.02459 1.485
3.02069 1.4845
3.01679 1.484
3.01289 1.4835
3.00899 1.483
3.00509 1.4825
3.00119 1.482
2.99729 1.4815
2.99339 1.481
2.98949 1.4805
2.98559 1.48
2.98169 1.4795
2.97779 1.479
2.97389 1.4785
2.96999 1.478
2.96609 1.4775
2.96219 1.477
2.95829 1.4765
2.95439 1.476
2.95049 1.4755
2.94659 1.475
2.94269 1.4745
2.93879 1.474
2.93489 1.4735
2.93099 1.473
2.92709 1.4725
2.92319 1.472
2.91929 1.4715
2.91539 1.471
2.91149 1.4705
2.90759 1.47
2.90369 1.4695
2.89979 1.469
2.89589 1.4685
2.89199 1.468
2.88809 1.4675
2.88419 1.467
2.88029 1.4665
2.87639 1.466
2.87249 1.4655
2.86859 1.465
2.86469 1.4645
2.86079 1.464
2.85689 1.4635
2.85299 1.463
2.84909 1.4625
2.84519 1.462
2.84129 1.4615
2.83739 1.461
2.83349 1.4605
2.82959 1.46
2.82569 1.4595
2.82179 1.459
2.81789 1.4585
2.81399 1.458
2.81009 1.4575
2.80619 1.457
2.80229 1.4565
2.79839 1.456
2.79449 1.4555
2.79059 1.455
2.78669 1.4545
2.78279 1.454
2.77889 1.4535
2.77499 1.453
2.77109 1.4525
2.76719 1.452
2.76329 1.4515
2.75939 1.451
2.75549 1.4505
2.75159 1.45
2.74769 1.4495
2.59319 1.449
2.58929 1.4485
2.58539 1.448
2.58149 1.4475
2.57759 1.447
2.57369 1.4465
2.56979 1.446
2.56589 1.4455
2.56199 1.445
2.55809 1.4445
2.55419 1.444
2.55029 1.4435
2.46343 1.443
2.45953 1.4425
2.45563 1.442
2.45173 1.4415
2.40659 1.441
2.40269 1.4405
2.39879 1.44
2.39489 1.4395
2.39099 1.439
2.38709 1.4385
2.38319 1.438
2.37929 1.4375
2.37539 1.437
2.37149 1.4365
2.36759 1.436
2.36369 1.4355
2.35979 1.435
2.35589 1.4345
2.33042 1.434
2.30476 1.4335
2.27891 1.433
2.27501 1.4325
2.27111 1.432
2.26721 1.4315
2.26331 1.431
2.25941 1.4305
2.28639 1.43
2.3004 1.4295
2.3043 1.429
2.3082 1.4285
2.32248 1.428
2.32638 1.4275
2.33028 1.427
2.31572 1.4265
2.31182 1.426
2.30792 1.4255
2.32275 1.425
2.32665 1.4245
2.33055 1.424
2.31544 1.4235
2.31154 1.423
2.30764 1.4225
2.32303 1.422
2.33147 1.4215
2.32299 1.421
2.31909 1.4205
2.31363 1.42
2.30816 1.4195
2.30267 1.419
2.29716 1.4185
2.29163 1.418
2.28609 1.4175
2.28053 1.417
2.27496 1.4165
2.26937 1.416
2.26376 1.4155
2.25813 1.415
2.26377 1.4145
2.25811 1.414
2.26379 1.4135
2.2581 1.413
2.26381 1.4125
2.25808 1.412
2.26383 1.4115
2.25806 1.411
2.26384 1.4105
2.25804 1.41
2.26386 1.4095
2.25803 1.409
2.26388 1.4085
2.25801 1.408
2.25212 1.4075
2.25803 1.407
2.26395 1.4065
2.25801 1.406
2.2521 1.4055
2.25808 1.405
2.26387 1.4045
2.25785 1.404
2.2521 1.4035
2.25815 1.403
2.26214 1.4025
2.26604 1.402
2.26994 1.4015
2.27384 1.401
2.27774 1.4005
2.28164 1.4
2.28554 1.3995
2.28944 1.399
2.29334 1.3985
2.29724 1.398
2.30114 1.3975
2.30504 1.397
2.30894 1.3965
2.31284 1.396
2.31674 1.3955
2.32064 1.395
2.32454 1.3945
2.32844 1.394
2.33234 1.3935
2.33624 1.393
2.34014 1.3925
2.34404 1.392
2.34794 1.3915
2.35184 1.391
2.35574 1.3905
2.35964 1.39
2.36354 1.3895
2.36744 1.389
2.37134 1.3885
2.37524 1.388
2.37914 1.3875
2.38304 1.387
2.38694 1.3865
2.39084 1.386
2.39474 1.3855
2.39864 1.385
2.40254 1.3845
2.40644 1.384
2.41034 1.3835
2.41424 1.383
2.41814 1.3825
2.42204 1.382
2.42594 1.3815
2.42984 1.381
2.43374 1.3805
2.43764 1.38
2.44154 1.3795
2.44544 1.379
2.44934 1.3785
2.45324 1.378
2.45714 1.3775
2.46104 1.377
2.46494 1.3765
2.46884 1.376
2.47274 1.3755
2.47664 1.375
2.48054 1.3745
2.48444 1.374
2.48834 1.3735
2.49224 1.373
2.49614 1.3725
2.50004 1.372
2.50394 1.3715
2.50784 1.371
2.51174 1.3705
2.51564 1.37
2.51954 1.3695
2.52344 1.369
2.52734 1.3685
2.53124 1.368
2.53514 1.3675
2.53904 1.367
2.54294 1.3665
2.54684 1.366
2.55074 1.3655
2.55464 1.365
2.55854 1.3645
2.56244 1.364
2.56634 1.3635
2.57024 1.363
2.57414 1.3625
2.57804 1.362
2.58194 1.3615
2.58584 1.361
2.58974 1.3605
2.59364 1.36
2.59754 1.3595
2.60144 1.359
2.60534 1.3585
2.60924 1.358
2.61314 1.3575
2.61704 1.357
2.62094 1.3565
2.62484 1.356
2.62874 1.3555
2.63264 1.355
2.63654 1.3545
2.64044 1.354
2.64434 1.3535
2.64824 1.353
2.65214 1.3525
2.65604 1.352
2.65994 1.3515
2.66384 1.351
2.66774 1.3505
2.67164 1.35
2.67554 1.3495
2.67944 1.349
2.68334 1.3485
2.68724 1.348
2.69114 1.3475
2.69504 1.347
2.69894 1.3465
2.70284 1.346
2.70674 1.3455
2.71064 1.345
2.71454 1.3445
2.71844 1.344
2.72234 1.3435
2.72624 1.343
2.73014 1.3425
2.73404 1.342
2.73794 1.3415
2.74184 1.341
2.74574 1.3405
2.74964 1.34
2.75354 1.3395
2.75744 1.339
2.76134 1.3385
2.76524 1.338
2.76914 1.3375
2.77304 1.337
2.77694 1.3365
2.78084 1.336
2.78474 1.3355
2.78864 1.335
2.79254 1.3345
2.79644 1.334
2.80034 1.3335
2.80424 1.333
2.80814 1.3325
2.81204 1.332
2.81594 1.3315
2.81984 1.331
2.82374 1.3305
2.82764 1.33
2.83154 1.3295
2.83544 1.329
2.83934 1.3285
2.84324 1.328
2.84714 1.3275
2.85104 1.327
2.85494 1.3265
2.85884 1.326
2.86274 1.3255
2.86664 1.325
2.87054 1.3245
2.87444 1.324
2.87834 1.3235
2.88224 1.323
2.88614 1.3225
2.89004 1.322
2.89394 1.3215
2.89784 1.321
2.90174 1.3205
2.90564 1.32
2.90954 1.3195
2.91344 1.319
2.91734 1.3185
2.92124 1.318
2.92514 1.3175
2.92904 1.317
2.93294 1.3165
2.93684 1.316
2.94074 1.3155
2.94464 1.315
2.94854 1.3145
2.95244 1.314
2.95634 1.3135
2.96024 1.313
2.96414 1.3125
2.96804 1.312
2.97194 1.3115
2.97584 1.311
2.97974 1.3105
2.98364 1.31
2.98754 1.3095
2.99144 1.309
2.99534 1.3085
2.99924 1.308
3.00314 1.3075
3.00704 1.307
3.01094 1.3065
3.01484 1.306
3.01874 1.3055
3.02264 1.305
3.02654 1.3045
3.03044 1.304
3.03434 1.3035
3.03824 1.303
3.04214 1.3025
3.04604 1.302
3.04994 1.3015
3.05384 1.301
3.05774 1.3005
3.06164 1.3
3.06554 1.2995
3.06944 1.299
3.07334 1.2985
3.07724 1.298
3.08114 1.2975
3.08504 1.297
3.08894 1.2965
3.09284 1.296
3.09674 1.2955
3.10064 1.295
3.10454 1.2945
3.10844 1.294
3.11234 1.2935
3.11624 1.293
3.12014 1.2925
3.12404 1.292
3.12794 1.2915
3.13184 1.291
3.13574 1.2905
3.13964 1.29
3.14354 1.2895
3.14744 1.289
3.15134 1.2885
3.15524 1.288
3.15914 1.2875
3.16304 1.287
3.16694 1.2865
3.17084 1.286
3.17474 1.2855
3.17864 1.285
3.18254 1.2845
3.18644 1.284
3.19034 1.2835
3.19424 1.283
3.19814 1.2825
3.20204 1.282
3.20594 1.2815
3.20984 1.281
3.21374 1.2805
3.21764 1.28
3.22154 1.2795
3.22544 1.279
3.22934 1.2785
3.23324 1.278
3.23714 1.2775
3.24104 1.277
3.24494 1.2765
3.24884 1.276
3.25274 1.2755
3.25664 1.275
3.26054 1.2745
3.26444 1.274
3.26834 1.2735
3.27224 1.273
3.27614 1.2725
3.28004 1.272
3.28394 1.2715
3.28784 1.271
3.29174 1.2705
3.29564 1.27
3.29954 1.2695
3.30344 1.269
3.30734 1.2685
3.31124 1.268
3.31514 1.2675
3.31904 1.267
3.32294 1.2665
3.32684 1.266
3.33074 1.2655
3.33464 1.265
3.33854 1.2645
3.34244 1.264
3.34634 1.2635
3.35024 1.263
3.35414 1.2625
3.35804 1.262
3.36194 1.2615
3.36584 1.261
3.36974 1.2605
3.37364 1.26
3.37754 1.2595
3.38144 1.259
3.38534 1.2585
3.38924 1.258
3.39314 1.2575
3.39704 1.257
3.40094 1.2565
3.40484 1.256
3.40874 1.2555
3.41264 1.255
3.41654 1.2545
3.42044 1.254
3.42434 1.2535
3.42824 1.253
3.43214 1.2525
3.43604 1.252
3.43994 1.2515
3.44384 1.251
3.44774 1.2505
3.45164 1.25
3.45554 1.2495
3.45944 1.249
3.46334 1.2485
3.46724 1.248
3.47114 1.2475
3.47504 1.247
3.47894 1.2465
3.48284 1.246
3.48674 1.2455
3.49064 1.245
3.49454 1.2445
3.49844 1.244
3.50234 1.2435
3.50624 1.243
3.51014 1.2425
3.51404 1.242
3.51794 1.2415
3.52184 1.241
3.52574 1.2405
3.52964 1.24
3.53354 1.2395
3.53744 1.239
3.54134 1.2385
3.54524 1.238
3.54914 1.2375
3.55304 1.237
3.55694 1.2365
3.56084 1.236
3.56474 1.2355
3.56864 1.235
3.57254 1.2345
3.57644 1.234
3.58034 1.2335
3.58424 1.233
3.58814 1.2325
3.59204 1.232
3.59594 1.2315
3.59984 1.231
3.60374 1.2305
3.60764 1.23
3.61154 1.2295
3.61544 1.229
3.61934 1.2285
3.62324 1.228
3.62714 1.2275
3.63104 1.227
3.63494 1.2265
3.63884 1.226
3.64274 1.2255
3.64664 1.225
3.65054 1.2245
3.65444 1.224
3.65834 1.2235
3.66224 1.223
3.66614 1.2225
3.67004 1.222
3.67394 1.2215
3.67784 1.221
3.68174 1.2205
3.68564 1.22
3.68954 1.2195
3.69344 1.219
3.69734 1.2185
3.70124 1.218
3.70514 1.2175
3.70904 1.217
3.71294 1.2165
3.71684 1.216
3.72074 1.2155
3.72464 1.215
3.72854 1.2145
3.73244 1.214
3.73634 1.2135
3.74024 1.213
3.74414 1.2125
3.74804 1.212
3.75194 1.2115
3.75584 1.211
3.75974 1.2105
3.76364 1.21
3.76754 1.2095
3.77144 1.209
3.77534 1.2085
3.77924 1.208
3.78314 1.2075
3.78704 1.207
3.79094 1.2065
3.79484 1.206
3.79874 1.2055
3.80264 1.205
3.80654 1.2045
3.81044 1.204
3.81434 1.2035
3.81824 1.203
3.82214 1.2025
3.82604 1.202
3.82994 1.2015
3.83384 1.201
3.83774 1.2005
3.84164 1.2
3.84554 1.1995
3.84944 1.199
3.85334 1.1985
3.85724 1.198
3.86114 1.1975
3.86504 1.197
3.86894 1.1965
3.87284 1.196
3.87674 1.1955
3.88064 1.195
3.88454 1.1945
3.88844 1.194
3.89234 1.1935
3.89624 1.193
3.90014 1.1925
3.90404 1.192
3.90794 1.1915
3.91184 1.191
3.91574 1.1905
3.91964 1.19
3.92354 1.1895
3.92744 1.189
3.93134 1.1885
3.93524 1.188
3.93914 1.1875
3.94304 1.187
3.94694 1.1865
3.95084 1.186
3.95474 1.1855
3.95864 1.185
3.96254 1.1845
3.96644 1.184
3.97034 1.1835
3.97424 1.183
3.97814 1.1825
3.98204 1.182
3.98594 1.1815
3.98984 1.181
3.99374 1.1805
3.99764 1.18
4.00154 1.1795
4.00544 1.179
4.00934 1.1785
4.01324 1.178
4.01714 1.1775
4.02104 1.177
4.02494 1.1765
4.02884 1.176
4.03274 1.1755
4.03664 1.175
4.04054 1.1745
4.04444 1.174
4.04834 1.1735
4.05224 1.173
4.05614 1.1725
4.06004 1.172
4.06394 1.1715
4.06784 1.171
4.07174 1.1705
4.07564 1.17
4.07954 1.1695
4.08344 1.169
4.08734 1.1685
4.09124 1.168
4.09514 1.1675
4.09904 1.167
4.10294 1.1665
4.10684 1.166
4.11074 1.1655
4.11464 1.165
4.11854 1.1645
4.12244 1.164
4.12634 1.1635
4.13024 1.163
4.13414 1.1625
4.13804 1.162
4.14194 1.1615
4.14584 1.161
4.14974 1.1605
4.15364 1.16
4.15754 1.1595
4.16144 1.159
4.16534 1.1585
4.16924 1.158
4.17314 1.1575
4.17704 1.157
4.18094 1.1565
4.18484 1.156
4.18874 1.1555
4.19264 1.155
4.19654 1.1545
4.20044 1.154
4.20434 1.1535
4.20824 1.153
4.21214 1.1525
4.21604 1.152
4.21994 1.1515
4.22384 1.151
4.22774 1.1505
4.23164 1.15
4.23554 1.1495
4.23944 1.149
4.24334 1.1485
4.24724 1.148
4.25114 1.1475
4.25504 1.147
4.25894 1.1465
4.26284 1.146
4.26674 1.1455
4.27064 1.145
4.27454 1.1445
4.27844 1.144
4.28234 1.1435
4.28624 1.143
4.29014 1.1425
4.29404 1.142
4.29794 1.1415
4.30184 1.141
4.30574 1.1405
4.30964 1.14
4.31354 1.1395
4.31744 1.139
4.32134 1.1385
4.32524 1.138
4.32914 1.1375
4.33304 1.137
4.33694 1.1365
4.34084 1.136
4.34474 1.1355
4.34864 1.135
4.35254 1.1345
4.35644 1.134
4.36034 1.1335
4.36424 1.133
4.36814 1.1325
4.37204 1.132
4.37594 1.1315
4.37984 1.131
4.38374 1.1305
4.38764 1.13
4.39154 1.1295
4.39544 1.129
4.39934 1.1285
4.40324 1.128
4.40714 1.1275
4.41104 1.127
4.41494 1.1265
4.41884 1.126
4.42274 1.1255
4.42664 1.125
4.43054 1.1245
4.43444 1.124
4.43834 1.1235
4.44224 1.123
4.44614 1.1225
4.45004 1.122
4.45394 1.1215
4.45784 1.121
4.46174 1.1205
4.46564 1.12
4.46954 1.1195
4.47344 1.119
4.47734 1.1185
4.48124 1.118
4.48514 1.1175
4.48904 1.117
4.49294 1.1165
4.49684 1.116
4.50074 1.1155
4.50464 1.115
4.50854 1.1145
4.51244 1.114
4.51634 1.1135
4.52024 1.113
4.52414 1.1125
4.52804 1.112
4.53194 1.1115
4.53584 1.111
4.53974 1.1105
4.54364 1.11
4.54754 1.1095
4.55144 1.109
4.55534 1.1085
4.55924 1.108
4.56314 1.1075
4.56704 1.107
4.57094 1.1065
4.57484 1.106
4.57874 1.1055
4.58264 1.105
4.58654 1.1045
4.59044 1.104
4.59434 1.1035
4.59824 1.103
4.60214 1.1025
4.60604 1.102
4.60994 1.1015
4.61384 1.101
4.61774 1.1005
4.62164 1.1
4.62554 1.0995
4.62944 1.099
4.63334 1.0985
4.63724 1.098
4.64114 1.0975
4.64504 1.097
4.64894 1.0965
4.65284 1.096
4.65674 1.0955
4.66064 1.095
4.66454 1.0945
4.66844 1.094
4.67234 1.0935
4.67624 1.093
4.68014 1.0925
4.68404 1.092
4.68794 1.0915
4.69184 1.091
4.69574 1.0905
4.69964 1.09
4.70354 1.0895
4.70744 1.089
4.71134 1.0885
4.71524 1.088
4.71914 1.0875
4.72304 1.087
4.72694 1.0865
4.73084 1.086
4.73474 1.0855
4.73864 1.085
4.74254 1.0845
4.74644 1.084
4.75034 1.0835
4.75424 1.083
4.75814 1.0825
4.76204 1.082
4.76594 1.0815
4.76984 1.081
4.77374 1.0805
4.77764 1.08
4.78154 1.0795
4.78544 1.079
4.78934 1.0785
4.79324 1.078
4.79714 1.0775
4.80104 1.077
4.80494 1.0765
4.80884 1.076
4.81274 1.0755
4.81664 1.075
4.82054 1.0745
4.82444 1.074
4.82834 1.0735
4.83224 1.073
4.83614 1.0725
4.84004 1.072
4.84394 1.0715
4.84784 1.071
4.85174 1.0705
4.85564 1.07
4.85954 1.0695
4.86344 1.069
4.86734 1.0685
4.87124 1.068
4.87514 1.0675
4.87904 1.067
4.88294 1.0665
4.88684 1.066
4.89074 1.0655
4.89464 1.065
4.89854 1.0645
4.90244 1.064
4.90634 1.0635
4.91024 1.063
4.91414 1.0625
4.91804 1.062
4.92194 1.0615
4.92584 1.061
4.92974 1.0605
4.93364 1.06
4.93754 1.0595
4.94144 1.059
4.94534 1.0585
4.94924 1.058
4.95314 1.0575
4.95704 1.057
4.96094 1.0565
4.96484 1.056
4.96874 1.0555
4.97264 1.055
4.97654 1.0545
4.98044 1.054
4.98434 1.0535
4.98824 1.053
4.99214 1.0525
4.99604 1.052
4.99994 1.0515
5.00384 1.051
5.00774 1.0505
5.01164 1.05
5.01554 1.0495
5.01944 1.049
5.02334 1.0485
5.02724 1.048
5.03114 1.0475
5.03504 1.047
5.03894 1.0465
5.04284 1.046
5.04674 1.0455
5.05064 1.045
5.05454 1.0445
5.05844 1.044
5.06234 1.0435
5.06624 1.043
5.07014 1.0425
5.07404 1.042
5.07794 1.0415
5.08184 1.041
5.08574 1.0405
5.08964 1.04
5.09354 1.0395
5.09744 1.039
5.10134 1.0385
5.10524 1.038
5.10914 1.0375
5.11304 1.037
5.11694 1.0365
5.12084 1.036
5.12474 1.0355
5.12864 1.035
5.13254 1.0345
5.13644 1.034
5.14034 1.0335
5.14424 1.033
5.14814 1.0325
5.15204 1.032
5.15594 1.0315
5.15984 1.031
5.16374 1.0305
5.16764 1.03
5.17154 1.0295
5.17544 1.029
5.17934 1.0285
5.18324 1.028
5.18714 1.0275
5.19104 1.027
5.19494 1.0265
5.19884 1.026
5.20274 1.0255
5.20664 1.025
5.21054 1.0245
5.21444 1.024
5.21834 1.0235
5.22224 1.023
5.22614 1.0225
5.23004 1.022
5.23394 1.0215
5.23784 1.021
5.24174 1.0205
5.24564 1.02
5.24954 1.0195
5.25344 1.019
5.25734 1.0185
5.26124 1.018
5.26514 1.0175
5.26904 1.017
5.27294 1.0165
5.27684 1.016
5.28074 1.0155
5.28464 1.015
5.28854 1.0145
5.29244 1.014
5.29634 1.0135
5.30024 1.013
5.30414 1.0125
5.30804 1.012
5.31194 1.0115
5.31584 1.011
5.31974 1.0105
5.32364 1.01
5.32754 1.0095
5.33144 1.009
5.33534 1.0085
5.33924 1.008
5.34314 1.0075
5.34704 1.007
5.35094 1.0065
5.35484 1.006
5.35874 1.0055
5.36264 1.005
5.36654 1.0045
5.37044 1.004
5.37434 1.0035
5.37824 1.003
5.38214 1.0025
5.38604 1.002
5.38994 1.0015
5.39384 1.001
5.39484 1.0005
5.39584 1
