Man
0 0
0.0981748 0.001
0.0981748 0.002
0.0981748 0.003
0.0981748 0.004
0.0981748 0.005
0.0981748 0.006
0.0981748 0.007
0.0981748 0.008
0.0981748 0.009
0.0981748 0.01
0.0981748 0.011
0.0981748 0.012
0.0981748 0.013
0.0981748 0.014
0.0981748 0.015
0.0981748 0.016
0.0981748 0.017
0.0981748 0.018
0.0981748 0.019
0.0981748 0.02
0.0981748 0.021
0.0981748 0.022
0.0981748 0.023
0.0981748 0.024
0.0980287 0.025
0.0978826 0.026
0.0977365 0.027
0.0975904 0.028
0.0974443 0.029
0.0972982 0.03
0.0971521 0.031
0.097006 0.032
0.0968599 0.033
0.0967138 0.034
0.0965677 0.035
0.0964216 0.036
0.0962756 0.037
0.0961295 0.038
0.0959834 0.039
0.0958373 0.04
0.0956912 0.041
0.0955451 0.042
0.095399 0.043
0.0952529 0.044
0.0968599 0.045
0.0991974 0.046
0.101535 0.047
0.103872 0.048
0.10621 0.049
0.108547 0.05
0.110885 0.051
0.113222 0.052
0.11556 0.053
0.117897 0.054
0.120235 0.055
0.122572 0.056
0.12491 0.057
0.127247 0.058
0.129585 0.059
0.131922 0.06
0.13426 0.061
0.136597 0.062
0.138935 0.063
0.141272 0.064
0.12491 0.065
0.106794 0.066
0.0880943 0.067
0.0693944 0.068
0.0506944 0.069
0.0319945 0.07
0.0132945 0.071
-0.00540546 0.072
-0.0241054 0.073
-0.0428054 0.074
-0.0615053 0.075
-0.0802053 0.076
-0.0989052 0.077
-0.117605 0.078
-0.136305 0.079
-0.155005 0.08
-0.173705 0.081
-0.192405 0.082
-0.21578 0.083
-0.239155 0.084
-0.26253 0.085
-0.267205 0.086
-0.27188 0.087
-0.276555 0.088
-0.285905 0.089
-0.295255 0.09
-0.304605 0.091
-0.313955 0.092
-0.323305 0.093
-0.332655 0.094
-0.342005 0.095
-0.351355 0.096
-0.360705 0.097
-0.370055 0.098
-0.379405 0.099
-0.388755 0.1
-0.398105 0.101
-0.407455 0.102
-0.416804 0.103
-0.421479 0.104
-0.426154 0.105
-0.430829 0.106
-0.435504 0.107
-0.440179 0.108
-0.446023 0.109
-0.448361 0.11
-0.451867 0.111
-0.456542 0.112
-0.461217 0.113
-0.465892 0.114
-0.470567 0.115
-0.475242 0.116
-0.479917 0.117
-0.484592 0.118
-0.489267 0.119
-0.493942 0.12
-0.498617 0.121
-0.503292 0.122
-0.507967 0.123
-0.512642 0.124
-0.517317 0.125
-0.521992 0.126
-0.526667 0.127
-0.531342 0.128
-0.536017 0.129
-0.540692 0.13
-0.545367 0.131
-0.550042 0.132
-0.554717 0.133
-0.559392 0.134
-0.564067 0.135
-0.568742 0.136
-0.573417 0.137
-0.578092 0.138
-0.582767 0.139
-0.587442 0.14
-0.592117 0.141
-0.596792 0.142
-0.601467 0.143
-0.606142 0.144
-0.610817 0.145
-0.615492 0.146
-0.620167 0.147
-0.624842 0.148
-0.629516 0.149
-0.634191 0.15
-0.637698 0.151
-0.641204 0.152
-0.64471 0.153
-0.648216 0.154
-0.651723 0.155
-0.655229 0.156
-0.658735 0.157
-0.662241 0.158
-0.665748 0.159
-0.669254 0.16
-0.67276 0.161
-0.676266 0.162
-0.679773 0.163
-0.683279 0.164
-0.686785 0.165
-0.690291 0.166
-0.693798 0.167
-0.697304 0.168
-0.70081 0.169
-0.704316 0.17
-0.707823 0.171
-0.711329 0.172
-0.714835 0.173
-0.718341 0.174
-0.721848 0.175
-0.725354 0.176
-0.72886 0.177
-0.732366 0.178
-0.735872 0.179
-0.739379 0.18
-0.742885 0.181
-0.746391 0.182
-0.749897 0.183
-0.753404 0.184
-0.75691 0.185
-0.760416 0.186
-0.763922 0.187
-0.767429 0.188
-0.770935 0.189
-0.774441 0.19
-0.777947 0.191
-0.781454 0.192
-0.78496 0.193
-0.788466 0.194
-0.791972 0.195
-0.79431 0.196
-0.796647 0.197
-0.798985 0.198
-0.801322 0.199
-0.80366 0.2
-0.805997 0.201
-0.808335 0.202
-0.810672 0.203
-0.81301 0.204
-0.815347 0.205
-0.817685 0.206
-0.820022 0.207
-0.82236 0.208
-0.824697 0.209
-0.827035 0.21
-0.829372 0.211
-0.83171 0.212
-0.834047 0.213
-0.836385 0.214
-0.838138 0.215
-0.839307 0.216
-0.840475 0.217
-0.841644 0.218
-0.842813 0.219
-0.843982 0.22
-0.84515 0.221
-0.846319 0.222
-0.847488 0.223
-0.848657 0.224
-0.849825 0.225
-0.850994 0.226
-0.852163 0.227
-0.853332 0.228
-0.8545 0.229
-0.855669 0.23
-0.856838 0.231
-0.858007 0.232
-0.859175 0.233
-0.860344 0.234
-0.861513 0.235
-0.862389 0.236
-0.862974 0.237
-0.863558 0.238
-0.864143 0.239
-0.864727 0.24
-0.865311 0.241
-0.865896 0.242
-0.86648 0.243
-0.867064 0.244
-0.867649 0.245
-0.868233 0.246
-0.868817 0.247
-0.869402 0.248
-0.869986 0.249
-0.870571 0.25
-0.871155 0.251
-0.871739 0.252
-0.872324 0.253
-0.872908 0.254
-0.873492 0.255
-0.874077 0.256
-0.874515 0.257
-0.874807 0.258
-0.8751 0.259
-0.875392 0.26
-0.875684 0.261
-0.875976 0.262
-0.876268 0.263
-0.87656 0.264
-0.876853 0.265
-0.877145 0.266
-0.877437 0.267
-0.877729 0.268
-0.878021 0.269
-0.878314 0.27
-0.878606 0.271
-0.878898 0.272
-0.87919 0.273
-0.879482 0.274
-0.879775 0.275
-0.880067 0.276
-0.880359 0.277
-0.880578 0.278
-0.880724 0.279
-0.88087 0.28
-0.881016 0.281
-0.881162 0.282
-0.881308 0.283
-0.881455 0.284
-0.881601 0.285
-0.881747 0.286
-0.881893 0.287
-0.882039 0.288
-0.882185 0.289
-0.882331 0.29
-0.882477 0.291
-0.882623 0.292
-0.882769 0.293
-0.882916 0.294
-0.883062 0.295
-0.883208 0.296
-0.883354 0.297
-0.8835 0.298
-0.883609 0.299
-0.883683 0.3
-0.883756 0.301
-0.883829 0.302
-0.883902 0.303
-0.883975 0.304
-0.884048 0.305
-0.884121 0.306
-0.884194 0.307
-0.884267 0.308
-0.88434 0.309
-0.884413 0.31
-0.884486 0.311
-0.884559 0.312
-0.884632 0.313
-0.884705 0.314
-0.884778 0.315
-0.884851 0.316
-0.884924 0.317
-0.884997 0.318
-0.88507 0.319
-0.885125 0.32
-0.885162 0.321
-0.885198 0.322
-0.885235 0.323
-0.885271 0.324
-0.885308 0.325
-0.885344 0.326
-0.885381 0.327
-0.885417 0.328
-0.885454 0.329
-0.88549 0.33
-0.885527 0.331
-0.885563 0.332
-0.8856 0.333
-0.885637 0.334
-0.885673 0.335
-0.88571 0.336
-0.885746 0.337
-0.885783 0.338
-0.885819 0.339
-0.885856 0.34
-0.885883 0.341
-0.885901 0.342
-0.88592 0.343
-0.885938 0.344
-0.885956 0.345
-0.885974 0.346
-0.885993 0.347
-0.886011 0.348
-0.886029 0.349
-0.886047 0.35
-0.886066 0.351
-0.886084 0.352
-0.886102 0.353
-0.88612 0.354
-0.886139 0.355
-0.886157 0.356
-0.886175 0.357
-0.886193 0.358
-0.886212 0.359
-0.88623 0.36
-0.886248 0.361
-0.886262 0.362
-0.886271 0.363
-0.88628 0.364
-0.886289 0.365
-0.886298 0.366
-0.886308 0.367
-0.886317 0.368
-0.886326 0.369
-0.886335 0.37
-0.886344 0.371
-0.886353 0.372
-0.886362 0.373
-0.886372 0.374
-0.886381 0.375
-0.88639 0.376
-0.886399 0.377
-0.886408 0.378
-0.886417 0.379
-0.886426 0.38
-0.886435 0.381
-0.886445 0.382
-0.886451 0.383
-0.886456 0.384
-0.886461 0.385
-0.886465 0.386
-0.88647 0.387
-0.886474 0.388
-0.886479 0.389
-0.886483 0.39
-0.886488 0.391
-0.886493 0.392
-0.886497 0.393
-0.886502 0.394
-0.886506 0.395
-0.886511 0.396
-0.886515 0.397
-0.88652 0.398
-0.886524 0.399
-0.886529 0.4
-0.886534 0.401
-0.886538 0.402
-0.886543 0.403
-0.886546 0.404
-0.886548 0.405
-0.886551 0.406
-0.886553 0.407
-0.886555 0.408
-0.886558 0.409
-0.88656 0.41
-0.886562 0.411
-0.886564 0.412
-0.886567 0.413
-0.886569 0.414
-0.886571 0.415
-0.886574 0.416
-0.886576 0.417
-0.886578 0.418
-0.88658 0.419
-0.886583 0.42
-0.886585 0.421
-0.886587 0.422
-0.88659 0.423
-0.886592 0.424
-0.886594 0.425
-0.886595 0.426
-0.886596 0.427
-0.886597 0.428
-0.886598 0.429
-0.886599 0.43
-0.8866 0.431
-0.886602 0.432
-0.886603 0.433
-0.886604 0.434
-0.886605 0.435
-0.886606 0.436
-0.886607 0.437
-0.886608 0.438
-0.88661 0.439
-0.886611 0.44
-0.886612 0.441
-0.886613 0.442
-0.886614 0.443
-0.886615 0.444
-0.886616 0.445
-0.886617 0.446
-0.886618 0.447
-0.886618 0.448
-0.886619 0.449
-0.886619 0.45
-0.88662 0.451
-0.886621 0.452
-0.886621 0.453
-0.886622 0.454
-0.886622 0.455
-0.886623 0.456
-0.886623 0.457
-0.886624 0.458
-0.886625 0.459
-0.886625 0.46
-0.886626 0.461
-0.886626 0.462
-0.886627 0.463
-0.886627 0.464
-0.886628 0.465
-0.886629 0.466
-0.886629 0.467
-0.886629 0.468
-0.88663 0.469
-0.88663 0.47
-0.88663 0.471
-0.88663 0.472
-0.886631 0.473
-0.886631 0.474
-0.886631 0.475
-0.886632 0.476
-0.886632 0.477
-0.886632 0.478
-0.886632 0.479
-0.886633 0.48
-0.886633 0.481
-0.886633 0.482
-0.886634 0.483
-0.886634 0.484
-0.886634 0.485
-0.886634 0.486
-0.886635 0.487
-0.886635 0.488
-0.886635 0.489
-0.886635 0.49
-0.886635 0.491
-0.886636 0.492
-0.886636 0.493
-0.886636 0.494
-0.886636 0.495
-0.886636 0.496
-0.886636 0.497
-0.886636 0.498
-0.886637 0.499
-0.886637 0.5
-0.886637 0.501
-0.886637 0.502
-0.886637 0.503
-0.886637 0.504
-0.886637 0.505
-0.886638 0.506
-0.886638 0.507
-0.886638 0.508
-0.886638 0.509
-0.886638 0.51
-0.886638 0.511
-0.886638 0.512
-0.886638 0.513
-0.886638 0.514
-0.886638 0.515
-0.886638 0.516
-0.886639 0.517
-0.886639 0.518
-0.886639 0.519
-0.886639 0.52
-0.886639 0.521
-0.886639 0.522
-0.886639 0.523
-0.886639 0.524
-0.886639 0.525
-0.886639 0.526
-0.886639 0.527
-0.886639 0.528
-0.886639 0.529
-0.886639 0.53
-0.886639 0.531
-0.886639 0.532
-0.88664 0.533
-0.88664 0.534
-0.88664 0.535
-0.88664 0.536
-0.88664 0.537
-0.88664 0.538
-0.88664 0.539
-0.88664 0.54
-0.88664 0.541
-0.88664 0.542
-0.88664 0.543
-0.88664 0.544
-0.88664 0.545
-0.88664 0.546
-0.88664 0.547
-0.88664 0.548
-0.88664 0.549
-0.88664 0.55
-0.88664 0.551
-0.88664 0.552
-0.88664 0.553
-0.88664 0.554
-0.88664 0.555
-0.88664 0.556
-0.88664 0.557
-0.88664 0.558
-0.88664 0.559
-0.88664 0.56
-0.88664 0.561
-0.88664 0.562
-0.88664 0.563
-0.88664 0.564
-0.88664 0.565
-0.88664 0.566
-0.88664 0.567
-0.88664 0.568
-0.88664 0.569
-0.88664 0.57
-0.88664 0.571
-0.88664 0.572
-0.88664 0.573
-0.88664 0.574
-0.88664 0.575
-0.88664 0.576
-0.88664 0.577
-0.88664 0.578
-0.88664 0.579
-0.88664 0.58
-0.88664 0.581
-0.88664 0.582
-0.88664 0.583
-0.88664 0.584
-0.88664 0.585
-0.88664 0.586
-0.88664 0.587
-0.88664 0.588
-0.88664 0.589
-0.88664 0.59
-0.88664 0.591
-0.88664 0.592
-0.88664 0.593
-0.88664 0.594
-0.88664 0.595
-0.88664 0.596
-0.88664 0.597
-0.88664 0.598
-0.88664 0.599
-0.88664 0.6
-0.88664 0.601
-0.88664 0.602
-0.88664 0.603
-0.88664 0.604
-0.88664 0.605
-0.88664 0.606
-0.88664 0.607
-0.88664 0.608
-0.88664 0.609
-0.88664 0.61
-0.88664 0.611
-0.88664 0.612
-0.88664 0.613
-0.88664 0.614
-0.88664 0.615
-0.88664 0.616
-0.88664 0.617
-0.88664 0.618
-0.88664 0.619
-0.88664 0.62
-0.88664 0.621
-0.88664 0.622
-0.88664 0.623
-0.88664 0.624
-0.88664 0.625
-0.88664 0.626
-0.88664 0.627
-0.88664 0.628
-0.88664 0.629
-0.88664 0.63
-0.88664 0.631
-0.88664 0.632
-0.88664 0.633
-0.88664 0.634
-0.88664 0.635
-0.88664 0.636
-0.88664 0.637
-0.88664 0.638
-0.88664 0.639
-0.88664 0.64
-0.88664 0.641
-0.88664 0.642
-0.88664 0.643
-0.88664 0.644
-0.88664 0.645
-0.88664 0.646
-0.88664 0.647
-0.88664 0.648
-0.88664 0.649
-0.88664 0.65
-0.88664 0.651
-0.88664 0.652
-0.88664 0.653
-0.88664 0.654
-0.88664 0.655
-0.88664 0.656
-0.88664 0.657
-0.88664 0.658
-0.88664 0.659
-0.88664 0.66
-0.88664 0.661
-0.88664 0.662
-0.88664 0.663
-0.88664 0.664
-0.88664 0.665
-0.88664 0.666
-0.88664 0.667
-0.88664 0.668
-0.88664 0.669
-0.88664 0.67
-0.88664 0.671
-0.88664 0.672
-0.88664 0.673
-0.88664 0.674
-0.88664 0.675
-0.88664 0.676
-0.88664 0.677
-0.88664 0.678
-0.88664 0.679
-0.88664 0.68
-0.88664 0.681
-0.88664 0.682
-0.88664 0.683
-0.88664 0.684
-0.88664 0.685
-0.88664 0.686
-0.88664 0.687
-0.88664 0.688
-0.88664 0.689
-0.88664 0.69
-0.88664 0.691
-0.88664 0.692
-0.88664 0.693
-0.88664 0.694
-0.88664 0.695
-0.88664 0.696
-0.88664 0.697
-0.88664 0.698
-0.88664 0.699
-0.88664 0.7
-0.88664 0.701
-0.88664 0.702
-0.88664 0.703
-0.88664 0.704
-0.88664 0.705
-0.88664 0.706
-0.88664 0.707
-0.88664 0.708
-0.88664 0.709
-0.88664 0.71
-0.88664 0.711
-0.88664 0.712
-0.88664 0.713
-0.88664 0.714
-0.88664 0.715
-0.88664 0.716
-0.88664 0.717
-0.88664 0.718
-0.88664 0.719
-0.88664 0.72
-0.88664 0.721
-0.88664 0.722
-0.88664 0.723
-0.88664 0.724
-0.88664 0.725
-0.88664 0.726
-0.88664 0.727
-0.88664 0.728
-0.88664 0.729
-0.88664 0.73
-0.88664 0.731
-0.88664 0.732
-0.88664 0.733
-0.88664 0.734
-0.88664 0.735
-0.88664 0.736
-0.88664 0.737
-0.88664 0.738
-0.88664 0.739
-0.88664 0.74
-0.88664 0.741
-0.88664 0.742
-0.88664 0.743
-0.88664 0.744
-0.88664 0.745
-0.88664 0.746
-0.88664 0.747
-0.88664 0.748
-0.88664 0.749
-0.88664 0.75
-0.88664 0.751
-0.88664 0.752
-0.88664 0.753
-0.88664 0.754
-0.88664 0.755
-0.88664 0.756
-0.88664 0.757
-0.88664 0.758
-0.88664 0.759
-0.88664 0.76
-0.88664 0.761
-0.88664 0.762
-0.88664 0.763
-0.88664 0.764
-0.88664 0.765
-0.88664 0.766
-0.88664 0.767
-0.88664 0.768
-0.88664 0.769
-0.88664 0.77
-0.88664 0.771
-0.88664 0.772
-0.88664 0.773
-0.88664 0.774
-0.88664 0.775
-0.88664 0.776
-0.88664 0.777
-0.88664 0.778
-0.88664 0.779
-0.88664 0.78
-0.88664 0.781
-0.88664 0.782
-0.88664 0.783
-0.88664 0.784
-0.88664 0.785
-0.88664 0.786
-0.88664 0.787
-0.88664 0.788
-0.88664 0.789
-0.88664 0.79
-0.88664 0.791
-0.88664 0.792
-0.88664 0.793
-0.88664 0.794
-0.88664 0.795
-0.88664 0.796
-0.88664 0.797
-0.88664 0.798
-0.88664 0.799
-0.88664 0.8
-0.88664 0.801
-0.88664 0.802
-0.88664 0.803
-0.88664 0.804
-0.88664 0.805
-0.88664 0.806
-0.88664 0.807
-0.88664 0.808
-0.88664 0.809
-0.88664 0.81
-0.88664 0.811
-0.88664 0.812
-0.88664 0.813
-0.88664 0.814
-0.88664 0.815
-0.88664 0.816
-0.88664 0.817
-0.88664 0.818
-0.88664 0.819
-0.88664 0.82
-0.88664 0.821
-0.88664 0.822
-0.88664 0.823
-0.88664 0.824
-0.88664 0.825
-0.88664 0.826
-0.88664 0.827
-0.88664 0.828
-0.88664 0.829
-0.88664 0.83
-0.88664 0.831
-0.88664 0.832
-0.88664 0.833
-0.88664 0.834
-0.88664 0.835
-0.88664 0.836
-0.88664 0.837
-0.88664 0.838
-0.88664 0.839
-0.88664 0.84
-0.88664 0.841
-0.88664 0.842
-0.88664 0.843
-0.88664 0.844
-0.88664 0.845
-0.88664 0.846
-0.88664 0.847
-0.88664 0.848
-0.88664 0.849
-0.88664 0.85
-0.88664 0.851
-0.88664 0.852
-0.88664 0.853
-0.88664 0.854
-0.88664 0.855
-0.88664 0.856
-0.88664 0.857
-0.88664 0.858
-0.88664 0.859
-0.88664 0.86
-0.88664 0.861
-0.88664 0.862
-0.88664 0.863
-0.88664 0.864
-0.88664 0.865
-0.88664 0.866
-0.88664 0.867
-0.88664 0.868
-0.88664 0.869
-0.88664 0.87
-0.88664 0.871
-0.88664 0.872
-0.88664 0.873
-0.88664 0.874
-0.88664 0.875
-0.88664 0.876
-0.88664 0.877
-0.88664 0.878
-0.88664 0.879
-0.88664 0.88
-0.88664 0.881
-0.88664 0.882
-0.88664 0.883
-0.88664 0.884
-0.88664 0.885
-0.88664 0.886
-0.88664 0.887
-0.88664 0.888
-0.88664 0.889
-0.88664 0.89
-0.88664 0.891
-0.88664 0.892
-0.88664 0.893
-0.88664 0.894
-0.88664 0.895
-0.88664 0.896
-0.88664 0.897
-0.88664 0.898
-0.88664 0.899
-0.88664 0.9
-0.88664 0.901
-0.88664 0.902
-0.88664 0.903
-0.88664 0.904
-0.88664 0.905
-0.88664 0.906
-0.88664 0.907
-0.88664 0.908
-0.88664 0.909
-0.88664 0.91
-0.88664 0.911
-0.88664 0.912
-0.88664 0.913
-0.88664 0.914
-0.88664 0.915
-0.88664 0.916
-0.88664 0.917
-0.88664 0.918
-0.88664 0.919
-0.88664 0.92
-0.88664 0.921
-0.88664 0.922
-0.88664 0.923
-0.88664 0.924
-0.88664 0.925
-0.88664 0.926
-0.88664 0.927
-0.88664 0.928
-0.88664 0.929
-0.88664 0.93
-0.88664 0.931
-0.88664 0.932
-0.88664 0.933
-0.88664 0.934
-0.88664 0.935
-0.88664 0.936
-0.88664 0.937
-0.88664 0.938
-0.88664 0.939
-0.88664 0.94
-0.88664 0.941
-0.88664 0.942
-0.88664 0.943
-0.88664 0.944
-0.88664 0.945
-0.88664 0.946
-0.88664 0.947
-0.88664 0.948
-0.88664 0.949
-0.88664 0.95
-0.88664 0.951
-0.88664 0.952
-0.88664 0.953
-0.88664 0.954
-0.88664 0.955
-0.88664 0.956
-0.88664 0.957
-0.88664 0.958
-0.88664 0.959
-0.88664 0.96
-0.88664 0.961
-0.88664 0.962
-0.88664 0.963
-0.88664 0.964
-0.88664 0.965
-0.88664 0.966
-0.88664 0.967
-0.88664 0.968
-0.88664 0.969
-0.88664 0.97
-0.88664 0.971
-0.88664 0.972
-0.88664 0.973
-0.88664 0.974
-0.88664 0.975
-0.88664 0.976
-0.88664 0.977
-0.88664 0.978
-0.88664 0.979
-0.92404 0.98
-0.96144 0.981
-0.99884 0.982
-1.03624 0.983
-1.07364 0.984
-1.11104 0.985
-1.14844 0.986
-1.18584 0.987
-1.22324 0.988
-1.26064 0.989
-1.29804 0.99
-1.33544 0.991
-1.37284 0.992
-1.41024 0.993
-1.44764 0.994
-1.48504 0.995
-1.52244 0.996
-1.55984 0.997
-1.59724 0.998
-1.63464 0.999
-1.67204 1


Shark
3.14159 1.5
3.13759 1.4995
3.13359 1.499
3.12959 1.4985
3.12559 1.498
3.12159 1.4975
3.11759 1.497
3.11359 1.4965
3.10959 1.496
3.10559 1.4955
3.10159 1.495
3.09759 1.4945
3.09359 1.494
3.08959 1.4935
3.08559 1.493
3.08159 1.4925
3.07759 1.492
3.07359 1.4915
3.06959 1.491
3.06559 1.4905
3.06159 1.49
3.05759 1.4895
3.05359 1.489
3.04959 1.4885
3.04559 1.488
3.04159 1.4875
3.03759 1.487
3.03359 1.4865
3.02959 1.486
3.02559 1.4855
3.02159 1.485
3.01759 1.4845
3.01359 1.484
3.00959 1.4835
3.00559 1.483
3.00159 1.4825
2.99759 1.482
2.99359 1.4815
2.98959 1.481
2.98559 1.4805
2.98159 1.48
2.97759 1.4795
2.97359 1.479
2.96959 1.4785
2.96559 1.478
2.96159 1.4775
2.95759 1.477
2.95358 1.4765
2.94957 1.476
2.94557 1.4755
2.94156 1.475
2.93755 1.4745
2.93355 1.474
2.92954 1.4735
2.92553 1.473
2.92152 1.4725
2.91752 1.472
2.91351 1.4715
2.9095 1.471
2.90549 1.4705
2.90148 1.47
2.89747 1.4695
2.89346 1.469
2.88945 1.4685
2.88544 1.468
2.88126 1.4675
2.87692 1.467
2.87054 1.4665
2.86409 1.466
2.85759 1.4655
2.85104 1.465
2.84442 1.4645
2.83774 1.464
2.831 1.4635
2.8242 1.463
2.81734 1.4625
2.81042 1.462
2.80344 1.4615
2.7964 1.461
2.78929 1.4605
2.78213 1.46
2.7749 1.4595
2.76761 1.459
2.76149 1.4585
2.75533 1.458
2.74913 1.4575
2.74482 1.457
2.7405 1.4565
2.73618 1.456
2.73218 1.4555
2.72818 1.455
2.72418 1.4545
2.72018 1.454
2.71618 1.4535
2.71218 1.453
2.70818 1.4525
2.70418 1.452
2.70018 1.4515
2.69618 1.451
2.69218 1.4505
2.68818 1.45
2.68418 1.4495
2.68018 1.449
2.67618 1.4485
2.67174 1.448
2.66729 1.4475
2.66283 1.447
2.65836 1.4465
2.65388 1.446
2.6496 1.4455
2.6456 1.445
2.64157 1.4445
2.63744 1.444
2.6333 1.4435
2.62916 1.443
2.62502 1.4425
2.62088 1.442
2.61673 1.4415
2.61258 1.441
2.60843 1.4405
2.60428 1.44
2.60012 1.4395
2.59597 1.439
2.59181 1.4385
2.58764 1.438
2.58348 1.4375
2.57931 1.437
2.57514 1.4365
2.57096 1.436
2.56679 1.4355
2.56261 1.435
2.55842 1.4345
2.55424 1.434
2.55005 1.4335
2.54586 1.433
2.54167 1.4325
2.53747 1.432
2.53327 1.4315
2.52907 1.431
2.52487 1.4305
2.52066 1.43
2.51645 1.4295
2.51224 1.429
2.50802 1.4285
2.5038 1.428
2.49958 1.4275
2.49536 1.427
2.49113 1.4265
2.4869 1.426
2.48266 1.4255
2.47843 1.425
2.47436 1.4245
2.4703 1.424
2.46624 1.4235
2.46218 1.423
2.45811 1.4225
2.45404 1.422
2.44998 1.4215
2.44591 1.421
2.44184 1.4205
2.43777 1.42
2.4337 1.4195
2.42963 1.419
2.42556 1.4185
2.42149 1.418
2.41742 1.4175
2.41334 1.417
2.40927 1.4165
2.40519 1.416
2.40112 1.4155
2.39704 1.415
2.39296 1.4145
2.38888 1.414
2.3848 1.4135
2.38072 1.413
2.37663 1.4125
2.37255 1.412
2.36847 1.4115
2.36438 1.411
2.3603 1.4105
2.35621 1.41
2.35212 1.4095
2.34803 1.409
2.34394 1.4085
2.33985 1.408
2.33576 1.4075
2.33167 1.407
2.32757 1.4065
2.32348 1.406
2.31938 1.4055
2.31528 1.405
2.31119 1.4045
2.30709 1.404
2.30299 1.4035
2.29889 1.403
2.29478 1.4025
2.29078 1.402
2.28678 1.4015
2.28278 1.401
2.27878 1.4005
2.27478 1.4
2.27078 1.3995
2.26678 1.399
2.26278 1.3985
2.25878 1.398
2.25478 1.3975
2.25078 1.397
2.24678 1.3965
2.24278 1.396
2.23878 1.3955
2.23478 1.395
2.23078 1.3945
2.22678 1.394
2.22278 1.3935
2.21878 1.393
2.21475 1.3925
2.21075 1.392
2.20675 1.3915
2.20275 1.391
2.19875 1.3905
2.19475 1.39
2.19075 1.3895
2.18675 1.389
2.18275 1.3885
2.17875 1.388
2.17475 1.3875
2.17075 1.387
2.16675 1.3865
2.16275 1.386
2.15875 1.3855
2.15475 1.385
2.15075 1.3845
2.14675 1.384
2.14275 1.3835
2.13875 1.383
2.13475 1.3825
2.13074 1.382
2.12674 1.3815
2.12274 1.381
2.11874 1.3805
2.11474 1.38
2.11074 1.3795
2.10674 1.379
2.10274 1.3785
2.09874 1.378
2.09474 1.3775
2.09074 1.377
2.08674 1.3765
2.08274 1.376
2.07874 1.3755
2.07474 1.375
2.07074 1.3745
2.06674 1.374
2.06274 1.3735
2.05874 1.373
2.05474 1.3725
2.05074 1.372
2.04674 1.3715
2.04274 1.371
2.03874 1.3705
2.03474 1.37
2.03074 1.3695
2.02674 1.369
2.02274 1.3685
2.01874 1.368
2.01474 1.3675
2.01074 1.367
2.00674 1.3665
2.00274 1.366
1.99874 1.3655
1.99474 1.365
1.99074 1.3645
1.98674 1.364
1.98274 1.3635
1.97874 1.363
1.97474 1.3625
1.97074 1.362
1.96674 1.3615
1.96274 1.361
1.95874 1.3605
1.95474 1.36
1.95074 1.3595
1.94674 1.359
1.94274 1.3585
1.93874 1.358
1.93474 1.3575
1.93074 1.357
1.92674 1.3565
1.92274 1.356
1.91874 1.3555
1.91474 1.355
1.91074 1.3545
1.90674 1.354
1.90274 1.3535
1.89874 1.353
1.89474 1.3525
1.89074 1.352
1.88674 1.3515
1.88274 1.351
1.87874 1.3505
1.87474 1.35
1.87074 1.3495
1.86674 1.349
1.86274 1.3485
1.85874 1.348
1.85474 1.3475
1.85074 1.347
1.84674 1.3465
1.84274 1.346
1.83874 1.3455
1.83474 1.345
1.83074 1.3445
1.82674 1.344
1.82274 1.3435
1.81874 1.343
1.81474 1.3425
1.81074 1.342
1.80674 1.3415
1.80274 1.341
1.79874 1.3405
1.79474 1.34
1.79074 1.3395
1.78674 1.339
1.78274 1.3385
1.77874 1.338
1.77474 1.3375
1.77074 1.337
1.76674 1.3365
1.76274 1.336
1.75874 1.3355
1.75474 1.335
1.75074 1.3345
1.74674 1.334
1.74274 1.3335
1.73874 1.333
1.73474 1.3325
1.73074 1.332
1.72674 1.3315
1.72274 1.331
1.71874 1.3305
1.71474 1.33
1.71074 1.3295
1.70674 1.329
1.70274 1.3285
1.69874 1.328
1.69474 1.3275
1.69074 1.327
1.68674 1.3265
1.68274 1.326
1.67874 1.3255
1.67474 1.325
1.67074 1.3245
1.66674 1.324
1.66274 1.3235
1.65874 1.323
1.65474 1.3225
1.65074 1.322
1.64674 1.3215
1.64274 1.321
1.63874 1.3205
1.63474 1.32
1.63074 1.3195
1.62674 1.319
1.62274 1.3185
1.61874 1.318
1.61474 1.3175
1.61074 1.317
1.60674 1.3165
1.60274 1.316
1.59874 1.3155
1.59474 1.315
1.59074 1.3145
1.58674 1.314
1.58274 1.3135
1.57874 1.313
1.57474 1.3125
1.57074 1.312
1.56674 1.3115
1.56274 1.311
1.55874 1.3105
1.55474 1.31
1.55074 1.3095
1.54674 1.309
1.54274 1.3085
1.53874 1.308
1.53474 1.3075
1.53074 1.307
1.52674 1.3065
1.52274 1.306
1.51874 1.3055
1.51474 1.305
1.51074 1.3045
1.50674 1.304
1.50274 1.3035
1.49874 1.303
1.49474 1.3025
1.49074 1.302
1.48674 1.3015
1.48274 1.301
1.47874 1.3005
1.47474 1.3
1.47074 1.2995
1.46674 1.299
1.46274 1.2985
1.45874 1.298
1.45474 1.2975
1.45074 1.297
1.44674 1.2965
1.44274 1.296
1.43874 1.2955
1.43474 1.295
1.43074 1.2945
1.42674 1.294
1.42274 1.2935
1.41874 1.293
1.41474 1.2925
1.41074 1.292
1.40674 1.2915
1.40274 1.291
1.39874 1.2905
1.39474 1.29
1.39074 1.2895
1.38674 1.289
1.38274 1.2885
1.37874 1.288
1.37474 1.2875
1.37074 1.287
1.36674 1.2865
1.36274 1.286
1.35874 1.2855
1.35474 1.285
1.35074 1.2845
1.34674 1.284
1.34274 1.2835
1.33874 1.283
1.33474 1.2825
1.33074 1.282
1.32674 1.2815
1.32274 1.281
1.31874 1.2805
1.31474 1.28
1.31074 1.2795
1.30674 1.279
1.30274 1.2785
1.29874 1.278
1.29474 1.2775
1.29074 1.277
1.28674 1.2765
1.28274 1.276
1.27874 1.2755
1.27474 1.275
1.27074 1.2745
1.26674 1.274
1.26274 1.2735
1.25874 1.273
1.25474 1.2725
1.25074 1.272
1.24674 1.2715
1.24274 1.271
1.23874 1.2705
1.23474 1.27
1.23074 1.2695
1.22674 1.269
1.22274 1.2685
1.21874 1.268
1.21474 1.2675
1.21074 1.267
1.20674 1.2665
1.20274 1.266
1.19874 1.2655
1.19474 1.265
1.19074 1.2645
1.18674 1.264
1.18274 1.2635
1.17874 1.263
1.17474 1.2625
1.17074 1.262
1.16674 1.2615
1.16274 1.261
1.15874 1.2605
1.15474 1.26
1.15074 1.2595
1.14674 1.259
1.14274 1.2585
1.13874 1.258
1.13474 1.2575
1.13074 1.257
1.12674 1.2565
1.12274 1.256
1.11874 1.2555
1.11474 1.255
1.11074 1.2545
1.10674 1.254
1.10274 1.2535
1.09874 1.253
1.09474 1.2525
1.09074 1.252
1.08674 1.2515
1.08274 1.251
1.07874 1.2505
1.07474 1.25
1.07074 1.2495
1.06674 1.249
1.06274 1.2485
1.05874 1.248
1.05474 1.2475
1.05074 1.247
1.04674 1.2465
1.04274 1.246
1.03874 1.2455
1.03474 1.245
1.03074 1.2445
1.02674 1.244
1.02274 1.2435
1.01874 1.243
1.01474 1.2425
1.01074 1.242
1.00674 1.2415
1.00274 1.241
0.99874 1.2405
0.99474 1.24
0.99074 1.2395
0.98674 1.239
0.98274 1.2385
0.97874 1.238
0.97474 1.2375
0.97074 1.237
0.96674 1.2365
0.96274 1.236
0.95874 1.2355
0.95474 1.235
0.95074 1.2345
0.94674 1.234
0.94274 1.2335
0.93874 1.233
0.93474 1.2325
0.93074 1.232
0.92674 1.2315
0.92274 1.231
0.91874 1.2305
0.91474 1.23
0.91074 1.2295
0.90674 1.229
0.90274 1.2285
0.89874 1.228
0.89474 1.2275
0.89074 1.227
0.88674 1.2265
0.88274 1.226
0.87874 1.2255
0.87474 1.225
0.87074 1.2245
0.86674 1.224
0.86274 1.2235
0.85874 1.223
0.85474 1.2225
0.85074 1.222
0.84674 1.2215
0.84274 1.221
0.83874 1.2205
0.83474 1.22
0.83074 1.2195
0.82674 1.219
0.82274 1.2185
0.81874 1.218
0.81474 1.2175
0.81074 1.217
0.80674 1.2165
0.80274 1.216
0.79874 1.2155
0.79474 1.215
0.79074 1.2145
0.78674 1.214
0.78274 1.2135
0.77874 1.213
0.77474 1.2125
0.77074 1.212
0.76674 1.2115
0.76274 1.211
0.75874 1.2105
0.75474 1.21
0.75074 1.2095
0.74674 1.209
0.74274 1.2085
0.73874 1.208
0.73474 1.2075
0.73074 1.207
0.72674 1.2065
0.72274 1.206
0.71874 1.2055
0.71474 1.205
0.71074 1.2045
0.70674 1.204
0.70274 1.2035
0.69874 1.203
0.69474 1.2025
0.69074 1.202
0.68674 1.2015
0.68274 1.201
0.67874 1.2005
0.67474 1.2
0.67074 1.1995
0.66674 1.199
0.66274 1.1985
0.65874 1.198
0.65474 1.1975
0.65074 1.197
0.64674 1.1965
0.64274 1.196
0.63874 1.1955
0.63474 1.195
0.63074 1.1945
0.62674 1.194
0.62274 1.1935
0.61874 1.193
0.61474 1.1925
0.61074 1.192
0.60674 1.1915
0.60274 1.191
0.59874 1.1905
0.59474 1.19
0.59074 1.1895
0.58674 1.189
0.58274 1.1885
0.57874 1.188
0.57474 1.1875
0.57074 1.187
0.56674 1.1865
0.56274 1.186
0.55874 1.1855
0.55474 1.185
0.55074 1.1845
0.54674 1.184
0.54274 1.1835
0.53874 1.183
0.53474 1.1825
0.53074 1.182
0.52674 1.1815
0.52274 1.181
0.51874 1.1805
0.51474 1.18
0.51074 1.1795
0.50674 1.179
0.50274 1.1785
0.49874 1.178
0.49474 1.1775
0.49074 1.177
0.48674 1.1765
0.48274 1.176
0.47874 1.1755
0.47474 1.175
0.47074 1.1745
0.46674 1.174
0.46274 1.1735
0.45874 1.173
0.45474 1.1725
0.45074 1.172
0.44674 1.1715
0.44274 1.171
0.43874 1.1705
0.43474 1.17
0.43074 1.1695
0.42674 1.169
0.42274 1.1685
0.41874 1.168
0.41474 1.1675
0.41074 1.167
0.40674 1.1665
0.40274 1.166
0.39874 1.1655
0.39474 1.165
0.39074 1.1645
0.38674 1.164
0.38274 1.1635
0.37874 1.163
0.37474 1.1625
0.37074 1.162
0.36674 1.1615
0.36274 1.161
0.35874 1.1605
0.35474 1.16
0.35074 1.1595
0.34674 1.159
0.34274 1.1585
0.33874 1.158
0.33474 1.1575
0.33074 1.157
0.32674 1.1565
0.32274 1.156
0.31874 1.1555
0.31474 1.155
0.31074 1.1545
0.30674 1.154
0.30274 1.1535
0.29874 1.153
0.29474 1.1525
0.29074 1.152
0.28674 1.1515
0.28274 1.151
0.27874 1.1505
0.27474 1.15
0.27074 1.1495
0.26674 1.149
0.26274 1.1485
0.25874 1.148
0.25474 1.1475
0.25074 1.147
0.24674 1.1465
0.24274 1.146
0.23874 1.1455
0.23474 1.145
0.23074 1.1445
0.22674 1.144
0.22274 1.1435
0.21874 1.143
0.21474 1.1425
0.21074 1.142
0.20674 1.1415
0.20274 1.141
0.19874 1.1405
0.19474 1.14
0.19074 1.1395
0.18674 1.139
0.18274 1.1385
0.17874 1.138
0.17474 1.1375
0.17074 1.137
0.16674 1.1365
0.16274 1.136
0.15874 1.1355
0.15474 1.135
0.15074 1.1345
0.14674 1.134
0.14274 1.1335
0.13874 1.133
0.13474 1.1325
0.13074 1.132
0.12674 1.1315
0.12274 1.131
0.11874 1.1305
0.11474 1.13
0.11074 1.1295
0.10674 1.129
0.10274 1.1285
0.0987398 1.128
0.0947398 1.1275
0.0907398 1.127
0.0867398 1.1265
0.0827398 1.126
0.0787398 1.1255
0.0747398 1.125
0.0707398 1.1245
0.0667398 1.124
0.0627398 1.1235
0.0587398 1.123
0.0547398 1.1225
0.0507398 1.122
0.0467398 1.1215
0.0427398 1.121
0.0387398 1.1205
0.0347398 1.12
0.0307398 1.1195
0.0267398 1.119
0.0227398 1.1185
0.0187398 1.118
0.0147398 1.1175
0.0107398 1.117
0.00673979 1.1165
0.00273979 1.116
-0.00126021 1.1155
-0.00526021 1.115
-0.00926021 1.1145
-0.0132602 1.114
-0.0172602 1.1135
-0.0212602 1.113
-0.0252602 1.1125
-0.0292602 1.112
-0.0332602 1.1115
-0.0372602 1.111
-0.0412602 1.1105
-0.0452602 1.11
-0.0492602 1.1095
-0.0532602 1.109
-0.0572602 1.1085
-0.0612602 1.108
-0.0652602 1.1075
-0.0692602 1.107
-0.0732602 1.1065
-0.0772602 1.106
-0.0812602 1.1055
-0.0852602 1.105
-0.0892602 1.1045
-0.0932602 1.104
-0.0972602 1.1035
-0.10126 1.103
-0.10526 1.1025
-0.10926 1.102
-0.11326 1.1015
-0.11726 1.101
-0.12126 1.1005
-0.12526 1.1
-0.12926 1.0995
-0.13326 1.099
-0.13726 1.0985
-0.14126 1.098
-0.14526 1.0975
-0.14926 1.097
-0.15326 1.0965
-0.15726 1.096
-0.16126 1.0955
-0.16526 1.095
-0.16926 1.0945
-0.17326 1.094
-0.17726 1.0935
-0.18126 1.093
-0.18526 1.0925
-0.18926 1.092
-0.19326 1.0915
-0.19726 1.091
-0.20126 1.0905
-0.20526 1.09
-0.20926 1.0895
-0.21326 1.089
-0.21726 1.0885
-0.22126 1.088
-0.22526 1.0875
-0.22926 1.087
-0.23326 1.0865
-0.23726 1.086
-0.24126 1.0855
-0.24526 1.085
-0.24926 1.0845
-0.25326 1.084
-0.25726 1.0835
-0.26126 1.083
-0.26526 1.0825
-0.26926 1.082
-0.27326 1.0815
-0.27726 1.081
-0.28126 1.0805
-0.28526 1.08
-0.28926 1.0795
-0.29326 1.079
-0.29726 1.0785
-0.30126 1.078
-0.30526 1.0775
-0.30926 1.077
-0.31326 1.0765
-0.31726 1.076
-0.32126 1.0755
-0.32526 1.075
-0.32926 1.0745
-0.33326 1.074
-0.33726 1.0735
-0.34126 1.073
-0.34526 1.0725
-0.34926 1.072
-0.35326 1.0715
-0.35726 1.071
-0.36126 1.0705
-0.36526 1.07
-0.36926 1.0695
-0.37326 1.069
-0.37726 1.0685
-0.38126 1.068
-0.38526 1.0675
-0.38926 1.067
-0.39326 1.0665
-0.39726 1.066
-0.40126 1.0655
-0.40526 1.065
-0.40926 1.0645
-0.41326 1.064
-0.41726 1.0635
-0.42126 1.063
-0.42526 1.0625
-0.42926 1.062
-0.43326 1.0615
-0.43726 1.061
-0.44126 1.0605
-0.44526 1.06
-0.44926 1.0595
-0.45326 1.059
-0.45726 1.0585
-0.46126 1.058
-0.46526 1.0575
-0.46926 1.057
-0.47326 1.0565
-0.47726 1.056
-0.48126 1.0555
-0.48526 1.055
-0.48926 1.0545
-0.49326 1.054
-0.49726 1.0535
-0.50126 1.053
-0.50526 1.0525
-0.50926 1.052
-0.51326 1.0515
-0.51726 1.051
-0.52126 1.0505
-0.52526 1.05
-0.52926 1.0495
-0.53326 1.049
-0.53726 1.0485
-0.54126 1.048
-0.54526 1.0475
-0.54926 1.047
-0.55326 1.0465
-0.55726 1.046
-0.56126 1.0455
-0.56526 1.045
-0.56926 1.0445
-0.57326 1.044
-0.57726 1.0435
-0.58126 1.043
-0.58526 1.0425
-0.58926 1.042
-0.59326 1.0415
-0.59726 1.041
-0.60126 1.0405
-0.60526 1.04
-0.60926 1.0395
-0.61326 1.039
-0.61726 1.0385
-0.62126 1.038
-0.62526 1.0375
-0.62926 1.037
-0.63326 1.0365
-0.63726 1.036
-0.64126 1.0355
-0.64526 1.035
-0.64926 1.0345
-0.65326 1.034
-0.65726 1.0335
-0.66126 1.033
-0.66526 1.0325
-0.66926 1.032
-0.67326 1.0315
-0.67726 1.031
-0.68126 1.0305
-0.68526 1.03
-0.68926 1.0295
-0.69326 1.029
-0.69726 1.0285
-0.70126 1.028
-0.70526 1.0275
-0.70926 1.027
-0.71326 1.0265
-0.71726 1.026
-0.72126 1.0255
-0.72526 1.025
-0.72926 1.0245
-0.73326 1.024
-0.73726 1.0235
-0.74126 1.023
-0.74526 1.0225
-0.74926 1.022
-0.75326 1.0215
-0.75726 1.021
-0.76126 1.0205
-0.76526 1.02
-0.76926 1.0195
-0.77326 1.019
-0.77726 1.0185
-0.78126 1.018
-0.78526 1.0175
-0.78926 1.017
-0.79326 1.0165
-0.79726 1.016
-0.80126 1.0155
-0.80526 1.015
-0.80926 1.0145
-0.81326 1.014
-0.81726 1.0135
-0.82126 1.013
-0.82526 1.0125
-0.82926 1.012
-0.83326 1.0115
-0.83726 1.011
-0.84126 1.0105
-0.84526 1.01
-0.84926 1.0095
-0.85326 1.009
-0.85726 1.0085
-0.86126 1.008
-0.86526 1.0075
-0.86926 1.007
-0.87326 1.0065
-0.87726 1.006
-0.88126 1.0055
-0.88526 1.005
-0.88926 1.0045
-0.89326 1.004
-0.89726 1.0035
-0.90126 1.003
-0.90526 1.0025
-0.90926 1.002
-0.91326 1.0015
-0.91726 1.001
-0.92126 1.0005
-1.67204 1
