Man
0 0
0 0.001
0 0.002
0 0.003
0 0.004
0 0.005
0 0.006
0 0.007
0 0.008
0 0.009
0 0.01
0 0.011
0 0.012
0 0.013
0 0.014
0 0.015
0 0.016
0 0.017
0 0.018
0 0.019
0 0.02
0 0.021
0 0.022
0 0.023
0 0.024
0 0.025
0 0.026
0 0.027
0 0.028
0 0.029
0 0.03
0 0.031
0 0.032
0 0.033
0 0.034
0 0.035
0 0.036
0 0.037
0 0.038
0 0.039
0 0.04
0 0.041
0 0.042
0 0.043
0 0.044
0 0.045
0 0.046
0 0.047
0 0.048
0 0.049
-0.392699 0.05
-0.392699 0.051
-0.392699 0.052
-0.392699 0.053
-0.392699 0.054
-0.392699 0.055
-0.19635 0.056
-0.19635 0.057
-0.294524 0.058
-0.294524 0.059
-0.294524 0.06
-0.294524 0.061
-0.294524 0.062
-0.294524 0.063
-0.294524 0.064
-0.294524 0.065
-0.245437 0.066
-0.19635 0.067
-0.19635 0.068
-0.19635 0.069
-0.147262 0.07
-0.0981748 0.071
-0.0981748 0.072
-0.0981748 0.073
-0.0490874 0.074
-0.0490874 0.075
-0.0490874 0.076
0 0.077
-0.0245437 0.078
-0.0490874 0.079
-0.0613592 0.08
-0.0736311 0.081
-0.0859029 0.082
-0.0981748 0.083
-0.110447 0.084
-0.122718 0.085
-0.13499 0.086
-0.147262 0.087
-0.13499 0.088
-0.147262 0.089
-0.13499 0.09
-0.147262 0.091
-0.13499 0.092
-0.122718 0.093
-0.134848 0.094
-0.14712 0.095
-0.134848 0.096
-0.122915 0.097
-0.122915 0.098
-0.122915 0.099
-0.122915 0.1
-0.122915 0.101
-0.122915 0.102
-0.122915 0.103
-0.122915 0.104
-0.122915 0.105
-0.122915 0.106
-0.122915 0.107
-0.122915 0.108
-0.122915 0.109
-0.122915 0.11
-0.122915 0.111
-0.122915 0.112
-0.122915 0.113
-0.122915 0.114
-0.122915 0.115
-0.122915 0.116
-0.122915 0.117
-0.122915 0.118
-0.122915 0.119
-0.122915 0.12
-0.122915 0.121
-0.122915 0.122
-0.122915 0.123
-0.122915 0.124
-0.122915 0.125
-0.122915 0.126
-0.122915 0.127
-0.122915 0.128
-0.122915 0.129
-0.122915 0.13
-0.122915 0.131
-0.122915 0.132
-0.122915 0.133
-0.122915 0.134
-0.122915 0.135
-0.122915 0.136
-0.122915 0.137
-0.122915 0.138
-0.122915 0.139
-0.122915 0.14
-0.122915 0.141
-0.122915 0.142
-0.122915 0.143
-0.122915 0.144
-0.122915 0.145
-0.122915 0.146
-0.122915 0.147
-0.122915 0.148
-0.122915 0.149
-0.122915 0.15
-0.122915 0.151
-0.122915 0.152
-0.122915 0.153
-0.122915 0.154
-0.122915 0.155
-0.122915 0.156
-0.122915 0.157
-0.122915 0.158
-0.122915 0.159
-0.122915 0.16
-0.122915 0.161
-0.122915 0.162
-0.122915 0.163
-0.122915 0.164
-0.122915 0.165
-0.122915 0.166
-0.122915 0.167
-0.122915 0.168
-0.122915 0.169
-0.122915 0.17
-0.122915 0.171
-0.122915 0.172
-0.122915 0.173
-0.122915 0.174
-0.122915 0.175
-0.122915 0.176
-0.122915 0.177
-0.122915 0.178
-0.122915 0.179
-0.122915 0.18
-0.122915 0.181
-0.122915 0.182
-0.122915 0.183
-0.122915 0.184
-0.122915 0.185
-0.122915 0.186
-0.122915 0.187
-0.122915 0.188
-0.122915 0.189
-0.122915 0.19
-0.122915 0.191
-0.122915 0.192
-0.122915 0.193
-0.122915 0.194
-0.122915 0.195
-0.122915 0.196
-0.122915 0.197
-0.122915 0.198
-0.122915 0.199
-0.122915 0.2
-0.122915 0.201
-0.122915 0.202
-0.122915 0.203
-0.122915 0.204
-0.122915 0.205
-0.122915 0.206
-0.122915 0.207
-0.122915 0.208
-0.122915 0.209
-0.122915 0.21
-0.122915 0.211
-0.122915 0.212
-0.122915 0.213
-0.122915 0.214
-0.122915 0.215
-0.122915 0.216
-0.122915 0.217
-0.122915 0.218
-0.122915 0.219
-0.122915 0.22
-0.122915 0.221
-0.122915 0.222
-0.122915 0.223
-0.122915 0.224
-0.122915 0.225
-0.122915 0.226
-0.122915 0.227
-0.122915 0.228
-0.122915 0.229
-0.122915 0.23
-0.122915 0.231
-0.122915 0.232
-0.122915 0.233
-0.122915 0.234
-0.122915 0.235
-0.122915 0.236
-0.122915 0.237
-0.122915 0.238
-0.122915 0.239
-0.122915 0.24
-0.122915 0.241
-0.122915 0.242
-0.122915 0.243
-0.122915 0.244
-0.122915 0.245
-0.122915 0.246
-0.122915 0.247
-0.122915 0.248
-0.122915 0.249
-0.122915 0.25
-0.122915 0.251
-0.122915 0.252
-0.122915 0.253
-0.122915 0.254
-0.122915 0.255
-0.122915 0.256
-0.122915 0.257
-0.122915 0.258
-0.122915 0.259
-0.122915 0.26
-0.122915 0.261
-0.122915 0.262
-0.122915 0.263
-0.122915 0.264
-0.122915 0.265
-0.122915 0.266
-0.122915 0.267
-0.122915 0.268
-0.122915 0.269
-0.122915 0.27
-0.122915 0.271
-0.122915 0.272
-0.122915 0.273
-0.122915 0.274
-0.122915 0.275
-0.122915 0.276
-0.122915 0.277
-0.122915 0.278
-0.122915 0.279
-0.122915 0.28
-0.122915 0.281
-0.122915 0.282
-0.122915 0.283
-0.122915 0.284
-0.122915 0.285
-0.122915 0.286
-0.122915 0.287
-0.122915 0.288
-0.122915 0.289
-0.122915 0.29
-0.122915 0.291
-0.122915 0.292
-0.122915 0.293
-0.122915 0.294
-0.122915 0.295
-0.122915 0.296
-0.122915 0.297
-0.122915 0.298
-0.122915 0.299
-0.122915 0.3
-0.122915 0.301
-0.122915 0.302
-0.122915 0.303
-0.122915 0.304
-0.122915 0.305
-0.122915 0.306
-0.122915 0.307
-0.122915 0.308
-0.122915 0.309
-0.122915 0.31
-0.122915 0.311
-0.122915 0.312
-0.122915 0.313
-0.122915 0.314
-0.122915 0.315
-0.122915 0.316
-0.122915 0.317
-0.122915 0.318
-0.122915 0.319
-0.122915 0.32
-0.122915 0.321
-0.122915 0.322
-0.122915 0.323
-0.122915 0.324
-0.122915 0.325
-0.122915 0.326
-0.122915 0.327
-0.122915 0.328
-0.122915 0.329
-0.122915 0.33
-0.122915 0.331
-0.122915 0.332
-0.122915 0.333
-0.122915 0.334
-0.122915 0.335
-0.122915 0.336
-0.122915 0.337
-0.122915 0.338
-0.122915 0.339
-0.122915 0.34
-0.122915 0.341
-0.122915 0.342
-0.122915 0.343
-0.122915 0.344
-0.122915 0.345
-0.122915 0.346
-0.122915 0.347
-0.122915 0.348
-0.122915 0.349
-0.122915 0.35
-0.122915 0.351
-0.122915 0.352
-0.122915 0.353
-0.122915 0.354
-0.122915 0.355
-0.122915 0.356
-0.122915 0.357
-0.122915 0.358
-0.122915 0.359
-0.122915 0.36
-0.122915 0.361
-0.122915 0.362
-0.122915 0.363
-0.122915 0.364
-0.122915 0.365
-0.122915 0.366
-0.122915 0.367
-0.122915 0.368
-0.122915 0.369
-0.122915 0.37
-0.122915 0.371
-0.122915 0.372
-0.122915 0.373
-0.122915 0.374
-0.122915 0.375
-0.122915 0.376
-0.122915 0.377
-0.122915 0.378
-0.122915 0.379
-0.122915 0.38
-0.122915 0.381
-0.122915 0.382
-0.122915 0.383
-0.122915 0.384
-0.122915 0.385
-0.122915 0.386
-0.122915 0.387
-0.122915 0.388
-0.122915 0.389
-0.122915 0.39
-0.122915 0.391
-0.122915 0.392
-0.122915 0.393
-0.122915 0.394
-0.122915 0.395
-0.122915 0.396
-0.122915 0.397
-0.122915 0.398
-0.122915 0.399
-0.122915 0.4
-0.122915 0.401
-0.122915 0.402
-0.122915 0.403
-0.122915 0.404
-0.122915 0.405
-0.122915 0.406
-0.122915 0.407
-0.122915 0.408
-0.122915 0.409
-0.122915 0.41
-0.122915 0.411
-0.122915 0.412
-0.122915 0.413
-0.122915 0.414
-0.122915 0.415
-0.122915 0.416
-0.122915 0.417
-0.122915 0.418
-0.122915 0.419
-0.122915 0.42
-0.122915 0.421
-0.122915 0.422
-0.122915 0.423
-0.122915 0.424
-0.122915 0.425
-0.122915 0.426
-0.122915 0.427
-0.122915 0.428
-0.122915 0.429
-0.122915 0.43
-0.122915 0.431
-0.122915 0.432
-0.122915 0.433
-0.122915 0.434
-0.122915 0.435
-0.122915 0.436
-0.122915 0.437
-0.122915 0.438
-0.122915 0.439
-0.122915 0.44
-0.122915 0.441
-0.122915 0.442
-0.122915 0.443
-0.122915 0.444
-0.122915 0.445
-0.122915 0.446
-0.122915 0.447
-0.122915 0.448
-0.122915 0.449
-0.122915 0.45
-0.122915 0.451
-0.122915 0.452
-0.122915 0.453
-0.122915 0.454
-0.122915 0.455
-0.122915 0.456
-0.122915 0.457
-0.122915 0.458
-0.122915 0.459
-0.122915 0.46
-0.122915 0.461
-0.122915 0.462
-0.122915 0.463
-0.122915 0.464
-0.122915 0.465
-0.122915 0.466
-0.122915 0.467
-0.122915 0.468
-0.122915 0.469
-0.122915 0.47
-0.122915 0.471
-0.122915 0.472
-0.122915 0.473
-0.122915 0.474
-0.122915 0.475
-0.122915 0.476
-0.122915 0.477
-0.122915 0.478
-0.122915 0.479
-0.122915 0.48
-0.122915 0.481
-0.122915 0.482
-0.122915 0.483
-0.122915 0.484
-0.122915 0.485
-0.122915 0.486
-0.122915 0.487
-0.122915 0.488
-0.122915 0.489
-0.123915 0.49
-0.124915 0.491
-0.125915 0.492
-0.126915 0.493
-0.127915 0.494
-0.128915 0.495
-0.129915 0.496
-0.130915 0.497
-0.131915 0.498
-0.132915 0.499
-0.133915 0.5
-0.134915 0.501
-0.135915 0.502
-0.136915 0.503
-0.137915 0.504
-0.138915 0.505
-0.139915 0.506
-0.140915 0.507
-0.141916 0.508
-0.142916 0.509
-0.143916 0.51
-0.144916 0.511
-0.145916 0.512
-0.146916 0.513
-0.147916 0.514
-0.148916 0.515
-0.149916 0.516
-0.150916 0.517
-0.151916 0.518
-0.152916 0.519
-0.153916 0.52
-0.154916 0.521
-0.155916 0.522
-0.156916 0.523
-0.157916 0.524
-0.158916 0.525
-0.159916 0.526
-0.160916 0.527
-0.161916 0.528
-0.162916 0.529
-0.163916 0.53
-0.164916 0.531
-0.165916 0.532
-0.166916 0.533
-0.167916 0.534
-0.168916 0.535
-0.169916 0.536
-0.170916 0.537
-0.171916 0.538
-0.172916 0.539
-0.173916 0.54
-0.174916 0.541
-0.175916 0.542
-0.176916 0.543
-0.177916 0.544
-0.178917 0.545
-0.179917 0.546
-0.180917 0.547
-0.181917 0.548
-0.182917 0.549
-0.183917 0.55
-0.184917 0.551
-0.185917 0.552
-0.186917 0.553
-0.187917 0.554
-0.188917 0.555
-0.189917 0.556
-0.190917 0.557
-0.191917 0.558
-0.192917 0.559
-0.193917 0.56
-0.194917 0.561
-0.195917 0.562
-0.196917 0.563
-0.197917 0.564
-0.198917 0.565
-0.197917 0.566
-0.196917 0.567
-0.195917 0.568
-0.194917 0.569
-0.193917 0.57
-0.192917 0.571
-0.191917 0.572
-0.190917 0.573
-0.189917 0.574
-0.188917 0.575
-0.187917 0.576
-0.186917 0.577
-0.185917 0.578
-0.184917 0.579
-0.183917 0.58
-0.182917 0.581
-0.181917 0.582
-0.180917 0.583
-0.179917 0.584
-0.178917 0.585
-0.177916 0.586
-0.176916 0.587
-0.175916 0.588
-0.174916 0.589
-0.173916 0.59
-0.172916 0.591
-0.171916 0.592
-0.170916 0.593
-0.169916 0.594
-0.168916 0.595
-0.167916 0.596
-0.166916 0.597
-0.165916 0.598
-0.164916 0.599
-0.163916 0.6
-0.162916 0.601
-0.161916 0.602
-0.160916 0.603
-0.159916 0.604
-0.158916 0.605
-0.157916 0.606
-0.156916 0.607
-0.155916 0.608
-0.154916 0.609
-0.153916 0.61
-0.152916 0.611
-0.151916 0.612
-0.150916 0.613
-0.149916 0.614
-0.148916 0.615
-0.147916 0.616
-0.146916 0.617
-0.145916 0.618
-0.144916 0.619
-0.143916 0.62
-0.142916 0.621
-0.141916 0.622
-0.140915 0.623
-0.139915 0.624
-0.138915 0.625
-0.137915 0.626
-0.136915 0.627
-0.135915 0.628
-0.134915 0.629
-0.133915 0.63
-0.132915 0.631
-0.131915 0.632
-0.130915 0.633
-0.129915 0.634
-0.128915 0.635
-0.127915 0.636
-0.126915 0.637
-0.125915 0.638
-0.124915 0.639
-0.123915 0.64
-0.122915 0.641
-0.121915 0.642
-0.120915 0.643
-0.119915 0.644
-0.118915 0.645
-0.117915 0.646
-0.116915 0.647
-0.115915 0.648
-0.114915 0.649
-0.113915 0.65
-0.112915 0.651
-0.111915 0.652
-0.110915 0.653
-0.109915 0.654
-0.108915 0.655
-0.107915 0.656
-0.106915 0.657
-0.105915 0.658
-0.104914 0.659
-0.103914 0.66
-0.102914 0.661
-0.101914 0.662
-0.100914 0.663
-0.0999144 0.664
-0.0989143 0.665
-0.0979143 0.666
-0.0969143 0.667
-0.0959142 0.668
-0.0949142 0.669
-0.0939142 0.67
-0.0929142 0.671
-0.0919141 0.672
-0.0909141 0.673
-0.0899141 0.674
-0.0889141 0.675
-0.087914 0.676
-0.086914 0.677
-0.085914 0.678
-0.0849139 0.679
-0.0839139 0.68
-0.0829139 0.681
-0.0819139 0.682
-0.0809138 0.683
-0.0799138 0.684
-0.0789138 0.685
-0.0779138 0.686
-0.0769137 0.687
-0.0759137 0.688
-0.0749137 0.689
-0.0739136 0.69
-0.0729136 0.691
-0.0719136 0.692
-0.0709136 0.693
-0.0699135 0.694
-0.0689135 0.695
-0.0679135 0.696
-0.0669135 0.697
-0.0659134 0.698
-0.0649134 0.699
-0.0639134 0.7
-0.0629133 0.701
-0.0619133 0.702
-0.0609133 0.703
-0.0599133 0.704
-0.0589132 0.705
-0.0579132 0.706
-0.0569132 0.707
-0.0559132 0.708
-0.0549131 0.709
-0.0539131 0.71
-0.0529131 0.711
-0.051913 0.712
-0.050913 0.713
-0.049913 0.714
-0.048913 0.715
-0.0479129 0.716
-0.0469129 0.717
-0.0459129 0.718
-0.0449128 0.719
-0.0439128 0.72
-0.0429128 0.721
-0.0419128 0.722
-0.0409127 0.723
-0.0399127 0.724
-0.0389127 0.725
-0.0379127 0.726
-0.0369126 0.727
-0.0359126 0.728
-0.0349126 0.729
-0.0339125 0.73
-0.0329125 0.731
-0.0319125 0.732
-0.0309125 0.733
-0.0299124 0.734
-0.0289124 0.735
-0.0279124 0.736
-0.0269124 0.737
-0.0259123 0.738
-0.0249123 0.739
-0.0239123 0.74
-0.0229122 0.741
-0.0219122 0.742
-0.0209122 0.743
-0.0199122 0.744
-0.0189121 0.745
-0.0179121 0.746
-0.0169121 0.747
-0.0159121 0.748
-0.014912 0.749
-0.013912 0.75
-0.012912 0.751
-0.0119119 0.752
-0.0109119 0.753
-0.00991189 0.754
-0.00891186 0.755
-0.00791184 0.756
-0.00691181 0.757
-0.00591178 0.758
-0.00491175 0.759
-0.00391173 0.76
-0.0029117 0.761
-0.00191167 0.762
-0.000911644 0.763
8.83837e-05 0.764
0.00108841 0.765
0.00208844 0.766
0.00308847 0.767
0.00408849 0.768
0.00508852 0.769
0.00608855 0.77
0.00708858 0.771
0.0080886 0.772
0.00908863 0.773
0.0100887 0.774
0.0110887 0.775
0.0120887 0.776
0.0130887 0.777
0.0140888 0.778
0.0150888 0.779
0.0160888 0.78
0.0170888 0.781
0.0180889 0.782
0.0190889 0.783
0.0200889 0.784
0.021089 0.785
0.022089 0.786
0.023089 0.787
0.024089 0.788
0.0250891 0.789
0.0260891 0.79
0.0270891 0.791
0.0280892 0.792
0.0290892 0.793
0.0300892 0.794
0.0310892 0.795
0.0320893 0.796
0.0330893 0.797
0.0340893 0.798
0.0350893 0.799
0.0360894 0.8
0.0370894 0.801
0.0380894 0.802
0.0390895 0.803
0.0400895 0.804
0.0410895 0.805
0.0420895 0.806
0.0430896 0.807
0.0440896 0.808
0.0450896 0.809
0.0460896 0.81
0.0470897 0.811
0.0480897 0.812
0.0490897 0.813
0.0500898 0.814
0.0510898 0.815
0.0520898 0.816
0.0530898 0.817
0.0540899 0.818
0.0550899 0.819
0.0560899 0.82
0.0570899 0.821
0.05809 0.822
0.05909 0.823
0.06009 0.824
0.0610901 0.825
0.0620901 0.826
0.0630901 0.827
0.0640901 0.828
0.0650902 0.829
0.0660902 0.83
0.0670902 0.831
0.0680902 0.832
0.0690903 0.833
0.0700903 0.834
0.0710903 0.835
0.0720904 0.836
0.0730904 0.837
0.0740904 0.838
0.0750904 0.839
0.0760905 0.84
0.0770905 0.841
0.0780905 0.842
0.0790905 0.843
0.0800906 0.844
0.0810906 0.845
0.0820906 0.846
0.0830907 0.847
0.0840907 0.848
0.0850907 0.849
0.0860907 0.85
0.0870908 0.851
0.0880908 0.852
0.0890908 0.853
0.0900908 0.854
0.0910909 0.855
0.0920909 0.856
0.0930909 0.857
0.094091 0.858
0.095091 0.859
0.096091 0.86
0.097091 0.861
0.0980911 0.862
0.0990911 0.863
0.100091 0.864
0.101091 0.865
0.102091 0.866
0.103091 0.867
0.104091 0.868
0.105091 0.869
0.106091 0.87
0.107091 0.871
0.108091 0.872
0.109091 0.873
0.110091 0.874
0.111091 0.875
0.112091 0.876
0.113091 0.877
0.114092 0.878
0.115092 0.879
0.116092 0.88
0.117092 0.881
0.118092 0.882
0.119092 0.883
0.120092 0.884
0.121092 0.885
0.122092 0.886
0.123092 0.887
0.124092 0.888
0.125092 0.889
0.126092 0.89
0.127092 0.891
0.128092 0.892
0.129092 0.893
0.130092 0.894
0.131092 0.895
0.132092 0.896
0.133092 0.897
0.134092 0.898
0.135092 0.899
0.136092 0.9
0.137092 0.901
0.138092 0.902
0.139092 0.903
0.140092 0.904
0.141092 0.905
0.142092 0.906
0.143092 0.907
0.144092 0.908
0.145092 0.909
0.146092 0.91
0.147092 0.911
0.148092 0.912
0.149092 0.913
0.150092 0.914
0.151093 0.915
0.152093 0.916
0.153093 0.917
0.154093 0.918
0.155093 0.919
0.156093 0.92
0.157093 0.921
0.158093 0.922
0.159093 0.923
0.160093 0.924
0.161093 0.925
0.162093 0.926
0.163093 0.927
0.164093 0.928
0.165093 0.929
0.166093 0.93
0.167093 0.931
0.168093 0.932
0.169093 0.933
0.170093 0.934
0.171093 0.935
0.172093 0.936
0.173093 0.937
0.174093 0.938
0.175093 0.939
0.176093 0.94
0.177093 0.941
0.178093 0.942
0.179093 0.943
0.180093 0.944
0.181093 0.945
0.182093 0.946
0.183093 0.947
0.184093 0.948
0.185093 0.949
0.186093 0.95
0.187094 0.951
0.188094 0.952
0.189094 0.953
0.190094 0.954
0.191094 0.955
0.192094 0.956
0.193094 0.957
0.194094 0.958
0.195094 0.959
0.196094 0.96
0.197094 0.961
0.198094 0.962
0.199094 0.963
0.200094 0.964
0.201094 0.965
0.202094 0.966
0.203094 0.967
0.204094 0.968
0.205094 0.969
0.206094 0.97
0.207094 0.971
0.208094 0.972
0.209094 0.973
0.210094 0.974
0.211094 0.975
0.212094 0.976
0.213094 0.977
0.214094 0.978
0.215094 0.979
0.216094 0.98
0.217094 0.981
0.218094 0.982
0.219094 0.983
0.220094 0.984
0.221094 0.985
0.222094 0.986
0.223094 0.987
0.224095 0.988
0.225095 0.989
0.226095 0.99
0.227095 0.991
0.228095 0.992
0.229095 0.993
0.230095 0.994
0.231095 0.995
0.232095 0.996
0.233095 0.997
0.234095 0.998
0.235095 0.999
0.236095 1


Shark
3.14159 1.5
3.13359 1.4995
3.12559 1.499
3.11759 1.4985
3.10959 1.498
3.10159 1.4975
3.09359 1.497
3.08559 1.4965
3.07759 1.496
3.06959 1.4955
3.06159 1.495
3.05359 1.4945
3.04559 1.494
3.03759 1.4935
3.02959 1.493
3.02159 1.4925
3.01359 1.492
3.00559 1.4915
2.99759 1.491
2.98959 1.4905
2.98159 1.49
2.97359 1.4895
2.96559 1.489
2.95759 1.4885
2.94959 1.488
2.94159 1.4875
2.93359 1.487
2.92559 1.4865
2.91759 1.486
2.90959 1.4855
2.90159 1.485
2.89359 1.4845
2.88559 1.484
2.87759 1.4835
2.86959 1.483
2.86159 1.4825
2.85359 1.482
2.84559 1.4815
2.83759 1.481
2.82959 1.4805
2.82159 1.48
2.81359 1.4795
2.80559 1.479
2.79759 1.4785
2.78959 1.478
2.78159 1.4775
2.77359 1.477
2.76559 1.4765
2.75759 1.476
2.74959 1.4755
2.9043 1.475
2.9123 1.4745
2.9203 1.474
2.9283 1.4735
2.9363 1.473
2.9443 1.4725
2.8569 1.472
2.8489 1.4715
2.89474 1.471
2.90274 1.4705
2.91074 1.47
2.91874 1.4695
2.92674 1.469
2.93474 1.4685
2.94274 1.468
2.95074 1.4675
2.97768 1.467
3.00499 1.4665
3.01299 1.466
3.02099 1.4655
3.04943 1.465
3.07824 1.4645
3.08624 1.464
3.09424 1.4635
3.12419 1.463
3.13219 1.4625
3.14019 1.462
3.1091 1.4615
3.09191 1.461
3.07455 1.4605
3.06337 1.46
3.05213 1.4595
3.04081 1.459
3.02943 1.4585
3.01797 1.458
3.00645 1.4575
2.99485 1.457
3.00652 1.4565
2.99478 1.456
3.00659 1.4555
2.99471 1.455
3.00666 1.4545
3.01869 1.454
3.00659 1.4535
2.99449 1.453
3.00674 1.4525
3.01907 1.452
3.03127 1.4515
3.03927 1.451
3.04727 1.4505
3.05527 1.45
3.06327 1.4495
3.07127 1.449
3.07927 1.4485
3.08727 1.448
3.09527 1.4475
3.10327 1.447
3.11127 1.4465
3.11927 1.446
3.12727 1.4455
3.13527 1.445
3.14327 1.4445
3.15127 1.444
3.15927 1.4435
3.16727 1.443
3.17527 1.4425
3.18327 1.442
3.19127 1.4415
3.19927 1.441
3.20727 1.4405
3.21527 1.44
3.22327 1.4395
3.23127 1.439
3.23927 1.4385
3.24727 1.438
3.25527 1.4375
3.26327 1.437
3.27127 1.4365
3.27927 1.436
3.28727 1.4355
3.29527 1.435
3.30327 1.4345
3.31127 1.434
3.31927 1.4335
3.32727 1.433
3.33527 1.4325
3.34327 1.432
3.35127 1.4315
3.35927 1.431
3.36727 1.4305
3.37527 1.43
3.38327 1.4295
3.39127 1.429
3.39927 1.4285
3.40727 1.428
3.41527 1.4275
3.42327 1.427
3.43127 1.4265
3.43927 1.426
3.44727 1.4255
3.45527 1.425
3.46327 1.4245
3.47127 1.424
3.47927 1.4235
3.48727 1.423
3.49527 1.4225
3.50327 1.422
3.51127 1.4215
3.51927 1.421
3.52727 1.4205
3.53527 1.42
3.54327 1.4195
3.55127 1.419
3.55927 1.4185
3.56727 1.418
3.57527 1.4175
3.58327 1.417
3.59127 1.4165
3.59927 1.416
3.60727 1.4155
3.61527 1.415
3.62327 1.4145
3.63127 1.414
3.63927 1.4135
3.64727 1.413
3.65527 1.4125
3.66327 1.412
3.67127 1.4115
3.67927 1.411
3.68727 1.4105
3.69527 1.41
3.70327 1.4095
3.71127 1.409
3.71927 1.4085
3.72727 1.408
3.73527 1.4075
3.74327 1.407
3.75127 1.4065
3.75927 1.406
3.76727 1.4055
3.77527 1.405
3.78327 1.4045
3.79127 1.404
3.79927 1.4035
3.80727 1.403
3.81527 1.4025
3.82327 1.402
3.83127 1.4015
3.83927 1.401
3.84727 1.4005
3.85527 1.4
3.86327 1.3995
3.87127 1.399
3.87927 1.3985
3.88727 1.398
3.89527 1.3975
3.90327 1.397
3.91127 1.3965
3.91927 1.396
3.92727 1.3955
3.93527 1.395
3.94327 1.3945
3.95127 1.394
3.95927 1.3935
3.96727 1.393
3.97527 1.3925
3.98327 1.392
3.99127 1.3915
3.99927 1.391
4.00727 1.3905
4.01527 1.39
4.02327 1.3895
4.03127 1.389
4.03927 1.3885
4.04727 1.388
4.05527 1.3875
4.06327 1.387
4.07127 1.3865
4.07927 1.386
4.08727 1.3855
4.09527 1.385
4.10327 1.3845
4.11127 1.384
4.11927 1.3835
4.12727 1.383
4.13527 1.3825
4.14327 1.382
4.15127 1.3815
4.15927 1.381
4.16727 1.3805
4.17527 1.38
4.18327 1.3795
4.19127 1.379
4.19927 1.3785
4.20727 1.378
4.21527 1.3775
4.22327 1.377
4.23127 1.3765
4.23927 1.376
4.24727 1.3755
4.25527 1.375
4.26327 1.3745
4.27127 1.374
4.27927 1.3735
4.28727 1.373
4.29527 1.3725
4.30327 1.372
4.31127 1.3715
4.31927 1.371
4.32727 1.3705
4.33527 1.37
4.34327 1.3695
4.35127 1.369
4.35927 1.3685
4.36727 1.368
4.37527 1.3675
4.38327 1.367
4.39127 1.3665
4.39927 1.366
4.40727 1.3655
4.41527 1.365
4.42327 1.3645
4.43127 1.364
4.43927 1.3635
4.44727 1.363
4.45527 1.3625
4.46327 1.362
4.47127 1.3615
4.47927 1.361
4.48727 1.3605
4.49527 1.36
4.50327 1.3595
4.51127 1.359
4.51927 1.3585
4.52727 1.358
4.53527 1.3575
4.54327 1.357
4.55127 1.3565
4.55927 1.356
4.56727 1.3555
4.57527 1.355
4.58327 1.3545
4.59127 1.354
4.59927 1.3535
4.60727 1.353
4.61527 1.3525
4.62327 1.352
4.63127 1.3515
4.63927 1.351
4.64727 1.3505
4.65527 1.35
4.66327 1.3495
4.67127 1.349
4.67927 1.3485
4.68727 1.348
4.69527 1.3475
4.70327 1.347
4.71127 1.3465
4.71927 1.346
4.72727 1.3455
4.73527 1.345
4.74327 1.3445
4.75127 1.344
4.75927 1.3435
4.76727 1.343
4.77527 1.3425
4.78327 1.342
4.79127 1.3415
4.79927 1.341
4.80727 1.3405
4.81527 1.34
4.82327 1.3395
4.83127 1.339
4.83927 1.3385
4.84727 1.338
4.85527 1.3375
4.86327 1.337
4.87127 1.3365
4.87927 1.336
4.88727 1.3355
4.89527 1.335
4.90327 1.3345
4.91127 1.334
4.91927 1.3335
4.92727 1.333
4.93527 1.3325
4.94327 1.332
4.95127 1.3315
4.95927 1.331
4.96727 1.3305
4.97527 1.33
4.98327 1.3295
4.99127 1.329
4.99927 1.3285
5.00727 1.328
5.01527 1.3275
5.02327 1.327
5.03127 1.3265
5.03927 1.326
5.04727 1.3255
5.05527 1.325
5.06327 1.3245
5.07127 1.324
5.07927 1.3235
5.08727 1.323
5.09527 1.3225
5.10327 1.322
5.11127 1.3215
5.11927 1.321
5.12727 1.3205
5.13527 1.32
5.14327 1.3195
5.15127 1.319
5.15927 1.3185
5.16727 1.318
5.17527 1.3175
5.18327 1.317
5.19127 1.3165
5.19927 1.316
5.20727 1.3155
5.21527 1.315
5.22327 1.3145
5.23127 1.314
5.23927 1.3135
5.24727 1.313
5.25527 1.3125
5.26327 1.312
5.27127 1.3115
5.27927 1.311
5.28727 1.3105
5.29527 1.31
5.30327 1.3095
5.31127 1.309
5.31927 1.3085
5.32727 1.308
5.33527 1.3075
5.34327 1.307
5.35127 1.3065
5.35927 1.306
5.36727 1.3055
5.37527 1.305
5.38327 1.3045
5.39127 1.304
5.39927 1.3035
5.40727 1.303
5.41527 1.3025
5.42327 1.302
5.43127 1.3015
5.43927 1.301
5.44727 1.3005
5.45527 1.3
5.46327 1.2995
5.47127 1.299
5.47927 1.2985
5.48727 1.298
5.49527 1.2975
5.50327 1.297
5.51127 1.2965
5.51927 1.296
5.52727 1.2955
5.53527 1.295
5.54327 1.2945
5.55127 1.294
5.55927 1.2935
5.56727 1.293
5.57527 1.2925
5.58327 1.292
5.59127 1.2915
5.59927 1.291
5.60727 1.2905
5.61527 1.29
5.62327 1.2895
5.63127 1.289
5.63927 1.2885
5.64727 1.288
5.65527 1.2875
5.66327 1.287
5.67127 1.2865
5.67927 1.286
5.68727 1.2855
5.69527 1.285
5.70327 1.2845
5.71127 1.284
5.71927 1.2835
5.72727 1.283
5.73527 1.2825
5.74327 1.282
5.75127 1.2815
5.75927 1.281
5.76727 1.2805
5.77527 1.28
5.78327 1.2795
5.79127 1.279
5.79927 1.2785
5.80727 1.278
5.81527 1.2775
5.82327 1.277
5.83127 1.2765
5.83927 1.276
5.84727 1.2755
5.85527 1.275
5.86327 1.2745
5.87127 1.274
5.87927 1.2735
5.88727 1.273
5.89527 1.2725
5.90327 1.272
5.91127 1.2715
5.91927 1.271
5.92727 1.2705
5.93527 1.27
5.94327 1.2695
5.95127 1.269
5.95927 1.2685
5.96727 1.268
5.97527 1.2675
5.98327 1.267
5.99127 1.2665
5.99927 1.266
6.00727 1.2655
6.01527 1.265
6.02327 1.2645
6.03127 1.264
6.03927 1.2635
6.04727 1.263
6.05527 1.2625
6.06327 1.262
6.07127 1.2615
6.07927 1.261
6.08727 1.2605
6.09527 1.26
6.10327 1.2595
6.11127 1.259
6.11927 1.2585
6.12727 1.258
6.13527 1.2575
6.14327 1.257
6.15127 1.2565
6.15927 1.256
6.16027 1.2555
6.15927 1.255
6.15827 1.2545
6.15727 1.254
6.15627 1.2535
6.15527 1.253
6.15427 1.2525
6.15327 1.252
6.15227 1.2515
6.15127 1.251
6.15027 1.2505
6.14927 1.25
6.14827 1.2495
6.14727 1.249
6.14627 1.2485
6.14527 1.248
6.14427 1.2475
6.14327 1.247
6.14227 1.2465
6.14127 1.246
6.14027 1.2455
6.13927 1.245
6.13827 1.2445
6.13727 1.244
6.13627 1.2435
6.13527 1.243
6.13427 1.2425
6.13327 1.242
6.13227 1.2415
6.13127 1.241
6.13027 1.2405
6.12927 1.24
6.12827 1.2395
6.12727 1.239
6.12627 1.2385
6.12527 1.238
6.12427 1.2375
6.12327 1.237
6.12227 1.2365
6.12127 1.236
6.12027 1.2355
6.11927 1.235
6.11827 1.2345
6.11727 1.234
6.11627 1.2335
6.11527 1.233
6.11427 1.2325
6.11327 1.232
6.11227 1.2315
6.11127 1.231
6.11027 1.2305
6.10927 1.23
6.10827 1.2295
6.10727 1.229
6.10627 1.2285
6.10527 1.228
6.10427 1.2275
6.10327 1.227
6.10227 1.2265
6.10127 1.226
6.10027 1.2255
6.09927 1.225
6.09827 1.2245
6.09727 1.224
6.09627 1.2235
6.09527 1.223
6.09427 1.2225
6.09327 1.222
6.09227 1.2215
6.09127 1.221
6.09027 1.2205
6.08927 1.22
6.08827 1.2195
6.08727 1.219
6.08627 1.2185
6.08527 1.218
6.08427 1.2175
6.08527 1.217
6.08627 1.2165
6.08727 1.216
6.08827 1.2155
6.08927 1.215
6.09027 1.2145
6.09127 1.214
6.09227 1.2135
6.09327 1.213
6.09427 1.2125
6.09527 1.212
6.09627 1.2115
6.09727 1.211
6.09827 1.2105
6.09927 1.21
6.10027 1.2095
6.10127 1.209
6.10227 1.2085
6.10327 1.208
6.10427 1.2075
6.10527 1.207
6.10627 1.2065
6.10727 1.206
6.10827 1.2055
6.10927 1.205
6.11027 1.2045
6.11127 1.204
6.11227 1.2035
6.11327 1.203
6.11427 1.2025
6.11527 1.202
6.11627 1.2015
6.11727 1.201
6.11827 1.2005
6.11927 1.2
6.12027 1.1995
6.12127 1.199
6.12227 1.1985
6.12327 1.198
6.12427 1.1975
6.12527 1.197
6.12627 1.1965
6.12727 1.196
6.12827 1.1955
6.12927 1.195
6.13027 1.1945
6.13127 1.194
6.13227 1.1935
6.13327 1.193
6.13427 1.1925
6.13527 1.192
6.13627 1.1915
6.13727 1.191
6.13827 1.1905
6.13927 1.19
6.14027 1.1895
6.14127 1.189
6.14227 1.1885
6.14327 1.188
6.14427 1.1875
6.14527 1.187
6.14627 1.1865
6.14727 1.186
6.14827 1.1855
6.14927 1.185
6.15027 1.1845
6.15127 1.184
6.15227 1.1835
6.15327 1.183
6.15427 1.1825
6.15527 1.182
6.15627 1.1815
6.15727 1.181
6.15827 1.1805
6.15927 1.18
6.16027 1.1795
6.16127 1.179
6.16227 1.1785
6.16327 1.178
6.16427 1.1775
6.16527 1.177
6.16627 1.1765
6.16727 1.176
6.16827 1.1755
6.16927 1.175
6.17027 1.1745
6.17127 1.174
6.17227 1.1735
6.17327 1.173
6.17427 1.1725
6.17527 1.172
6.17627 1.1715
6.17727 1.171
6.17827 1.1705
6.17927 1.17
6.18027 1.1695
6.18127 1.169
6.18227 1.1685
6.18327 1.168
6.18427 1.1675
6.18527 1.167
6.18627 1.1665
6.18727 1.166
6.18827 1.1655
6.18927 1.165
6.19027 1.1645
6.19127 1.164
6.19227 1.1635
6.19327 1.163
6.19427 1.1625
6.19527 1.162
6.19627 1.1615
6.19727 1.161
6.19827 1.1605
6.19927 1.16
6.20027 1.1595
6.20127 1.159
6.20227 1.1585
6.20327 1.158
6.20427 1.1575
6.20527 1.157
6.20627 1.1565
6.20727 1.156
6.20827 1.1555
6.20927 1.155
6.21027 1.1545
6.21127 1.154
6.21227 1.1535
6.21327 1.153
6.21427 1.1525
6.21527 1.152
6.21627 1.1515
6.21727 1.151
6.21827 1.1505
6.21927 1.15
6.22027 1.1495
6.22127 1.149
6.22227 1.1485
6.22327 1.148
6.22427 1.1475
6.22527 1.147
6.22627 1.1465
6.22727 1.146
6.22827 1.1455
6.22927 1.145
6.23027 1.1445
6.23127 1.144
6.23227 1.1435
6.23327 1.143
6.23427 1.1425
6.23527 1.142
6.23627 1.1415
6.23727 1.141
6.23827 1.1405
6.23927 1.14
6.24027 1.1395
6.24127 1.139
6.24227 1.1385
6.24327 1.138
6.24427 1.1375
6.24527 1.137
6.24627 1.1365
6.24727 1.136
6.24827 1.1355
6.24927 1.135
6.25027 1.1345
6.25127 1.134
6.25227 1.1335
6.25327 1.133
6.25427 1.1325
6.25527 1.132
6.25627 1.1315
6.25727 1.131
6.25827 1.1305
6.25927 1.13
6.26027 1.1295
6.26127 1.129
6.26227 1.1285
6.26327 1.128
6.26427 1.1275
6.26527 1.127
6.26627 1.1265
6.26727 1.126
6.26827 1.1255
6.26927 1.125
6.27027 1.1245
6.27127 1.124
6.27227 1.1235
6.27327 1.123
6.27427 1.1225
6.27527 1.122
6.27627 1.1215
6.27727 1.121
6.27827 1.1205
6.27927 1.12
6.28027 1.1195
6.28127 1.119
6.28227 1.1185
6.28327 1.118
6.28427 1.1175
6.28527 1.117
6.28627 1.1165
6.28727 1.116
6.28827 1.1155
6.28927 1.115
6.29027 1.1145
6.29127 1.114
6.29227 1.1135
6.29327 1.113
6.29427 1.1125
6.29527 1.112
6.29627 1.1115
6.29727 1.111
6.29827 1.1105
6.29927 1.11
6.30027 1.1095
6.30127 1.109
6.30227 1.1085
6.30327 1.108
6.30427 1.1075
6.30527 1.107
6.30627 1.1065
6.30727 1.106
6.30827 1.1055
6.30927 1.105
6.31027 1.1045
6.31127 1.104
6.31227 1.1035
6.31327 1.103
6.31427 1.1025
6.31527 1.102
6.31627 1.1015
6.31727 1.101
6.31827 1.1005
6.31927 1.1
6.32027 1.0995
6.32127 1.099
6.32227 1.0985
6.32327 1.098
6.32427 1.0975
6.32527 1.097
6.32627 1.0965
6.32727 1.096
6.32827 1.0955
6.32927 1.095
6.33027 1.0945
6.33128 1.094
6.33228 1.0935
6.33328 1.093
6.33428 1.0925
6.33528 1.092
6.33628 1.0915
6.33728 1.091
6.33828 1.0905
6.33928 1.09
6.34028 1.0895
6.34128 1.089
6.34228 1.0885
6.34328 1.088
6.34428 1.0875
6.34528 1.087
6.34628 1.0865
6.34728 1.086
6.34828 1.0855
6.34928 1.085
6.35028 1.0845
6.35128 1.084
6.35228 1.0835
6.35328 1.083
6.35428 1.0825
6.35528 1.082
6.35628 1.0815
6.35728 1.081
6.35828 1.0805
6.35928 1.08
6.36028 1.0795
6.36128 1.079
6.36228 1.0785
6.36328 1.078
6.36428 1.0775
6.36528 1.077
6.36628 1.0765
6.36728 1.076
6.36828 1.0755
6.36928 1.075
6.37028 1.0745
6.37128 1.074
6.37228 1.0735
6.37328 1.073
6.37428 1.0725
6.37528 1.072
6.37628 1.0715
6.37728 1.071
6.37828 1.0705
6.37928 1.07
6.38028 1.0695
6.38128 1.069
6.38228 1.0685
6.38328 1.068
6.38428 1.0675
6.38528 1.067
6.38628 1.0665
6.38728 1.066
6.38828 1.0655
6.38928 1.065
6.39028 1.0645
6.39128 1.064
6.39228 1.0635
6.39328 1.063
6.39428 1.0625
6.39528 1.062
6.39628 1.0615
6.39728 1.061
6.39828 1.0605
6.39928 1.06
6.40028 1.0595
6.40128 1.059
6.40228 1.0585
6.40328 1.058
6.40428 1.0575
6.40528 1.057
6.40628 1.0565
6.40728 1.056
6.40828 1.0555
6.40928 1.055
6.41028 1.0545
6.41128 1.054
6.41228 1.0535
6.41328 1.053
6.41428 1.0525
6.41528 1.052
6.41628 1.0515
6.41728 1.051
6.41828 1.0505
6.41928 1.05
6.42028 1.0495
6.42128 1.049
6.42228 1.0485
6.42328 1.048
6.42428 1.0475
6.42528 1.047
6.42628 1.0465
6.42728 1.046
6.42828 1.0455
6.42928 1.045
6.43028 1.0445
6.43128 1.044
6.43228 1.0435
6.43328 1.043
6.43428 1.0425
6.43528 1.042
6.43628 1.0415
6.43728 1.041
6.43828 1.0405
6.43928 1.04
6.44028 1.0395
6.44128 1.039
6.44228 1.0385
6.44328 1.038
6.44428 1.0375
6.44528 1.037
6.44628 1.0365
6.44728 1.036
6.44828 1.0355
6.44928 1.035
6.45028 1.0345
6.45128 1.034
6.45228 1.0335
6.45328 1.033
6.45428 1.0325
6.45528 1.032
6.45628 1.0315
6.45728 1.031
6.45828 1.0305
6.45928 1.03
6.46028 1.0295
6.46128 1.029
6.46228 1.0285
6.46328 1.028
6.46428 1.0275
6.46528 1.027
6.46628 1.0265
6.46728 1.026
6.46828 1.0255
6.46928 1.025
6.47028 1.0245
6.47128 1.024
6.47228 1.0235
6.47328 1.023
6.47428 1.0225
6.47528 1.022
6.47628 1.0215
6.47728 1.021
6.47828 1.0205
6.47928 1.02
6.48028 1.0195
6.48128 1.019
6.48228 1.0185
6.48328 1.018
6.48428 1.0175
6.48528 1.017
6.48628 1.0165
6.48728 1.016
6.48828 1.0155
6.48928 1.015
6.49028 1.0145
6.49128 1.014
6.49228 1.0135
6.49328 1.013
6.49428 1.0125
6.49528 1.012
6.49628 1.0115
6.49728 1.011
6.49828 1.0105
6.49928 1.01
6.50028 1.0095
6.50128 1.009
6.50228 1.0085
6.50328 1.008
6.50428 1.0075
6.50528 1.007
6.50628 1.0065
6.50728 1.006
6.50828 1.0055
6.50928 1.005
6.51028 1.0045
6.51128 1.004
6.51228 1.0035
6.51328 1.003
6.51428 1.0025
6.51528 1.002
6.51628 1.0015
6.51728 1.001
6.51828 1.0005
6.51928 1
