Man
0 0
0 0.001
0 0.002
0 0.003
0 0.004
0 0.005
0 0.006
0 0.007
0 0.008
0 0.009
0 0.01
0 0.011
0 0.012
0 0.013
0 0.014
0 0.015
0 0.016
0 0.017
0 0.018
0 0.019
0 0.02
0 0.021
0 0.022
0 0.023
0 0.024
0 0.025
0 0.026
0 0.027
0 0.028
0 0.029
0 0.03
0 0.031
0 0.032
0 0.033
0 0.034
0 0.035
0 0.036
0 0.037
0 0.038
0 0.039
0 0.04
0 0.041
0 0.042
0 0.043
0 0.044
0 0.045
0 0.046
0 0.047
0 0.048
0 0.049
0 0.05
0 0.051
0 0.052
0 0.053
0 0.054
0 0.055
0 0.056
0 0.057
0 0.058
0 0.059
0 0.06
0 0.061
0 0.062
0 0.063
0 0.064
0 0.065
0 0.066
0 0.067
0 0.068
0 0.069
0 0.07
0 0.071
0 0.072
0 0.073
0 0.074
0 0.075
0 0.076
0 0.077
0 0.078
0 0.079
0 0.08
0 0.081
0 0.082
0 0.083
0 0.084
0 0.085
0 0.086
0 0.087
0 0.088
0 0.089
0 0.09
0 0.091
0 0.092
0 0.093
0 0.094
0 0.095
0 0.096
0 0.097
0 0.098
0 0.099
0 0.1
0 0.101
0 0.102
0 0.103
0 0.104
0 0.105
0 0.106
0 0.107
0 0.108
0 0.109
0 0.11
0 0.111
0 0.112
0 0.113
0 0.114
0 0.115
0 0.116
0 0.117
0 0.118
-0.471239 0.119
-0.640885 0.12
-0.6816 0.121
-0.742673 0.122
-0.779316 0.123
-0.779316 0.124
-0.779316 0.125
-0.840389 0.126
-0.877032 0.127
-0.877032 0.128
-0.877032 0.129
-0.883818 0.13
-0.883818 0.131
-0.883818 0.132
-0.883818 0.133
-0.883818 0.134
-0.908247 0.135
-0.932676 0.136
-0.932676 0.137
-0.932676 0.138
-0.932676 0.139
-0.96932 0.14
-0.96932 0.141
-0.991306 0.142
-0.991306 0.143
-0.991306 0.144
-1.00596 0.145
-1.00596 0.146
-1.00596 0.147
-1.00596 0.148
-1.00596 0.149
-1.02062 0.15
-1.04261 0.151
-1.04261 0.152
-1.04261 0.153
-1.06459 0.154
-1.06459 0.155
-1.06459 0.156
-1.08658 0.157
-1.08658 0.158
-1.08658 0.159
-1.10857 0.16
-1.13055 0.161
-1.13055 0.162
-1.13055 0.163
-1.15254 0.164
-1.16045 0.165
-1.16837 0.166
-1.17628 0.167
-1.1842 0.168
-1.19211 0.169
-1.20003 0.17
-1.20794 0.171
-1.21586 0.172
-1.20794 0.173
-1.21586 0.174
-1.20794 0.175
-1.21586 0.176
-1.20794 0.177
-1.21586 0.178
-1.20794 0.179
-1.21586 0.18
-1.20794 0.181
-1.21586 0.182
-1.20794 0.183
-1.21586 0.184
-1.20794 0.185
-1.21586 0.186
-1.20794 0.187
-1.21586 0.188
-1.20794 0.189
-1.21586 0.19
-1.20794 0.191
-1.21586 0.192
-1.20794 0.193
-1.21586 0.194
-1.20794 0.195
-1.21586 0.196
-1.20794 0.197
-1.21586 0.198
-1.20794 0.199
-1.21586 0.2
-1.20794 0.201
-1.21586 0.202
-1.20794 0.203
-1.21586 0.204
-1.20794 0.205
-1.21586 0.206
-1.20794 0.207
-1.21559 0.208
-1.2235 0.209
-1.21637 0.21
-1.20845 0.211
-1.21549 0.212
-1.2234 0.213
-1.2168 0.214
-1.2106 0.215
-1.2106 0.216
-1.2106 0.217
-1.2106 0.218
-1.2106 0.219
-1.2106 0.22
-1.2106 0.221
-1.2106 0.222
-1.2106 0.223
-1.2106 0.224
-1.2106 0.225
-1.2106 0.226
-1.2106 0.227
-1.2106 0.228
-1.2106 0.229
-1.2106 0.23
-1.2106 0.231
-1.2106 0.232
-1.2106 0.233
-1.2106 0.234
-1.2106 0.235
-1.2106 0.236
-1.2106 0.237
-1.2106 0.238
-1.2106 0.239
-1.2106 0.24
-1.2106 0.241
-1.2106 0.242
-1.2106 0.243
-1.2106 0.244
-1.2106 0.245
-1.2106 0.246
-1.2106 0.247
-1.2106 0.248
-1.2106 0.249
-1.2106 0.25
-1.2106 0.251
-1.2106 0.252
-1.2106 0.253
-1.2106 0.254
-1.2106 0.255
-1.2106 0.256
-1.2106 0.257
-1.2106 0.258
-1.2106 0.259
-1.2106 0.26
-1.2106 0.261
-1.2106 0.262
-1.2106 0.263
-1.2106 0.264
-1.2106 0.265
-1.2106 0.266
-1.2106 0.267
-1.2106 0.268
-1.2106 0.269
-1.2106 0.27
-1.2106 0.271
-1.2106 0.272
-1.2106 0.273
-1.2106 0.274
-1.2106 0.275
-1.2106 0.276
-1.2106 0.277
-1.2106 0.278
-1.2106 0.279
-1.2106 0.28
-1.2106 0.281
-1.2106 0.282
-1.2106 0.283
-1.2106 0.284
-1.2106 0.285
-1.2106 0.286
-1.2106 0.287
-1.2106 0.288
-1.2106 0.289
-1.2106 0.29
-1.2106 0.291
-1.2106 0.292
-1.2106 0.293
-1.2106 0.294
-1.2106 0.295
-1.2106 0.296
-1.2106 0.297
-1.2106 0.298
-1.2106 0.299
-1.2106 0.3
-1.2106 0.301
-1.2106 0.302
-1.2106 0.303
-1.2106 0.304
-1.2106 0.305
-1.2106 0.306
-1.2106 0.307
-1.2106 0.308
-1.2106 0.309
-1.2106 0.31
-1.2106 0.311
-1.2106 0.312
-1.2106 0.313
-1.2106 0.314
-1.2106 0.315
-1.2106 0.316
-1.2106 0.317
-1.2106 0.318
-1.2106 0.319
-1.2106 0.32
-1.2106 0.321
-1.2106 0.322
-1.2106 0.323
-1.2106 0.324
-1.2106 0.325
-1.2106 0.326
-1.2106 0.327
-1.2106 0.328
-1.2106 0.329
-1.2106 0.33
-1.2106 0.331
-1.2106 0.332
-1.2106 0.333
-1.2106 0.334
-1.2106 0.335
-1.2106 0.336
-1.2106 0.337
-1.2106 0.338
-1.2106 0.339
-1.2106 0.34
-1.2106 0.341
-1.2106 0.342
-1.2106 0.343
-1.2106 0.344
-1.2106 0.345
-1.2106 0.346
-1.2106 0.347
-1.2106 0.348
-1.2106 0.349
-1.2106 0.35
-1.2106 0.351
-1.2106 0.352
-1.2106 0.353
-1.2106 0.354
-1.2106 0.355
-1.2106 0.356
-1.2106 0.357
-1.2106 0.358
-1.2106 0.359
-1.2106 0.36
-1.2106 0.361
-1.2106 0.362
-1.2106 0.363
-1.2106 0.364
-1.2106 0.365
-1.2106 0.366
-1.2106 0.367
-1.2106 0.368
-1.2106 0.369
-1.2106 0.37
-1.2106 0.371
-1.2106 0.372
-1.2106 0.373
-1.2106 0.374
-1.2106 0.375
-1.2106 0.376
-1.2106 0.377
-1.2106 0.378
-1.2106 0.379
-1.2106 0.38
-1.2106 0.381
-1.2106 0.382
-1.2106 0.383
-1.2106 0.384
-1.2106 0.385
-1.2106 0.386
-1.2106 0.387
-1.2106 0.388
-1.2106 0.389
-1.2106 0.39
-1.2106 0.391
-1.2106 0.392
-1.2106 0.393
-1.2106 0.394
-1.2106 0.395
-1.2106 0.396
-1.2106 0.397
-1.2106 0.398
-1.2106 0.399
-1.2106 0.4
-1.2106 0.401
-1.2106 0.402
-1.2106 0.403
-1.2106 0.404
-1.2106 0.405
-1.2106 0.406
-1.2106 0.407
-1.2106 0.408
-1.2106 0.409
-1.2106 0.41
-1.2106 0.411
-1.2106 0.412
-1.2106 0.413
-1.2106 0.414
-1.2106 0.415
-1.2106 0.416
-1.2106 0.417
-1.2106 0.418
-1.2106 0.419
-1.2106 0.42
-1.2106 0.421
-1.2106 0.422
-1.2106 0.423
-1.2106 0.424
-1.2106 0.425
-1.2106 0.426
-1.2106 0.427
-1.2106 0.428
-1.2106 0.429
-1.2106 0.43
-1.2106 0.431
-1.2106 0.432
-1.2106 0.433
-1.2106 0.434
-1.2106 0.435
-1.2106 0.436
-1.2106 0.437
-1.2106 0.438
-1.2106 0.439
-1.2106 0.44
-1.2106 0.441
-1.2106 0.442
-1.2106 0.443
-1.2106 0.444
-1.2106 0.445
-1.2106 0.446
-1.2106 0.447
-1.2106 0.448
-1.2106 0.449
-1.2106 0.45
-1.2106 0.451
-1.2106 0.452
-1.2106 0.453
-1.2106 0.454
-1.2106 0.455
-1.2106 0.456
-1.2106 0.457
-1.2106 0.458
-1.2106 0.459
-1.2106 0.46
-1.2106 0.461
-1.2106 0.462
-1.2106 0.463
-1.2106 0.464
-1.2106 0.465
-1.2106 0.466
-1.2106 0.467
-1.2106 0.468
-1.2106 0.469
-1.2106 0.47
-1.2106 0.471
-1.2106 0.472
-1.2106 0.473
-1.2106 0.474
-1.2106 0.475
-1.2106 0.476
-1.2106 0.477
-1.2106 0.478
-1.2106 0.479
-1.2106 0.48
-1.2106 0.481
-1.2106 0.482
-1.2106 0.483
-1.2106 0.484
-1.2106 0.485
-1.2106 0.486
-1.2106 0.487
-1.2106 0.488
-1.2106 0.489
-1.2106 0.49
-1.2106 0.491
-1.2106 0.492
-1.2106 0.493
-1.2106 0.494
-1.2106 0.495
-1.2106 0.496
-1.2106 0.497
-1.2106 0.498
-1.2106 0.499
-1.2106 0.5
-1.2106 0.501
-1.2106 0.502
-1.2106 0.503
-1.2106 0.504
-1.2106 0.505
-1.2106 0.506
-1.2106 0.507
-1.2106 0.508
-1.2106 0.509
-1.2106 0.51
-1.2106 0.511
-1.2106 0.512
-1.2106 0.513
-1.2106 0.514
-1.2106 0.515
-1.2106 0.516
-1.2106 0.517
-1.2106 0.518
-1.2106 0.519
-1.2106 0.52
-1.2106 0.521
-1.2106 0.522
-1.2106 0.523
-1.2106 0.524
-1.2106 0.525
-1.2106 0.526
-1.2106 0.527
-1.2106 0.528
-1.2106 0.529
-1.2106 0.53
-1.2106 0.531
-1.2106 0.532
-1.2106 0.533
-1.2106 0.534
-1.2106 0.535
-1.2106 0.536
-1.2106 0.537
-1.2106 0.538
-1.2106 0.539
-1.2106 0.54
-1.2106 0.541
-1.2106 0.542
-1.2106 0.543
-1.2106 0.544
-1.2106 0.545
-1.2106 0.546
-1.2106 0.547
-1.2106 0.548
-1.2106 0.549
-1.2106 0.55
-1.2106 0.551
-1.2106 0.552
-1.2106 0.553
-1.2106 0.554
-1.2106 0.555
-1.2106 0.556
-1.2106 0.557
-1.2106 0.558
-1.2106 0.559
-1.2106 0.56
-1.2106 0.561
-1.2106 0.562
-1.2106 0.563
-1.2106 0.564
-1.2106 0.565
-1.2106 0.566
-1.2106 0.567
-1.2106 0.568
-1.2106 0.569
-1.2106 0.57
-1.2106 0.571
-1.2106 0.572
-1.2106 0.573
-1.2106 0.574
-1.2106 0.575
-1.2106 0.576
-1.2106 0.577
-1.2106 0.578
-1.2106 0.579
-1.2106 0.58
-1.2106 0.581
-1.2106 0.582
-1.2106 0.583
-1.2106 0.584
-1.2106 0.585
-1.2106 0.586
-1.2106 0.587
-1.2106 0.588
-1.2106 0.589
-1.2106 0.59
-1.2106 0.591
-1.2106 0.592
-1.2106 0.593
-1.2106 0.594
-1.2106 0.595
-1.2106 0.596
-1.2106 0.597
-1.2106 0.598
-1.2106 0.599
-1.2106 0.6
-1.2106 0.601
-1.2106 0.602
-1.2106 0.603
-1.2106 0.604
-1.2106 0.605
-1.2106 0.606
-1.2106 0.607
-1.2106 0.608
-1.2106 0.609
-1.2106 0.61
-1.2106 0.611
-1.2106 0.612
-1.2106 0.613
-1.2106 0.614
-1.2106 0.615
-1.2106 0.616
-1.2106 0.617
-1.2106 0.618
-1.2106 0.619
-1.2106 0.62
-1.2106 0.621
-1.2106 0.622
-1.2106 0.623
-1.2106 0.624
-1.2106 0.625
-1.2106 0.626
-1.2106 0.627
-1.2106 0.628
-1.2106 0.629
-1.2106 0.63
-1.2106 0.631
-1.2106 0.632
-1.2106 0.633
-1.2106 0.634
-1.2106 0.635
-1.2106 0.636
-1.2106 0.637
-1.2106 0.638
-1.2106 0.639
-1.2106 0.64
-1.2106 0.641
-1.2106 0.642
-1.2106 0.643
-1.2106 0.644
-1.2106 0.645
-1.2106 0.646
-1.2106 0.647
-1.2106 0.648
-1.2106 0.649
-1.2106 0.65
-1.2106 0.651
-1.2106 0.652
-1.2106 0.653
-1.2106 0.654
-1.2106 0.655
-1.2106 0.656
-1.2106 0.657
-1.2106 0.658
-1.2106 0.659
-1.2106 0.66
-1.2106 0.661
-1.2106 0.662
-1.2106 0.663
-1.2106 0.664
-1.2106 0.665
-1.2106 0.666
-1.2106 0.667
-1.2106 0.668
-1.2106 0.669
-1.2106 0.67
-1.2106 0.671
-1.2106 0.672
-1.2106 0.673
-1.2106 0.674
-1.2106 0.675
-1.2106 0.676
-1.2106 0.677
-1.2106 0.678
-1.2106 0.679
-1.2106 0.68
-1.2106 0.681
-1.2106 0.682
-1.2106 0.683
-1.2106 0.684
-1.2106 0.685
-1.2106 0.686
-1.2106 0.687
-1.2106 0.688
-1.2106 0.689
-1.2106 0.69
-1.2106 0.691
-1.2106 0.692
-1.2106 0.693
-1.2106 0.694
-1.2106 0.695
-1.2106 0.696
-1.2106 0.697
-1.2106 0.698
-1.2106 0.699
-1.2106 0.7
-1.2106 0.701
-1.2106 0.702
-1.2106 0.703
-1.2106 0.704
-1.2106 0.705
-1.2106 0.706
-1.2106 0.707
-1.2106 0.708
-1.2106 0.709
-1.2106 0.71
-1.2106 0.711
-1.2106 0.712
-1.2106 0.713
-1.2106 0.714
-1.2106 0.715
-1.2106 0.716
-1.2106 0.717
-1.2106 0.718
-1.2106 0.719
-1.2106 0.72
-1.2106 0.721
-1.2106 0.722
-1.2106 0.723
-1.2106 0.724
-1.2106 0.725
-1.2106 0.726
-1.2106 0.727
-1.2106 0.728
-1.2106 0.729
-1.2106 0.73
-1.2106 0.731
-1.2106 0.732
-1.2106 0.733
-1.2106 0.734
-1.2106 0.735
-1.2106 0.736
-1.2106 0.737
-1.2106 0.738
-1.2106 0.739
-1.2106 0.74
-1.2106 0.741
-1.2106 0.742
-1.2106 0.743
-1.2106 0.744
-1.2106 0.745
-1.2106 0.746
-1.2106 0.747
-1.2106 0.748
-1.2106 0.749
-1.2106 0.75
-1.2106 0.751
-1.2106 0.752
-1.2106 0.753
-1.2106 0.754
-1.2106 0.755
-1.2106 0.756
-1.2106 0.757
-1.2106 0.758
-1.2106 0.759
-1.2106 0.76
-1.2106 0.761
-1.2106 0.762
-1.2106 0.763
-1.2106 0.764
-1.2106 0.765
-1.2106 0.766
-1.2106 0.767
-1.2106 0.768
-1.2106 0.769
-1.2106 0.77
-1.2106 0.771
-1.2106 0.772
-1.2106 0.773
-1.2106 0.774
-1.2106 0.775
-1.2106 0.776
-1.2106 0.777
-1.2106 0.778
-1.2106 0.779
-1.2106 0.78
-1.2106 0.781
-1.2106 0.782
-1.2106 0.783
-1.2106 0.784
-1.2106 0.785
-1.2106 0.786
-1.2106 0.787
-1.2106 0.788
-1.2106 0.789
-1.2106 0.79
-1.2106 0.791
-1.2106 0.792
-1.2106 0.793
-1.2106 0.794
-1.2106 0.795
-1.2106 0.796
-1.2106 0.797
-1.2106 0.798
-1.2106 0.799
-1.2106 0.8
-1.2106 0.801
-1.2106 0.802
-1.2106 0.803
-1.2106 0.804
-1.2106 0.805
-1.2106 0.806
-1.2106 0.807
-1.2106 0.808
-1.2106 0.809
-1.2106 0.81
-1.2106 0.811
-1.2106 0.812
-1.2106 0.813
-1.2106 0.814
-1.2106 0.815
-1.2106 0.816
-1.2106 0.817
-1.2106 0.818
-1.2106 0.819
-1.2106 0.82
-1.2106 0.821
-1.2106 0.822
-1.2106 0.823
-1.2106 0.824
-1.2106 0.825
-1.2106 0.826
-1.2106 0.827
-1.2106 0.828
-1.2106 0.829
-1.2106 0.83
-1.2106 0.831
-1.2106 0.832
-1.2106 0.833
-1.2106 0.834
-1.2106 0.835
-1.2106 0.836
-1.2106 0.837
-1.2106 0.838
-1.2106 0.839
-1.2106 0.84
-1.2106 0.841
-1.2106 0.842
-1.2106 0.843
-1.2106 0.844
-1.2106 0.845
-1.2106 0.846
-1.2106 0.847
-1.2106 0.848
-1.2106 0.849
-1.2106 0.85
-1.2106 0.851
-1.2106 0.852
-1.2106 0.853
-1.2106 0.854
-1.2106 0.855
-1.2106 0.856
-1.2106 0.857
-1.2106 0.858
-1.2106 0.859
-1.2106 0.86
-1.2106 0.861
-1.2106 0.862
-1.2106 0.863
-1.2106 0.864
-1.2106 0.865
-1.2106 0.866
-1.2106 0.867
-1.2106 0.868
-1.2106 0.869
-1.2106 0.87
-1.2106 0.871
-1.2106 0.872
-1.2106 0.873
-1.2106 0.874
-1.2106 0.875
-1.2106 0.876
-1.2106 0.877
-1.2106 0.878
-1.2106 0.879
-1.2106 0.88
-1.2106 0.881
-1.2106 0.882
-1.2106 0.883
-1.2106 0.884
-1.2106 0.885
-1.2106 0.886
-1.2106 0.887
-1.2106 0.888
-1.2106 0.889
-1.2106 0.89
-1.2106 0.891
-1.2106 0.892
-1.2106 0.893
-1.2106 0.894
-1.2106 0.895
-1.2106 0.896
-1.2106 0.897
-1.2106 0.898
-1.2106 0.899
-1.2106 0.9
-1.2106 0.901
-1.2106 0.902
-1.2106 0.903
-1.2106 0.904
-1.2106 0.905
-1.2106 0.906
-1.2106 0.907
-1.2106 0.908
-1.2106 0.909
-1.2106 0.91
-1.2106 0.911
-1.2106 0.912
-1.2106 0.913
-1.2106 0.914
-1.2106 0.915
-1.2106 0.916
-1.2106 0.917
-1.2106 0.918
-1.2106 0.919
-1.2106 0.92
-1.2106 0.921
-1.2106 0.922
-1.2106 0.923
-1.2106 0.924
-1.2106 0.925
-1.2106 0.926
-1.2106 0.927
-1.2106 0.928
-1.2106 0.929
-1.2106 0.93
-1.2106 0.931
-1.2106 0.932
-1.2106 0.933
-1.2106 0.934
-1.2106 0.935
-1.2106 0.936
-1.2106 0.937
-1.2106 0.938
-1.2106 0.939
-1.2106 0.94
-1.2106 0.941
-1.2106 0.942
-1.2106 0.943
-1.2106 0.944
-1.2106 0.945
-1.2106 0.946
-1.2106 0.947
-1.2106 0.948
-1.2106 0.949
-1.2106 0.95
-1.2106 0.951
-1.2106 0.952
-1.2106 0.953
-1.2106 0.954
-1.2106 0.955
-1.2106 0.956
-1.2106 0.957
-1.2106 0.958
-1.2106 0.959
-1.2106 0.96
-1.2106 0.961
-1.2106 0.962
-1.2106 0.963
-1.2106 0.964
-1.2106 0.965
-1.2106 0.966
-1.2106 0.967
-1.2106 0.968
-1.2106 0.969
-1.2106 0.97
-1.2106 0.971
-1.2106 0.972
-1.2106 0.973
-1.2106 0.974
-1.2106 0.975
-1.2106 0.976
-1.2106 0.977
-1.2106 0.978
-1.2106 0.979
-1.2106 0.98
-1.2106 0.981
-1.2106 0.982
-1.2106 0.983
-1.2106 0.984
-1.2106 0.985
-1.2106 0.986
-1.2106 0.987
-1.2106 0.988
-1.2106 0.989
-1.2106 0.99
-1.2106 0.991
-1.2106 0.992
-1.2106 0.993
-1.2106 0.994
-1.2106 0.995
-1.2106 0.996
-1.2106 0.997
-1.2106 0.998
-1.2106 0.999
-1.2096 1


Shark
3.14159 1.5
3.13759 1.4995
3.13359 1.499
3.12959 1.4985
3.12559 1.498
3.12159 1.4975
3.11759 1.497
3.11359 1.4965
3.10959 1.496
3.10559 1.4955
3.10159 1.495
3.09759 1.4945
3.09359 1.494
3.08959 1.4935
3.08559 1.493
3.08159 1.4925
3.07759 1.492
3.07359 1.4915
3.06959 1.491
3.06559 1.4905
3.06159 1.49
3.05759 1.4895
3.05359 1.489
3.04959 1.4885
3.04559 1.488
3.04159 1.4875
3.03759 1.487
3.03359 1.4865
3.02959 1.486
3.02559 1.4855
3.02159 1.485
3.01759 1.4845
3.01359 1.484
3.00959 1.4835
3.00559 1.483
3.00159 1.4825
2.99759 1.482
2.99359 1.4815
2.98959 1.481
2.98559 1.4805
2.98159 1.48
2.97759 1.4795
2.97359 1.479
2.96959 1.4785
2.96559 1.478
2.96159 1.4775
2.95759 1.477
2.95359 1.4765
2.94959 1.476
2.94559 1.4755
2.94159 1.475
2.93759 1.4745
2.93359 1.474
2.92959 1.4735
2.92559 1.473
2.92159 1.4725
2.91759 1.472
2.91359 1.4715
2.90959 1.471
2.90559 1.4705
2.90159 1.47
2.89759 1.4695
2.89359 1.469
2.88959 1.4685
2.88559 1.468
2.88159 1.4675
2.87759 1.467
2.87359 1.4665
2.86959 1.466
2.86559 1.4655
2.86159 1.465
2.85759 1.4645
2.85359 1.464
2.84959 1.4635
2.84559 1.463
2.84159 1.4625
2.83759 1.462
2.83359 1.4615
2.82959 1.461
2.82559 1.4605
2.82159 1.46
2.81759 1.4595
2.81359 1.459
2.80959 1.4585
2.80559 1.458
2.80159 1.4575
2.79759 1.457
2.79359 1.4565
2.78959 1.456
2.78559 1.4555
2.78159 1.455
2.77759 1.4545
2.77359 1.454
2.76959 1.4535
2.76559 1.453
2.76159 1.4525
2.75759 1.452
2.75359 1.4515
2.74959 1.451
2.74559 1.4505
2.74159 1.45
2.73759 1.4495
2.73359 1.449
2.72959 1.4485
2.72559 1.448
2.72159 1.4475
2.71759 1.447
2.71359 1.4465
2.70959 1.446
2.70559 1.4455
2.70159 1.445
2.69759 1.4445
2.69359 1.444
2.68959 1.4435
2.68559 1.443
2.68159 1.4425
2.67759 1.442
2.67359 1.4415
2.66959 1.441
2.44825 1.4405
2.36716 1.44
2.34713 1.4395
2.31719 1.439
2.29879 1.4385
2.29479 1.438
2.29079 1.4375
2.25988 1.437
2.24091 1.4365
2.23691 1.436
2.23291 1.4355
2.22759 1.435
2.22359 1.4345
2.21959 1.434
2.21559 1.4335
2.21159 1.433
2.19785 1.4325
2.18402 1.432
2.18002 1.4315
2.17602 1.431
2.17202 1.4305
2.15119 1.43
2.14719 1.4295
2.13412 1.429
2.13012 1.4285
2.12612 1.428
2.11675 1.4275
2.11275 1.427
2.10875 1.4265
2.10475 1.426
2.10075 1.4255
2.09111 1.425
2.07729 1.4245
2.07329 1.424
2.06929 1.4235
2.05521 1.423
2.05121 1.4225
2.04721 1.422
2.03287 1.4215
2.02887 1.421
2.02487 1.4205
2.01029 1.42
1.99562 1.4195
1.99162 1.419
1.98762 1.4185
1.97269 1.418
1.96613 1.4175
1.95953 1.417
1.95292 1.4165
1.94628 1.416
1.93961 1.4155
1.93291 1.415
1.9262 1.4145
1.93294 1.414
1.92617 1.4135
1.93297 1.413
1.92614 1.4125
1.93299 1.412
1.92612 1.4115
1.93302 1.411
1.92609 1.4105
1.93304 1.41
1.92607 1.4095
1.93307 1.409
1.92604 1.4085
1.93309 1.408
1.92602 1.4075
1.93312 1.407
1.92599 1.4065
1.93315 1.406
1.92596 1.4055
1.93317 1.405
1.92594 1.4045
1.9332 1.404
1.92591 1.4035
1.93323 1.403
1.92588 1.4025
1.93325 1.402
1.92586 1.4015
1.93328 1.401
1.92583 1.4005
1.93331 1.4
1.9258 1.3995
1.93333 1.399
1.92578 1.3985
1.93336 1.398
1.92575 1.3975
1.93339 1.397
1.92572 1.3965
1.91822 1.396
1.92594 1.3955
1.93313 1.395
1.92536 1.3945
1.91819 1.394
1.92602 1.3935
1.93293 1.393
1.93959 1.3925
1.94359 1.392
1.94759 1.3915
1.95159 1.391
1.95559 1.3905
1.95959 1.39
1.96359 1.3895
1.96759 1.389
1.97159 1.3885
1.97559 1.388
1.97959 1.3875
1.98359 1.387
1.98759 1.3865
1.99159 1.386
1.99559 1.3855
1.99959 1.385
2.00359 1.3845
2.00759 1.384
2.01159 1.3835
2.01559 1.383
2.01959 1.3825
2.02359 1.382
2.02759 1.3815
2.03159 1.381
2.03559 1.3805
2.03959 1.38
2.04359 1.3795
2.04759 1.379
2.05159 1.3785
2.05559 1.378
2.05959 1.3775
2.06359 1.377
2.06759 1.3765
2.07159 1.376
2.07559 1.3755
2.07959 1.375
2.08359 1.3745
2.08759 1.374
2.09159 1.3735
2.09559 1.373
2.09959 1.3725
2.10359 1.372
2.10759 1.3715
2.11159 1.371
2.11559 1.3705
2.11959 1.37
2.12359 1.3695
2.12759 1.369
2.13159 1.3685
2.13559 1.368
2.13959 1.3675
2.14359 1.367
2.14759 1.3665
2.15159 1.366
2.15559 1.3655
2.15959 1.365
2.16359 1.3645
2.16759 1.364
2.17159 1.3635
2.17559 1.363
2.17959 1.3625
2.18359 1.362
2.18759 1.3615
2.19159 1.361
2.19559 1.3605
2.19959 1.36
2.20359 1.3595
2.20759 1.359
2.21159 1.3585
2.21559 1.358
2.21959 1.3575
2.22359 1.357
2.22759 1.3565
2.23159 1.356
2.23559 1.3555
2.23959 1.355
2.24359 1.3545
2.24759 1.354
2.25159 1.3535
2.25559 1.353
2.25959 1.3525
2.26359 1.352
2.26759 1.3515
2.27159 1.351
2.27559 1.3505
2.27959 1.35
2.28359 1.3495
2.28759 1.349
2.29159 1.3485
2.29559 1.348
2.29959 1.3475
2.30359 1.347
2.30759 1.3465
2.31159 1.346
2.31559 1.3455
2.31959 1.345
2.32359 1.3445
2.32759 1.344
2.33159 1.3435
2.33559 1.343
2.33959 1.3425
2.34359 1.342
2.34759 1.3415
2.35159 1.341
2.35559 1.3405
2.35959 1.34
2.36359 1.3395
2.36759 1.339
2.37159 1.3385
2.37559 1.338
2.37959 1.3375
2.38359 1.337
2.38759 1.3365
2.39159 1.336
2.39559 1.3355
2.39959 1.335
2.40359 1.3345
2.40759 1.334
2.41159 1.3335
2.41559 1.333
2.41959 1.3325
2.42359 1.332
2.42759 1.3315
2.43159 1.331
2.43559 1.3305
2.43959 1.33
2.44359 1.3295
2.44759 1.329
2.45159 1.3285
2.45559 1.328
2.45959 1.3275
2.46359 1.327
2.46759 1.3265
2.47159 1.326
2.47559 1.3255
2.47959 1.325
2.48359 1.3245
2.48759 1.324
2.49159 1.3235
2.49559 1.323
2.49959 1.3225
2.50359 1.322
2.50759 1.3215
2.51159 1.321
2.51559 1.3205
2.51959 1.32
2.52359 1.3195
2.52759 1.319
2.53159 1.3185
2.53559 1.318
2.53959 1.3175
2.54359 1.317
2.54759 1.3165
2.55159 1.316
2.55559 1.3155
2.55959 1.315
2.56359 1.3145
2.56759 1.314
2.57159 1.3135
2.57559 1.313
2.57959 1.3125
2.58359 1.312
2.58759 1.3115
2.59159 1.311
2.59559 1.3105
2.59959 1.31
2.60359 1.3095
2.60759 1.309
2.61159 1.3085
2.61559 1.308
2.61959 1.3075
2.62359 1.307
2.62759 1.3065
2.63159 1.306
2.63559 1.3055
2.63959 1.305
2.64359 1.3045
2.64759 1.304
2.65159 1.3035
2.65559 1.303
2.65959 1.3025
2.66359 1.302
2.66759 1.3015
2.67159 1.301
2.67559 1.3005
2.67959 1.3
2.68359 1.2995
2.68759 1.299
2.69159 1.2985
2.69559 1.298
2.69959 1.2975
2.70359 1.297
2.70759 1.2965
2.71159 1.296
2.71559 1.2955
2.71959 1.295
2.72359 1.2945
2.72759 1.294
2.73159 1.2935
2.73559 1.293
2.73959 1.2925
2.74359 1.292
2.74759 1.2915
2.75159 1.291
2.75559 1.2905
2.75959 1.29
2.76359 1.2895
2.76759 1.289
2.77159 1.2885
2.77559 1.288
2.77959 1.2875
2.78359 1.287
2.78759 1.2865
2.79159 1.286
2.79559 1.2855
2.79959 1.285
2.80359 1.2845
2.80759 1.284
2.81159 1.2835
2.81559 1.283
2.81959 1.2825
2.82359 1.282
2.82759 1.2815
2.83159 1.281
2.83559 1.2805
2.83959 1.28
2.84359 1.2795
2.84759 1.279
2.85159 1.2785
2.85559 1.278
2.85959 1.2775
2.86359 1.277
2.86759 1.2765
2.87159 1.276
2.87559 1.2755
2.87959 1.275
2.88359 1.2745
2.88759 1.274
2.89159 1.2735
2.89559 1.273
2.89959 1.2725
2.90359 1.272
2.90759 1.2715
2.91159 1.271
2.91559 1.2705
2.91959 1.27
2.92359 1.2695
2.92759 1.269
2.93159 1.2685
2.93559 1.268
2.93959 1.2675
2.94359 1.267
2.94759 1.2665
2.95159 1.266
2.95559 1.2655
2.95959 1.265
2.96359 1.2645
2.96759 1.264
2.97159 1.2635
2.97559 1.263
2.97959 1.2625
2.98359 1.262
2.98759 1.2615
2.99159 1.261
2.99559 1.2605
2.99959 1.26
3.00359 1.2595
3.00759 1.259
3.01159 1.2585
3.01559 1.258
3.01959 1.2575
3.02359 1.257
3.02759 1.2565
3.03159 1.256
3.03559 1.2555
3.03959 1.255
3.04359 1.2545
3.04759 1.254
3.05159 1.2535
3.05559 1.253
3.05959 1.2525
3.06359 1.252
3.06759 1.2515
3.07159 1.251
3.07559 1.2505
3.07959 1.25
3.08359 1.2495
3.08759 1.249
3.09159 1.2485
3.09559 1.248
3.09959 1.2475
3.10359 1.247
3.10759 1.2465
3.11159 1.246
3.11559 1.2455
3.11959 1.245
3.12359 1.2445
3.12759 1.244
3.13159 1.2435
3.13559 1.243
3.13959 1.2425
3.14359 1.242
3.14759 1.2415
3.15159 1.241
3.15559 1.2405
3.15959 1.24
3.16359 1.2395
3.16759 1.239
3.17159 1.2385
3.17559 1.238
3.17959 1.2375
3.18359 1.237
3.18759 1.2365
3.19159 1.236
3.19559 1.2355
3.19959 1.235
3.20359 1.2345
3.20759 1.234
3.21159 1.2335
3.21559 1.233
3.21959 1.2325
3.22359 1.232
3.22759 1.2315
3.23159 1.231
3.23559 1.2305
3.23959 1.23
3.24359 1.2295
3.24759 1.229
3.25159 1.2285
3.25559 1.228
3.25959 1.2275
3.26359 1.227
3.26759 1.2265
3.27159 1.226
3.27559 1.2255
3.27959 1.225
3.28359 1.2245
3.28759 1.224
3.29159 1.2235
3.29559 1.223
3.29959 1.2225
3.30359 1.222
3.30759 1.2215
3.31159 1.221
3.31559 1.2205
3.31959 1.22
3.32359 1.2195
3.32759 1.219
3.33159 1.2185
3.33559 1.218
3.33959 1.2175
3.34359 1.217
3.34759 1.2165
3.35159 1.216
3.35559 1.2155
3.35959 1.215
3.36359 1.2145
3.36759 1.214
3.37159 1.2135
3.37559 1.213
3.37959 1.2125
3.38359 1.212
3.38759 1.2115
3.39159 1.211
3.39559 1.2105
3.39959 1.21
3.40359 1.2095
3.40759 1.209
3.41159 1.2085
3.41559 1.208
3.41959 1.2075
3.42359 1.207
3.42759 1.2065
3.43159 1.206
3.43559 1.2055
3.43959 1.205
3.44359 1.2045
3.44759 1.204
3.45159 1.2035
3.45559 1.203
3.45959 1.2025
3.46359 1.202
3.46759 1.2015
3.47159 1.201
3.47559 1.2005
3.47959 1.2
3.48359 1.1995
3.48759 1.199
3.49159 1.1985
3.49559 1.198
3.49959 1.1975
3.50359 1.197
3.50759 1.1965
3.51159 1.196
3.51559 1.1955
3.51959 1.195
3.52359 1.1945
3.52759 1.194
3.53159 1.1935
3.53559 1.193
3.53959 1.1925
3.54359 1.192
3.54759 1.1915
3.55159 1.191
3.55559 1.1905
3.55959 1.19
3.56359 1.1895
3.56759 1.189
3.57159 1.1885
3.57559 1.188
3.57959 1.1875
3.58359 1.187
3.58759 1.1865
3.59159 1.186
3.59559 1.1855
3.59959 1.185
3.60359 1.1845
3.60759 1.184
3.61159 1.1835
3.61559 1.183
3.61959 1.1825
3.62359 1.182
3.62759 1.1815
3.63159 1.181
3.63559 1.1805
3.63959 1.18
3.64359 1.1795
3.64759 1.179
3.65159 1.1785
3.65559 1.178
3.65959 1.1775
3.66359 1.177
3.66759 1.1765
3.67159 1.176
3.67559 1.1755
3.67959 1.175
3.68359 1.1745
3.68759 1.174
3.69159 1.1735
3.69559 1.173
3.69959 1.1725
3.70359 1.172
3.70759 1.1715
3.71159 1.171
3.71559 1.1705
3.71959 1.17
3.72359 1.1695
3.72759 1.169
3.73159 1.1685
3.73559 1.168
3.73959 1.1675
3.74359 1.167
3.74759 1.1665
3.75159 1.166
3.75559 1.1655
3.75959 1.165
3.76359 1.1645
3.76759 1.164
3.77159 1.1635
3.77559 1.163
3.77959 1.1625
3.78359 1.162
3.78759 1.1615
3.79159 1.161
3.79559 1.1605
3.79959 1.16
3.80359 1.1595
3.80759 1.159
3.81159 1.1585
3.81559 1.158
3.81959 1.1575
3.82359 1.157
3.82759 1.1565
3.83159 1.156
3.83559 1.1555
3.83959 1.155
3.84359 1.1545
3.84759 1.154
3.85159 1.1535
3.85559 1.153
3.85959 1.1525
3.86359 1.152
3.86759 1.1515
3.87159 1.151
3.87559 1.1505
3.87959 1.15
3.88359 1.1495
3.88759 1.149
3.89159 1.1485
3.89559 1.148
3.89959 1.1475
3.90359 1.147
3.90759 1.1465
3.91159 1.146
3.91559 1.1455
3.91959 1.145
3.92359 1.1445
3.92759 1.144
3.93159 1.1435
3.93559 1.143
3.93959 1.1425
3.94359 1.142
3.94759 1.1415
3.95159 1.141
3.95559 1.1405
3.95959 1.14
3.96359 1.1395
3.96759 1.139
3.97159 1.1385
3.97559 1.138
3.97959 1.1375
3.98359 1.137
3.98759 1.1365
3.99159 1.136
3.99559 1.1355
3.99959 1.135
4.00359 1.1345
4.00759 1.134
4.01159 1.1335
4.01559 1.133
4.01959 1.1325
4.02359 1.132
4.02759 1.1315
4.03159 1.131
4.03559 1.1305
4.03959 1.13
4.04359 1.1295
4.04759 1.129
4.05159 1.1285
4.05559 1.128
4.05959 1.1275
4.06359 1.127
4.06759 1.1265
4.07159 1.126
4.07559 1.1255
4.07959 1.125
4.08359 1.1245
4.08759 1.124
4.09159 1.1235
4.09559 1.123
4.09959 1.1225
4.10359 1.122
4.10759 1.1215
4.11159 1.121
4.11559 1.1205
4.11959 1.12
4.12359 1.1195
4.12759 1.119
4.13159 1.1185
4.13559 1.118
4.13959 1.1175
4.14359 1.117
4.14759 1.1165
4.15159 1.116
4.15559 1.1155
4.15959 1.115
4.16359 1.1145
4.16759 1.114
4.17159 1.1135
4.17559 1.113
4.17959 1.1125
4.18359 1.112
4.18759 1.1115
4.19159 1.111
4.19559 1.1105
4.19959 1.11
4.20359 1.1095
4.20759 1.109
4.21159 1.1085
4.21559 1.108
4.21959 1.1075
4.22359 1.107
4.22759 1.1065
4.23159 1.106
4.23559 1.1055
4.23959 1.105
4.24359 1.1045
4.24759 1.104
4.25159 1.1035
4.25559 1.103
4.25959 1.1025
4.26359 1.102
4.26759 1.1015
4.27159 1.101
4.27559 1.1005
4.27959 1.1
4.28359 1.0995
4.28759 1.099
4.29159 1.0985
4.29559 1.098
4.29959 1.0975
4.30359 1.097
4.30759 1.0965
4.31159 1.096
4.31559 1.0955
4.31959 1.095
4.32359 1.0945
4.32759 1.094
4.33159 1.0935
4.33559 1.093
4.33959 1.0925
4.34359 1.092
4.34759 1.0915
4.35159 1.091
4.35559 1.0905
4.35959 1.09
4.36359 1.0895
4.36759 1.089
4.37159 1.0885
4.37559 1.088
4.37959 1.0875
4.38359 1.087
4.38759 1.0865
4.39159 1.086
4.39559 1.0855
4.39959 1.085
4.40359 1.0845
4.40759 1.084
4.41159 1.0835
4.41559 1.083
4.41959 1.0825
4.42359 1.082
4.42759 1.0815
4.43159 1.081
4.43559 1.0805
4.43959 1.08
4.44359 1.0795
4.44759 1.079
4.45159 1.0785
4.45559 1.078
4.45959 1.0775
4.46359 1.077
4.46759 1.0765
4.47159 1.076
4.47559 1.0755
4.47959 1.075
4.48359 1.0745
4.48759 1.074
4.49159 1.0735
4.49559 1.073
4.49959 1.0725
4.50359 1.072
4.50759 1.0715
4.51159 1.071
4.51559 1.0705
4.51959 1.07
4.52359 1.0695
4.52759 1.069
4.53159 1.0685
4.53559 1.068
4.53959 1.0675
4.54359 1.067
4.54759 1.0665
4.55159 1.066
4.55559 1.0655
4.55959 1.065
4.56359 1.0645
4.56759 1.064
4.57159 1.0635
4.57559 1.063
4.57959 1.0625
4.58359 1.062
4.58759 1.0615
4.59159 1.061
4.59559 1.0605
4.59959 1.06
4.60359 1.0595
4.60759 1.059
4.61159 1.0585
4.61559 1.058
4.61959 1.0575
4.62359 1.057
4.62759 1.0565
4.63159 1.056
4.63559 1.0555
4.63959 1.055
4.64359 1.0545
4.64759 1.054
4.65159 1.0535
4.65559 1.053
4.65959 1.0525
4.66359 1.052
4.66759 1.0515
4.67159 1.051
4.67559 1.0505
4.67959 1.05
4.68359 1.0495
4.68759 1.049
4.69159 1.0485
4.69559 1.048
4.69959 1.0475
4.70359 1.047
4.70759 1.0465
4.71159 1.046
4.71559 1.0455
4.71959 1.045
4.72359 1.0445
4.72759 1.044
4.73159 1.0435
4.73559 1.043
4.73959 1.0425
4.74359 1.042
4.74759 1.0415
4.75159 1.041
4.75559 1.0405
4.75959 1.04
4.76359 1.0395
4.76759 1.039
4.77159 1.0385
4.77559 1.038
4.77959 1.0375
4.78359 1.037
4.78759 1.0365
4.79159 1.036
4.79559 1.0355
4.79959 1.035
4.80359 1.0345
4.80759 1.034
4.81159 1.0335
4.81559 1.033
4.81959 1.0325
4.82359 1.032
4.82759 1.0315
4.83159 1.031
4.83559 1.0305
4.83959 1.03
4.84359 1.0295
4.84759 1.029
4.85159 1.0285
4.85559 1.028
4.85959 1.0275
4.86359 1.027
4.86759 1.0265
4.87159 1.026
4.87559 1.0255
4.87959 1.025
4.88359 1.0245
4.88759 1.024
4.89159 1.0235
4.89559 1.023
4.89959 1.0225
4.90359 1.022
4.90759 1.0215
4.91159 1.021
4.91559 1.0205
4.91959 1.02
4.92359 1.0195
4.92759 1.019
4.93159 1.0185
4.93559 1.018
4.93959 1.0175
4.94359 1.017
4.94759 1.0165
4.95159 1.016
4.95559 1.0155
4.95959 1.015
4.96359 1.0145
4.96759 1.014
4.97159 1.0135
4.97559 1.013
4.97959 1.0125
4.98359 1.012
4.98759 1.0115
4.99159 1.011
4.99559 1.0105
4.99959 1.01
5.00359 1.0095
5.00759 1.009
5.01159 1.0085
5.01559 1.008
5.01959 1.0075
5.02359 1.007
5.02759 1.0065
5.03159 1.006
5.03559 1.0055
5.03959 1.005
5.04359 1.0045
5.04759 1.004
5.05159 1.0035
5.05559 1.003
5.05959 1.0025
5.06359 1.002
5.06759 1.0015
5.07159 1.001
5.07259 1.0005
5.07359 1
