Man
0 0
0 0.001
0 0.002
0 0.003
0 0.004
0 0.005
0 0.006
0 0.007
0 0.008
0 0.009
0 0.01
0 0.011
0 0.012
0 0.013
0 0.014
0 0.015
0 0.016
0 0.017
0 0.018
0 0.019
0 0.02
0 0.021
0 0.022
0 0.023
0 0.024
0 0.025
0 0.026
0 0.027
0 0.028
0 0.029
0 0.03
0 0.031
0 0.032
0 0.033
0 0.034
0 0.035
0 0.036
0 0.037
0 0.038
0 0.039
0 0.04
0 0.041
0 0.042
0 0.043
0 0.044
0 0.045
0 0.046
0 0.047
0 0.048
0 0.049
0 0.05
0 0.051
0 0.052
0 0.053
0 0.054
0 0.055
0 0.056
0 0.057
0 0.058
0 0.059
0 0.06
0 0.061
0 0.062
0 0.063
0 0.064
0 0.065
0 0.066
0 0.067
0 0.068
0 0.069
0 0.07
0 0.071
0 0.072
0 0.073
0 0.074
0 0.075
0 0.076
0 0.077
0 0.078
0 0.079
0 0.08
0 0.081
0 0.082
0 0.083
0 0.084
0 0.085
0 0.086
0 0.087
0 0.088
0 0.089
0 0.09
0 0.091
0 0.092
0 0.093
0 0.094
0 0.095
0 0.096
0 0.097
0 0.098
0 0.099
0 0.1
0 0.101
0 0.102
0 0.103
0 0.104
0 0.105
0 0.106
0 0.107
0 0.108
0 0.109
0 0.11
0 0.111
0 0.112
0 0.113
0 0.114
0 0.115
0 0.116
0 0.117
0 0.118
0 0.119
0 0.12
0 0.121
0 0.122
0 0.123
0 0.124
0 0.125
0 0.126
0 0.127
0 0.128
0 0.129
0 0.13
0 0.131
0 0.132
0 0.133
0 0.134
0 0.135
0 0.136
0 0.137
0 0.138
0 0.139
0 0.14
0 0.141
0 0.142
0 0.143
0 0.144
0 0.145
0 0.146
0 0.147
0 0.148
0 0.149
0 0.15
0 0.151
0 0.152
0 0.153
0 0.154
0 0.155
0 0.156
0 0.157
0 0.158
0 0.159
0 0.16
0 0.161
0 0.162
0 0.163
0 0.164
0 0.165
0 0.166
0 0.167
0 0.168
0 0.169
0 0.17
0 0.171
0 0.172
0 0.173
0 0.174
0 0.175
0 0.176
0 0.177
0 0.178
0 0.179
0 0.18
0 0.181
0 0.182
0 0.183
0 0.184
0 0.185
0 0.186
0 0.187
0 0.188
0 0.189
0 0.19
0 0.191
0 0.192
0 0.193
0 0.194
0 0.195
0 0.196
-0.784 0.197
-0.244039 0.198
0.14866 0.199
0.541359 0.2
0.786796 0.201
1.03223 0.202
1.1795 0.203
1.32676 0.204
1.37584 0.205
1.42493 0.206
1.47402 0.207
1.52311 0.208
1.57219 0.209
1.62128 0.21
1.67037 0.211
1.71946 0.212
1.76854 0.213
1.81763 0.214
1.86672 0.215
1.91581 0.216
1.96489 0.217
1.98944 0.218
2.01398 0.219
2.03852 0.22
2.06307 0.221
2.0855 0.222
2.10563 0.223
2.124 0.224
2.14098 0.225
2.15682 0.226
2.15682 0.227
2.15682 0.228
2.15682 0.229
2.15682 0.23
2.15682 0.231
2.15682 0.232
2.15682 0.233
2.15682 0.234
2.15682 0.235
2.15682 0.236
2.15682 0.237
2.15682 0.238
2.15682 0.239
2.15682 0.24
2.15682 0.241
2.15682 0.242
2.15682 0.243
2.15682 0.244
2.15682 0.245
2.15682 0.246
2.15682 0.247
2.15682 0.248
2.15682 0.249
2.15682 0.25
2.15682 0.251
2.15682 0.252
2.15682 0.253
2.15682 0.254
2.15682 0.255
2.15682 0.256
2.15682 0.257
2.15682 0.258
2.15682 0.259
2.15682 0.26
2.15682 0.261
2.15682 0.262
2.15682 0.263
2.15682 0.264
2.15682 0.265
2.15682 0.266
2.15682 0.267
2.15682 0.268
2.15682 0.269
2.15682 0.27
2.15682 0.271
2.15682 0.272
2.15682 0.273
2.15682 0.274
2.15682 0.275
2.15682 0.276
2.15682 0.277
2.15682 0.278
2.15682 0.279
2.15682 0.28
2.15682 0.281
2.15682 0.282
2.15682 0.283
2.15682 0.284
2.15682 0.285
2.15682 0.286
2.15682 0.287
2.15682 0.288
2.15682 0.289
2.15682 0.29
2.15682 0.291
2.15682 0.292
2.15682 0.293
2.15682 0.294
2.15682 0.295
2.15682 0.296
2.15682 0.297
2.15682 0.298
2.15682 0.299
2.15682 0.3
2.15682 0.301
2.15682 0.302
2.15682 0.303
2.15682 0.304
2.15682 0.305
2.15682 0.306
2.15682 0.307
2.15682 0.308
2.15682 0.309
2.15682 0.31
2.15682 0.311
2.15682 0.312
2.15682 0.313
2.15682 0.314
2.15682 0.315
2.15682 0.316
2.15682 0.317
2.15682 0.318
2.15682 0.319
2.15682 0.32
2.15682 0.321
2.15682 0.322
2.15682 0.323
2.15682 0.324
2.15682 0.325
2.15682 0.326
2.15682 0.327
2.15682 0.328
2.15682 0.329
2.15682 0.33
2.15682 0.331
2.15682 0.332
2.15682 0.333
2.15682 0.334
2.15682 0.335
2.15682 0.336
2.15682 0.337
2.15682 0.338
2.15682 0.339
2.15682 0.34
2.15682 0.341
2.15682 0.342
2.15682 0.343
2.15682 0.344
2.15682 0.345
2.15682 0.346
2.15682 0.347
2.15682 0.348
2.15682 0.349
2.15682 0.35
2.15682 0.351
2.15682 0.352
2.15682 0.353
2.15682 0.354
2.15682 0.355
2.15682 0.356
2.15682 0.357
2.15682 0.358
2.15682 0.359
2.15682 0.36
2.15682 0.361
2.15682 0.362
2.15682 0.363
2.15682 0.364
2.15682 0.365
2.15682 0.366
2.15682 0.367
2.15682 0.368
2.15682 0.369
2.15682 0.37
2.15682 0.371
2.15682 0.372
2.15682 0.373
2.15682 0.374
2.15682 0.375
2.15682 0.376
2.15682 0.377
2.15682 0.378
2.15682 0.379
2.15682 0.38
2.15682 0.381
2.15682 0.382
2.15682 0.383
2.15682 0.384
2.15682 0.385
2.15682 0.386
2.15682 0.387
2.15682 0.388
2.15682 0.389
2.15682 0.39
2.15682 0.391
2.15682 0.392
2.15682 0.393
2.15682 0.394
2.15682 0.395
2.15682 0.396
2.15682 0.397
2.15682 0.398
2.15682 0.399
2.15682 0.4
2.15682 0.401
2.15682 0.402
2.15682 0.403
2.15682 0.404
2.15682 0.405
2.15682 0.406
2.15682 0.407
2.15682 0.408
2.15682 0.409
2.15682 0.41
2.15682 0.411
2.15682 0.412
2.15682 0.413
2.15682 0.414
2.15682 0.415
2.15682 0.416
2.15682 0.417
2.15682 0.418
2.15682 0.419
2.15682 0.42
2.15682 0.421
2.15682 0.422
2.15682 0.423
2.15682 0.424
2.15682 0.425
2.15682 0.426
2.15682 0.427
2.15682 0.428
2.15682 0.429
2.15682 0.43
2.15682 0.431
2.15682 0.432
2.15682 0.433
2.15682 0.434
2.15682 0.435
2.15682 0.436
2.15682 0.437
2.15682 0.438
2.15682 0.439
2.15682 0.44
2.15682 0.441
2.15682 0.442
2.15682 0.443
2.15682 0.444
2.15682 0.445
2.15682 0.446
2.15682 0.447
2.15682 0.448
2.15682 0.449
2.15682 0.45
2.15682 0.451
2.15682 0.452
2.15682 0.453
2.15682 0.454
2.15682 0.455
2.15682 0.456
2.15682 0.457
2.15682 0.458
2.15682 0.459
2.15682 0.46
2.15682 0.461
2.15682 0.462
2.15682 0.463
2.15682 0.464
2.15682 0.465
2.15682 0.466
2.15682 0.467
2.15682 0.468
2.15682 0.469
2.15682 0.47
2.15682 0.471
2.15682 0.472
2.15682 0.473
2.15682 0.474
2.15682 0.475
2.15682 0.476
2.15682 0.477
2.15682 0.478
2.15682 0.479
2.15682 0.48
2.15682 0.481
2.15682 0.482
2.15682 0.483
2.15682 0.484
2.15682 0.485
2.15682 0.486
2.15682 0.487
2.15682 0.488
2.15682 0.489
2.15682 0.49
2.15682 0.491
2.15682 0.492
2.15682 0.493
2.15682 0.494
2.15682 0.495
2.15682 0.496
2.15682 0.497
2.15682 0.498
2.15682 0.499
2.15682 0.5
2.15682 0.501
2.15682 0.502
2.15682 0.503
2.15682 0.504
2.15682 0.505
2.15682 0.506
2.15682 0.507
2.15682 0.508
2.15682 0.509
2.15682 0.51
2.15682 0.511
2.15682 0.512
2.15682 0.513
2.15682 0.514
2.15682 0.515
2.15682 0.516
2.15682 0.517
2.15682 0.518
2.15682 0.519
2.15682 0.52
2.15682 0.521
2.15682 0.522
2.15682 0.523
2.15682 0.524
2.15682 0.525
2.15682 0.526
2.15682 0.527
2.15682 0.528
2.15682 0.529
2.15682 0.53
2.15682 0.531
2.15682 0.532
2.15682 0.533
2.15682 0.534
2.15682 0.535
2.15682 0.536
2.15682 0.537
2.15682 0.538
2.15682 0.539
2.15682 0.54
2.15682 0.541
2.15682 0.542
2.15682 0.543
2.15682 0.544
2.15682 0.545
2.15682 0.546
2.15682 0.547
2.15682 0.548
2.15682 0.549
2.15682 0.55
2.15682 0.551
2.15682 0.552
2.15682 0.553
2.15682 0.554
2.15682 0.555
2.15682 0.556
2.15682 0.557
2.15682 0.558
2.15682 0.559
2.15682 0.56
2.15682 0.561
2.15682 0.562
2.15682 0.563
2.15682 0.564
2.15682 0.565
2.15682 0.566
2.15682 0.567
2.15682 0.568
2.15682 0.569
2.15682 0.57
2.15682 0.571
2.15682 0.572
2.15682 0.573
2.15682 0.574
2.15682 0.575
2.15682 0.576
2.15682 0.577
2.15682 0.578
2.15682 0.579
2.15682 0.58
2.15682 0.581
2.15682 0.582
2.15682 0.583
2.15682 0.584
2.15682 0.585
2.15682 0.586
2.15682 0.587
2.15682 0.588
2.15682 0.589
2.15682 0.59
2.15682 0.591
2.15682 0.592
2.15682 0.593
2.15682 0.594
2.15682 0.595
2.15682 0.596
2.15682 0.597
2.15682 0.598
2.15682 0.599
2.15682 0.6
2.15682 0.601
2.15682 0.602
2.15682 0.603
2.15682 0.604
2.15682 0.605
2.15682 0.606
2.15682 0.607
2.15682 0.608
2.15682 0.609
2.15682 0.61
2.15682 0.611
2.15682 0.612
2.15682 0.613
2.15682 0.614
2.15682 0.615
2.15682 0.616
2.15682 0.617
2.15682 0.618
2.15682 0.619
2.15682 0.62
2.15682 0.621
2.15682 0.622
2.15682 0.623
2.15682 0.624
2.15682 0.625
2.15682 0.626
2.15682 0.627
2.15682 0.628
2.15682 0.629
2.15682 0.63
2.15682 0.631
2.15682 0.632
2.15682 0.633
2.15682 0.634
2.15682 0.635
2.15682 0.636
2.15682 0.637
2.15682 0.638
2.15682 0.639
2.15682 0.64
2.15682 0.641
2.15682 0.642
2.15682 0.643
2.15682 0.644
2.15682 0.645
2.15682 0.646
2.15682 0.647
2.15682 0.648
2.15682 0.649
2.15682 0.65
2.15682 0.651
2.15682 0.652
2.15682 0.653
2.15682 0.654
2.15682 0.655
2.15682 0.656
2.15682 0.657
2.15682 0.658
2.15682 0.659
2.15682 0.66
2.15682 0.661
2.15682 0.662
2.15682 0.663
2.15682 0.664
2.15682 0.665
2.15682 0.666
2.15682 0.667
2.15682 0.668
2.15682 0.669
2.15682 0.67
2.15682 0.671
2.15682 0.672
2.15682 0.673
2.15682 0.674
2.15682 0.675
2.15682 0.676
2.15682 0.677
2.15682 0.678
2.15682 0.679
2.15682 0.68
2.15682 0.681
2.15682 0.682
2.15682 0.683
2.15682 0.684
2.15682 0.685
2.15682 0.686
2.15682 0.687
2.15682 0.688
2.15682 0.689
2.15682 0.69
2.15682 0.691
2.15682 0.692
2.15682 0.693
2.15682 0.694
2.15682 0.695
2.15682 0.696
2.15682 0.697
2.15682 0.698
2.15682 0.699
2.15682 0.7
2.15682 0.701
2.15682 0.702
2.15682 0.703
2.15682 0.704
2.15682 0.705
2.15682 0.706
2.15682 0.707
2.15682 0.708
2.15682 0.709
2.15682 0.71
2.15682 0.711
2.15682 0.712
2.15682 0.713
2.15682 0.714
2.15682 0.715
2.15682 0.716
2.15682 0.717
2.15682 0.718
2.15682 0.719
2.15682 0.72
2.15682 0.721
2.15682 0.722
2.15682 0.723
2.15682 0.724
2.15682 0.725
2.15682 0.726
2.15682 0.727
2.15682 0.728
2.15682 0.729
2.15682 0.73
2.15682 0.731
2.15682 0.732
2.15682 0.733
2.15682 0.734
2.15682 0.735
2.15682 0.736
2.15682 0.737
2.15682 0.738
2.15682 0.739
2.15682 0.74
2.15682 0.741
2.15682 0.742
2.15682 0.743
2.15682 0.744
2.15682 0.745
2.15682 0.746
2.15682 0.747
2.15682 0.748
2.15682 0.749
2.15682 0.75
2.15682 0.751
2.15682 0.752
2.15682 0.753
2.15682 0.754
2.15682 0.755
2.15682 0.756
2.15682 0.757
2.15682 0.758
2.15682 0.759
2.15682 0.76
2.15682 0.761
2.15682 0.762
2.15682 0.763
2.15682 0.764
2.15682 0.765
2.15682 0.766
2.15682 0.767
2.15682 0.768
2.15682 0.769
2.15682 0.77
2.15682 0.771
2.15682 0.772
2.15682 0.773
2.15682 0.774
2.15682 0.775
2.15682 0.776
2.15682 0.777
2.15682 0.778
2.15682 0.779
2.15682 0.78
2.15682 0.781
2.15682 0.782
2.15682 0.783
2.15682 0.784
2.15682 0.785
2.15682 0.786
2.15682 0.787
2.15682 0.788
2.15682 0.789
2.15682 0.79
2.15682 0.791
2.15682 0.792
2.15682 0.793
2.15682 0.794
2.15682 0.795
2.15682 0.796
2.15682 0.797
2.15682 0.798
2.15682 0.799
2.15682 0.8
2.15682 0.801
2.15682 0.802
2.15682 0.803
2.15682 0.804
2.15682 0.805
2.15682 0.806
2.15682 0.807
2.15682 0.808
2.15682 0.809
2.15682 0.81
2.15682 0.811
2.15682 0.812
2.15682 0.813
2.15682 0.814
2.15682 0.815
2.15682 0.816
2.15682 0.817
2.15682 0.818
2.15682 0.819
2.15682 0.82
2.15682 0.821
2.15682 0.822
2.15682 0.823
2.15682 0.824
2.15682 0.825
2.15682 0.826
2.15682 0.827
2.15682 0.828
2.15682 0.829
2.15682 0.83
2.15682 0.831
2.15682 0.832
2.15682 0.833
2.15682 0.834
2.15682 0.835
2.15682 0.836
2.15682 0.837
2.15682 0.838
2.15682 0.839
2.15682 0.84
2.15682 0.841
2.15682 0.842
2.15682 0.843
2.15682 0.844
2.15682 0.845
2.15682 0.846
2.15682 0.847
2.15682 0.848
2.15682 0.849
2.15682 0.85
2.15682 0.851
2.15682 0.852
2.15682 0.853
2.15682 0.854
2.15682 0.855
2.15682 0.856
2.15682 0.857
2.15682 0.858
2.15682 0.859
2.15682 0.86
2.15682 0.861
2.15682 0.862
2.15682 0.863
2.15682 0.864
2.15682 0.865
2.15682 0.866
2.15682 0.867
2.15682 0.868
2.15682 0.869
2.15682 0.87
2.15682 0.871
2.15682 0.872
2.15682 0.873
2.15682 0.874
2.15682 0.875
2.15682 0.876
2.15682 0.877
2.15682 0.878
2.15682 0.879
2.15682 0.88
2.15682 0.881
2.15682 0.882
2.15682 0.883
2.15682 0.884
2.15682 0.885
2.15682 0.886
2.15682 0.887
2.15682 0.888
2.15682 0.889
2.15682 0.89
2.15682 0.891
2.15682 0.892
2.15682 0.893
2.15682 0.894
2.15682 0.895
2.15682 0.896
2.15682 0.897
2.15682 0.898
2.15682 0.899
2.15682 0.9
2.15682 0.901
2.15682 0.902
2.15682 0.903
2.15682 0.904
2.15682 0.905
2.15682 0.906
2.15682 0.907
2.15682 0.908
2.15682 0.909
2.15682 0.91
2.15682 0.911
2.15682 0.912
2.15682 0.913
2.15682 0.914
2.15682 0.915
2.15682 0.916
2.15682 0.917
2.15682 0.918
2.15682 0.919
2.15682 0.92
2.15682 0.921
2.15682 0.922
2.15682 0.923
2.15682 0.924
2.15682 0.925
2.15682 0.926
2.15682 0.927
2.15682 0.928
2.15682 0.929
2.15682 0.93
2.15682 0.931
2.15682 0.932
2.15682 0.933
2.15682 0.934
2.15682 0.935
2.15682 0.936
2.15682 0.937
2.15682 0.938
2.15682 0.939
2.15682 0.94
2.15682 0.941
2.15682 0.942
2.15682 0.943
2.15682 0.944
2.15682 0.945
2.15682 0.946
2.15682 0.947
2.15682 0.948
2.15682 0.949
2.15682 0.95
2.15682 0.951
2.15682 0.952
2.15682 0.953
2.15682 0.954
2.15682 0.955
2.15682 0.956
2.15682 0.957
2.15682 0.958
2.15682 0.959
2.15682 0.96
2.15682 0.961
2.15682 0.962
2.15682 0.963
2.15682 0.964
2.15682 0.965
2.15682 0.966
2.15682 0.967
2.15682 0.968
2.15682 0.969
2.15682 0.97
2.15682 0.971
2.15682 0.972
2.15682 0.973
2.15682 0.974
2.15682 0.975
2.15682 0.976
2.15682 0.977
2.15682 0.978
2.15682 0.979
2.15682 0.98
2.15682 0.981
2.15682 0.982
2.15682 0.983
2.15682 0.984
2.15682 0.985
2.15682 0.986
2.15682 0.987
2.15682 0.988
2.15682 0.989
2.15682 0.99
2.15682 0.991
2.15682 0.992
2.15682 0.993
2.15682 0.994
2.15682 0.995
2.15682 0.996
2.15682 0.997
2.15682 0.998
2.15682 0.999
2.15682 1


Shark
3.14159 1.5
3.13759 1.4995
3.13359 1.499
3.12959 1.4985
3.12559 1.498
3.12159 1.4975
3.11759 1.497
3.11359 1.4965
3.10959 1.496
3.10559 1.4955
3.10159 1.495
3.09759 1.4945
3.09359 1.494
3.08959 1.4935
3.08559 1.493
3.08159 1.4925
3.07759 1.492
3.07359 1.4915
3.06959 1.491
3.06559 1.4905
3.06159 1.49
3.05759 1.4895
3.05359 1.489
3.04959 1.4885
3.04559 1.488
3.04159 1.4875
3.03759 1.487
3.03359 1.4865
3.02959 1.486
3.02559 1.4855
3.02159 1.485
3.01759 1.4845
3.01359 1.484
3.00959 1.4835
3.00559 1.483
3.00159 1.4825
2.99759 1.482
2.99359 1.4815
2.98959 1.481
2.98559 1.4805
2.98159 1.48
2.97759 1.4795
2.97359 1.479
2.96959 1.4785
2.96559 1.478
2.96159 1.4775
2.95759 1.477
2.95359 1.4765
2.94959 1.476
2.94559 1.4755
2.94159 1.475
2.93759 1.4745
2.93359 1.474
2.92959 1.4735
2.92559 1.473
2.92159 1.4725
2.91759 1.472
2.91359 1.4715
2.90959 1.471
2.90559 1.4705
2.90159 1.47
2.89759 1.4695
2.89359 1.469
2.88959 1.4685
2.88559 1.468
2.88159 1.4675
2.87759 1.467
2.87359 1.4665
2.86959 1.466
2.86559 1.4655
2.86159 1.465
2.85759 1.4645
2.85359 1.464
2.84959 1.4635
2.84559 1.463
2.84159 1.4625
2.83759 1.462
2.83359 1.4615
2.82959 1.461
2.82559 1.4605
2.82159 1.46
2.81759 1.4595
2.81359 1.459
2.80959 1.4585
2.80559 1.458
2.80159 1.4575
2.79759 1.457
2.79359 1.4565
2.78959 1.456
2.78559 1.4555
2.78159 1.455
2.77759 1.4545
2.77359 1.454
2.76959 1.4535
2.76559 1.453
2.76159 1.4525
2.75759 1.452
2.75359 1.4515
2.74959 1.451
2.74559 1.4505
2.74159 1.45
2.73759 1.4495
2.73359 1.449
2.72959 1.4485
2.72559 1.448
2.72159 1.4475
2.71759 1.447
2.71359 1.4465
2.70959 1.446
2.70559 1.4455
2.70159 1.445
2.69759 1.4445
2.69359 1.444
2.68959 1.4435
2.68559 1.443
2.68159 1.4425
2.67759 1.442
2.67359 1.4415
2.66959 1.441
2.66559 1.4405
2.66159 1.44
2.65759 1.4395
2.65359 1.439
2.64959 1.4385
2.64559 1.438
2.64159 1.4375
2.63759 1.437
2.63359 1.4365
2.62959 1.436
2.62559 1.4355
2.62159 1.435
2.61759 1.4345
2.61359 1.434
2.60959 1.4335
2.60559 1.433
2.60159 1.4325
2.59759 1.432
2.59359 1.4315
2.58959 1.431
2.58559 1.4305
2.58159 1.43
2.57759 1.4295
2.57359 1.429
2.56959 1.4285
2.56559 1.428
2.56159 1.4275
2.55759 1.427
2.55359 1.4265
2.54959 1.426
2.54559 1.4255
2.54159 1.425
2.53759 1.4245
2.53359 1.424
2.52959 1.4235
2.52559 1.423
2.52159 1.4225
2.51759 1.422
2.51359 1.4215
2.50959 1.421
2.50559 1.4205
2.50159 1.42
2.49759 1.4195
2.49359 1.419
2.48959 1.4185
2.48559 1.418
2.48159 1.4175
2.47759 1.417
2.47359 1.4165
2.46959 1.416
2.46559 1.4155
2.46159 1.415
2.45759 1.4145
2.45359 1.414
2.44959 1.4135
2.44559 1.413
2.44159 1.4125
2.43759 1.412
2.43359 1.4115
2.42959 1.411
2.42559 1.4105
2.42159 1.41
2.41759 1.4095
2.41359 1.409
2.40959 1.4085
2.40559 1.408
2.40159 1.4075
2.39759 1.407
2.39359 1.4065
2.38959 1.406
2.38559 1.4055
2.38159 1.405
2.37759 1.4045
2.37359 1.404
2.36959 1.4035
2.36559 1.403
2.36159 1.4025
2.35759 1.402
2.95817 1.4015
3.37959 1.401
3.68942 1.4005
4.00081 1.4
4.19719 1.3995
4.39456 1.399
4.5138 1.3985
4.63363 1.398
4.67398 1.3975
4.71452 1.397
4.75526 1.3965
4.7962 1.396
4.83733 1.3955
4.87865 1.395
4.92017 1.3945
4.96189 1.394
5.0038 1.3935
5.04591 1.393
5.08821 1.3925
5.1307 1.392
5.1734 1.3915
5.19512 1.391
5.21694 1.3905
5.23886 1.39
5.26087 1.3895
5.28115 1.389
5.2995 1.3885
5.3164 1.388
5.33217 1.3875
5.347 1.387
5.351 1.3865
5.355 1.386
5.359 1.3855
5.363 1.385
5.367 1.3845
5.371 1.384
5.375 1.3835
5.379 1.383
5.383 1.3825
5.387 1.382
5.391 1.3815
5.395 1.381
5.399 1.3805
5.403 1.38
5.407 1.3795
5.411 1.379
5.415 1.3785
5.419 1.378
5.423 1.3775
5.427 1.377
5.431 1.3765
5.435 1.376
5.439 1.3755
5.443 1.375
5.447 1.3745
5.451 1.374
5.455 1.3735
5.459 1.373
5.463 1.3725
5.467 1.372
5.471 1.3715
5.475 1.371
5.479 1.3705
5.483 1.37
5.487 1.3695
5.491 1.369
5.495 1.3685
5.499 1.368
5.503 1.3675
5.507 1.367
5.511 1.3665
5.515 1.366
5.519 1.3655
5.523 1.365
5.527 1.3645
5.531 1.364
5.535 1.3635
5.539 1.363
5.543 1.3625
5.547 1.362
5.551 1.3615
5.555 1.361
5.559 1.3605
5.563 1.36
5.567 1.3595
5.571 1.359
5.575 1.3585
5.579 1.358
5.583 1.3575
5.587 1.357
5.591 1.3565
5.595 1.356
5.599 1.3555
5.603 1.355
5.607 1.3545
5.611 1.354
5.615 1.3535
5.619 1.353
5.623 1.3525
5.627 1.352
5.631 1.3515
5.635 1.351
5.639 1.3505
5.643 1.35
5.647 1.3495
5.651 1.349
5.655 1.3485
5.659 1.348
5.663 1.3475
5.667 1.347
5.671 1.3465
5.675 1.346
5.679 1.3455
5.683 1.345
5.687 1.3445
5.691 1.344
5.695 1.3435
5.699 1.343
5.703 1.3425
5.707 1.342
5.711 1.3415
5.715 1.341
5.719 1.3405
5.723 1.34
5.727 1.3395
5.731 1.339
5.735 1.3385
5.739 1.338
5.743 1.3375
5.747 1.337
5.751 1.3365
5.755 1.336
5.759 1.3355
5.763 1.335
5.767 1.3345
5.771 1.334
5.775 1.3335
5.779 1.333
5.783 1.3325
5.787 1.332
5.791 1.3315
5.795 1.331
5.799 1.3305
5.803 1.33
5.807 1.3295
5.811 1.329
5.815 1.3285
5.819 1.328
5.823 1.3275
5.827 1.327
5.831 1.3265
5.835 1.326
5.839 1.3255
5.843 1.325
5.847 1.3245
5.851 1.324
5.855 1.3235
5.859 1.323
5.863 1.3225
5.867 1.322
5.871 1.3215
5.875 1.321
5.879 1.3205
5.883 1.32
5.887 1.3195
5.891 1.319
5.895 1.3185
5.899 1.318
5.903 1.3175
5.907 1.317
5.911 1.3165
5.915 1.316
5.919 1.3155
5.923 1.315
5.927 1.3145
5.931 1.314
5.935 1.3135
5.939 1.313
5.943 1.3125
5.947 1.312
5.951 1.3115
5.955 1.311
5.959 1.3105
5.963 1.31
5.967 1.3095
5.971 1.309
5.975 1.3085
5.979 1.308
5.983 1.3075
5.987 1.307
5.991 1.3065
5.995 1.306
5.999 1.3055
6.003 1.305
6.007 1.3045
6.011 1.304
6.015 1.3035
6.019 1.303
6.023 1.3025
6.027 1.302
6.031 1.3015
6.035 1.301
6.039 1.3005
6.043 1.3
6.047 1.2995
6.051 1.299
6.055 1.2985
6.059 1.298
6.063 1.2975
6.067 1.297
6.071 1.2965
6.075 1.296
6.079 1.2955
6.083 1.295
6.087 1.2945
6.091 1.294
6.095 1.2935
6.099 1.293
6.103 1.2925
6.107 1.292
6.111 1.2915
6.115 1.291
6.119 1.2905
6.123 1.29
6.127 1.2895
6.131 1.289
6.135 1.2885
6.139 1.288
6.143 1.2875
6.147 1.287
6.151 1.2865
6.155 1.286
6.159 1.2855
6.163 1.285
6.167 1.2845
6.171 1.284
6.175 1.2835
6.179 1.283
6.183 1.2825
6.187 1.282
6.191 1.2815
6.195 1.281
6.199 1.2805
6.203 1.28
6.207 1.2795
6.211 1.279
6.215 1.2785
6.219 1.278
6.223 1.2775
6.227 1.277
6.231 1.2765
6.235 1.276
6.239 1.2755
6.243 1.275
6.247 1.2745
6.251 1.274
6.255 1.2735
6.259 1.273
6.263 1.2725
6.267 1.272
6.271 1.2715
6.275 1.271
6.279 1.2705
6.283 1.27
6.287 1.2695
6.291 1.269
6.295 1.2685
6.299 1.268
6.303 1.2675
6.307 1.267
6.311 1.2665
6.315 1.266
6.319 1.2655
6.323 1.265
6.327 1.2645
6.331 1.264
6.335 1.2635
6.339 1.263
6.343 1.2625
6.347 1.262
6.351 1.2615
6.355 1.261
6.359 1.2605
6.363 1.26
6.367 1.2595
6.371 1.259
6.375 1.2585
6.379 1.258
6.383 1.2575
6.387 1.257
6.391 1.2565
6.395 1.256
6.399 1.2555
6.403 1.255
6.407 1.2545
6.411 1.254
6.415 1.2535
6.419 1.253
6.423 1.2525
6.427 1.252
6.431 1.2515
6.435 1.251
6.439 1.2505
6.443 1.25
6.447 1.2495
6.451 1.249
6.455 1.2485
6.459 1.248
6.463 1.2475
6.467 1.247
6.471 1.2465
6.475 1.246
6.479 1.2455
6.483 1.245
6.487 1.2445
6.491 1.244
6.495 1.2435
6.499 1.243
6.503 1.2425
6.507 1.242
6.511 1.2415
6.515 1.241
6.519 1.2405
6.523 1.24
6.527 1.2395
6.531 1.239
6.535 1.2385
6.539 1.238
6.543 1.2375
6.547 1.237
6.551 1.2365
6.555 1.236
6.559 1.2355
6.563 1.235
6.567 1.2345
6.571 1.234
6.575 1.2335
6.579 1.233
6.583 1.2325
6.587 1.232
6.591 1.2315
6.595 1.231
6.599 1.2305
6.603 1.23
6.607 1.2295
6.611 1.229
6.615 1.2285
6.619 1.228
6.623 1.2275
6.627 1.227
6.631 1.2265
6.635 1.226
6.639 1.2255
6.643 1.225
6.647 1.2245
6.651 1.224
6.655 1.2235
6.659 1.223
6.663 1.2225
6.667 1.222
6.671 1.2215
6.675 1.221
6.679 1.2205
6.683 1.22
6.687 1.2195
6.691 1.219
6.695 1.2185
6.699 1.218
6.703 1.2175
6.707 1.217
6.711 1.2165
6.715 1.216
6.719 1.2155
6.723 1.215
6.727 1.2145
6.731 1.214
6.735 1.2135
6.739 1.213
6.743 1.2125
6.747 1.212
6.751 1.2115
6.755 1.211
6.759 1.2105
6.763 1.21
6.767 1.2095
6.771 1.209
6.775 1.2085
6.779 1.208
6.783 1.2075
6.787 1.207
6.791 1.2065
6.795 1.206
6.799 1.2055
6.803 1.205
6.807 1.2045
6.811 1.204
6.815 1.2035
6.819 1.203
6.823 1.2025
6.827 1.202
6.831 1.2015
6.835 1.201
6.839 1.2005
6.843 1.2
6.847 1.1995
6.851 1.199
6.855 1.1985
6.859 1.198
6.863 1.1975
6.867 1.197
6.871 1.1965
6.875 1.196
6.879 1.1955
6.883 1.195
6.887 1.1945
6.891 1.194
6.895 1.1935
6.899 1.193
6.903 1.1925
6.907 1.192
6.911 1.1915
6.915 1.191
6.919 1.1905
6.923 1.19
6.927 1.1895
6.931 1.189
6.935 1.1885
6.939 1.188
6.943 1.1875
6.947 1.187
6.951 1.1865
6.955 1.186
6.959 1.1855
6.963 1.185
6.967 1.1845
6.971 1.184
6.975 1.1835
6.979 1.183
6.983 1.1825
6.987 1.182
6.991 1.1815
6.995 1.181
6.999 1.1805
7.003 1.18
7.007 1.1795
7.011 1.179
7.015 1.1785
7.019 1.178
7.023 1.1775
7.027 1.177
7.031 1.1765
7.035 1.176
7.039 1.1755
7.043 1.175
7.047 1.1745
7.051 1.174
7.055 1.1735
7.059 1.173
7.063 1.1725
7.067 1.172
7.071 1.1715
7.075 1.171
7.079 1.1705
7.083 1.17
7.087 1.1695
7.091 1.169
7.095 1.1685
7.099 1.168
7.103 1.1675
7.107 1.167
7.111 1.1665
7.115 1.166
7.119 1.1655
7.123 1.165
7.127 1.1645
7.131 1.164
7.135 1.1635
7.139 1.163
7.143 1.1625
7.147 1.162
7.151 1.1615
7.155 1.161
7.159 1.1605
7.163 1.16
7.167 1.1595
7.171 1.159
7.175 1.1585
7.179 1.158
7.183 1.1575
7.187 1.157
7.191 1.1565
7.195 1.156
7.199 1.1555
7.203 1.155
7.207 1.1545
7.211 1.154
7.215 1.1535
7.219 1.153
7.223 1.1525
7.227 1.152
7.231 1.1515
7.235 1.151
7.239 1.1505
7.243 1.15
7.247 1.1495
7.251 1.149
7.255 1.1485
7.259 1.148
7.263 1.1475
7.267 1.147
7.271 1.1465
7.275 1.146
7.279 1.1455
7.283 1.145
7.287 1.1445
7.291 1.144
7.295 1.1435
7.299 1.143
7.303 1.1425
7.307 1.142
7.311 1.1415
7.315 1.141
7.319 1.1405
7.323 1.14
7.327 1.1395
7.331 1.139
7.335 1.1385
7.339 1.138
7.343 1.1375
7.347 1.137
7.351 1.1365
7.355 1.136
7.359 1.1355
7.363 1.135
7.367 1.1345
7.371 1.134
7.375 1.1335
7.379 1.133
7.383 1.1325
7.387 1.132
7.391 1.1315
7.395 1.131
7.399 1.1305
7.403 1.13
7.407 1.1295
7.411 1.129
7.415 1.1285
7.419 1.128
7.423 1.1275
7.427 1.127
7.431 1.1265
7.435 1.126
7.439 1.1255
7.443 1.125
7.447 1.1245
7.451 1.124
7.455 1.1235
7.459 1.123
7.463 1.1225
7.467 1.122
7.471 1.1215
7.475 1.121
7.479 1.1205
7.483 1.12
7.487 1.1195
7.491 1.119
7.495 1.1185
7.499 1.118
7.503 1.1175
7.507 1.117
7.511 1.1165
7.515 1.116
7.519 1.1155
7.523 1.115
7.527 1.1145
7.531 1.114
7.535 1.1135
7.539 1.113
7.543 1.1125
7.547 1.112
7.551 1.1115
7.555 1.111
7.559 1.1105
7.563 1.11
7.567 1.1095
7.571 1.109
7.575 1.1085
7.579 1.108
7.583 1.1075
7.587 1.107
7.591 1.1065
7.595 1.106
7.599 1.1055
7.603 1.105
7.607 1.1045
7.611 1.104
7.615 1.1035
7.619 1.103
7.623 1.1025
7.627 1.102
7.631 1.1015
7.635 1.101
7.639 1.1005
7.643 1.1
7.647 1.0995
7.651 1.099
7.655 1.0985
7.659 1.098
7.663 1.0975
7.667 1.097
7.671 1.0965
7.675 1.096
7.679 1.0955
7.683 1.095
7.687 1.0945
7.691 1.094
7.695 1.0935
7.699 1.093
7.703 1.0925
7.707 1.092
7.711 1.0915
7.715 1.091
7.719 1.0905
7.723 1.09
7.727 1.0895
7.731 1.089
7.735 1.0885
7.739 1.088
7.743 1.0875
7.747 1.087
7.751 1.0865
7.755 1.086
7.759 1.0855
7.763 1.085
7.767 1.0845
7.771 1.084
7.775 1.0835
7.779 1.083
7.783 1.0825
7.787 1.082
7.791 1.0815
7.795 1.081
7.799 1.0805
7.803 1.08
7.807 1.0795
7.811 1.079
7.815 1.0785
7.819 1.078
7.823 1.0775
7.827 1.077
7.831 1.0765
7.835 1.076
7.839 1.0755
7.843 1.075
7.847 1.0745
7.851 1.074
7.855 1.0735
7.859 1.073
7.863 1.0725
7.867 1.072
7.871 1.0715
7.875 1.071
7.879 1.0705
7.883 1.07
7.887 1.0695
7.891 1.069
7.895 1.0685
7.899 1.068
7.903 1.0675
7.907 1.067
7.911 1.0665
7.915 1.066
7.919 1.0655
7.923 1.065
7.927 1.0645
7.931 1.064
7.935 1.0635
7.939 1.063
7.943 1.0625
7.947 1.062
7.951 1.0615
7.955 1.061
7.959 1.0605
7.963 1.06
7.967 1.0595
7.971 1.059
7.975 1.0585
7.979 1.058
7.983 1.0575
7.987 1.057
7.991 1.0565
7.995 1.056
7.999 1.0555
8.003 1.055
8.007 1.0545
8.011 1.054
8.015 1.0535
8.019 1.053
8.023 1.0525
8.027 1.052
8.031 1.0515
8.035 1.051
8.039 1.0505
8.043 1.05
8.047 1.0495
8.051 1.049
8.055 1.0485
8.059 1.048
8.063 1.0475
8.067 1.047
8.071 1.0465
8.075 1.046
8.079 1.0455
8.083 1.045
8.087 1.0445
8.091 1.044
8.095 1.0435
8.099 1.043
8.103 1.0425
8.107 1.042
8.111 1.0415
8.115 1.041
8.119 1.0405
8.123 1.04
8.127 1.0395
8.131 1.039
8.135 1.0385
8.139 1.038
8.143 1.0375
8.147 1.037
8.151 1.0365
8.155 1.036
8.159 1.0355
8.163 1.035
8.167 1.0345
8.171 1.034
8.175 1.0335
8.179 1.033
8.183 1.0325
8.187 1.032
8.191 1.0315
8.195 1.031
8.199 1.0305
8.203 1.03
8.207 1.0295
8.211 1.029
8.215 1.0285
8.219 1.028
8.223 1.0275
8.227 1.027
8.231 1.0265
8.235 1.026
8.239 1.0255
8.243 1.025
8.247 1.0245
8.251 1.024
8.255 1.0235
8.259 1.023
8.263 1.0225
8.267 1.022
8.271 1.0215
8.275 1.021
8.279 1.0205
8.283 1.02
8.287 1.0195
8.291 1.019
8.295 1.0185
8.299 1.018
8.303 1.0175
8.307 1.017
8.311 1.0165
8.315 1.016
8.319 1.0155
8.323 1.015
8.327 1.0145
8.331 1.014
8.335 1.0135
8.339 1.013
8.343 1.0125
8.347 1.012
8.351 1.0115
8.355 1.011
8.359 1.0105
8.363 1.01
8.367 1.0095
8.371 1.009
8.375 1.0085
8.379 1.008
8.383 1.0075
8.387 1.007
8.391 1.0065
8.395 1.006
8.399 1.0055
8.403 1.005
8.407 1.0045
8.411 1.004
8.415 1.0035
8.419 1.003
8.423 1.0025
8.427 1.002
8.431 1.0015
8.435 1.001
8.439 1.0005
8.44 1
