Man
0 0
0 0.001
0 0.002
0 0.003
0 0.004
0 0.005
0 0.006
0 0.007
0 0.008
0 0.009
0 0.01
0 0.011
0 0.012
0 0.013
0 0.014
0 0.015
0 0.016
0 0.017
0 0.018
0 0.019
0 0.02
0 0.021
0 0.022
0 0.023
0 0.024
0 0.025
0 0.026
0 0.027
0 0.028
0 0.029
0 0.03
0 0.031
7.6699e-05 0.032
0.000153398 0.033
0.000230097 0.034
0.000306796 0.035
-0.000230097 0.036
-0.00207087 0.037
-0.00452524 0.038
-0.00636602 0.039
-0.00575243 0.04
-0.00207087 0.041
0.0077466 0.042
-0.0112748 0.043
-0.0309097 0.044
-0.052999 0.045
-0.0775427 0.046
-0.106995 0.047
-0.106995 0.048
-0.106995 0.049
-0.106995 0.05
-0.106995 0.051
-0.106995 0.052
-0.106995 0.053
-0.106995 0.054
-0.106995 0.055
-0.106995 0.056
-0.106995 0.057
-0.106995 0.058
-0.106995 0.059
-0.106995 0.06
-0.106995 0.061
-0.106995 0.062
-0.106995 0.063
-0.106995 0.064
-0.106995 0.065
-0.106995 0.066
-0.108222 0.067
-0.10945 0.068
-0.110677 0.069
-0.111904 0.07
-0.110677 0.071
-0.105768 0.072
-0.0959505 0.073
-0.0763155 0.074
-0.086133 0.075
-0.0984049 0.076
-0.113131 0.077
-0.132766 0.078
-0.162218 0.079
-0.151097 0.08
-0.154702 0.081
-0.158307 0.082
-0.161912 0.083
-0.165517 0.084
-0.180243 0.085
-0.19006 0.086
-0.199878 0.087
-0.209695 0.088
-0.219513 0.089
-0.226876 0.09
-0.234239 0.091
-0.241602 0.092
-0.248965 0.093
-0.256328 0.094
-0.275963 0.095
-0.285781 0.096
-0.295598 0.097
-0.305416 0.098
-0.325051 0.099
-0.334868 0.1
-0.344685 0.101
-0.354503 0.102
-0.369229 0.103
-0.374138 0.104
-0.380274 0.105
-0.38641 0.106
-0.390091 0.107
-0.391318 0.108
-0.390091 0.109
-0.38641 0.11
-0.382115 0.111
-0.37966 0.112
-0.37966 0.113
-0.382115 0.114
-0.385796 0.115
-0.390091 0.116
-0.399909 0.117
-0.404818 0.118
-0.409726 0.119
-0.414635 0.12
-0.419544 0.121
-0.424452 0.122
-0.429361 0.123
-0.43427 0.124
-0.439179 0.125
-0.448996 0.126
-0.453905 0.127
-0.463722 0.128
-0.475994 0.129
-0.488266 0.13
-0.495629 0.131
-0.502992 0.132
-0.507901 0.133
-0.51281 0.134
-0.520173 0.135
-0.527536 0.136
-0.534899 0.137
-0.539808 0.138
-0.544717 0.139
-0.547171 0.14
-0.549625 0.141
-0.554534 0.142
-0.559443 0.143
-0.561897 0.144
-0.566806 0.145
-0.571715 0.146
-0.574169 0.147
-0.579078 0.148
-0.583986 0.149
-0.586441 0.15
-0.59135 0.151
-0.596258 0.152
-0.598713 0.153
-0.603621 0.154
-0.60853 0.155
-0.610985 0.156
-0.615893 0.157
-0.620802 0.158
-0.623256 0.159
-0.628165 0.16
-0.633074 0.161
-0.635528 0.162
-0.640437 0.163
-0.645346 0.164
-0.6478 0.165
-0.652709 0.166
-0.657618 0.167
-0.660072 0.168
-0.664981 0.169
-0.669889 0.17
-0.674798 0.171
-0.679707 0.172
-0.684616 0.173
-0.68707 0.174
-0.691979 0.175
-0.694433 0.176
-0.699342 0.177
-0.704251 0.178
-0.709159 0.179
-0.711614 0.18
-0.716522 0.181
-0.718977 0.182
-0.723886 0.183
-0.728794 0.184
-0.733703 0.185
-0.736157 0.186
-0.741066 0.187
-0.74352 0.188
-0.748429 0.189
-0.753338 0.19
-0.758247 0.191
-0.760701 0.192
-0.76561 0.193
-0.768064 0.194
-0.772973 0.195
-0.777882 0.196
-0.78279 0.197
-0.785245 0.198
-0.790154 0.199
-0.792608 0.2
-0.797517 0.201
-0.802425 0.202
-0.807334 0.203
-0.809788 0.204
-0.814697 0.205
-0.817152 0.206
-0.82206 0.207
-0.826969 0.208
-0.831878 0.209
-0.834332 0.21
-0.839241 0.211
-0.84415 0.212
-0.849058 0.213
-0.853967 0.214
-0.858876 0.215
-0.862557 0.216
-0.865012 0.217
-0.867466 0.218
-0.869921 0.219
-0.872375 0.22
-0.874216 0.221
-0.875443 0.222
-0.87667 0.223
-0.877897 0.224
-0.879124 0.225
-0.880045 0.226
-0.880658 0.227
-0.881272 0.228
-0.881886 0.229
-0.882499 0.23
-0.882959 0.231
-0.883266 0.232
-0.883573 0.233
-0.88388 0.234
-0.884187 0.235
-0.884417 0.236
-0.88457 0.237
-0.884723 0.238
-0.884877 0.239
-0.88503 0.24
-0.885145 0.241
-0.885222 0.242
-0.885299 0.243
-0.885375 0.244
-0.885452 0.245
-0.88551 0.246
-0.885548 0.247
-0.885586 0.248
-0.885625 0.249
-0.885663 0.25
-0.885692 0.251
-0.885711 0.252
-0.88573 0.253
-0.885749 0.254
-0.885768 0.255
-0.885783 0.256
-0.885792 0.257
-0.885802 0.258
-0.885812 0.259
-0.885821 0.26
-0.885828 0.261
-0.885833 0.262
-0.885838 0.263
-0.885843 0.264
-0.885848 0.265
-0.885851 0.266
-0.885854 0.267
-0.885856 0.268
-0.885858 0.269
-0.885861 0.27
-0.885863 0.271
-0.885864 0.272
-0.885865 0.273
-0.885866 0.274
-0.885867 0.275
-0.885868 0.276
-0.885869 0.277
-0.885869 0.278
-0.88587 0.279
-0.885871 0.28
-0.885871 0.281
-0.885871 0.282
-0.885872 0.283
-0.885872 0.284
-0.885872 0.285
-0.885872 0.286
-0.885873 0.287
-0.885873 0.288
-0.885873 0.289
-0.885873 0.29
-0.885873 0.291
-0.885873 0.292
-0.885873 0.293
-0.885873 0.294
-0.885873 0.295
-0.885874 0.296
-0.885874 0.297
-0.885874 0.298
-0.885874 0.299
-0.885874 0.3
-0.885874 0.301
-0.885874 0.302
-0.885874 0.303
-0.885874 0.304
-0.885874 0.305
-0.885874 0.306
-0.885874 0.307
-0.885874 0.308
-0.885874 0.309
-0.885874 0.31
-0.885874 0.311
-0.885874 0.312
-0.885874 0.313
-0.885874 0.314
-0.885874 0.315
-0.885874 0.316
-0.885874 0.317
-0.885874 0.318
-0.885874 0.319
-0.885874 0.32
-0.885874 0.321
-0.885874 0.322
-0.885874 0.323
-0.885874 0.324
-0.885874 0.325
-0.885874 0.326
-0.885874 0.327
-0.885874 0.328
-0.885874 0.329
-0.885874 0.33
-0.885874 0.331
-0.885874 0.332
-0.885874 0.333
-0.885874 0.334
-0.885874 0.335
-0.885874 0.336
-0.885874 0.337
-0.885874 0.338
-0.885874 0.339
-0.885874 0.34
-0.885874 0.341
-0.885874 0.342
-0.885874 0.343
-0.885874 0.344
-0.885874 0.345
-0.885874 0.346
-0.885874 0.347
-0.885874 0.348
-0.885874 0.349
-0.885874 0.35
-0.885874 0.351
-0.885874 0.352
-0.885874 0.353
-0.885874 0.354
-0.885874 0.355
-0.885874 0.356
-0.885874 0.357
-0.885874 0.358
-0.885874 0.359
-0.885874 0.36
-0.885874 0.361
-0.885874 0.362
-0.885874 0.363
-0.885874 0.364
-0.885874 0.365
-0.885874 0.366
-0.885874 0.367
-0.885874 0.368
-0.885874 0.369
-0.885874 0.37
-0.885874 0.371
-0.885874 0.372
-0.885874 0.373
-0.885874 0.374
-0.885874 0.375
-0.885874 0.376
-0.885874 0.377
-0.885874 0.378
-0.885874 0.379
-0.885874 0.38
-0.885874 0.381
-0.885874 0.382
-0.885874 0.383
-0.885874 0.384
-0.885874 0.385
-0.885874 0.386
-0.885874 0.387
-0.885874 0.388
-0.885874 0.389
-0.885874 0.39
-0.885874 0.391
-0.885874 0.392
-0.885874 0.393
-0.885874 0.394
-0.885874 0.395
-0.885874 0.396
-0.885874 0.397
-0.885874 0.398
-0.885874 0.399
-0.885874 0.4
-0.885874 0.401
-0.885874 0.402
-0.885874 0.403
-0.885874 0.404
-0.885874 0.405
-0.885874 0.406
-0.885874 0.407
-0.885874 0.408
-0.885874 0.409
-0.885874 0.41
-0.885874 0.411
-0.885874 0.412
-0.885874 0.413
-0.885874 0.414
-0.885874 0.415
-0.885874 0.416
-0.885874 0.417
-0.885874 0.418
-0.885874 0.419
-0.885874 0.42
-0.885874 0.421
-0.885874 0.422
-0.885874 0.423
-0.885874 0.424
-0.885874 0.425
-0.885874 0.426
-0.885874 0.427
-0.885874 0.428
-0.885874 0.429
-0.885874 0.43
-0.885874 0.431
-0.885874 0.432
-0.885874 0.433
-0.885874 0.434
-0.885874 0.435
-0.885874 0.436
-0.885874 0.437
-0.885874 0.438
-0.885874 0.439
-0.885874 0.44
-0.885874 0.441
-0.885874 0.442
-0.885874 0.443
-0.885874 0.444
-0.885874 0.445
-0.885874 0.446
-0.885874 0.447
-0.885874 0.448
-0.885874 0.449
-0.885874 0.45
-0.885874 0.451
-0.885874 0.452
-0.885874 0.453
-0.885874 0.454
-0.885874 0.455
-0.885874 0.456
-0.885874 0.457
-0.885874 0.458
-0.885874 0.459
-0.885874 0.46
-0.885874 0.461
-0.885874 0.462
-0.885874 0.463
-0.885874 0.464
-0.885874 0.465
-0.885874 0.466
-0.885874 0.467
-0.885874 0.468
-0.885874 0.469
-0.885874 0.47
-0.885874 0.471
-0.885874 0.472
-0.885874 0.473
-0.885874 0.474
-0.885874 0.475
-0.885874 0.476
-0.885874 0.477
-0.885874 0.478
-0.885874 0.479
-0.885874 0.48
-0.885874 0.481
-0.885874 0.482
-0.885874 0.483
-0.885874 0.484
-0.885874 0.485
-0.885874 0.486
-0.885874 0.487
-0.885874 0.488
-0.885874 0.489
-0.885874 0.49
-0.885874 0.491
-0.885874 0.492
-0.885874 0.493
-0.885874 0.494
-0.885874 0.495
-0.885874 0.496
-0.885874 0.497
-0.885874 0.498
-0.885874 0.499
-0.885874 0.5
-0.885874 0.501
-0.885874 0.502
-0.885874 0.503
-0.885874 0.504
-0.885874 0.505
-0.885874 0.506
-0.885874 0.507
-0.885874 0.508
-0.885874 0.509
-0.885874 0.51
-0.885874 0.511
-0.885874 0.512
-0.885874 0.513
-0.885874 0.514
-0.885874 0.515
-0.885874 0.516
-0.885874 0.517
-0.885874 0.518
-0.885874 0.519
-0.885874 0.52
-0.885874 0.521
-0.885874 0.522
-0.885874 0.523
-0.885874 0.524
-0.885874 0.525
-0.885874 0.526
-0.885874 0.527
-0.885874 0.528
-0.885874 0.529
-0.885874 0.53
-0.885874 0.531
-0.885874 0.532
-0.885874 0.533
-0.885874 0.534
-0.885874 0.535
-0.885874 0.536
-0.885874 0.537
-0.885874 0.538
-0.885874 0.539
-0.885874 0.54
-0.885874 0.541
-0.885874 0.542
-0.885874 0.543
-0.885874 0.544
-0.885874 0.545
-0.885874 0.546
-0.885874 0.547
-0.885874 0.548
-0.885874 0.549
-0.885874 0.55
-0.885874 0.551
-0.885874 0.552
-0.885874 0.553
-0.885874 0.554
-0.885874 0.555
-0.885874 0.556
-0.885874 0.557
-0.885874 0.558
-0.885874 0.559
-0.885874 0.56
-0.885874 0.561
-0.885874 0.562
-0.885874 0.563
-0.885874 0.564
-0.885874 0.565
-0.885874 0.566
-0.885874 0.567
-0.885874 0.568
-0.885874 0.569
-0.885874 0.57
-0.885874 0.571
-0.885874 0.572
-0.885874 0.573
-0.885874 0.574
-0.885874 0.575
-0.885874 0.576
-0.885874 0.577
-0.885874 0.578
-0.885874 0.579
-0.885874 0.58
-0.885874 0.581
-0.885874 0.582
-0.885874 0.583
-0.885874 0.584
-0.885874 0.585
-0.885874 0.586
-0.885874 0.587
-0.885874 0.588
-0.885874 0.589
-0.885874 0.59
-0.885874 0.591
-0.885874 0.592
-0.885874 0.593
-0.885874 0.594
-0.885874 0.595
-0.885874 0.596
-0.885874 0.597
-0.885874 0.598
-0.885874 0.599
-0.885874 0.6
-0.885874 0.601
-0.885874 0.602
-0.885874 0.603
-0.885874 0.604
-0.885874 0.605
-0.885874 0.606
-0.885874 0.607
-0.885874 0.608
-0.885874 0.609
-0.885874 0.61
-0.885874 0.611
-0.885874 0.612
-0.885874 0.613
-0.885874 0.614
-0.885874 0.615
-0.885874 0.616
-0.885874 0.617
-0.885874 0.618
-0.885874 0.619
-0.885874 0.62
-0.885874 0.621
-0.885874 0.622
-0.885874 0.623
-0.885874 0.624
-0.885874 0.625
-0.885874 0.626
-0.885874 0.627
-0.885874 0.628
-0.885874 0.629
-0.885874 0.63
-0.885874 0.631
-0.885874 0.632
-0.885874 0.633
-0.885874 0.634
-0.885874 0.635
-0.885874 0.636
-0.885874 0.637
-0.885874 0.638
-0.885874 0.639
-0.885874 0.64
-0.885874 0.641
-0.885874 0.642
-0.885874 0.643
-0.885874 0.644
-0.885874 0.645
-0.885874 0.646
-0.885874 0.647
-0.885874 0.648
-0.885874 0.649
-0.885874 0.65
-0.885874 0.651
-0.885874 0.652
-0.885874 0.653
-0.885874 0.654
-0.885874 0.655
-0.885874 0.656
-0.885874 0.657
-0.885874 0.658
-0.885874 0.659
-0.885874 0.66
-0.885874 0.661
-0.885874 0.662
-0.885874 0.663
-0.885874 0.664
-0.885874 0.665
-0.885874 0.666
-0.885874 0.667
-0.885874 0.668
-0.885874 0.669
-0.885874 0.67
-0.885874 0.671
-0.885874 0.672
-0.885874 0.673
-0.885874 0.674
-0.885874 0.675
-0.885874 0.676
-0.885874 0.677
-0.885874 0.678
-0.885874 0.679
-0.885874 0.68
-0.885874 0.681
-0.885874 0.682
-0.885874 0.683
-0.885874 0.684
-0.885874 0.685
-0.885874 0.686
-0.885874 0.687
-0.885874 0.688
-0.885874 0.689
-0.885874 0.69
-0.885874 0.691
-0.885874 0.692
-0.885874 0.693
-0.885874 0.694
-0.885874 0.695
-0.885874 0.696
-0.885874 0.697
-0.885874 0.698
-0.885874 0.699
-0.885874 0.7
-0.885874 0.701
-0.885874 0.702
-0.885874 0.703
-0.885874 0.704
-0.885874 0.705
-0.885874 0.706
-0.885874 0.707
-0.885874 0.708
-0.885874 0.709
-0.885874 0.71
-0.885874 0.711
-0.885874 0.712
-0.885874 0.713
-0.885874 0.714
-0.885874 0.715
-0.885874 0.716
-0.885874 0.717
-0.885874 0.718
-0.885874 0.719
-0.885874 0.72
-0.885874 0.721
-0.885874 0.722
-0.885874 0.723
-0.885874 0.724
-0.885874 0.725
-0.885874 0.726
-0.885874 0.727
-0.885874 0.728
-0.885874 0.729
-0.885874 0.73
-0.885874 0.731
-0.885874 0.732
-0.885874 0.733
-0.885874 0.734
-0.885874 0.735
-0.885874 0.736
-0.885874 0.737
-0.885874 0.738
-0.885874 0.739
-0.885874 0.74
-0.885874 0.741
-0.885874 0.742
-0.885874 0.743
-0.885874 0.744
-0.885874 0.745
-0.885874 0.746
-0.885874 0.747
-0.885874 0.748
-0.885874 0.749
-0.885874 0.75
-0.885874 0.751
-0.885874 0.752
-0.885874 0.753
-0.885874 0.754
-0.885874 0.755
-0.885874 0.756
-0.885874 0.757
-0.885874 0.758
-0.885874 0.759
-0.885874 0.76
-0.885874 0.761
-0.885874 0.762
-0.885874 0.763
-0.885874 0.764
-0.885874 0.765
-0.885874 0.766
-0.885874 0.767
-0.885874 0.768
-0.885874 0.769
-0.885874 0.77
-0.885874 0.771
-0.885874 0.772
-0.885874 0.773
-0.885874 0.774
-0.885874 0.775
-0.885874 0.776
-0.885874 0.777
-0.885874 0.778
-0.885874 0.779
-0.885874 0.78
-0.885874 0.781
-0.885874 0.782
-0.885874 0.783
-0.885874 0.784
-0.885874 0.785
-0.885874 0.786
-0.885874 0.787
-0.885874 0.788
-0.885874 0.789
-0.885874 0.79
-0.885874 0.791
-0.885874 0.792
-0.885874 0.793
-0.885874 0.794
-0.885874 0.795
-0.885874 0.796
-0.885874 0.797
-0.885874 0.798
-0.885874 0.799
-0.885874 0.8
-0.885874 0.801
-0.885874 0.802
-0.885874 0.803
-0.885874 0.804
-0.885874 0.805
-0.885874 0.806
-0.885874 0.807
-0.885874 0.808
-0.885874 0.809
-0.885874 0.81
-0.885874 0.811
-0.885874 0.812
-0.885874 0.813
-0.885874 0.814
-0.885874 0.815
-0.885874 0.816
-0.885874 0.817
-0.885874 0.818
-0.885874 0.819
-0.885874 0.82
-0.885874 0.821
-0.885874 0.822
-0.885874 0.823
-0.885874 0.824
-0.885874 0.825
-0.885874 0.826
-0.885874 0.827
-0.885874 0.828
-0.885874 0.829
-0.885874 0.83
-0.885874 0.831
-0.885874 0.832
-0.885874 0.833
-0.885874 0.834
-0.885874 0.835
-0.885874 0.836
-0.885874 0.837
-0.885874 0.838
-0.885874 0.839
-0.885874 0.84
-0.885874 0.841
-0.885874 0.842
-0.885874 0.843
-0.885874 0.844
-0.885874 0.845
-0.885874 0.846
-0.885874 0.847
-0.885874 0.848
-0.885874 0.849
-0.885874 0.85
-0.885874 0.851
-0.885874 0.852
-0.885874 0.853
-0.885874 0.854
-0.885874 0.855
-0.885874 0.856
-0.885874 0.857
-0.885874 0.858
-0.885874 0.859
-0.885874 0.86
-0.885874 0.861
-0.885874 0.862
-0.885874 0.863
-0.885874 0.864
-0.885874 0.865
-0.885874 0.866
-0.885874 0.867
-0.885874 0.868
-0.885874 0.869
-0.885874 0.87
-0.885874 0.871
-0.885874 0.872
-0.885874 0.873
-0.885874 0.874
-0.885874 0.875
-0.885874 0.876
-0.885874 0.877
-0.885874 0.878
-0.885874 0.879
-0.885874 0.88
-0.885874 0.881
-0.885874 0.882
-0.885874 0.883
-0.885874 0.884
-0.885874 0.885
-0.885874 0.886
-0.885874 0.887
-0.885874 0.888
-0.885874 0.889
-0.885874 0.89
-0.885874 0.891
-0.885874 0.892
-0.885874 0.893
-0.885874 0.894
-0.885874 0.895
-0.885874 0.896
-0.885874 0.897
-0.885874 0.898
-0.885874 0.899
-0.885874 0.9
-0.885874 0.901
-0.885874 0.902
-0.885874 0.903
-0.885874 0.904
-0.885874 0.905
-0.885874 0.906
-0.885874 0.907
-0.885874 0.908
-0.885874 0.909
-0.885874 0.91
-0.885874 0.911
-0.885874 0.912
-0.885874 0.913
-0.885874 0.914
-0.885874 0.915
-0.885874 0.916
-0.885874 0.917
-0.885874 0.918
-0.885874 0.919
-0.885874 0.92
-0.885874 0.921
-0.885874 0.922
-0.885874 0.923
-0.885874 0.924
-0.885874 0.925
-0.885874 0.926
-0.885874 0.927
-0.885874 0.928
-0.885874 0.929
-0.885874 0.93
-0.885874 0.931
-0.885874 0.932
-0.885874 0.933
-0.885874 0.934
-0.885874 0.935
-0.885874 0.936
-0.885874 0.937
-0.885874 0.938
-0.885874 0.939
-0.885874 0.94
-0.885874 0.941
-0.885874 0.942
-0.885874 0.943
-0.885874 0.944
-0.885874 0.945
-0.885874 0.946
-0.885874 0.947
-0.885874 0.948
-0.885874 0.949
-0.885874 0.95
-0.885874 0.951
-0.885874 0.952
-0.885874 0.953
-0.885874 0.954
-0.885874 0.955
-0.885874 0.956
-0.885874 0.957
-0.885874 0.958
-0.885874 0.959
-0.885874 0.96
-0.885874 0.961
-0.885874 0.962
-0.885874 0.963
-0.885874 0.964
-0.885874 0.965
-0.885874 0.966
-0.885874 0.967
-0.885874 0.968
-0.885874 0.969
-0.885874 0.97
-0.885874 0.971
-0.885874 0.972
-0.885874 0.973
-0.885874 0.974
-0.885874 0.975
-0.885874 0.976
-0.885874 0.977
-0.885874 0.978
-0.885874 0.979
-0.885874 0.98
-0.885874 0.981
-0.885874 0.982
-0.885874 0.983
-0.885874 0.984
-0.885874 0.985
-0.885874 0.986
-0.885874 0.987
-0.885874 0.988
-0.885874 0.989
-0.885874 0.99
-0.885874 0.991
-0.885874 0.992
-0.885874 0.993
-0.885874 0.994
-0.885874 0.995
-0.728794 0.996
-0.571714 0.997
-0.414635 0.998
-0.257555 0.999
-0.100476 1


Shark
3.14159 1.5
3.13759 1.4995
3.13359 1.499
3.12959 1.4985
3.12559 1.498
3.12159 1.4975
3.11759 1.497
3.11359 1.4965
3.10959 1.496
3.10559 1.4955
3.10159 1.495
3.09759 1.4945
3.09359 1.494
3.08959 1.4935
3.08559 1.493
3.08159 1.4925
3.07759 1.492
3.07359 1.4915
3.06959 1.491
3.06559 1.4905
3.06159 1.49
3.05759 1.4895
3.05359 1.489
3.04959 1.4885
3.04559 1.488
3.04159 1.4875
3.03759 1.487
3.03359 1.4865
3.02959 1.486
3.02559 1.4855
3.02159 1.485
3.01759 1.4845
3.01359 1.484
3.00959 1.4835
3.00559 1.483
3.00159 1.4825
2.99759 1.482
2.99359 1.4815
2.98959 1.481
2.98559 1.4805
2.98158 1.48
2.97757 1.4795
2.97339 1.479
2.9685 1.4785
2.96415 1.478
2.95959 1.4775
2.95549 1.477
2.95109 1.4765
2.94709 1.476
2.94309 1.4755
2.93909 1.475
2.93509 1.4745
2.93109 1.474
2.92709 1.4735
2.92309 1.473
2.91909 1.4725
2.91509 1.472
2.91109 1.4715
2.90709 1.471
2.90309 1.4705
2.89909 1.47
2.89509 1.4695
2.89109 1.469
2.88709 1.4685
2.88309 1.468
2.87909 1.4675
2.87509 1.467
2.87109 1.4665
2.86709 1.466
2.86309 1.4655
2.85909 1.465
2.85508 1.4645
2.85108 1.464
2.84683 1.4635
2.84094 1.463
2.83694 1.4625
2.83287 1.462
2.8286 1.4615
2.82131 1.461
2.81626 1.4605
2.81096 1.46
2.80678 1.4595
2.80259 1.459
2.79841 1.4585
2.79426 1.458
2.78993 1.4575
2.78559 1.457
2.78124 1.4565
2.77689 1.456
2.77253 1.4555
2.76816 1.455
2.76378 1.4545
2.7594 1.454
2.75501 1.4535
2.74892 1.453
2.74492 1.4525
2.73943 1.452
2.73392 1.4515
2.72839 1.451
2.72439 1.4505
2.7188 1.45
2.71318 1.4495
2.70753 1.449
2.70305 1.4485
2.69857 1.448
2.69428 1.4475
2.68999 1.447
2.68595 1.4465
2.68192 1.446
2.67761 1.4455
2.67358 1.445
2.66935 1.4445
2.66532 1.444
2.66128 1.4435
2.65694 1.443
2.6529 1.4425
2.64881 1.442
2.64481 1.4415
2.64081 1.441
2.63681 1.4405
2.63281 1.44
2.62864 1.4395
2.62447 1.439
2.62029 1.4385
2.61611 1.438
2.60979 1.4375
2.60579 1.437
2.60109 1.4365
2.59709 1.436
2.59158 1.4355
2.58605 1.435
2.58185 1.4345
2.57765 1.434
2.56888 1.4335
2.56488 1.433
2.56067 1.4325
2.55645 1.432
2.55223 1.4315
2.54823 1.431
2.54423 1.4305
2.54001 1.43
2.53577 1.4295
2.53177 1.429
2.52777 1.4285
2.52353 1.428
2.51953 1.4275
2.51553 1.427
2.51128 1.4265
2.50728 1.426
2.50328 1.4255
2.49902 1.425
2.49502 1.4245
2.49102 1.424
2.48675 1.4235
2.48275 1.423
2.47875 1.4225
2.47447 1.422
2.47047 1.4215
2.46647 1.421
2.46218 1.4205
2.45818 1.42
2.45418 1.4195
2.44987 1.419
2.44587 1.4185
2.44187 1.418
2.43756 1.4175
2.43356 1.417
2.42956 1.4165
2.42524 1.416
2.42124 1.4155
2.41724 1.415
2.41324 1.4145
2.40924 1.414
2.40524 1.4135
2.40089 1.413
2.39689 1.4125
2.39253 1.412
2.38853 1.4115
2.38453 1.411
2.38053 1.4105
2.37616 1.41
2.37216 1.4095
2.36778 1.409
2.36378 1.4085
2.35978 1.408
2.35578 1.4075
2.35139 1.407
2.34739 1.4065
2.34299 1.406
2.33899 1.4055
2.33499 1.405
2.33099 1.4045
2.32657 1.404
2.32257 1.4035
2.31814 1.403
2.31414 1.4025
2.31014 1.402
2.30614 1.4015
2.30169 1.401
2.29769 1.4005
2.29324 1.4
2.28924 1.3995
2.28524 1.399
2.28124 1.3985
2.27677 1.398
2.27277 1.3975
2.26829 1.397
2.26429 1.3965
2.26029 1.396
2.25629 1.3955
2.25179 1.395
2.24779 1.3945
2.24379 1.394
2.23979 1.3935
2.23579 1.393
2.23179 1.3925
2.22765 1.392
2.22365 1.3915
2.21965 1.391
2.21565 1.3905
2.21165 1.39
2.20762 1.3895
2.20362 1.389
2.19962 1.3885
2.19562 1.388
2.19162 1.3875
2.18761 1.387
2.18361 1.3865
2.17961 1.386
2.17561 1.3855
2.17161 1.385
2.1676 1.3845
2.1636 1.384
2.1596 1.3835
2.1556 1.383
2.1516 1.3825
2.1476 1.382
2.1436 1.3815
2.1396 1.381
2.1356 1.3805
2.1316 1.38
2.1276 1.3795
2.1236 1.379
2.1196 1.3785
2.1156 1.378
2.1116 1.3775
2.1076 1.377
2.1036 1.3765
2.0996 1.376
2.0956 1.3755
2.0916 1.375
2.0876 1.3745
2.0836 1.374
2.0796 1.3735
2.0756 1.373
2.0716 1.3725
2.0676 1.372
2.0636 1.3715
2.0596 1.371
2.0556 1.3705
2.0516 1.37
2.0476 1.3695
2.0436 1.369
2.0396 1.3685
2.0356 1.368
2.0316 1.3675
2.0276 1.367
2.0236 1.3665
2.0196 1.366
2.0156 1.3655
2.0116 1.365
2.0076 1.3645
2.0036 1.364
1.9996 1.3635
1.9956 1.363
1.9916 1.3625
1.9876 1.362
1.9836 1.3615
1.9796 1.361
1.9756 1.3605
1.9716 1.36
1.9676 1.3595
1.9636 1.359
1.9596 1.3585
1.9556 1.358
1.9516 1.3575
1.9476 1.357
1.9436 1.3565
1.9396 1.356
1.9356 1.3555
1.9316 1.355
1.9276 1.3545
1.9236 1.354
1.9196 1.3535
1.9156 1.353
1.9116 1.3525
1.9076 1.352
1.9036 1.3515
1.8996 1.351
1.8956 1.3505
1.8916 1.35
1.8876 1.3495
1.8836 1.349
1.8796 1.3485
1.8756 1.348
1.8716 1.3475
1.8676 1.347
1.8636 1.3465
1.8596 1.346
1.8556 1.3455
1.8516 1.345
1.8476 1.3445
1.8436 1.344
1.8396 1.3435
1.8356 1.343
1.8316 1.3425
1.8276 1.342
1.8236 1.3415
1.8196 1.341
1.8156 1.3405
1.8116 1.34
1.8076 1.3395
1.8036 1.339
1.7996 1.3385
1.7956 1.338
1.7916 1.3375
1.7876 1.337
1.7836 1.3365
1.7796 1.336
1.7756 1.3355
1.7716 1.335
1.7676 1.3345
1.7636 1.334
1.7596 1.3335
1.7556 1.333
1.7516 1.3325
1.7476 1.332
1.7436 1.3315
1.7396 1.331
1.7356 1.3305
1.7316 1.33
1.7276 1.3295
1.7236 1.329
1.7196 1.3285
1.7156 1.328
1.7116 1.3275
1.7076 1.327
1.7036 1.3265
1.6996 1.326
1.6956 1.3255
1.6916 1.325
1.6876 1.3245
1.6836 1.324
1.6796 1.3235
1.6756 1.323
1.6716 1.3225
1.6676 1.322
1.6636 1.3215
1.6596 1.321
1.6556 1.3205
1.6516 1.32
1.6476 1.3195
1.6436 1.319
1.6396 1.3185
1.6356 1.318
1.6316 1.3175
1.6276 1.317
1.6236 1.3165
1.6196 1.316
1.6156 1.3155
1.6116 1.315
1.6076 1.3145
1.6036 1.314
1.5996 1.3135
1.5956 1.313
1.5916 1.3125
1.5876 1.312
1.5836 1.3115
1.5796 1.311
1.5756 1.3105
1.5716 1.31
1.5676 1.3095
1.5636 1.309
1.5596 1.3085
1.5556 1.308
1.5516 1.3075
1.5476 1.307
1.5436 1.3065
1.5396 1.306
1.5356 1.3055
1.5316 1.305
1.5276 1.3045
1.5236 1.304
1.5196 1.3035
1.5156 1.303
1.5116 1.3025
1.5076 1.302
1.5036 1.3015
1.4996 1.301
1.4956 1.3005
1.4916 1.3
1.4876 1.2995
1.4836 1.299
1.4796 1.2985
1.4756 1.298
1.4716 1.2975
1.4676 1.297
1.4636 1.2965
1.4596 1.296
1.4556 1.2955
1.4516 1.295
1.4476 1.2945
1.4436 1.294
1.4396 1.2935
1.4356 1.293
1.4316 1.2925
1.4276 1.292
1.4236 1.2915
1.4196 1.291
1.4156 1.2905
1.4116 1.29
1.4076 1.2895
1.4036 1.289
1.3996 1.2885
1.3956 1.288
1.3916 1.2875
1.3876 1.287
1.3836 1.2865
1.3796 1.286
1.3756 1.2855
1.3716 1.285
1.3676 1.2845
1.3636 1.284
1.3596 1.2835
1.3556 1.283
1.3516 1.2825
1.3476 1.282
1.3436 1.2815
1.3396 1.281
1.3356 1.2805
1.3316 1.28
1.3276 1.2795
1.3236 1.279
1.3196 1.2785
1.3156 1.278
1.3116 1.2775
1.3076 1.277
1.3036 1.2765
1.2996 1.276
1.2956 1.2755
1.2916 1.275
1.2876 1.2745
1.2836 1.274
1.2796 1.2735
1.2756 1.273
1.2716 1.2725
1.2676 1.272
1.2636 1.2715
1.2596 1.271
1.2556 1.2705
1.2516 1.27
1.2476 1.2695
1.2436 1.269
1.2396 1.2685
1.2356 1.268
1.2316 1.2675
1.2276 1.267
1.2236 1.2665
1.2196 1.266
1.2156 1.2655
1.2116 1.265
1.2076 1.2645
1.2036 1.264
1.1996 1.2635
1.1956 1.263
1.1916 1.2625
1.1876 1.262
1.1836 1.2615
1.1796 1.261
1.1756 1.2605
1.1716 1.26
1.1676 1.2595
1.1636 1.259
1.1596 1.2585
1.1556 1.258
1.1516 1.2575
1.1476 1.257
1.1436 1.2565
1.1396 1.256
1.1356 1.2555
1.1316 1.255
1.1276 1.2545
1.1236 1.254
1.1196 1.2535
1.1156 1.253
1.1116 1.2525
1.1076 1.252
1.1036 1.2515
1.0996 1.251
1.0956 1.2505
1.0916 1.25
1.0876 1.2495
1.0836 1.249
1.0796 1.2485
1.0756 1.248
1.0716 1.2475
1.0676 1.247
1.0636 1.2465
1.0596 1.246
1.0556 1.2455
1.0516 1.245
1.0476 1.2445
1.0436 1.244
1.0396 1.2435
1.0356 1.243
1.0316 1.2425
1.0276 1.242
1.0236 1.2415
1.0196 1.241
1.0156 1.2405
1.0116 1.24
1.0076 1.2395
1.0036 1.239
0.999602 1.2385
0.995602 1.238
0.991602 1.2375
0.987602 1.237
0.983602 1.2365
0.979602 1.236
0.975602 1.2355
0.971602 1.235
0.967602 1.2345
0.963602 1.234
0.959602 1.2335
0.955602 1.233
0.951602 1.2325
0.947602 1.232
0.943602 1.2315
0.939602 1.231
0.935602 1.2305
0.931602 1.23
0.927602 1.2295
0.923602 1.229
0.919602 1.2285
0.915602 1.228
0.911602 1.2275
0.907602 1.227
0.903602 1.2265
0.899602 1.226
0.895602 1.2255
0.891602 1.225
0.887602 1.2245
0.883602 1.224
0.879602 1.2235
0.875602 1.223
0.871602 1.2225
0.867602 1.222
0.863602 1.2215
0.859602 1.221
0.855602 1.2205
0.851602 1.22
0.847602 1.2195
0.843602 1.219
0.839602 1.2185
0.835602 1.218
0.831602 1.2175
0.827602 1.217
0.823602 1.2165
0.819602 1.216
0.815602 1.2155
0.811602 1.215
0.807602 1.2145
0.803602 1.214
0.799602 1.2135
0.795602 1.213
0.791602 1.2125
0.787602 1.212
0.783602 1.2115
0.779602 1.211
0.775602 1.2105
0.771602 1.21
0.767602 1.2095
0.763602 1.209
0.759602 1.2085
0.755602 1.208
0.751602 1.2075
0.747602 1.207
0.743602 1.2065
0.739602 1.206
0.735602 1.2055
0.731602 1.205
0.727602 1.2045
0.723602 1.204
0.719602 1.2035
0.715602 1.203
0.711602 1.2025
0.707602 1.202
0.703602 1.2015
0.699602 1.201
0.695602 1.2005
0.691602 1.2
0.687602 1.1995
0.683602 1.199
0.679602 1.1985
0.675602 1.198
0.671602 1.1975
0.667602 1.197
0.663602 1.1965
0.659602 1.196
0.655602 1.1955
0.651602 1.195
0.647602 1.1945
0.643602 1.194
0.639602 1.1935
0.635602 1.193
0.631602 1.1925
0.627602 1.192
0.623602 1.1915
0.619602 1.191
0.615602 1.1905
0.611602 1.19
0.607602 1.1895
0.603602 1.189
0.599602 1.1885
0.595602 1.188
0.591602 1.1875
0.587602 1.187
0.583602 1.1865
0.579602 1.186
0.575602 1.1855
0.571602 1.185
0.567602 1.1845
0.563602 1.184
0.559602 1.1835
0.555602 1.183
0.551602 1.1825
0.547602 1.182
0.543602 1.1815
0.539602 1.181
0.535602 1.1805
0.531602 1.18
0.527602 1.1795
0.523602 1.179
0.519602 1.1785
0.515602 1.178
0.511602 1.1775
0.507602 1.177
0.503602 1.1765
0.499602 1.176
0.495602 1.1755
0.491602 1.175
0.487602 1.1745
0.483602 1.174
0.479602 1.1735
0.475602 1.173
0.471602 1.1725
0.467602 1.172
0.463602 1.1715
0.459602 1.171
0.455602 1.1705
0.451602 1.17
0.447602 1.1695
0.443602 1.169
0.439602 1.1685
0.435602 1.168
0.431602 1.1675
0.427602 1.167
0.423602 1.1665
0.419602 1.166
0.415602 1.1655
0.411602 1.165
0.407602 1.1645
0.403602 1.164
0.399602 1.1635
0.395602 1.163
0.391602 1.1625
0.387602 1.162
0.383602 1.1615
0.379602 1.161
0.375602 1.1605
0.371602 1.16
0.367602 1.1595
0.363602 1.159
0.359602 1.1585
0.355602 1.158
0.351602 1.1575
0.347602 1.157
0.343602 1.1565
0.339602 1.156
0.335602 1.1555
0.331602 1.155
0.327602 1.1545
0.323602 1.154
0.319602 1.1535
0.315602 1.153
0.311602 1.1525
0.307602 1.152
0.303602 1.1515
0.299602 1.151
0.295602 1.1505
0.291602 1.15
0.287602 1.1495
0.283602 1.149
0.279602 1.1485
0.275602 1.148
0.271602 1.1475
0.267602 1.147
0.263602 1.1465
0.259602 1.146
0.255602 1.1455
0.251602 1.145
0.247602 1.1445
0.243602 1.144
0.239602 1.1435
0.235602 1.143
0.231602 1.1425
0.227602 1.142
0.223602 1.1415
0.219602 1.141
0.215602 1.1405
0.211602 1.14
0.207602 1.1395
0.203602 1.139
0.199602 1.1385
0.195602 1.138
0.191602 1.1375
0.187602 1.137
0.183602 1.1365
0.179602 1.136
0.175602 1.1355
0.171602 1.135
0.167602 1.1345
0.163602 1.134
0.159602 1.1335
0.155602 1.133
0.151602 1.1325
0.147602 1.132
0.143602 1.1315
0.139602 1.131
0.135602 1.1305
0.131602 1.13
0.127602 1.1295
0.123602 1.129
0.119602 1.1285
0.115602 1.128
0.111602 1.1275
0.107602 1.127
0.103602 1.1265
0.0996023 1.126
0.0956023 1.1255
0.0916023 1.125
0.0876023 1.1245
0.0836023 1.124
0.0796023 1.1235
0.0756023 1.123
0.0716023 1.1225
0.0676023 1.122
0.0636023 1.1215
0.0596023 1.121
0.0556023 1.1205
0.0516023 1.12
0.0476023 1.1195
0.0436023 1.119
0.0396023 1.1185
0.0356023 1.118
0.0316023 1.1175
0.0276023 1.117
0.0236023 1.1165
0.0196023 1.116
0.0156023 1.1155
0.0116023 1.115
0.00760235 1.1145
0.00360235 1.114
-0.000397652 1.1135
-0.00439765 1.113
-0.00839765 1.1125
-0.0123977 1.112
-0.0163977 1.1115
-0.0203977 1.111
-0.0243977 1.1105
-0.0283977 1.11
-0.0323977 1.1095
-0.0363977 1.109
-0.0403977 1.1085
-0.0443977 1.108
-0.0483977 1.1075
-0.0523977 1.107
-0.0563977 1.1065
-0.0603977 1.106
-0.0643977 1.1055
-0.0683977 1.105
-0.0723977 1.1045
-0.0763977 1.104
-0.0803977 1.1035
-0.0843977 1.103
-0.0883977 1.1025
-0.0923977 1.102
-0.0963977 1.1015
-0.100398 1.101
-0.104398 1.1005
-0.108398 1.1
-0.112398 1.0995
-0.116398 1.099
-0.120398 1.0985
-0.124398 1.098
-0.128398 1.0975
-0.132398 1.097
-0.136398 1.0965
-0.140398 1.096
-0.144398 1.0955
-0.148398 1.095
-0.152398 1.0945
-0.156398 1.094
-0.160398 1.0935
-0.164398 1.093
-0.168398 1.0925
-0.172398 1.092
-0.176398 1.0915
-0.180398 1.091
-0.184398 1.0905
-0.188398 1.09
-0.192398 1.0895
-0.196398 1.089
-0.200398 1.0885
-0.204398 1.088
-0.208398 1.0875
-0.212398 1.087
-0.216398 1.0865
-0.220398 1.086
-0.224398 1.0855
-0.228398 1.085
-0.232398 1.0845
-0.236398 1.084
-0.240398 1.0835
-0.244398 1.083
-0.248398 1.0825
-0.252398 1.082
-0.256398 1.0815
-0.260398 1.081
-0.264398 1.0805
-0.268398 1.08
-0.272398 1.0795
-0.276398 1.079
-0.280398 1.0785
-0.284398 1.078
-0.288398 1.0775
-0.292398 1.077
-0.296398 1.0765
-0.300398 1.076
-0.304398 1.0755
-0.308398 1.075
-0.312398 1.0745
-0.316398 1.074
-0.320398 1.0735
-0.324398 1.073
-0.328398 1.0725
-0.332398 1.072
-0.336398 1.0715
-0.340398 1.071
-0.344398 1.0705
-0.348398 1.07
-0.352398 1.0695
-0.356398 1.069
-0.360398 1.0685
-0.364398 1.068
-0.368398 1.0675
-0.372398 1.067
-0.376398 1.0665
-0.380398 1.066
-0.384398 1.0655
-0.388398 1.065
-0.392398 1.0645
-0.396398 1.064
-0.400398 1.0635
-0.404398 1.063
-0.408398 1.0625
-0.412398 1.062
-0.416398 1.0615
-0.420398 1.061
-0.424398 1.0605
-0.428398 1.06
-0.432398 1.0595
-0.436398 1.059
-0.440398 1.0585
-0.444398 1.058
-0.448398 1.0575
-0.452398 1.057
-0.456398 1.0565
-0.460398 1.056
-0.464398 1.0555
-0.468398 1.055
-0.472398 1.0545
-0.476398 1.054
-0.480398 1.0535
-0.484398 1.053
-0.488398 1.0525
-0.492398 1.052
-0.496398 1.0515
-0.500398 1.051
-0.504398 1.0505
-0.508398 1.05
-0.512398 1.0495
-0.516398 1.049
-0.520398 1.0485
-0.524398 1.048
-0.528398 1.0475
-0.532398 1.047
-0.536398 1.0465
-0.540398 1.046
-0.544398 1.0455
-0.548398 1.045
-0.552398 1.0445
-0.556398 1.044
-0.560398 1.0435
-0.564398 1.043
-0.568398 1.0425
-0.572398 1.042
-0.576398 1.0415
-0.580398 1.041
-0.584398 1.0405
-0.588398 1.04
-0.592398 1.0395
-0.596398 1.039
-0.600398 1.0385
-0.604398 1.038
-0.608398 1.0375
-0.612398 1.037
-0.616398 1.0365
-0.620398 1.036
-0.624398 1.0355
-0.628398 1.035
-0.632398 1.0345
-0.636398 1.034
-0.640398 1.0335
-0.644398 1.033
-0.648398 1.0325
-0.652398 1.032
-0.656398 1.0315
-0.660398 1.031
-0.664398 1.0305
-0.668398 1.03
-0.672398 1.0295
-0.676398 1.029
-0.680398 1.0285
-0.684398 1.028
-0.688398 1.0275
-0.692398 1.027
-0.696398 1.0265
-0.700398 1.026
-0.704398 1.0255
-0.708398 1.025
-0.712398 1.0245
-0.716398 1.024
-0.720398 1.0235
-0.724398 1.023
-0.728398 1.0225
-0.732398 1.022
-0.736398 1.0215
-0.740398 1.021
-0.744398 1.0205
-0.748398 1.02
-0.752398 1.0195
-0.756398 1.019
-0.760398 1.0185
-0.764398 1.018
-0.768398 1.0175
-0.772398 1.017
-0.776398 1.0165
-0.780398 1.016
-0.784398 1.0155
-0.788398 1.015
-0.792398 1.0145
-0.796398 1.014
-0.800398 1.0135
-0.804398 1.013
-0.808398 1.0125
-0.812398 1.012
-0.816398 1.0115
-0.820398 1.011
-0.824398 1.0105
-0.828398 1.01
-0.832398 1.0095
-0.836398 1.009
-0.840398 1.0085
-0.844398 1.008
-0.848398 1.0075
-0.852398 1.007
-0.856398 1.0065
-0.860398 1.006
-0.864398 1.0055
-0.868398 1.005
-0.872398 1.0045
-0.876398 1.004
-0.880398 1.0035
-0.884398 1.003
-0.885874 1.0025
-0.881874 1.002
-0.877874 1.0015
-0.873874 1.001
-0.869874 1.0005
-0.100476 1
