Man
0 0
0 0.001
0 0.002
0 0.003
0 0.004
0 0.005
0 0.006
0 0.007
0 0.008
0 0.009
0 0.01
0 0.011
0 0.012
0 0.013
0 0.014
0 0.015
0 0.016
0 0.017
0 0.018
0 0.019
0 0.02
0 0.021
0 0.022
0 0.023
0 0.024
0 0.025
0 0.026
0 0.027
0 0.028
0 0.029
0 0.03
0 0.031
0 0.032
0 0.033
0 0.034
0 0.035
0 0.036
-1.87254e-07 0.037
-3.74507e-07 0.038
-5.61761e-07 0.039
1.12352e-05 0.04
2.32194e-05 0.041
3.52037e-05 0.042
-0.0490402 0.043
-0.0981276 0.044
-0.147215 0.045
-0.20245 0.046
-0.208598 0.047
-0.214746 0.048
-0.220894 0.049
-0.220895 0.05
-0.220895 0.051
-0.220896 0.052
-0.220897 0.053
-0.220897 0.054
-0.220897 0.055
-0.220897 0.056
-0.220897 0.057
-0.220897 0.058
-0.220897 0.059
-0.220897 0.06
-0.220897 0.061
-0.220897 0.062
-0.220897 0.063
-0.220897 0.064
-0.220897 0.065
-0.220897 0.066
-0.220897 0.067
-0.220897 0.068
-0.220897 0.069
-0.220897 0.07
-0.220897 0.071
-0.220897 0.072
-0.220897 0.073
-0.220897 0.074
-0.220897 0.075
-0.184081 0.076
-0.147266 0.077
-0.11045 0.078
-0.0736349 0.079
-0.0736588 0.08
-0.0736828 0.081
-0.0491631 0.082
-0.0246434 0.083
-9.96657e-05 0.084
0.024444 0.085
0.0367159 0.086
0.0489877 0.087
0.0612596 0.088
0.0735314 0.089
0.0735194 0.09
0.0735074 0.091
0.0857673 0.092
0.0980272 0.093
0.110299 0.094
0.122571 0.095
0.122595 0.096
0.122619 0.097
0.122643 0.098
0.110395 0.099
0.098123 0.1
0.0858512 0.101
0.0735793 0.102
0.0674434 0.103
0.0613075 0.104
0.0551716 0.105
0.0428997 0.106
0.0367638 0.107
0.0306279 0.108
0.024492 0.109
0.0306279 0.11
0.0367638 0.111
0.0428997 0.112
0.0490357 0.113
0.0551716 0.114
0.0613075 0.115
0.0674434 0.116
0.0735793 0.117
0.0797153 0.118
0.0858512 0.119
0.0919871 0.12
0.098123 0.121
0.104259 0.122
0.110395 0.123
0.116531 0.124
0.128803 0.125
0.13513 0.126
0.142992 0.127
0.144718 0.128
0.140308 0.129
0.135706 0.13
0.126502 0.131
0.123434 0.132
0.120366 0.133
0.11423 0.134
0.111162 0.135
0.108094 0.136
0.101958 0.137
0.09889 0.138
0.0927541 0.139
0.0866182 0.14
0.0860429 0.141
0.0854677 0.142
0.0848925 0.143
0.0812493 0.144
0.0751133 0.145
0.0715697 0.146
0.0710941 0.147
0.0706185 0.148
0.0670749 0.149
0.0609389 0.15
0.0573916 0.151
0.0569122 0.152
0.0564329 0.153
0.0528855 0.154
0.0467496 0.155
0.0406137 0.156
0.0360118 0.157
0.0329438 0.158
0.0283418 0.159
0.0237399 0.16
0.019138 0.161
0.01607 0.162
0.013002 0.163
0.0084001 0.164
0.00379816 0.165
-0.000803786 0.166
-0.00540573 0.167
-0.00847369 0.168
-0.0115417 0.169
-0.0161436 0.17
-0.0207455 0.171
-0.0253475 0.172
-0.0299494 0.173
-0.0330174 0.174
-0.0360853 0.175
-0.0406873 0.176
-0.0452892 0.177
-0.0498912 0.178
-0.0544931 0.179
-0.0575611 0.18
-0.060629 0.181
-0.065231 0.182
-0.0698329 0.183
-0.0744349 0.184
-0.0790368 0.185
-0.0836387 0.186
-0.0882407 0.187
-0.0928426 0.188
-0.0974446 0.189
-0.102047 0.19
-0.105114 0.191
-0.109716 0.192
-0.114318 0.193
-0.117386 0.194
-0.121988 0.195
-0.12659 0.196
-0.129658 0.197
-0.13426 0.198
-0.138862 0.199
-0.14193 0.2
-0.146532 0.201
-0.151134 0.202
-0.154202 0.203
-0.158804 0.204
-0.163406 0.205
-0.166474 0.206
-0.171076 0.207
-0.175678 0.208
-0.178746 0.209
-0.183347 0.21
-0.187949 0.211
-0.191017 0.212
-0.194085 0.213
-0.196386 0.214
-0.19792 0.215
-0.199454 0.216
-0.200988 0.217
-0.202139 0.218
-0.202906 0.219
-0.203673 0.22
-0.20444 0.221
-0.205015 0.222
-0.205398 0.223
-0.205782 0.224
-0.206165 0.225
-0.206453 0.226
-0.206645 0.227
-0.206837 0.228
-0.207028 0.229
-0.207172 0.23
-0.207268 0.231
-0.207364 0.232
-0.20746 0.233
-0.207532 0.234
-0.20758 0.235
-0.207628 0.236
-0.207675 0.237
-0.207711 0.238
-0.207735 0.239
-0.207759 0.24
-0.207783 0.241
-0.207801 0.242
-0.207813 0.243
-0.207825 0.244
-0.207837 0.245
-0.207846 0.246
-0.207852 0.247
-0.207858 0.248
-0.207864 0.249
-0.207869 0.25
-0.207872 0.251
-0.207875 0.252
-0.207878 0.253
-0.20788 0.254
-0.207881 0.255
-0.207883 0.256
-0.207884 0.257
-0.207886 0.258
-0.207886 0.259
-0.207887 0.26
-0.207888 0.261
-0.207888 0.262
-0.207889 0.263
-0.207889 0.264
-0.20789 0.265
-0.20789 0.266
-0.20789 0.267
-0.20789 0.268
-0.20789 0.269
-0.20789 0.27
-0.207891 0.271
-0.207891 0.272
-0.207891 0.273
-0.207891 0.274
-0.207891 0.275
-0.207891 0.276
-0.207891 0.277
-0.207891 0.278
-0.207891 0.279
-0.207891 0.28
-0.207891 0.281
-0.207891 0.282
-0.207891 0.283
-0.207891 0.284
-0.207891 0.285
-0.207891 0.286
-0.207891 0.287
-0.207891 0.288
-0.207891 0.289
-0.207891 0.29
-0.207891 0.291
-0.207891 0.292
-0.207891 0.293
-0.207891 0.294
-0.207891 0.295
-0.207891 0.296
-0.207891 0.297
-0.207891 0.298
-0.207891 0.299
-0.207891 0.3
-0.207891 0.301
-0.207891 0.302
-0.207891 0.303
-0.207891 0.304
-0.207891 0.305
-0.207891 0.306
-0.207891 0.307
-0.207891 0.308
-0.207891 0.309
-0.207891 0.31
-0.207891 0.311
-0.207891 0.312
-0.207891 0.313
-0.207891 0.314
-0.207891 0.315
-0.207891 0.316
-0.207891 0.317
-0.207891 0.318
-0.207891 0.319
-0.207891 0.32
-0.207891 0.321
-0.207891 0.322
-0.207891 0.323
-0.207891 0.324
-0.207891 0.325
-0.207891 0.326
-0.207891 0.327
-0.207891 0.328
-0.207891 0.329
-0.207891 0.33
-0.207891 0.331
-0.207891 0.332
-0.207891 0.333
-0.207891 0.334
-0.207891 0.335
-0.207891 0.336
-0.207891 0.337
-0.207891 0.338
-0.207891 0.339
-0.207891 0.34
-0.207891 0.341
-0.207891 0.342
-0.207891 0.343
-0.207891 0.344
-0.207891 0.345
-0.207891 0.346
-0.207891 0.347
-0.207891 0.348
-0.207891 0.349
-0.207891 0.35
-0.207891 0.351
-0.207891 0.352
-0.207891 0.353
-0.207891 0.354
-0.207891 0.355
-0.207891 0.356
-0.207891 0.357
-0.207891 0.358
-0.207891 0.359
-0.207891 0.36
-0.207891 0.361
-0.207891 0.362
-0.207891 0.363
-0.207891 0.364
-0.207891 0.365
-0.207891 0.366
-0.207891 0.367
-0.207891 0.368
-0.207891 0.369
-0.207891 0.37
-0.207891 0.371
-0.207891 0.372
-0.207891 0.373
-0.207891 0.374
-0.207891 0.375
-0.207891 0.376
-0.207891 0.377
-0.207891 0.378
-0.207891 0.379
-0.207891 0.38
-0.207891 0.381
-0.207891 0.382
-0.207891 0.383
-0.207891 0.384
-0.207891 0.385
-0.207891 0.386
-0.207891 0.387
-0.207891 0.388
-0.207891 0.389
-0.207891 0.39
-0.207891 0.391
-0.207891 0.392
-0.207891 0.393
-0.207891 0.394
-0.207891 0.395
-0.207891 0.396
-0.207891 0.397
-0.207891 0.398
-0.207891 0.399
-0.207891 0.4
-0.207891 0.401
-0.207891 0.402
-0.207891 0.403
-0.207891 0.404
-0.207891 0.405
-0.207891 0.406
-0.207891 0.407
-0.207891 0.408
-0.207891 0.409
-0.207891 0.41
-0.207891 0.411
-0.207891 0.412
-0.207891 0.413
-0.207891 0.414
-0.207891 0.415
-0.207891 0.416
-0.207891 0.417
-0.207891 0.418
-0.207891 0.419
-0.207891 0.42
-0.207891 0.421
-0.207891 0.422
-0.207891 0.423
-0.207891 0.424
-0.207891 0.425
-0.207891 0.426
-0.207891 0.427
-0.207891 0.428
-0.207891 0.429
-0.207891 0.43
-0.207891 0.431
-0.207891 0.432
-0.207891 0.433
-0.207891 0.434
-0.207891 0.435
-0.207891 0.436
-0.207891 0.437
-0.207891 0.438
-0.207891 0.439
-0.207891 0.44
-0.207891 0.441
-0.207891 0.442
-0.207891 0.443
-0.207891 0.444
-0.207891 0.445
-0.207891 0.446
-0.207891 0.447
-0.207891 0.448
-0.207891 0.449
-0.207891 0.45
-0.207891 0.451
-0.207891 0.452
-0.207891 0.453
-0.207891 0.454
-0.207891 0.455
-0.207891 0.456
-0.207891 0.457
-0.207891 0.458
-0.207891 0.459
-0.207891 0.46
-0.207891 0.461
-0.207891 0.462
-0.207891 0.463
-0.207891 0.464
-0.207891 0.465
-0.207891 0.466
-0.207891 0.467
-0.207891 0.468
-0.207891 0.469
-0.207891 0.47
-0.207891 0.471
-0.207891 0.472
-0.207891 0.473
-0.207891 0.474
-0.207891 0.475
-0.207891 0.476
-0.207891 0.477
-0.207891 0.478
-0.207891 0.479
-0.207891 0.48
-0.207891 0.481
-0.207891 0.482
-0.207891 0.483
-0.207891 0.484
-0.207891 0.485
-0.207891 0.486
-0.207891 0.487
-0.207891 0.488
-0.207891 0.489
-0.207891 0.49
-0.207891 0.491
-0.207891 0.492
-0.207891 0.493
-0.207891 0.494
-0.207891 0.495
-0.207891 0.496
-0.207891 0.497
-0.207891 0.498
-0.207891 0.499
-0.207891 0.5
-0.207891 0.501
-0.207891 0.502
-0.207891 0.503
-0.207891 0.504
-0.207891 0.505
-0.207891 0.506
-0.207891 0.507
-0.207891 0.508
-0.207891 0.509
-0.207891 0.51
-0.207891 0.511
-0.207891 0.512
-0.207891 0.513
-0.207891 0.514
-0.207891 0.515
-0.207891 0.516
-0.207891 0.517
-0.207891 0.518
-0.207891 0.519
-0.207891 0.52
-0.207891 0.521
-0.207891 0.522
-0.207891 0.523
-0.207891 0.524
-0.207891 0.525
-0.207891 0.526
-0.207891 0.527
-0.207891 0.528
-0.207891 0.529
-0.207891 0.53
-0.207891 0.531
-0.207891 0.532
-0.207891 0.533
-0.207891 0.534
-0.207891 0.535
-0.207891 0.536
-0.207891 0.537
-0.207891 0.538
-0.207891 0.539
-0.207891 0.54
-0.207891 0.541
-0.207891 0.542
-0.207891 0.543
-0.207891 0.544
-0.207891 0.545
-0.207891 0.546
-0.207891 0.547
-0.207891 0.548
-0.207891 0.549
-0.207891 0.55
-0.207891 0.551
-0.207891 0.552
-0.207891 0.553
-0.207891 0.554
-0.207891 0.555
-0.207891 0.556
-0.207891 0.557
-0.207891 0.558
-0.207891 0.559
-0.207891 0.56
-0.207891 0.561
-0.207891 0.562
-0.207891 0.563
-0.207891 0.564
-0.207891 0.565
-0.207891 0.566
-0.207891 0.567
-0.207891 0.568
-0.207891 0.569
-0.207891 0.57
-0.207891 0.571
-0.207891 0.572
-0.207891 0.573
-0.207891 0.574
-0.207891 0.575
-0.207891 0.576
-0.207891 0.577
-0.207891 0.578
-0.207891 0.579
-0.207891 0.58
-0.207891 0.581
-0.207891 0.582
-0.207891 0.583
-0.207891 0.584
-0.207891 0.585
-0.207891 0.586
-0.207891 0.587
-0.207891 0.588
-0.207891 0.589
-0.207891 0.59
-0.207891 0.591
-0.207891 0.592
-0.207891 0.593
-0.207891 0.594
-0.207891 0.595
-0.207891 0.596
-0.207891 0.597
-0.207891 0.598
-0.207891 0.599
-0.207891 0.6
-0.207891 0.601
-0.207891 0.602
-0.207891 0.603
-0.207891 0.604
-0.207891 0.605
-0.207891 0.606
-0.207891 0.607
-0.207891 0.608
-0.207891 0.609
-0.207891 0.61
-0.207891 0.611
-0.207891 0.612
-0.207891 0.613
-0.207891 0.614
-0.207891 0.615
-0.207891 0.616
-0.207891 0.617
-0.207891 0.618
-0.207891 0.619
-0.207891 0.62
-0.207891 0.621
-0.207891 0.622
-0.207891 0.623
-0.207891 0.624
-0.207891 0.625
-0.207891 0.626
-0.207891 0.627
-0.207891 0.628
-0.207891 0.629
-0.207891 0.63
-0.207891 0.631
-0.207891 0.632
-0.207891 0.633
-0.207891 0.634
-0.207891 0.635
-0.207891 0.636
-0.207891 0.637
-0.207891 0.638
-0.207891 0.639
-0.207891 0.64
-0.207891 0.641
-0.207891 0.642
-0.207891 0.643
-0.207891 0.644
-0.207891 0.645
-0.207891 0.646
-0.207891 0.647
-0.207891 0.648
-0.207891 0.649
-0.207891 0.65
-0.207891 0.651
-0.207891 0.652
-0.207891 0.653
-0.207891 0.654
-0.207891 0.655
-0.207891 0.656
-0.207891 0.657
-0.207891 0.658
-0.207891 0.659
-0.207891 0.66
-0.207891 0.661
-0.207891 0.662
-0.207891 0.663
-0.207891 0.664
-0.207891 0.665
-0.207891 0.666
-0.207891 0.667
-0.207891 0.668
-0.207891 0.669
-0.207891 0.67
-0.207891 0.671
-0.207891 0.672
-0.207891 0.673
-0.207891 0.674
-0.207891 0.675
-0.207891 0.676
-0.207891 0.677
-0.207891 0.678
-0.207891 0.679
-0.207891 0.68
-0.207891 0.681
-0.207891 0.682
-0.207891 0.683
-0.207891 0.684
-0.207891 0.685
-0.207891 0.686
-0.207891 0.687
-0.207891 0.688
-0.207891 0.689
-0.207891 0.69
-0.207891 0.691
-0.207891 0.692
-0.207891 0.693
-0.207891 0.694
-0.207891 0.695
-0.207891 0.696
-0.207891 0.697
-0.207891 0.698
-0.207891 0.699
-0.207891 0.7
-0.207891 0.701
-0.207891 0.702
-0.207891 0.703
-0.207891 0.704
-0.207891 0.705
-0.207891 0.706
-0.207891 0.707
-0.207891 0.708
-0.207891 0.709
-0.207891 0.71
-0.207891 0.711
-0.207891 0.712
-0.207891 0.713
-0.207891 0.714
-0.207891 0.715
-0.207891 0.716
-0.207891 0.717
-0.207891 0.718
-0.207891 0.719
-0.207891 0.72
-0.207891 0.721
-0.207891 0.722
-0.207891 0.723
-0.207891 0.724
-0.207891 0.725
-0.207891 0.726
-0.207891 0.727
-0.207891 0.728
-0.207891 0.729
-0.207891 0.73
-0.207891 0.731
-0.207891 0.732
-0.207891 0.733
-0.207891 0.734
-0.207891 0.735
-0.207891 0.736
-0.207891 0.737
-0.207891 0.738
-0.207891 0.739
-0.207891 0.74
-0.207891 0.741
-0.207891 0.742
-0.207891 0.743
-0.207891 0.744
-0.207891 0.745
-0.207891 0.746
-0.207891 0.747
-0.207891 0.748
-0.207891 0.749
-0.207891 0.75
-0.207891 0.751
-0.207891 0.752
-0.207891 0.753
-0.207891 0.754
-0.207891 0.755
-0.207891 0.756
-0.207891 0.757
-0.207891 0.758
-0.207891 0.759
-0.207891 0.76
-0.207891 0.761
-0.207891 0.762
-0.207891 0.763
-0.207891 0.764
-0.207891 0.765
-0.207891 0.766
-0.207891 0.767
-0.207891 0.768
-0.207891 0.769
-0.207891 0.77
-0.207891 0.771
-0.207891 0.772
-0.207891 0.773
-0.207891 0.774
-0.207891 0.775
-0.207891 0.776
-0.207891 0.777
-0.207891 0.778
-0.207891 0.779
-0.207891 0.78
-0.207891 0.781
-0.207891 0.782
-0.207891 0.783
-0.207891 0.784
-0.207891 0.785
-0.207891 0.786
-0.207891 0.787
-0.207891 0.788
-0.207891 0.789
-0.207891 0.79
-0.207891 0.791
-0.207891 0.792
-0.207891 0.793
-0.207891 0.794
-0.207891 0.795
-0.207891 0.796
-0.207891 0.797
-0.207891 0.798
-0.207891 0.799
-0.207891 0.8
-0.207891 0.801
-0.207891 0.802
-0.207891 0.803
-0.207891 0.804
-0.207891 0.805
-0.207891 0.806
-0.207891 0.807
-0.207891 0.808
-0.207891 0.809
-0.207891 0.81
-0.207891 0.811
-0.207891 0.812
-0.207891 0.813
-0.207891 0.814
-0.207891 0.815
-0.207891 0.816
-0.207891 0.817
-0.207891 0.818
-0.207891 0.819
-0.207891 0.82
-0.207891 0.821
-0.207891 0.822
-0.207891 0.823
-0.207891 0.824
-0.207891 0.825
-0.207891 0.826
-0.207891 0.827
-0.207891 0.828
-0.207891 0.829
-0.207891 0.83
-0.207891 0.831
-0.207891 0.832
-0.207891 0.833
-0.207891 0.834
-0.207891 0.835
-0.207891 0.836
-0.207891 0.837
-0.207891 0.838
-0.207891 0.839
-0.207891 0.84
-0.207891 0.841
-0.207891 0.842
-0.207891 0.843
-0.207891 0.844
-0.207891 0.845
-0.207891 0.846
-0.207891 0.847
-0.207891 0.848
-0.207891 0.849
-0.207891 0.85
-0.207891 0.851
-0.207891 0.852
-0.207891 0.853
-0.207891 0.854
-0.207891 0.855
-0.207891 0.856
-0.207891 0.857
-0.207891 0.858
-0.207891 0.859
-0.207891 0.86
-0.207891 0.861
-0.207891 0.862
-0.207891 0.863
-0.207891 0.864
-0.207891 0.865
-0.207891 0.866
-0.207891 0.867
-0.207891 0.868
-0.207891 0.869
-0.207891 0.87
-0.207891 0.871
-0.207891 0.872
-0.207891 0.873
-0.207891 0.874
-0.207891 0.875
-0.207891 0.876
-0.207891 0.877
-0.207891 0.878
-0.207891 0.879
-0.207891 0.88
-0.207891 0.881
-0.207891 0.882
-0.207891 0.883
-0.207891 0.884
-0.207891 0.885
-0.207891 0.886
-0.207891 0.887
-0.207891 0.888
-0.207891 0.889
-0.207891 0.89
-0.207891 0.891
-0.207891 0.892
-0.207891 0.893
-0.207891 0.894
-0.207891 0.895
-0.207891 0.896
-0.207891 0.897
-0.207891 0.898
-0.207891 0.899
-0.207891 0.9
-0.207891 0.901
-0.207891 0.902
-0.207891 0.903
-0.207891 0.904
-0.207891 0.905
-0.207891 0.906
-0.207891 0.907
-0.207891 0.908
-0.207891 0.909
-0.207891 0.91
-0.207891 0.911
-0.207891 0.912
-0.207891 0.913
-0.207891 0.914
-0.207891 0.915
-0.207891 0.916
-0.207891 0.917
-0.207891 0.918
-0.207891 0.919
-0.207891 0.92
-0.207891 0.921
-0.207891 0.922
-0.207891 0.923
-0.207891 0.924
-0.207891 0.925
-0.207891 0.926
-0.207891 0.927
-0.207891 0.928
-0.207891 0.929
-0.207891 0.93
-0.207891 0.931
-0.207891 0.932
-0.207891 0.933
-0.207891 0.934
-0.207891 0.935
-0.207891 0.936
-0.207891 0.937
-0.207891 0.938
-0.207891 0.939
-0.207891 0.94
-0.207891 0.941
-0.207891 0.942
-0.207891 0.943
-0.207891 0.944
-0.207891 0.945
-0.207891 0.946
-0.207891 0.947
-0.207891 0.948
-0.207891 0.949
-0.207891 0.95
-0.207891 0.951
-0.207891 0.952
-0.207891 0.953
-0.207891 0.954
-0.207891 0.955
-0.207891 0.956
-0.207891 0.957
-0.207891 0.958
-0.207891 0.959
-0.207891 0.96
-0.207891 0.961
-0.207891 0.962
-0.207891 0.963
-0.207891 0.964
-0.207891 0.965
-0.207891 0.966
-0.207891 0.967
-0.207891 0.968
-0.207891 0.969
-0.207891 0.97
-0.207891 0.971
-0.207891 0.972
-0.207891 0.973
-0.207891 0.974
-0.207891 0.975
-0.207891 0.976
-0.207891 0.977
-0.207891 0.978
-0.207891 0.979
-0.207891 0.98
-0.207891 0.981
-0.207891 0.982
-0.207891 0.983
-0.207891 0.984
-0.207891 0.985
-0.207891 0.986
-0.207891 0.987
-0.207891 0.988
-0.207891 0.989
-0.207891 0.99
-0.207891 0.991
-0.207891 0.992
-0.207891 0.993
-0.207891 0.994
-0.207891 0.995
-0.207891 0.996
-0.0115416 0.997
0.184808 0.998
0.381158 0.999
0.577507 1


Shark
3.14159 1.5
3.13759 1.4995
3.13359 1.499
3.12959 1.4985
3.12559 1.498
3.12159 1.4975
3.11759 1.497
3.11359 1.4965
3.10959 1.496
3.10559 1.4955
3.10159 1.495
3.09759 1.4945
3.09359 1.494
3.08959 1.4935
3.08559 1.493
3.08159 1.4925
3.07759 1.492
3.07359 1.4915
3.06959 1.491
3.06559 1.4905
3.06159 1.49
3.05759 1.4895
3.05359 1.489
3.04959 1.4885
3.04559 1.488
3.04159 1.4875
3.03759 1.487
3.03359 1.4865
3.02959 1.486
3.02559 1.4855
3.02159 1.485
3.01759 1.4845
3.01359 1.484
3.00959 1.4835
3.00559 1.483
3.00159 1.4825
2.99759 1.482
2.99359 1.4815
2.98959 1.481
2.98559 1.4805
2.98159 1.48
2.97759 1.4795
2.97359 1.479
2.96435 1.4785
2.95492 1.478
2.94531 1.4775
2.95612 1.477
2.96028 1.4765
2.96445 1.476
2.96862 1.4755
2.97262 1.475
2.97662 1.4745
2.98062 1.474
2.98462 1.4735
2.98862 1.473
2.99262 1.4725
2.99662 1.472
3.00062 1.4715
3.00462 1.471
3.00862 1.4705
3.01262 1.47
3.01662 1.4695
3.02062 1.469
3.02462 1.4685
3.02862 1.468
3.03262 1.4675
3.03662 1.467
3.04062 1.4665
3.04462 1.466
3.04862 1.4655
3.05262 1.465
3.05662 1.4645
3.06062 1.464
3.06462 1.4635
3.06862 1.463
3.07262 1.4625
3.09157 1.462
3.11077 1.4615
3.1302 1.461
3.1342 1.4605
3.1382 1.46
3.1422 1.4595
3.15116 1.459
3.16016 1.4585
3.16928 1.458
3.20269 1.4575
3.20849 1.457
3.21432 1.4565
3.22019 1.456
3.23802 1.4555
3.24202 1.455
3.24602 1.4545
3.25204 1.454
3.25808 1.4535
3.26416 1.453
3.24518 1.4525
3.24118 1.452
3.23718 1.4515
3.23318 1.451
3.22694 1.4505
3.22063 1.45
3.21427 1.4495
3.19395 1.449
3.18922 1.4485
3.18449 1.448
3.17973 1.4475
3.17573 1.447
3.17096 1.4465
3.16616 1.446
3.17754 1.4455
3.18236 1.445
3.18719 1.4445
3.19204 1.444
3.20379 1.4435
3.20866 1.443
3.21355 1.4425
3.21845 1.442
3.23057 1.4415
3.2355 1.441
3.24044 1.4405
3.2454 1.44
3.25789 1.4395
3.26288 1.439
3.26789 1.4385
3.2729 1.438
3.2769 1.4375
3.28189 1.437
3.27639 1.4365
3.27233 1.436
3.26787 1.4355
3.26387 1.435
3.25956 1.4345
3.25525 1.434
3.25093 1.4335
3.24693 1.433
3.2426 1.4325
3.23827 1.432
3.23427 1.4315
3.22993 1.431
3.22593 1.4305
3.22193 1.43
3.21789 1.4295
3.21386 1.429
3.20982 1.4285
3.20545 1.428
3.20145 1.4275
3.19695 1.427
3.19294 1.4265
3.18893 1.426
3.18441 1.4255
3.18041 1.425
3.17582 1.4245
3.1718 1.424
3.16778 1.4235
3.16331 1.423
3.15931 1.4225
3.15531 1.422
3.15119 1.4215
3.14719 1.421
3.14308 1.4205
3.13896 1.42
3.13484 1.4195
3.13084 1.419
3.12684 1.4185
3.12272 1.418
3.11859 1.4175
3.11446 1.417
3.11033 1.4165
3.10633 1.416
3.10233 1.4155
3.0982 1.415
3.09407 1.4145
3.08993 1.414
3.08579 1.4135
3.08179 1.413
3.07779 1.4125
3.07365 1.412
3.06951 1.4115
3.06536 1.411
3.06121 1.4105
3.05721 1.41
3.05321 1.4095
3.04906 1.409
3.04491 1.4085
3.04075 1.408
3.0366 1.4075
3.03244 1.407
3.02828 1.4065
3.02411 1.406
3.01995 1.4055
3.01578 1.405
3.01178 1.4045
3.00762 1.404
3.00344 1.4035
2.99944 1.403
2.99527 1.4025
2.99109 1.402
2.98709 1.4015
2.98291 1.401
2.97873 1.4005
2.97473 1.4
2.97055 1.3995
2.96636 1.399
2.96236 1.3985
2.95817 1.398
2.95398 1.3975
2.94998 1.397
2.94578 1.3965
2.94159 1.396
2.93759 1.3955
2.93338 1.395
2.92918 1.3945
2.92518 1.394
2.92118 1.3935
2.91713 1.393
2.91313 1.3925
2.90913 1.392
2.90513 1.3915
2.90111 1.391
2.89711 1.3905
2.89311 1.39
2.88911 1.3895
2.88511 1.389
2.88111 1.3885
2.87711 1.388
2.87311 1.3875
2.86911 1.387
2.86511 1.3865
2.86111 1.386
2.85711 1.3855
2.85311 1.385
2.84911 1.3845
2.84511 1.384
2.84111 1.3835
2.83711 1.383
2.83311 1.3825
2.82911 1.382
2.82511 1.3815
2.82111 1.381
2.81711 1.3805
2.81311 1.38
2.80911 1.3795
2.80511 1.379
2.80111 1.3785
2.79711 1.378
2.79311 1.3775
2.78911 1.377
2.78511 1.3765
2.78111 1.376
2.77711 1.3755
2.77311 1.375
2.76911 1.3745
2.76511 1.374
2.76111 1.3735
2.75711 1.373
2.75311 1.3725
2.74911 1.372
2.74511 1.3715
2.74111 1.371
2.73711 1.3705
2.73311 1.37
2.72911 1.3695
2.72511 1.369
2.72111 1.3685
2.71711 1.368
2.71311 1.3675
2.70911 1.367
2.70511 1.3665
2.70111 1.366
2.69711 1.3655
2.69311 1.365
2.68911 1.3645
2.68511 1.364
2.68111 1.3635
2.67711 1.363
2.67311 1.3625
2.66911 1.362
2.66511 1.3615
2.66111 1.361
2.65711 1.3605
2.65311 1.36
2.64911 1.3595
2.64511 1.359
2.64111 1.3585
2.63711 1.358
2.63311 1.3575
2.62911 1.357
2.62511 1.3565
2.62111 1.356
2.61711 1.3555
2.61311 1.355
2.60911 1.3545
2.60511 1.354
2.60111 1.3535
2.59711 1.353
2.59311 1.3525
2.58911 1.352
2.58511 1.3515
2.58111 1.351
2.57711 1.3505
2.57311 1.35
2.56911 1.3495
2.56511 1.349
2.56111 1.3485
2.55711 1.348
2.55311 1.3475
2.54911 1.347
2.54511 1.3465
2.54111 1.346
2.53711 1.3455
2.53311 1.345
2.52911 1.3445
2.52511 1.344
2.52111 1.3435
2.51711 1.343
2.51311 1.3425
2.50911 1.342
2.50511 1.3415
2.50111 1.341
2.49711 1.3405
2.49311 1.34
2.48911 1.3395
2.48511 1.339
2.48111 1.3385
2.47711 1.338
2.47311 1.3375
2.46911 1.337
2.46511 1.3365
2.46111 1.336
2.45711 1.3355
2.45311 1.335
2.44911 1.3345
2.44511 1.334
2.44111 1.3335
2.43711 1.333
2.43311 1.3325
2.42911 1.332
2.42511 1.3315
2.42111 1.331
2.41711 1.3305
2.41311 1.33
2.40911 1.3295
2.40511 1.329
2.40111 1.3285
2.39711 1.328
2.39311 1.3275
2.38911 1.327
2.38511 1.3265
2.38111 1.326
2.37711 1.3255
2.37311 1.325
2.36911 1.3245
2.36511 1.324
2.36111 1.3235
2.35711 1.323
2.35311 1.3225
2.34911 1.322
2.34511 1.3215
2.34111 1.321
2.33711 1.3205
2.33311 1.32
2.32911 1.3195
2.32511 1.319
2.32111 1.3185
2.31711 1.318
2.31311 1.3175
2.30911 1.317
2.30511 1.3165
2.30111 1.316
2.29711 1.3155
2.29311 1.315
2.28911 1.3145
2.28511 1.314
2.28111 1.3135
2.27711 1.313
2.27311 1.3125
2.26911 1.312
2.26511 1.3115
2.26111 1.311
2.25711 1.3105
2.25311 1.31
2.24911 1.3095
2.24511 1.309
2.24111 1.3085
2.23711 1.308
2.23311 1.3075
2.22911 1.307
2.22511 1.3065
2.22111 1.306
2.21711 1.3055
2.21311 1.305
2.20911 1.3045
2.20511 1.304
2.20111 1.3035
2.19711 1.303
2.19311 1.3025
2.18911 1.302
2.18511 1.3015
2.18111 1.301
2.17711 1.3005
2.17311 1.3
2.16911 1.2995
2.16511 1.299
2.16111 1.2985
2.15711 1.298
2.15311 1.2975
2.14911 1.297
2.14511 1.2965
2.14111 1.296
2.13711 1.2955
2.13311 1.295
2.12911 1.2945
2.12511 1.294
2.12111 1.2935
2.11711 1.293
2.11311 1.2925
2.10911 1.292
2.10511 1.2915
2.10111 1.291
2.09711 1.2905
2.09311 1.29
2.08911 1.2895
2.08511 1.289
2.08111 1.2885
2.07711 1.288
2.07311 1.2875
2.06911 1.287
2.06511 1.2865
2.06111 1.286
2.05711 1.2855
2.05311 1.285
2.04911 1.2845
2.04511 1.284
2.04111 1.2835
2.03711 1.283
2.03311 1.2825
2.02911 1.282
2.02511 1.2815
2.02111 1.281
2.01711 1.2805
2.01311 1.28
2.00911 1.2795
2.00511 1.279
2.00111 1.2785
1.99711 1.278
1.99311 1.2775
1.98911 1.277
1.98511 1.2765
1.98111 1.276
1.97711 1.2755
1.97311 1.275
1.96911 1.2745
1.96511 1.274
1.96111 1.2735
1.95711 1.273
1.95311 1.2725
1.94911 1.272
1.94511 1.2715
1.94111 1.271
1.93711 1.2705
1.93311 1.27
1.92911 1.2695
1.92511 1.269
1.92111 1.2685
1.91711 1.268
1.91311 1.2675
1.90911 1.267
1.90511 1.2665
1.90111 1.266
1.89711 1.2655
1.89311 1.265
1.88911 1.2645
1.88511 1.264
1.88111 1.2635
1.87711 1.263
1.87311 1.2625
1.86911 1.262
1.86511 1.2615
1.86111 1.261
1.85711 1.2605
1.85311 1.26
1.84911 1.2595
1.84511 1.259
1.84111 1.2585
1.83711 1.258
1.83311 1.2575
1.82911 1.257
1.82511 1.2565
1.82111 1.256
1.81711 1.2555
1.81311 1.255
1.80911 1.2545
1.80511 1.254
1.80111 1.2535
1.79711 1.253
1.79311 1.2525
1.78911 1.252
1.78511 1.2515
1.78111 1.251
1.77711 1.2505
1.77311 1.25
1.76911 1.2495
1.76511 1.249
1.76111 1.2485
1.75711 1.248
1.75311 1.2475
1.74911 1.247
1.74511 1.2465
1.74111 1.246
1.73711 1.2455
1.73311 1.245
1.72911 1.2445
1.72511 1.244
1.72111 1.2435
1.71711 1.243
1.71311 1.2425
1.70911 1.242
1.70511 1.2415
1.70111 1.241
1.69711 1.2405
1.69311 1.24
1.68911 1.2395
1.68511 1.239
1.68111 1.2385
1.67711 1.238
1.67311 1.2375
1.66911 1.237
1.66511 1.2365
1.66111 1.236
1.65711 1.2355
1.65311 1.235
1.64911 1.2345
1.64511 1.234
1.64111 1.2335
1.63711 1.233
1.63311 1.2325
1.62911 1.232
1.62511 1.2315
1.62111 1.231
1.61711 1.2305
1.61311 1.23
1.60911 1.2295
1.60511 1.229
1.60111 1.2285
1.59711 1.228
1.59311 1.2275
1.58911 1.227
1.58511 1.2265
1.58111 1.226
1.57711 1.2255
1.57311 1.225
1.56911 1.2245
1.56511 1.224
1.56111 1.2235
1.55711 1.223
1.55311 1.2225
1.54911 1.222
1.54511 1.2215
1.54111 1.221
1.53711 1.2205
1.53311 1.22
1.52911 1.2195
1.52511 1.219
1.52111 1.2185
1.51711 1.218
1.51311 1.2175
1.50911 1.217
1.50511 1.2165
1.50111 1.216
1.49711 1.2155
1.49311 1.215
1.48911 1.2145
1.48511 1.214
1.48111 1.2135
1.47711 1.213
1.47311 1.2125
1.46911 1.212
1.46511 1.2115
1.46111 1.211
1.45711 1.2105
1.45311 1.21
1.44911 1.2095
1.44511 1.209
1.44111 1.2085
1.43711 1.208
1.43311 1.2075
1.42911 1.207
1.42511 1.2065
1.42111 1.206
1.41711 1.2055
1.41311 1.205
1.40911 1.2045
1.40511 1.204
1.40111 1.2035
1.39711 1.203
1.39311 1.2025
1.38911 1.202
1.38511 1.2015
1.38111 1.201
1.37711 1.2005
1.37311 1.2
1.36911 1.1995
1.36511 1.199
1.36111 1.1985
1.35711 1.198
1.35311 1.1975
1.34911 1.197
1.34511 1.1965
1.34111 1.196
1.33711 1.1955
1.33311 1.195
1.32911 1.1945
1.32511 1.194
1.32111 1.1935
1.31711 1.193
1.31311 1.1925
1.30911 1.192
1.30511 1.1915
1.30111 1.191
1.29711 1.1905
1.29311 1.19
1.28911 1.1895
1.28511 1.189
1.28111 1.1885
1.27711 1.188
1.27311 1.1875
1.26911 1.187
1.26511 1.1865
1.26111 1.186
1.25711 1.1855
1.25311 1.185
1.24911 1.1845
1.24511 1.184
1.24111 1.1835
1.23711 1.183
1.23311 1.1825
1.22911 1.182
1.22511 1.1815
1.22111 1.181
1.21711 1.1805
1.21311 1.18
1.20911 1.1795
1.20511 1.179
1.20111 1.1785
1.19711 1.178
1.19311 1.1775
1.18911 1.177
1.18511 1.1765
1.18111 1.176
1.17711 1.1755
1.17311 1.175
1.16911 1.1745
1.16511 1.174
1.16111 1.1735
1.15711 1.173
1.15311 1.1725
1.14911 1.172
1.14511 1.1715
1.14111 1.171
1.13711 1.1705
1.13311 1.17
1.12911 1.1695
1.12511 1.169
1.12111 1.1685
1.11711 1.168
1.11311 1.1675
1.10911 1.167
1.10511 1.1665
1.10111 1.166
1.09711 1.1655
1.09311 1.165
1.08911 1.1645
1.08511 1.164
1.08111 1.1635
1.07711 1.163
1.07311 1.1625
1.06911 1.162
1.06511 1.1615
1.06111 1.161
1.05711 1.1605
1.05311 1.16
1.04911 1.1595
1.04511 1.159
1.04111 1.1585
1.03711 1.158
1.03311 1.1575
1.02911 1.157
1.02511 1.1565
1.02111 1.156
1.01711 1.1555
1.01311 1.155
1.00911 1.1545
1.00511 1.154
1.00111 1.1535
0.997109 1.153
0.993109 1.1525
0.989109 1.152
0.985109 1.1515
0.981109 1.151
0.977109 1.1505
0.973109 1.15
0.969109 1.1495
0.965109 1.149
0.961109 1.1485
0.957109 1.148
0.953109 1.1475
0.949109 1.147
0.945109 1.1465
0.941109 1.146
0.937109 1.1455
0.933109 1.145
0.929109 1.1445
0.925109 1.144
0.921109 1.1435
0.917109 1.143
0.913109 1.1425
0.909109 1.142
0.905109 1.1415
0.901109 1.141
0.897109 1.1405
0.893109 1.14
0.889109 1.1395
0.885109 1.139
0.881109 1.1385
0.877109 1.138
0.873109 1.1375
0.869109 1.137
0.865109 1.1365
0.861109 1.136
0.857109 1.1355
0.853109 1.135
0.849109 1.1345
0.845109 1.134
0.841109 1.1335
0.837109 1.133
0.833109 1.1325
0.829109 1.132
0.825109 1.1315
0.821109 1.131
0.817109 1.1305
0.813109 1.13
0.809109 1.1295
0.805109 1.129
0.801109 1.1285
0.797109 1.128
0.793109 1.1275
0.789109 1.127
0.785109 1.1265
0.781109 1.126
0.777109 1.1255
0.773109 1.125
0.769109 1.1245
0.765109 1.124
0.761109 1.1235
0.757109 1.123
0.753109 1.1225
0.749109 1.122
0.745109 1.1215
0.741109 1.121
0.737109 1.1205
0.733109 1.12
0.729109 1.1195
0.725109 1.119
0.721109 1.1185
0.717109 1.118
0.713109 1.1175
0.709109 1.117
0.705109 1.1165
0.701109 1.116
0.697109 1.1155
0.693109 1.115
0.689109 1.1145
0.685109 1.114
0.681109 1.1135
0.677109 1.113
0.673109 1.1125
0.669109 1.112
0.665109 1.1115
0.661109 1.111
0.657109 1.1105
0.653109 1.11
0.649109 1.1095
0.645109 1.109
0.641109 1.1085
0.637109 1.108
0.633109 1.1075
0.629109 1.107
0.625109 1.1065
0.621109 1.106
0.617109 1.1055
0.613109 1.105
0.609109 1.1045
0.605109 1.104
0.601109 1.1035
0.597109 1.103
0.593109 1.1025
0.589109 1.102
0.585109 1.1015
0.581109 1.101
0.577109 1.1005
0.573109 1.1
0.569109 1.0995
0.565109 1.099
0.561109 1.0985
0.557109 1.098
0.553109 1.0975
0.549109 1.097
0.545109 1.0965
0.541109 1.096
0.537109 1.0955
0.533109 1.095
0.529109 1.0945
0.525109 1.094
0.521109 1.0935
0.517109 1.093
0.513109 1.0925
0.509109 1.092
0.505109 1.0915
0.501109 1.091
0.497109 1.0905
0.493109 1.09
0.489109 1.0895
0.485109 1.089
0.481109 1.0885
0.477109 1.088
0.473109 1.0875
0.469109 1.087
0.465109 1.0865
0.461109 1.086
0.457109 1.0855
0.453109 1.085
0.449109 1.0845
0.445109 1.084
0.441109 1.0835
0.437109 1.083
0.433109 1.0825
0.429109 1.082
0.425109 1.0815
0.421109 1.081
0.417109 1.0805
0.413109 1.08
0.409109 1.0795
0.405109 1.079
0.401109 1.0785
0.397109 1.078
0.393109 1.0775
0.389109 1.077
0.385109 1.0765
0.381109 1.076
0.377109 1.0755
0.373109 1.075
0.369109 1.0745
0.365109 1.074
0.361109 1.0735
0.357109 1.073
0.353109 1.0725
0.349109 1.072
0.345109 1.0715
0.341109 1.071
0.337109 1.0705
0.333109 1.07
0.329109 1.0695
0.325109 1.069
0.321109 1.0685
0.317109 1.068
0.313109 1.0675
0.309109 1.067
0.305109 1.0665
0.301109 1.066
0.297109 1.0655
0.293109 1.065
0.289109 1.0645
0.285109 1.064
0.281109 1.0635
0.277109 1.063
0.273109 1.0625
0.269109 1.062
0.265109 1.0615
0.261109 1.061
0.257109 1.0605
0.253109 1.06
0.249109 1.0595
0.245109 1.059
0.241109 1.0585
0.237109 1.058
0.233109 1.0575
0.229109 1.057
0.225109 1.0565
0.221109 1.056
0.217109 1.0555
0.213109 1.055
0.209109 1.0545
0.205109 1.054
0.201109 1.0535
0.197109 1.053
0.193109 1.0525
0.189109 1.052
0.185109 1.0515
0.181109 1.051
0.177109 1.0505
0.173109 1.05
0.169109 1.0495
0.165109 1.049
0.161109 1.0485
0.157109 1.048
0.153109 1.0475
0.149109 1.047
0.145109 1.0465
0.141109 1.046
0.137109 1.0455
0.133109 1.045
0.129109 1.0445
0.125109 1.044
0.121109 1.0435
0.117109 1.043
0.113109 1.0425
0.109109 1.042
0.105109 1.0415
0.101109 1.041
0.0971089 1.0405
0.0931089 1.04
0.0891089 1.0395
0.0851089 1.039
0.0811089 1.0385
0.0771089 1.038
0.0731089 1.0375
0.0691089 1.037
0.0651089 1.0365
0.0611089 1.036
0.0571089 1.0355
0.0531089 1.035
0.0491089 1.0345
0.0451089 1.034
0.0411089 1.0335
0.0371089 1.033
0.0331089 1.0325
0.0291089 1.032
0.0251089 1.0315
0.0211089 1.031
0.0171089 1.0305
0.0131089 1.03
0.0091089 1.0295
0.0051089 1.029
0.0011089 1.0285
-0.0028911 1.028
-0.0068911 1.0275
-0.0108911 1.027
-0.0148911 1.0265
-0.0188911 1.026
-0.0228911 1.0255
-0.0268911 1.025
-0.0308911 1.0245
-0.0348911 1.024
-0.0388911 1.0235
-0.0428911 1.023
-0.0468911 1.0225
-0.0508911 1.022
-0.0548911 1.0215
-0.0588911 1.021
-0.0628911 1.0205
-0.0668911 1.02
-0.0708911 1.0195
-0.0748911 1.019
-0.0788911 1.0185
-0.0828911 1.018
-0.0868911 1.0175
-0.0908911 1.017
-0.0948911 1.0165
-0.0988911 1.016
-0.102891 1.0155
-0.106891 1.015
-0.110891 1.0145
-0.114891 1.014
-0.118891 1.0135
-0.122891 1.013
-0.126891 1.0125
-0.130891 1.012
-0.134891 1.0115
-0.138891 1.011
-0.142891 1.0105
-0.146891 1.01
-0.150891 1.0095
-0.154891 1.009
-0.158891 1.0085
-0.162891 1.008
-0.166891 1.0075
-0.170891 1.007
-0.174891 1.0065
-0.178891 1.006
-0.182891 1.0055
-0.186891 1.005
-0.190891 1.0045
-0.194891 1.004
-0.198891 1.0035
-0.202891 1.003
-0.206891 1.0025
-0.207891 1.002
-0.203891 1.0015
-0.199891 1.001
-0.195891 1.0005
0.577507 1
