Man
0 0
0 0.001
0 0.002
0 0.003
0 0.004
0 0.005
0 0.006
0 0.007
0 0.008
0 0.009
0 0.01
0 0.011
0 0.012
0 0.013
0 0.014
0 0.015
0 0.016
0 0.017
0 0.018
0 0.019
0 0.02
0 0.021
0 0.022
0 0.023
0 0.024
0 0.025
0 0.026
0 0.027
0 0.028
0 0.029
0 0.03
0 0.031
0 0.032
0 0.033
0 0.034
0 0.035
0 0.036
0 0.037
0 0.038
0 0.039
0 0.04
0 0.041
0 0.042
0 0.043
0 0.044
-0.392699 0.045
-0.392699 0.046
-0.392699 0.047
-0.392699 0.048
-0.392699 0.049
-0.589049 0.05
-0.589049 0.051
-0.491725 0.052
-0.491725 0.053
-0.491725 0.054
-0.491725 0.055
-0.491725 0.056
-0.491725 0.057
-0.491725 0.058
-0.5899 0.059
-0.638987 0.06
-0.638987 0.061
-0.638987 0.062
-0.638987 0.063
-0.638987 0.064
-0.688075 0.065
-0.737162 0.066
-0.737162 0.067
-0.737162 0.068
-0.782821 0.069
-0.807365 0.07
-0.807365 0.071
-0.831908 0.072
-0.856452 0.073
-0.856452 0.074
-0.880786 0.075
-0.893058 0.076
-0.90533 0.077
-0.917602 0.078
-0.929873 0.079
-0.942145 0.08
-0.942145 0.081
-0.942145 0.082
-0.942145 0.083
-0.942145 0.084
-0.942145 0.085
-0.942145 0.086
-0.942145 0.087
-0.942145 0.088
-0.942145 0.089
-0.942145 0.09
-0.942145 0.091
-0.942145 0.092
-0.942145 0.093
-0.942145 0.094
-0.942145 0.095
-0.942145 0.096
-0.942145 0.097
-0.942145 0.098
-0.942145 0.099
-0.942145 0.1
-0.942145 0.101
-0.942145 0.102
-0.942145 0.103
-0.942145 0.104
-0.942145 0.105
-0.942145 0.106
-0.942145 0.107
-0.942145 0.108
-0.942145 0.109
-0.942145 0.11
-0.942145 0.111
-0.942145 0.112
-0.942145 0.113
-0.942145 0.114
-0.942145 0.115
-0.942145 0.116
-0.942145 0.117
-0.942145 0.118
-0.942145 0.119
-0.942145 0.12
-0.942145 0.121
-0.942145 0.122
-0.942145 0.123
-0.942145 0.124
-0.942145 0.125
-0.942145 0.126
-0.942145 0.127
-0.942145 0.128
-0.942145 0.129
-0.942145 0.13
-0.942145 0.131
-0.942145 0.132
-0.942145 0.133
-0.942145 0.134
-0.942145 0.135
-0.942145 0.136
-0.942145 0.137
-0.942145 0.138
-0.942145 0.139
-0.942145 0.14
-0.942145 0.141
-0.942145 0.142
-0.942145 0.143
-0.942145 0.144
-0.942145 0.145
-0.942145 0.146
-0.942145 0.147
-0.942145 0.148
-0.942145 0.149
-0.942145 0.15
-0.942145 0.151
-0.942145 0.152
-0.942145 0.153
-0.942145 0.154
-0.942145 0.155
-0.942145 0.156
-0.942145 0.157
-0.942145 0.158
-0.942145 0.159
-0.942145 0.16
-0.942145 0.161
-0.942145 0.162
-0.942145 0.163
-0.942145 0.164
-0.942145 0.165
-0.942145 0.166
-0.942145 0.167
-0.942145 0.168
-0.942145 0.169
-0.942145 0.17
-0.942145 0.171
-0.942145 0.172
-0.942145 0.173
-0.942145 0.174
-0.942145 0.175
-0.942145 0.176
-0.942145 0.177
-0.942145 0.178
-0.942145 0.179
-0.942145 0.18
-0.942145 0.181
-0.942145 0.182
-0.942145 0.183
-0.942145 0.184
-0.942145 0.185
-0.942145 0.186
-0.942145 0.187
-0.942145 0.188
-0.942145 0.189
-0.942145 0.19
-0.942145 0.191
-0.942145 0.192
-0.942145 0.193
-0.942145 0.194
-0.942145 0.195
-0.942145 0.196
-0.942145 0.197
-0.942145 0.198
-0.942145 0.199
-0.942145 0.2
-0.942145 0.201
-0.942145 0.202
-0.942145 0.203
-0.942145 0.204
-0.942145 0.205
-0.942145 0.206
-0.942145 0.207
-0.942145 0.208
-0.942145 0.209
-0.942145 0.21
-0.942145 0.211
-0.942145 0.212
-0.942145 0.213
-0.942145 0.214
-0.942145 0.215
-0.942145 0.216
-0.942145 0.217
-0.942145 0.218
-0.942145 0.219
-0.942145 0.22
-0.942145 0.221
-0.942145 0.222
-0.942145 0.223
-0.942145 0.224
-0.942145 0.225
-0.942145 0.226
-0.942145 0.227
-0.942145 0.228
-0.942145 0.229
-0.942145 0.23
-0.942145 0.231
-0.942145 0.232
-0.942145 0.233
-0.942145 0.234
-0.942145 0.235
-0.942145 0.236
-0.942145 0.237
-0.942145 0.238
-0.942145 0.239
-0.942145 0.24
-0.942145 0.241
-0.942145 0.242
-0.942145 0.243
-0.942145 0.244
-0.942145 0.245
-0.942145 0.246
-0.942145 0.247
-0.942145 0.248
-0.942145 0.249
-0.942145 0.25
-0.942145 0.251
-0.942145 0.252
-0.942145 0.253
-0.942145 0.254
-0.942145 0.255
-0.942145 0.256
-0.942145 0.257
-0.942145 0.258
-0.942145 0.259
-0.942145 0.26
-0.942145 0.261
-0.942145 0.262
-0.942145 0.263
-0.942145 0.264
-0.942145 0.265
-0.942145 0.266
-0.942145 0.267
-0.942145 0.268
-0.942145 0.269
-0.942145 0.27
-0.942145 0.271
-0.942145 0.272
-0.942145 0.273
-0.942145 0.274
-0.942145 0.275
-0.942145 0.276
-0.942145 0.277
-0.942145 0.278
-0.942145 0.279
-0.942145 0.28
-0.942145 0.281
-0.942145 0.282
-0.942145 0.283
-0.942145 0.284
-0.942145 0.285
-0.942145 0.286
-0.942145 0.287
-0.942145 0.288
-0.942145 0.289
-0.942145 0.29
-0.942145 0.291
-0.942145 0.292
-0.942145 0.293
-0.942145 0.294
-0.942145 0.295
-0.942145 0.296
-0.942145 0.297
-0.942145 0.298
-0.942145 0.299
-0.942145 0.3
-0.942145 0.301
-0.942145 0.302
-0.942145 0.303
-0.942145 0.304
-0.942145 0.305
-0.942145 0.306
-0.942145 0.307
-0.942145 0.308
-0.942145 0.309
-0.942145 0.31
-0.942145 0.311
-0.942145 0.312
-0.942145 0.313
-0.942145 0.314
-0.942145 0.315
-0.942145 0.316
-0.942145 0.317
-0.942145 0.318
-0.942145 0.319
-0.942145 0.32
-0.942145 0.321
-0.942145 0.322
-0.942145 0.323
-0.942145 0.324
-0.942145 0.325
-0.942145 0.326
-0.942145 0.327
-0.942145 0.328
-0.942145 0.329
-0.942145 0.33
-0.942145 0.331
-0.942145 0.332
-0.942145 0.333
-0.942145 0.334
-0.942145 0.335
-0.942145 0.336
-0.942145 0.337
-0.942145 0.338
-0.942145 0.339
-0.942145 0.34
-0.942145 0.341
-0.942145 0.342
-0.942145 0.343
-0.942145 0.344
-0.942145 0.345
-0.942145 0.346
-0.942145 0.347
-0.942145 0.348
-0.942145 0.349
-0.942145 0.35
-0.942145 0.351
-0.942145 0.352
-0.942145 0.353
-0.942145 0.354
-0.942145 0.355
-0.942145 0.356
-0.942145 0.357
-0.942145 0.358
-0.942145 0.359
-0.942145 0.36
-0.942145 0.361
-0.942145 0.362
-0.942145 0.363
-0.942145 0.364
-0.942145 0.365
-0.942145 0.366
-0.942145 0.367
-0.942145 0.368
-0.942145 0.369
-0.942145 0.37
-0.942145 0.371
-0.942145 0.372
-0.942145 0.373
-0.942145 0.374
-0.942145 0.375
-0.942145 0.376
-0.942145 0.377
-0.942145 0.378
-0.942145 0.379
-0.942145 0.38
-0.942145 0.381
-0.942145 0.382
-0.942145 0.383
-0.942145 0.384
-0.942145 0.385
-0.942145 0.386
-0.942145 0.387
-0.942145 0.388
-0.942145 0.389
-0.942145 0.39
-0.942145 0.391
-0.942145 0.392
-0.942145 0.393
-0.942145 0.394
-0.942145 0.395
-0.942145 0.396
-0.942145 0.397
-0.942145 0.398
-0.942145 0.399
-0.942145 0.4
-0.942145 0.401
-0.942145 0.402
-0.942145 0.403
-0.942145 0.404
-0.942145 0.405
-0.942145 0.406
-0.942145 0.407
-0.942145 0.408
-0.942145 0.409
-0.942145 0.41
-0.942145 0.411
-0.942145 0.412
-0.942145 0.413
-0.942145 0.414
-0.942145 0.415
-0.942145 0.416
-0.942145 0.417
-0.942145 0.418
-0.942145 0.419
-0.942145 0.42
-0.942145 0.421
-0.942145 0.422
-0.942145 0.423
-0.942145 0.424
-0.942145 0.425
-0.942145 0.426
-0.942145 0.427
-0.943145 0.428
-0.944145 0.429
-0.945145 0.43
-0.946145 0.431
-0.947145 0.432
-0.948145 0.433
-0.949145 0.434
-0.950145 0.435
-0.951146 0.436
-0.952146 0.437
-0.953146 0.438
-0.954146 0.439
-0.955146 0.44
-0.956146 0.441
-0.957146 0.442
-0.958146 0.443
-0.959146 0.444
-0.960146 0.445
-0.961146 0.446
-0.962146 0.447
-0.963146 0.448
-0.964146 0.449
-0.965146 0.45
-0.966146 0.451
-0.967146 0.452
-0.968146 0.453
-0.969146 0.454
-0.970146 0.455
-0.971146 0.456
-0.972146 0.457
-0.973146 0.458
-0.974146 0.459
-0.975146 0.46
-0.976146 0.461
-0.977146 0.462
-0.978146 0.463
-0.979146 0.464
-0.980146 0.465
-0.981146 0.466
-0.982146 0.467
-0.983146 0.468
-0.984146 0.469
-0.985146 0.47
-0.986146 0.471
-0.987147 0.472
-0.988147 0.473
-0.989147 0.474
-0.990147 0.475
-0.991147 0.476
-0.992147 0.477
-0.993147 0.478
-0.994147 0.479
-0.995147 0.48
-0.996147 0.481
-0.997147 0.482
-0.998147 0.483
-0.999147 0.484
-1.00015 0.485
-1.00115 0.486
-1.00215 0.487
-1.00315 0.488
-1.00415 0.489
-1.00515 0.49
-1.00615 0.491
-1.00715 0.492
-1.00815 0.493
-1.00915 0.494
-1.01015 0.495
-1.01115 0.496
-1.01215 0.497
-1.01315 0.498
-1.01415 0.499
-1.01515 0.5
-1.01615 0.501
-1.01715 0.502
-1.01815 0.503
-1.01915 0.504
-1.02015 0.505
-1.02115 0.506
-1.02215 0.507
-1.02315 0.508
-1.02415 0.509
-1.02515 0.51
-1.02615 0.511
-1.02715 0.512
-1.02815 0.513
-1.02915 0.514
-1.03015 0.515
-1.03115 0.516
-1.03215 0.517
-1.03315 0.518
-1.03415 0.519
-1.03515 0.52
-1.03615 0.521
-1.03715 0.522
-1.03815 0.523
-1.03915 0.524
-1.04015 0.525
-1.04115 0.526
-1.04215 0.527
-1.04315 0.528
-1.04415 0.529
-1.04515 0.53
-1.04615 0.531
-1.04715 0.532
-1.04815 0.533
-1.04915 0.534
-1.05015 0.535
-1.05115 0.536
-1.05215 0.537
-1.05315 0.538
-1.05415 0.539
-1.05515 0.54
-1.05615 0.541
-1.05715 0.542
-1.05815 0.543
-1.05915 0.544
-1.06015 0.545
-1.06115 0.546
-1.06215 0.547
-1.06315 0.548
-1.06415 0.549
-1.06515 0.55
-1.06615 0.551
-1.06715 0.552
-1.06815 0.553
-1.06915 0.554
-1.07015 0.555
-1.07115 0.556
-1.07215 0.557
-1.07315 0.558
-1.07415 0.559
-1.07515 0.56
-1.07615 0.561
-1.07715 0.562
-1.07815 0.563
-1.07915 0.564
-1.08015 0.565
-1.07915 0.566
-1.07815 0.567
-1.07715 0.568
-1.07615 0.569
-1.07515 0.57
-1.07415 0.571
-1.07315 0.572
-1.07215 0.573
-1.07115 0.574
-1.07015 0.575
-1.06915 0.576
-1.06815 0.577
-1.06715 0.578
-1.06615 0.579
-1.06515 0.58
-1.06415 0.581
-1.06315 0.582
-1.06215 0.583
-1.06115 0.584
-1.06015 0.585
-1.05915 0.586
-1.05815 0.587
-1.05715 0.588
-1.05615 0.589
-1.05515 0.59
-1.05415 0.591
-1.05315 0.592
-1.05215 0.593
-1.05115 0.594
-1.05015 0.595
-1.04915 0.596
-1.04815 0.597
-1.04715 0.598
-1.04615 0.599
-1.04515 0.6
-1.04415 0.601
-1.04315 0.602
-1.04215 0.603
-1.04115 0.604
-1.04015 0.605
-1.03915 0.606
-1.03815 0.607
-1.03715 0.608
-1.03615 0.609
-1.03515 0.61
-1.03415 0.611
-1.03315 0.612
-1.03215 0.613
-1.03115 0.614
-1.03015 0.615
-1.02915 0.616
-1.02815 0.617
-1.02715 0.618
-1.02615 0.619
-1.02515 0.62
-1.02415 0.621
-1.02315 0.622
-1.02215 0.623
-1.02115 0.624
-1.02015 0.625
-1.01915 0.626
-1.01815 0.627
-1.01715 0.628
-1.01615 0.629
-1.01515 0.63
-1.01415 0.631
-1.01315 0.632
-1.01215 0.633
-1.01115 0.634
-1.01015 0.635
-1.00915 0.636
-1.00815 0.637
-1.00715 0.638
-1.00615 0.639
-1.00515 0.64
-1.00415 0.641
-1.00315 0.642
-1.00215 0.643
-1.00115 0.644
-1.00015 0.645
-0.999147 0.646
-0.998147 0.647
-0.997147 0.648
-0.996147 0.649
-0.995147 0.65
-0.994147 0.651
-0.993147 0.652
-0.992147 0.653
-0.991147 0.654
-0.990147 0.655
-0.989147 0.656
-0.988147 0.657
-0.987147 0.658
-0.986146 0.659
-0.985146 0.66
-0.984146 0.661
-0.983146 0.662
-0.982146 0.663
-0.981146 0.664
-0.980146 0.665
-0.979146 0.666
-0.978146 0.667
-0.977146 0.668
-0.976146 0.669
-0.975146 0.67
-0.974146 0.671
-0.973146 0.672
-0.972146 0.673
-0.971146 0.674
-0.970146 0.675
-0.969146 0.676
-0.968146 0.677
-0.967146 0.678
-0.966146 0.679
-0.965146 0.68
-0.964146 0.681
-0.963146 0.682
-0.962146 0.683
-0.961146 0.684
-0.960146 0.685
-0.959146 0.686
-0.958146 0.687
-0.957146 0.688
-0.956146 0.689
-0.955146 0.69
-0.954146 0.691
-0.953146 0.692
-0.952146 0.693
-0.951146 0.694
-0.950145 0.695
-0.949145 0.696
-0.948145 0.697
-0.947145 0.698
-0.946145 0.699
-0.945145 0.7
-0.944145 0.701
-0.943145 0.702
-0.942145 0.703
-0.941145 0.704
-0.940145 0.705
-0.939145 0.706
-0.938145 0.707
-0.937145 0.708
-0.936145 0.709
-0.935145 0.71
-0.934145 0.711
-0.933145 0.712
-0.932145 0.713
-0.931145 0.714
-0.930145 0.715
-0.929145 0.716
-0.928145 0.717
-0.927145 0.718
-0.926145 0.719
-0.925145 0.72
-0.924145 0.721
-0.923145 0.722
-0.922145 0.723
-0.921145 0.724
-0.920145 0.725
-0.919145 0.726
-0.918145 0.727
-0.917145 0.728
-0.916145 0.729
-0.915145 0.73
-0.914145 0.731
-0.913144 0.732
-0.912144 0.733
-0.911144 0.734
-0.910144 0.735
-0.909144 0.736
-0.908144 0.737
-0.907144 0.738
-0.906144 0.739
-0.905144 0.74
-0.904144 0.741
-0.903144 0.742
-0.902144 0.743
-0.901144 0.744
-0.900144 0.745
-0.899144 0.746
-0.898144 0.747
-0.897144 0.748
-0.896144 0.749
-0.895144 0.75
-0.894144 0.751
-0.893144 0.752
-0.892144 0.753
-0.891144 0.754
-0.890144 0.755
-0.889144 0.756
-0.888144 0.757
-0.887144 0.758
-0.886144 0.759
-0.885144 0.76
-0.884144 0.761
-0.883144 0.762
-0.882144 0.763
-0.881144 0.764
-0.880144 0.765
-0.879144 0.766
-0.878144 0.767
-0.877143 0.768
-0.876143 0.769
-0.875143 0.77
-0.874143 0.771
-0.873143 0.772
-0.872143 0.773
-0.871143 0.774
-0.870143 0.775
-0.869143 0.776
-0.868143 0.777
-0.867143 0.778
-0.866143 0.779
-0.865143 0.78
-0.864143 0.781
-0.863143 0.782
-0.862143 0.783
-0.861143 0.784
-0.860143 0.785
-0.859143 0.786
-0.858143 0.787
-0.857143 0.788
-0.856143 0.789
-0.855143 0.79
-0.854143 0.791
-0.853143 0.792
-0.852143 0.793
-0.851143 0.794
-0.850143 0.795
-0.849143 0.796
-0.848143 0.797
-0.847143 0.798
-0.846143 0.799
-0.845143 0.8
-0.844143 0.801
-0.843143 0.802
-0.842143 0.803
-0.841143 0.804
-0.840142 0.805
-0.839142 0.806
-0.838142 0.807
-0.837142 0.808
-0.836142 0.809
-0.835142 0.81
-0.834142 0.811
-0.833142 0.812
-0.832142 0.813
-0.831142 0.814
-0.830142 0.815
-0.829142 0.816
-0.828142 0.817
-0.827142 0.818
-0.826142 0.819
-0.825142 0.82
-0.824142 0.821
-0.823142 0.822
-0.822142 0.823
-0.821142 0.824
-0.820142 0.825
-0.819142 0.826
-0.818142 0.827
-0.817142 0.828
-0.816142 0.829
-0.815142 0.83
-0.814142 0.831
-0.813142 0.832
-0.812142 0.833
-0.811142 0.834
-0.810142 0.835
-0.809142 0.836
-0.808142 0.837
-0.807142 0.838
-0.806142 0.839
-0.805142 0.84
-0.804141 0.841
-0.803141 0.842
-0.802141 0.843
-0.801141 0.844
-0.800141 0.845
-0.799141 0.846
-0.798141 0.847
-0.797141 0.848
-0.796141 0.849
-0.795141 0.85
-0.794141 0.851
-0.793141 0.852
-0.792141 0.853
-0.791141 0.854
-0.790141 0.855
-0.789141 0.856
-0.788141 0.857
-0.787141 0.858
-0.786141 0.859
-0.785141 0.86
-0.784141 0.861
-0.783141 0.862
-0.782141 0.863
-0.781141 0.864
-0.780141 0.865
-0.779141 0.866
-0.778141 0.867
-0.777141 0.868
-0.776141 0.869
-0.775141 0.87
-0.774141 0.871
-0.773141 0.872
-0.772141 0.873
-0.771141 0.874
-0.770141 0.875
-0.769141 0.876
-0.768141 0.877
-0.76714 0.878
-0.76614 0.879
-0.76514 0.88
-0.76414 0.881
-0.76314 0.882
-0.76214 0.883
-0.76114 0.884
-0.76014 0.885
-0.75914 0.886
-0.75814 0.887
-0.75714 0.888
-0.75614 0.889
-0.75514 0.89
-0.75414 0.891
-0.75314 0.892
-0.75214 0.893
-0.75114 0.894
-0.75014 0.895
-0.74914 0.896
-0.74814 0.897
-0.74714 0.898
-0.74614 0.899
-0.74514 0.9
-0.74414 0.901
-0.74314 0.902
-0.74214 0.903
-0.74114 0.904
-0.74014 0.905
-0.73914 0.906
-0.73814 0.907
-0.73714 0.908
-0.73614 0.909
-0.73514 0.91
-0.73414 0.911
-0.73314 0.912
-0.73214 0.913
-0.731139 0.914
-0.730139 0.915
-0.729139 0.916
-0.728139 0.917
-0.727139 0.918
-0.726139 0.919
-0.725139 0.92
-0.724139 0.921
-0.723139 0.922
-0.722139 0.923
-0.721139 0.924
-0.720139 0.925
-0.719139 0.926
-0.718139 0.927
-0.717139 0.928
-0.716139 0.929
-0.715139 0.93
-0.714139 0.931
-0.713139 0.932
-0.712139 0.933
-0.711139 0.934
-0.710139 0.935
-0.709139 0.936
-0.708139 0.937
-0.707139 0.938
-0.706139 0.939
-0.705139 0.94
-0.704139 0.941
-0.703139 0.942
-0.702139 0.943
-0.701139 0.944
-0.700139 0.945
-0.699139 0.946
-0.698139 0.947
-0.697139 0.948
-0.696139 0.949
-0.695139 0.95
-0.694138 0.951
-0.693138 0.952
-0.692138 0.953
-0.691138 0.954
-0.690138 0.955
-0.689138 0.956
-0.688138 0.957
-0.687138 0.958
-0.686138 0.959
-0.685138 0.96
-0.684138 0.961
-0.683138 0.962
-0.682138 0.963
-0.681138 0.964
-0.680138 0.965
-0.679138 0.966
-0.678138 0.967
-0.677138 0.968
-0.676138 0.969
-0.675138 0.97
-0.674138 0.971
-0.673138 0.972
-0.672138 0.973
-0.671138 0.974
-0.670138 0.975
-0.669138 0.976
-0.668138 0.977
-0.667138 0.978
-0.666138 0.979
-0.665138 0.98
-0.664138 0.981
-0.663138 0.982
-0.662138 0.983
-0.661138 0.984
-0.660138 0.985
-0.659138 0.986
-0.658137 0.987
-0.657137 0.988
-0.656137 0.989
-0.655137 0.99
-0.654137 0.991
-0.653137 0.992
-0.652137 0.993
-0.651137 0.994
-0.650137 0.995
-0.649137 0.996
-0.648137 0.997
-0.647137 0.998
-0.646137 0.999
-0.645137 1


Shark
3.14159 1.5
3.13259 1.4995
3.12359 1.499
3.11459 1.4985
3.10559 1.498
3.09659 1.4975
3.08759 1.497
3.07859 1.4965
3.06959 1.496
3.06059 1.4955
3.05159 1.495
3.04259 1.4945
3.03359 1.494
3.02459 1.4935
3.01559 1.493
3.00659 1.4925
2.99759 1.492
2.98859 1.4915
2.97959 1.491
2.97059 1.4905
2.96159 1.49
2.95259 1.4895
2.94359 1.489
2.93459 1.4885
2.92559 1.488
2.91659 1.4875
2.90759 1.487
2.89859 1.4865
2.88959 1.486
2.88059 1.4855
2.87159 1.485
2.86259 1.4845
2.85359 1.484
2.84459 1.4835
2.83559 1.483
2.82659 1.4825
2.81759 1.482
2.80859 1.4815
2.79959 1.481
2.79059 1.4805
2.78159 1.48
2.77259 1.4795
2.76359 1.479
2.75459 1.4785
2.74559 1.478
2.58908 1.4775
2.58008 1.477
2.57108 1.4765
2.56208 1.476
2.55308 1.4755
2.64087 1.475
2.64987 1.4745
2.60389 1.474
2.59489 1.4735
2.58589 1.473
2.57689 1.4725
2.56789 1.472
2.55889 1.4715
2.54989 1.471
2.49744 1.4705
2.46966 1.47
2.46066 1.4695
2.45166 1.469
2.44266 1.4685
2.43366 1.468
2.40378 1.4675
2.37348 1.467
2.36448 1.4665
2.35548 1.466
2.32593 1.4655
2.30814 1.465
2.29914 1.4645
2.28096 1.464
2.26259 1.4635
2.25359 1.463
2.23496 1.4625
2.22269 1.462
2.21035 1.4615
2.19792 1.461
2.18543 1.4605
2.17285 1.46
2.16385 1.4595
2.15485 1.459
2.14585 1.4585
2.13685 1.458
2.12785 1.4575
2.11885 1.457
2.10985 1.4565
2.10085 1.456
2.09185 1.4555
2.08285 1.455
2.07385 1.4545
2.06485 1.454
2.05585 1.4535
2.04685 1.453
2.03785 1.4525
2.02885 1.452
2.01985 1.4515
2.01085 1.451
2.00185 1.4505
1.99285 1.45
1.98385 1.4495
1.97485 1.449
1.96585 1.4485
1.95685 1.448
1.94785 1.4475
1.93885 1.447
1.92985 1.4465
1.92085 1.446
1.91185 1.4455
1.90285 1.445
1.89385 1.4445
1.88485 1.444
1.87585 1.4435
1.86685 1.443
1.85785 1.4425
1.84885 1.442
1.83985 1.4415
1.83085 1.441
1.82185 1.4405
1.81285 1.44
1.80385 1.4395
1.79485 1.439
1.78585 1.4385
1.77685 1.438
1.76785 1.4375
1.75885 1.437
1.74985 1.4365
1.74085 1.436
1.73185 1.4355
1.72285 1.435
1.71385 1.4345
1.70485 1.434
1.69585 1.4335
1.68685 1.433
1.67785 1.4325
1.66885 1.432
1.65985 1.4315
1.65085 1.431
1.64185 1.4305
1.63285 1.43
1.62385 1.4295
1.61485 1.429
1.60585 1.4285
1.59685 1.428
1.58785 1.4275
1.57885 1.427
1.56985 1.4265
1.56085 1.426
1.55185 1.4255
1.54285 1.425
1.53385 1.4245
1.52485 1.424
1.51585 1.4235
1.50685 1.423
1.49785 1.4225
1.48885 1.422
1.47985 1.4215
1.47085 1.421
1.46185 1.4205
1.45285 1.42
1.44385 1.4195
1.43485 1.419
1.42585 1.4185
1.41685 1.418
1.40785 1.4175
1.39885 1.417
1.38985 1.4165
1.38085 1.416
1.37185 1.4155
1.36285 1.415
1.35385 1.4145
1.34485 1.414
1.33585 1.4135
1.32685 1.413
1.31785 1.4125
1.30885 1.412
1.29985 1.4115
1.29085 1.411
1.28185 1.4105
1.27285 1.41
1.26385 1.4095
1.25485 1.409
1.24585 1.4085
1.23685 1.408
1.22785 1.4075
1.21885 1.407
1.20985 1.4065
1.20085 1.406
1.19185 1.4055
1.18285 1.405
1.17385 1.4045
1.16485 1.404
1.15585 1.4035
1.14685 1.403
1.13785 1.4025
1.12885 1.402
1.11985 1.4015
1.11085 1.401
1.10185 1.4005
1.09285 1.4
1.08385 1.3995
1.07485 1.399
1.06585 1.3985
1.05685 1.398
1.04785 1.3975
1.03885 1.397
1.02985 1.3965
1.02085 1.396
1.01185 1.3955
1.00285 1.395
0.993855 1.3945
0.984855 1.394
0.975855 1.3935
0.966855 1.393
0.957855 1.3925
0.948855 1.392
0.939855 1.3915
0.930855 1.391
0.921855 1.3905
0.912855 1.39
0.903855 1.3895
0.894855 1.389
0.885855 1.3885
0.876855 1.388
0.867855 1.3875
0.858855 1.387
0.849855 1.3865
0.840855 1.386
0.831855 1.3855
0.822855 1.385
0.813855 1.3845
0.804855 1.384
0.795855 1.3835
0.786855 1.383
0.777855 1.3825
0.768855 1.382
0.759855 1.3815
0.750855 1.381
0.741855 1.3805
0.732855 1.38
0.723855 1.3795
0.714855 1.379
0.705855 1.3785
0.696855 1.378
0.687855 1.3775
0.678855 1.377
0.669855 1.3765
0.660855 1.376
0.651855 1.3755
0.642855 1.375
0.633855 1.3745
0.624855 1.374
0.615855 1.3735
0.606855 1.373
0.597855 1.3725
0.588855 1.372
0.579855 1.3715
0.570855 1.371
0.561855 1.3705
0.552855 1.37
0.543855 1.3695
0.534855 1.369
0.525855 1.3685
0.516855 1.368
0.507855 1.3675
0.498855 1.367
0.489855 1.3665
0.480855 1.366
0.471855 1.3655
0.462855 1.365
0.453855 1.3645
0.444855 1.364
0.435855 1.3635
0.426855 1.363
0.417855 1.3625
0.408855 1.362
0.399855 1.3615
0.390855 1.361
0.381855 1.3605
0.372855 1.36
0.363855 1.3595
0.354855 1.359
0.345855 1.3585
0.336855 1.358
0.327855 1.3575
0.318855 1.357
0.309855 1.3565
0.300855 1.356
0.291855 1.3555
0.282855 1.355
0.273855 1.3545
0.264855 1.354
0.255855 1.3535
0.246855 1.353
0.237855 1.3525
0.228855 1.352
0.219855 1.3515
0.210855 1.351
0.201855 1.3505
0.192855 1.35
0.183855 1.3495
0.174855 1.349
0.165855 1.3485
0.156855 1.348
0.147855 1.3475
0.138855 1.347
0.129855 1.3465
0.120855 1.346
0.111855 1.3455
0.102855 1.345
0.0938547 1.3445
0.0848547 1.344
0.0758547 1.3435
0.0668547 1.343
0.0578547 1.3425
0.0488547 1.342
0.0398547 1.3415
0.0308547 1.341
0.0218547 1.3405
0.0128547 1.34
0.00385474 1.3395
-0.00514526 1.339
-0.0141453 1.3385
-0.0231453 1.338
-0.0321453 1.3375
-0.0411453 1.337
-0.0501453 1.3365
-0.0591453 1.336
-0.0681453 1.3355
-0.0771453 1.335
-0.0861453 1.3345
-0.0951453 1.334
-0.104145 1.3335
-0.113145 1.333
-0.122145 1.3325
-0.131145 1.332
-0.140145 1.3315
-0.149145 1.331
-0.158145 1.3305
-0.167145 1.33
-0.176145 1.3295
-0.185145 1.329
-0.194145 1.3285
-0.203145 1.328
-0.212145 1.3275
-0.221145 1.327
-0.230145 1.3265
-0.239145 1.326
-0.248145 1.3255
-0.257145 1.325
-0.266145 1.3245
-0.275145 1.324
-0.284145 1.3235
-0.293145 1.323
-0.302145 1.3225
-0.311145 1.322
-0.320145 1.3215
-0.329145 1.321
-0.338145 1.3205
-0.347145 1.32
-0.356145 1.3195
-0.365145 1.319
-0.374145 1.3185
-0.383145 1.318
-0.392145 1.3175
-0.401145 1.317
-0.410145 1.3165
-0.419145 1.316
-0.428145 1.3155
-0.437145 1.315
-0.446145 1.3145
-0.455145 1.314
-0.464145 1.3135
-0.473145 1.313
-0.482145 1.3125
-0.491145 1.312
-0.500145 1.3115
-0.509145 1.311
-0.518145 1.3105
-0.527145 1.31
-0.536145 1.3095
-0.545145 1.309
-0.554145 1.3085
-0.563145 1.308
-0.572145 1.3075
-0.581145 1.307
-0.590145 1.3065
-0.599145 1.306
-0.608145 1.3055
-0.617145 1.305
-0.626145 1.3045
-0.635145 1.304
-0.644145 1.3035
-0.653145 1.303
-0.662145 1.3025
-0.671145 1.302
-0.680145 1.3015
-0.689145 1.301
-0.698145 1.3005
-0.707145 1.3
-0.716145 1.2995
-0.725145 1.299
-0.734145 1.2985
-0.743145 1.298
-0.752145 1.2975
-0.761145 1.297
-0.770145 1.2965
-0.779145 1.296
-0.788145 1.2955
-0.797145 1.295
-0.806145 1.2945
-0.815145 1.294
-0.824145 1.2935
-0.833145 1.293
-0.842145 1.2925
-0.851145 1.292
-0.860145 1.2915
-0.869145 1.291
-0.878145 1.2905
-0.887145 1.29
-0.896145 1.2895
-0.905145 1.289
-0.914145 1.2885
-0.923145 1.288
-0.932145 1.2875
-0.941145 1.287
-0.942145 1.2865
-0.943145 1.286
-0.944145 1.2855
-0.945145 1.285
-0.946145 1.2845
-0.947145 1.284
-0.948145 1.2835
-0.949145 1.283
-0.950145 1.2825
-0.951146 1.282
-0.952146 1.2815
-0.953146 1.281
-0.954146 1.2805
-0.955146 1.28
-0.956146 1.2795
-0.957146 1.279
-0.958146 1.2785
-0.959146 1.278
-0.960146 1.2775
-0.961146 1.277
-0.962146 1.2765
-0.963146 1.276
-0.964146 1.2755
-0.965146 1.275
-0.966146 1.2745
-0.967146 1.274
-0.968146 1.2735
-0.969146 1.273
-0.970146 1.2725
-0.971146 1.272
-0.972146 1.2715
-0.973146 1.271
-0.974146 1.2705
-0.975146 1.27
-0.976146 1.2695
-0.977146 1.269
-0.978146 1.2685
-0.979146 1.268
-0.980146 1.2675
-0.981146 1.267
-0.982146 1.2665
-0.983146 1.266
-0.984146 1.2655
-0.985146 1.265
-0.986146 1.2645
-0.987147 1.264
-0.988147 1.2635
-0.989147 1.263
-0.990147 1.2625
-0.991147 1.262
-0.992147 1.2615
-0.993147 1.261
-0.994147 1.2605
-0.995147 1.26
-0.996147 1.2595
-0.997147 1.259
-0.998147 1.2585
-0.999147 1.258
-1.00015 1.2575
-1.00115 1.257
-1.00215 1.2565
-1.00315 1.256
-1.00415 1.2555
-1.00515 1.255
-1.00615 1.2545
-1.00715 1.254
-1.00815 1.2535
-1.00915 1.253
-1.01015 1.2525
-1.01115 1.252
-1.01215 1.2515
-1.01315 1.251
-1.01415 1.2505
-1.01515 1.25
-1.01615 1.2495
-1.01715 1.249
-1.01815 1.2485
-1.01915 1.248
-1.02015 1.2475
-1.02115 1.247
-1.02215 1.2465
-1.02315 1.246
-1.02415 1.2455
-1.02515 1.245
-1.02615 1.2445
-1.02715 1.244
-1.02815 1.2435
-1.02915 1.243
-1.03015 1.2425
-1.03115 1.242
-1.03215 1.2415
-1.03315 1.241
-1.03415 1.2405
-1.03515 1.24
-1.03615 1.2395
-1.03715 1.239
-1.03815 1.2385
-1.03915 1.238
-1.04015 1.2375
-1.04115 1.237
-1.04215 1.2365
-1.04315 1.236
-1.04415 1.2355
-1.04515 1.235
-1.04615 1.2345
-1.04715 1.234
-1.04815 1.2335
-1.04915 1.233
-1.05015 1.2325
-1.05115 1.232
-1.05215 1.2315
-1.05315 1.231
-1.05415 1.2305
-1.05515 1.23
-1.05615 1.2295
-1.05715 1.229
-1.05815 1.2285
-1.05915 1.228
-1.06015 1.2275
-1.06115 1.227
-1.06215 1.2265
-1.06315 1.226
-1.06415 1.2255
-1.06515 1.225
-1.06615 1.2245
-1.06715 1.224
-1.06815 1.2235
-1.06915 1.223
-1.07015 1.2225
-1.07115 1.222
-1.07215 1.2215
-1.07315 1.221
-1.07415 1.2205
-1.07515 1.22
-1.07615 1.2195
-1.07715 1.219
-1.07815 1.2185
-1.07915 1.218
-1.08015 1.2175
-1.07915 1.217
-1.07815 1.2165
-1.07715 1.216
-1.07615 1.2155
-1.07515 1.215
-1.07415 1.2145
-1.07315 1.214
-1.07215 1.2135
-1.07115 1.213
-1.07015 1.2125
-1.06915 1.212
-1.06815 1.2115
-1.06715 1.211
-1.06615 1.2105
-1.06515 1.21
-1.06415 1.2095
-1.06315 1.209
-1.06215 1.2085
-1.06115 1.208
-1.06015 1.2075
-1.05915 1.207
-1.05815 1.2065
-1.05715 1.206
-1.05615 1.2055
-1.05515 1.205
-1.05415 1.2045
-1.05315 1.204
-1.05215 1.2035
-1.05115 1.203
-1.05015 1.2025
-1.04915 1.202
-1.04815 1.2015
-1.04715 1.201
-1.04615 1.2005
-1.04515 1.2
-1.04415 1.1995
-1.04315 1.199
-1.04215 1.1985
-1.04115 1.198
-1.04015 1.1975
-1.03915 1.197
-1.03815 1.1965
-1.03715 1.196
-1.03615 1.1955
-1.03515 1.195
-1.03415 1.1945
-1.03315 1.194
-1.03215 1.1935
-1.03115 1.193
-1.03015 1.1925
-1.02915 1.192
-1.02815 1.1915
-1.02715 1.191
-1.02615 1.1905
-1.02515 1.19
-1.02415 1.1895
-1.02315 1.189
-1.02215 1.1885
-1.02115 1.188
-1.02015 1.1875
-1.01915 1.187
-1.01815 1.1865
-1.01715 1.186
-1.01615 1.1855
-1.01515 1.185
-1.01415 1.1845
-1.01315 1.184
-1.01215 1.1835
-1.01115 1.183
-1.01015 1.1825
-1.00915 1.182
-1.00815 1.1815
-1.00715 1.181
-1.00615 1.1805
-1.00515 1.18
-1.00415 1.1795
-1.00315 1.179
-1.00215 1.1785
-1.00115 1.178
-1.00015 1.1775
-0.999147 1.177
-0.998147 1.1765
-0.997147 1.176
-0.996147 1.1755
-0.995147 1.175
-0.994147 1.1745
-0.993147 1.174
-0.992147 1.1735
-0.991147 1.173
-0.990147 1.1725
-0.989147 1.172
-0.988147 1.1715
-0.987147 1.171
-0.986146 1.1705
-0.985146 1.17
-0.984146 1.1695
-0.983146 1.169
-0.982146 1.1685
-0.981146 1.168
-0.980146 1.1675
-0.979146 1.167
-0.978146 1.1665
-0.977146 1.166
-0.976146 1.1655
-0.975146 1.165
-0.974146 1.1645
-0.973146 1.164
-0.972146 1.1635
-0.971146 1.163
-0.970146 1.1625
-0.969146 1.162
-0.968146 1.1615
-0.967146 1.161
-0.966146 1.1605
-0.965146 1.16
-0.964146 1.1595
-0.963146 1.159
-0.962146 1.1585
-0.961146 1.158
-0.960146 1.1575
-0.959146 1.157
-0.958146 1.1565
-0.957146 1.156
-0.956146 1.1555
-0.955146 1.155
-0.954146 1.1545
-0.953146 1.154
-0.952146 1.1535
-0.951146 1.153
-0.950145 1.1525
-0.949145 1.152
-0.948145 1.1515
-0.947145 1.151
-0.946145 1.1505
-0.945145 1.15
-0.944145 1.1495
-0.943145 1.149
-0.942145 1.1485
-0.941145 1.148
-0.940145 1.1475
-0.939145 1.147
-0.938145 1.1465
-0.937145 1.146
-0.936145 1.1455
-0.935145 1.145
-0.934145 1.1445
-0.933145 1.144
-0.932145 1.1435
-0.931145 1.143
-0.930145 1.1425
-0.929145 1.142
-0.928145 1.1415
-0.927145 1.141
-0.926145 1.1405
-0.925145 1.14
-0.924145 1.1395
-0.923145 1.139
-0.922145 1.1385
-0.921145 1.138
-0.920145 1.1375
-0.919145 1.137
-0.918145 1.1365
-0.917145 1.136
-0.916145 1.1355
-0.915145 1.135
-0.914145 1.1345
-0.913144 1.134
-0.912144 1.1335
-0.911144 1.133
-0.910144 1.1325
-0.909144 1.132
-0.908144 1.1315
-0.907144 1.131
-0.906144 1.1305
-0.905144 1.13
-0.904144 1.1295
-0.903144 1.129
-0.902144 1.1285
-0.901144 1.128
-0.900144 1.1275
-0.899144 1.127
-0.898144 1.1265
-0.897144 1.126
-0.896144 1.1255
-0.895144 1.125
-0.894144 1.1245
-0.893144 1.124
-0.892144 1.1235
-0.891144 1.123
-0.890144 1.1225
-0.889144 1.122
-0.888144 1.1215
-0.887144 1.121
-0.886144 1.1205
-0.885144 1.12
-0.884144 1.1195
-0.883144 1.119
-0.882144 1.1185
-0.881144 1.118
-0.880144 1.1175
-0.879144 1.117
-0.878144 1.1165
-0.877143 1.116
-0.876143 1.1155
-0.875143 1.115
-0.874143 1.1145
-0.873143 1.114
-0.872143 1.1135
-0.871143 1.113
-0.870143 1.1125
-0.869143 1.112
-0.868143 1.1115
-0.867143 1.111
-0.866143 1.1105
-0.865143 1.11
-0.864143 1.1095
-0.863143 1.109
-0.862143 1.1085
-0.861143 1.108
-0.860143 1.1075
-0.859143 1.107
-0.858143 1.1065
-0.857143 1.106
-0.856143 1.1055
-0.855143 1.105
-0.854143 1.1045
-0.853143 1.104
-0.852143 1.1035
-0.851143 1.103
-0.850143 1.1025
-0.849143 1.102
-0.848143 1.1015
-0.847143 1.101
-0.846143 1.1005
-0.845143 1.1
-0.844143 1.0995
-0.843143 1.099
-0.842143 1.0985
-0.841143 1.098
-0.840142 1.0975
-0.839142 1.097
-0.838142 1.0965
-0.837142 1.096
-0.836142 1.0955
-0.835142 1.095
-0.834142 1.0945
-0.833142 1.094
-0.832142 1.0935
-0.831142 1.093
-0.830142 1.0925
-0.829142 1.092
-0.828142 1.0915
-0.827142 1.091
-0.826142 1.0905
-0.825142 1.09
-0.824142 1.0895
-0.823142 1.089
-0.822142 1.0885
-0.821142 1.088
-0.820142 1.0875
-0.819142 1.087
-0.818142 1.0865
-0.817142 1.086
-0.816142 1.0855
-0.815142 1.085
-0.814142 1.0845
-0.813142 1.084
-0.812142 1.0835
-0.811142 1.083
-0.810142 1.0825
-0.809142 1.082
-0.808142 1.0815
-0.807142 1.081
-0.806142 1.0805
-0.805142 1.08
-0.804141 1.0795
-0.803141 1.079
-0.802141 1.0785
-0.801141 1.078
-0.800141 1.0775
-0.799141 1.077
-0.798141 1.0765
-0.797141 1.076
-0.796141 1.0755
-0.795141 1.075
-0.794141 1.0745
-0.793141 1.074
-0.792141 1.0735
-0.791141 1.073
-0.790141 1.0725
-0.789141 1.072
-0.788141 1.0715
-0.787141 1.071
-0.786141 1.0705
-0.785141 1.07
-0.784141 1.0695
-0.783141 1.069
-0.782141 1.0685
-0.781141 1.068
-0.780141 1.0675
-0.779141 1.067
-0.778141 1.0665
-0.777141 1.066
-0.776141 1.0655
-0.775141 1.065
-0.774141 1.0645
-0.773141 1.064
-0.772141 1.0635
-0.771141 1.063
-0.770141 1.0625
-0.769141 1.062
-0.768141 1.0615
-0.76714 1.061
-0.76614 1.0605
-0.76514 1.06
-0.76414 1.0595
-0.76314 1.059
-0.76214 1.0585
-0.76114 1.058
-0.76014 1.0575
-0.75914 1.057
-0.75814 1.0565
-0.75714 1.056
-0.75614 1.0555
-0.75514 1.055
-0.75414 1.0545
-0.75314 1.054
-0.75214 1.0535
-0.75114 1.053
-0.75014 1.0525
-0.74914 1.052
-0.74814 1.0515
-0.74714 1.051
-0.74614 1.0505
-0.74514 1.05
-0.74414 1.0495
-0.74314 1.049
-0.74214 1.0485
-0.74114 1.048
-0.74014 1.0475
-0.73914 1.047
-0.73814 1.0465
-0.73714 1.046
-0.73614 1.0455
-0.73514 1.045
-0.73414 1.0445
-0.73314 1.044
-0.73214 1.0435
-0.731139 1.043
-0.730139 1.0425
-0.729139 1.042
-0.728139 1.0415
-0.727139 1.041
-0.726139 1.0405
-0.725139 1.04
-0.724139 1.0395
-0.723139 1.039
-0.722139 1.0385
-0.721139 1.038
-0.720139 1.0375
-0.719139 1.037
-0.718139 1.0365
-0.717139 1.036
-0.716139 1.0355
-0.715139 1.035
-0.714139 1.0345
-0.713139 1.034
-0.712139 1.0335
-0.711139 1.033
-0.710139 1.0325
-0.709139 1.032
-0.708139 1.0315
-0.707139 1.031
-0.706139 1.0305
-0.705139 1.03
-0.704139 1.0295
-0.703139 1.029
-0.702139 1.0285
-0.701139 1.028
-0.700139 1.0275
-0.699139 1.027
-0.698139 1.0265
-0.697139 1.026
-0.696139 1.0255
-0.695139 1.025
-0.694138 1.0245
-0.693138 1.024
-0.692138 1.0235
-0.691138 1.023
-0.690138 1.0225
-0.689138 1.022
-0.688138 1.0215
-0.687138 1.021
-0.686138 1.0205
-0.685138 1.02
-0.684138 1.0195
-0.683138 1.019
-0.682138 1.0185
-0.681138 1.018
-0.680138 1.0175
-0.679138 1.017
-0.678138 1.0165
-0.677138 1.016
-0.676138 1.0155
-0.675138 1.015
-0.674138 1.0145
-0.673138 1.014
-0.672138 1.0135
-0.671138 1.013
-0.670138 1.0125
-0.669138 1.012
-0.668138 1.0115
-0.667138 1.011
-0.666138 1.0105
-0.665138 1.01
-0.664138 1.0095
-0.663138 1.009
-0.662138 1.0085
-0.661138 1.008
-0.660138 1.0075
-0.659138 1.007
-0.658137 1.0065
-0.657137 1.006
-0.656137 1.0055
-0.655137 1.005
-0.654137 1.0045
-0.653137 1.004
-0.652137 1.0035
-0.651137 1.003
-0.650137 1.0025
-0.649137 1.002
-0.648137 1.0015
-0.647137 1.001
-0.646137 1.0005
-0.645137 1
