Man
0 0
0 0.001
0 0.002
0 0.003
0 0.004
0 0.005
0 0.006
0 0.007
0 0.008
0 0.009
0 0.01
0 0.011
0 0.012
0 0.013
0 0.014
0 0.015
0 0.016
0 0.017
0 0.018
0 0.019
0 0.02
0 0.021
0 0.022
0 0.023
0 0.024
0 0.025
0 0.026
0 0.027
0 0.028
0 0.029
0 0.03
0 0.031
0 0.032
0 0.033
0 0.034
0 0.035
0 0.036
0 0.037
0 0.038
0 0.039
0 0.04
0 0.041
0 0.042
0 0.043
0 0.044
0 0.045
0 0.046
0 0.047
0 0.048
0 0.049
0 0.05
0 0.051
0 0.052
0 0.053
0 0.054
0 0.055
0 0.056
0 0.057
0 0.058
0 0.059
0 0.06
0 0.061
0 0.062
0 0.063
0 0.064
0 0.065
0 0.066
0 0.067
0 0.068
0 0.069
0 0.07
0 0.071
0 0.072
0 0.073
0 0.074
0 0.075
0 0.076
0 0.077
0 0.078
0 0.079
-0.392699 0.08
-0.392699 0.081
-0.392699 0.082
-0.392699 0.083
-0.392699 0.084
-0.392699 0.085
-0.392699 0.086
-0.392699 0.087
-0.392699 0.088
-0.589049 0.089
-0.589049 0.09
-0.589049 0.091
-0.687223 0.092
-0.687223 0.093
-0.687223 0.094
-0.687223 0.095
-0.687223 0.096
-0.687223 0.097
-0.687223 0.098
-0.687223 0.099
-0.687223 0.1
-0.687223 0.101
-0.687223 0.102
-0.687223 0.103
-0.589049 0.104
-0.539961 0.105
-0.539961 0.106
-0.539961 0.107
-0.539961 0.108
-0.539961 0.109
-0.490874 0.11
-0.490874 0.111
-0.490874 0.112
-0.490874 0.113
-0.490874 0.114
-0.441786 0.115
-0.454058 0.116
-0.46633 0.117
-0.46633 0.118
-0.46633 0.119
-0.478602 0.12
-0.490874 0.121
-0.503146 0.122
-0.503146 0.123
-0.515418 0.124
-0.527689 0.125
-0.539961 0.126
-0.552233 0.127
-0.564505 0.128
-0.576777 0.129
-0.576777 0.13
-0.564505 0.131
-0.552233 0.132
-0.552233 0.133
-0.563802 0.134
-0.576074 0.135
-0.576074 0.136
-0.563802 0.137
-0.55153 0.138
-0.55153 0.139
-0.539622 0.14
-0.528117 0.141
-0.528117 0.142
-0.528117 0.143
-0.528117 0.144
-0.528117 0.145
-0.528117 0.146
-0.528117 0.147
-0.528117 0.148
-0.528117 0.149
-0.528117 0.15
-0.528117 0.151
-0.528117 0.152
-0.528117 0.153
-0.528117 0.154
-0.528117 0.155
-0.528117 0.156
-0.528117 0.157
-0.528117 0.158
-0.528117 0.159
-0.528117 0.16
-0.528117 0.161
-0.528117 0.162
-0.528117 0.163
-0.528117 0.164
-0.528117 0.165
-0.528117 0.166
-0.528117 0.167
-0.528117 0.168
-0.528117 0.169
-0.528117 0.17
-0.528117 0.171
-0.528117 0.172
-0.528117 0.173
-0.528117 0.174
-0.528117 0.175
-0.528117 0.176
-0.528117 0.177
-0.528117 0.178
-0.528117 0.179
-0.528117 0.18
-0.528117 0.181
-0.528117 0.182
-0.528117 0.183
-0.528117 0.184
-0.528117 0.185
-0.528117 0.186
-0.528117 0.187
-0.528117 0.188
-0.528117 0.189
-0.528117 0.19
-0.528117 0.191
-0.528117 0.192
-0.528117 0.193
-0.528117 0.194
-0.528117 0.195
-0.528117 0.196
-0.528117 0.197
-0.528117 0.198
-0.528117 0.199
-0.528117 0.2
-0.528117 0.201
-0.528117 0.202
-0.528117 0.203
-0.528117 0.204
-0.528117 0.205
-0.528117 0.206
-0.528117 0.207
-0.528117 0.208
-0.528117 0.209
-0.528117 0.21
-0.528117 0.211
-0.528117 0.212
-0.528117 0.213
-0.528117 0.214
-0.528117 0.215
-0.528117 0.216
-0.528117 0.217
-0.528117 0.218
-0.528117 0.219
-0.528117 0.22
-0.528117 0.221
-0.528117 0.222
-0.528117 0.223
-0.528117 0.224
-0.528117 0.225
-0.528117 0.226
-0.528117 0.227
-0.528117 0.228
-0.528117 0.229
-0.528117 0.23
-0.528117 0.231
-0.528117 0.232
-0.528117 0.233
-0.528117 0.234
-0.528117 0.235
-0.528117 0.236
-0.528117 0.237
-0.528117 0.238
-0.528117 0.239
-0.528117 0.24
-0.528117 0.241
-0.528117 0.242
-0.528117 0.243
-0.528117 0.244
-0.528117 0.245
-0.528117 0.246
-0.528117 0.247
-0.528117 0.248
-0.528117 0.249
-0.528117 0.25
-0.528117 0.251
-0.528117 0.252
-0.528117 0.253
-0.528117 0.254
-0.528117 0.255
-0.528117 0.256
-0.528117 0.257
-0.528117 0.258
-0.528117 0.259
-0.528117 0.26
-0.528117 0.261
-0.528117 0.262
-0.528117 0.263
-0.528117 0.264
-0.528117 0.265
-0.528117 0.266
-0.528117 0.267
-0.528117 0.268
-0.528117 0.269
-0.528117 0.27
-0.528117 0.271
-0.528117 0.272
-0.528117 0.273
-0.528117 0.274
-0.528117 0.275
-0.528117 0.276
-0.528117 0.277
-0.528117 0.278
-0.528117 0.279
-0.528117 0.28
-0.528117 0.281
-0.528117 0.282
-0.528117 0.283
-0.528117 0.284
-0.528117 0.285
-0.528117 0.286
-0.528117 0.287
-0.528117 0.288
-0.528117 0.289
-0.528117 0.29
-0.528117 0.291
-0.528117 0.292
-0.528117 0.293
-0.528117 0.294
-0.528117 0.295
-0.528117 0.296
-0.528117 0.297
-0.528117 0.298
-0.528117 0.299
-0.528117 0.3
-0.528117 0.301
-0.528117 0.302
-0.528117 0.303
-0.528117 0.304
-0.528117 0.305
-0.528117 0.306
-0.528117 0.307
-0.528117 0.308
-0.528117 0.309
-0.528117 0.31
-0.528117 0.311
-0.528117 0.312
-0.528117 0.313
-0.528117 0.314
-0.528117 0.315
-0.528117 0.316
-0.528117 0.317
-0.528117 0.318
-0.528117 0.319
-0.528117 0.32
-0.528117 0.321
-0.528117 0.322
-0.528117 0.323
-0.528117 0.324
-0.528117 0.325
-0.528117 0.326
-0.528117 0.327
-0.528117 0.328
-0.528117 0.329
-0.528117 0.33
-0.528117 0.331
-0.528117 0.332
-0.528117 0.333
-0.528117 0.334
-0.528117 0.335
-0.528117 0.336
-0.528117 0.337
-0.528117 0.338
-0.528117 0.339
-0.528117 0.34
-0.528117 0.341
-0.528117 0.342
-0.528117 0.343
-0.528117 0.344
-0.528117 0.345
-0.528117 0.346
-0.528117 0.347
-0.528117 0.348
-0.528117 0.349
-0.528117 0.35
-0.528117 0.351
-0.528117 0.352
-0.528117 0.353
-0.528117 0.354
-0.528117 0.355
-0.528117 0.356
-0.528117 0.357
-0.528117 0.358
-0.528117 0.359
-0.528117 0.36
-0.528117 0.361
-0.528117 0.362
-0.528117 0.363
-0.528117 0.364
-0.528117 0.365
-0.528117 0.366
-0.528117 0.367
-0.528117 0.368
-0.528117 0.369
-0.528117 0.37
-0.528117 0.371
-0.528117 0.372
-0.528117 0.373
-0.528117 0.374
-0.528117 0.375
-0.528117 0.376
-0.528117 0.377
-0.528117 0.378
-0.528117 0.379
-0.528117 0.38
-0.528117 0.381
-0.528117 0.382
-0.528117 0.383
-0.528117 0.384
-0.528117 0.385
-0.528117 0.386
-0.528117 0.387
-0.528117 0.388
-0.528117 0.389
-0.528117 0.39
-0.528117 0.391
-0.528117 0.392
-0.528117 0.393
-0.528117 0.394
-0.528117 0.395
-0.528117 0.396
-0.528117 0.397
-0.528117 0.398
-0.528117 0.399
-0.528117 0.4
-0.528117 0.401
-0.528117 0.402
-0.528117 0.403
-0.528117 0.404
-0.528117 0.405
-0.528117 0.406
-0.528117 0.407
-0.528117 0.408
-0.528117 0.409
-0.528117 0.41
-0.528117 0.411
-0.528117 0.412
-0.528117 0.413
-0.528117 0.414
-0.528117 0.415
-0.528117 0.416
-0.528117 0.417
-0.528117 0.418
-0.528117 0.419
-0.528117 0.42
-0.528117 0.421
-0.528117 0.422
-0.528117 0.423
-0.528117 0.424
-0.528117 0.425
-0.528117 0.426
-0.528117 0.427
-0.528117 0.428
-0.528117 0.429
-0.528117 0.43
-0.528117 0.431
-0.528117 0.432
-0.528117 0.433
-0.528117 0.434
-0.528117 0.435
-0.528117 0.436
-0.528117 0.437
-0.528117 0.438
-0.528117 0.439
-0.528117 0.44
-0.528117 0.441
-0.528117 0.442
-0.528117 0.443
-0.528117 0.444
-0.528117 0.445
-0.528117 0.446
-0.528117 0.447
-0.528117 0.448
-0.528117 0.449
-0.528117 0.45
-0.528117 0.451
-0.528117 0.452
-0.528117 0.453
-0.528117 0.454
-0.528117 0.455
-0.528117 0.456
-0.528117 0.457
-0.528117 0.458
-0.528117 0.459
-0.528117 0.46
-0.528117 0.461
-0.528117 0.462
-0.528117 0.463
-0.528117 0.464
-0.528117 0.465
-0.528117 0.466
-0.528117 0.467
-0.528117 0.468
-0.528117 0.469
-0.528117 0.47
-0.528117 0.471
-0.528117 0.472
-0.528117 0.473
-0.528117 0.474
-0.528117 0.475
-0.528117 0.476
-0.528117 0.477
-0.528117 0.478
-0.528117 0.479
-0.528117 0.48
-0.528117 0.481
-0.528117 0.482
-0.528117 0.483
-0.528117 0.484
-0.528117 0.485
-0.528117 0.486
-0.528117 0.487
-0.528117 0.488
-0.528117 0.489
-0.528117 0.49
-0.528117 0.491
-0.528117 0.492
-0.528117 0.493
-0.528117 0.494
-0.528117 0.495
-0.528117 0.496
-0.528117 0.497
-0.528117 0.498
-0.528117 0.499
-0.528117 0.5
-0.528117 0.501
-0.528117 0.502
-0.528117 0.503
-0.528117 0.504
-0.528117 0.505
-0.528117 0.506
-0.528117 0.507
-0.528117 0.508
-0.528117 0.509
-0.528117 0.51
-0.528117 0.511
-0.528117 0.512
-0.528117 0.513
-0.528117 0.514
-0.528117 0.515
-0.528117 0.516
-0.528117 0.517
-0.528117 0.518
-0.528117 0.519
-0.528117 0.52
-0.528117 0.521
-0.528117 0.522
-0.528117 0.523
-0.528117 0.524
-0.528117 0.525
-0.528117 0.526
-0.528117 0.527
-0.528117 0.528
-0.528117 0.529
-0.528117 0.53
-0.528117 0.531
-0.528117 0.532
-0.528117 0.533
-0.528117 0.534
-0.528117 0.535
-0.528117 0.536
-0.528117 0.537
-0.528117 0.538
-0.528117 0.539
-0.528117 0.54
-0.528117 0.541
-0.528117 0.542
-0.528117 0.543
-0.528117 0.544
-0.528117 0.545
-0.528117 0.546
-0.528117 0.547
-0.528117 0.548
-0.528117 0.549
-0.528117 0.55
-0.528117 0.551
-0.528117 0.552
-0.528117 0.553
-0.528117 0.554
-0.528117 0.555
-0.528117 0.556
-0.528117 0.557
-0.528117 0.558
-0.528117 0.559
-0.528117 0.56
-0.528117 0.561
-0.528117 0.562
-0.528117 0.563
-0.528117 0.564
-0.528117 0.565
-0.528117 0.566
-0.528117 0.567
-0.528117 0.568
-0.528117 0.569
-0.528117 0.57
-0.528117 0.571
-0.528117 0.572
-0.528117 0.573
-0.528117 0.574
-0.528117 0.575
-0.528117 0.576
-0.528117 0.577
-0.528117 0.578
-0.528117 0.579
-0.528117 0.58
-0.528117 0.581
-0.528117 0.582
-0.528117 0.583
-0.528117 0.584
-0.528117 0.585
-0.528117 0.586
-0.528117 0.587
-0.528117 0.588
-0.528117 0.589
-0.528117 0.59
-0.528117 0.591
-0.528117 0.592
-0.528117 0.593
-0.528117 0.594
-0.528117 0.595
-0.528117 0.596
-0.528117 0.597
-0.528117 0.598
-0.528117 0.599
-0.528117 0.6
-0.528117 0.601
-0.528117 0.602
-0.528117 0.603
-0.528117 0.604
-0.528117 0.605
-0.528117 0.606
-0.528117 0.607
-0.528117 0.608
-0.528117 0.609
-0.528117 0.61
-0.528117 0.611
-0.528117 0.612
-0.528117 0.613
-0.528117 0.614
-0.528117 0.615
-0.528117 0.616
-0.528117 0.617
-0.528117 0.618
-0.528117 0.619
-0.528117 0.62
-0.528117 0.621
-0.528117 0.622
-0.528117 0.623
-0.528117 0.624
-0.528117 0.625
-0.528117 0.626
-0.528117 0.627
-0.528117 0.628
-0.528117 0.629
-0.528117 0.63
-0.528117 0.631
-0.528117 0.632
-0.528117 0.633
-0.528117 0.634
-0.528117 0.635
-0.528117 0.636
-0.528117 0.637
-0.528117 0.638
-0.528117 0.639
-0.528117 0.64
-0.528117 0.641
-0.528117 0.642
-0.528117 0.643
-0.528117 0.644
-0.528117 0.645
-0.528117 0.646
-0.528117 0.647
-0.528117 0.648
-0.528117 0.649
-0.528117 0.65
-0.528117 0.651
-0.528117 0.652
-0.528117 0.653
-0.528117 0.654
-0.528117 0.655
-0.528117 0.656
-0.528117 0.657
-0.528117 0.658
-0.528117 0.659
-0.528117 0.66
-0.528117 0.661
-0.528117 0.662
-0.528117 0.663
-0.528117 0.664
-0.528117 0.665
-0.528117 0.666
-0.528117 0.667
-0.528117 0.668
-0.528117 0.669
-0.528117 0.67
-0.528117 0.671
-0.528117 0.672
-0.528117 0.673
-0.528117 0.674
-0.528117 0.675
-0.528117 0.676
-0.528117 0.677
-0.528117 0.678
-0.528117 0.679
-0.528117 0.68
-0.528117 0.681
-0.528117 0.682
-0.528117 0.683
-0.528117 0.684
-0.528117 0.685
-0.528117 0.686
-0.528117 0.687
-0.528117 0.688
-0.528117 0.689
-0.528117 0.69
-0.528117 0.691
-0.528117 0.692
-0.528117 0.693
-0.528117 0.694
-0.528117 0.695
-0.528117 0.696
-0.528117 0.697
-0.528117 0.698
-0.528117 0.699
-0.528117 0.7
-0.528117 0.701
-0.528117 0.702
-0.528117 0.703
-0.528117 0.704
-0.528117 0.705
-0.528117 0.706
-0.528117 0.707
-0.528117 0.708
-0.528117 0.709
-0.528117 0.71
-0.528117 0.711
-0.528117 0.712
-0.528117 0.713
-0.528117 0.714
-0.528117 0.715
-0.528117 0.716
-0.528117 0.717
-0.528117 0.718
-0.528117 0.719
-0.528117 0.72
-0.528117 0.721
-0.528117 0.722
-0.528117 0.723
-0.528117 0.724
-0.528117 0.725
-0.528117 0.726
-0.528117 0.727
-0.528117 0.728
-0.528117 0.729
-0.528117 0.73
-0.528117 0.731
-0.528117 0.732
-0.528117 0.733
-0.528117 0.734
-0.528117 0.735
-0.528117 0.736
-0.528117 0.737
-0.528117 0.738
-0.528117 0.739
-0.528117 0.74
-0.528117 0.741
-0.528117 0.742
-0.528117 0.743
-0.528117 0.744
-0.528117 0.745
-0.528117 0.746
-0.528117 0.747
-0.528117 0.748
-0.528117 0.749
-0.528117 0.75
-0.528117 0.751
-0.528117 0.752
-0.528117 0.753
-0.528117 0.754
-0.528117 0.755
-0.528117 0.756
-0.528117 0.757
-0.528117 0.758
-0.528117 0.759
-0.528117 0.76
-0.528117 0.761
-0.528117 0.762
-0.528117 0.763
-0.528117 0.764
-0.528117 0.765
-0.528117 0.766
-0.528117 0.767
-0.528117 0.768
-0.529117 0.769
-0.530117 0.77
-0.531117 0.771
-0.532117 0.772
-0.533117 0.773
-0.534118 0.774
-0.535118 0.775
-0.536118 0.776
-0.537118 0.777
-0.538118 0.778
-0.539118 0.779
-0.540118 0.78
-0.541118 0.781
-0.542118 0.782
-0.543118 0.783
-0.544118 0.784
-0.545118 0.785
-0.546118 0.786
-0.547118 0.787
-0.548118 0.788
-0.549118 0.789
-0.550118 0.79
-0.551118 0.791
-0.552118 0.792
-0.553118 0.793
-0.554118 0.794
-0.555118 0.795
-0.556118 0.796
-0.557118 0.797
-0.558118 0.798
-0.559118 0.799
-0.560118 0.8
-0.561118 0.801
-0.562118 0.802
-0.563118 0.803
-0.564118 0.804
-0.565118 0.805
-0.566118 0.806
-0.567118 0.807
-0.568118 0.808
-0.569118 0.809
-0.570119 0.81
-0.571119 0.811
-0.572119 0.812
-0.573119 0.813
-0.574119 0.814
-0.575119 0.815
-0.576119 0.816
-0.577119 0.817
-0.578119 0.818
-0.579119 0.819
-0.580119 0.82
-0.581119 0.821
-0.582119 0.822
-0.583119 0.823
-0.584119 0.824
-0.585119 0.825
-0.586119 0.826
-0.587119 0.827
-0.588119 0.828
-0.589119 0.829
-0.590119 0.83
-0.591119 0.831
-0.592119 0.832
-0.593119 0.833
-0.594119 0.834
-0.595119 0.835
-0.596119 0.836
-0.597119 0.837
-0.598119 0.838
-0.599119 0.839
-0.600119 0.84
-0.601119 0.841
-0.602119 0.842
-0.603119 0.843
-0.604119 0.844
-0.605119 0.845
-0.606119 0.846
-0.60712 0.847
-0.60812 0.848
-0.60912 0.849
-0.61012 0.85
-0.61112 0.851
-0.61212 0.852
-0.61312 0.853
-0.61412 0.854
-0.61512 0.855
-0.61612 0.856
-0.61712 0.857
-0.61812 0.858
-0.61912 0.859
-0.62012 0.86
-0.62112 0.861
-0.62212 0.862
-0.62312 0.863
-0.62412 0.864
-0.62512 0.865
-0.62612 0.866
-0.62712 0.867
-0.62812 0.868
-0.62912 0.869
-0.63012 0.87
-0.63112 0.871
-0.63212 0.872
-0.63312 0.873
-0.63412 0.874
-0.63512 0.875
-0.63612 0.876
-0.63712 0.877
-0.63812 0.878
-0.63912 0.879
-0.64012 0.88
-0.64112 0.881
-0.64212 0.882
-0.643121 0.883
-0.644121 0.884
-0.645121 0.885
-0.646121 0.886
-0.647121 0.887
-0.648121 0.888
-0.649121 0.889
-0.650121 0.89
-0.651121 0.891
-0.652121 0.892
-0.653121 0.893
-0.654121 0.894
-0.655121 0.895
-0.656121 0.896
-0.657121 0.897
-0.658121 0.898
-0.659121 0.899
-0.660121 0.9
-0.661121 0.901
-0.662121 0.902
-0.663121 0.903
-0.664121 0.904
-0.665121 0.905
-0.666121 0.906
-0.667121 0.907
-0.668121 0.908
-0.669121 0.909
-0.670121 0.91
-0.671121 0.911
-0.672121 0.912
-0.673121 0.913
-0.674121 0.914
-0.675121 0.915
-0.676121 0.916
-0.677121 0.917
-0.678121 0.918
-0.679121 0.919
-0.680122 0.92
-0.681122 0.921
-0.682122 0.922
-0.683122 0.923
-0.684122 0.924
-0.685122 0.925
-0.686122 0.926
-0.687122 0.927
-0.688122 0.928
-0.689122 0.929
-0.690122 0.93
-0.691122 0.931
-0.692122 0.932
-0.693122 0.933
-0.694122 0.934
-0.695122 0.935
-0.696122 0.936
-0.697122 0.937
-0.698122 0.938
-0.699122 0.939
-0.700122 0.94
-0.701122 0.941
-0.702122 0.942
-0.703122 0.943
-0.704122 0.944
-0.705122 0.945
-0.706122 0.946
-0.707122 0.947
-0.708122 0.948
-0.709122 0.949
-0.710122 0.95
-0.711122 0.951
-0.712122 0.952
-0.713122 0.953
-0.714122 0.954
-0.715122 0.955
-0.716123 0.956
-0.717123 0.957
-0.718123 0.958
-0.719123 0.959
-0.720123 0.96
-0.721123 0.961
-0.722123 0.962
-0.723123 0.963
-0.724123 0.964
-0.725123 0.965
-0.726123 0.966
-0.727123 0.967
-0.728123 0.968
-0.729123 0.969
-0.730123 0.97
-0.731123 0.971
-0.732123 0.972
-0.733123 0.973
-0.734123 0.974
-0.735123 0.975
-0.736123 0.976
-0.737123 0.977
-0.738123 0.978
-0.739123 0.979
-0.740123 0.98
-0.741123 0.981
-0.742123 0.982
-0.743123 0.983
-0.744123 0.984
-0.745123 0.985
-0.746123 0.986
-0.747123 0.987
-0.748123 0.988
-0.749123 0.989
-0.750123 0.99
-0.751123 0.991
-0.752123 0.992
-0.753124 0.993
-0.754124 0.994
-0.755124 0.995
-0.756124 0.996
-0.757124 0.997
-0.758124 0.998
-0.759124 0.999
-0.758124 1


Shark
3.14159 1.5
3.13659 1.4995
3.13159 1.499
3.12659 1.4985
3.12159 1.498
3.11659 1.4975
3.11159 1.497
3.10659 1.4965
3.10159 1.496
3.09659 1.4955
3.09159 1.495
3.08659 1.4945
3.08159 1.494
3.07659 1.4935
3.07159 1.493
3.06659 1.4925
3.06159 1.492
3.05659 1.4915
3.05159 1.491
3.04659 1.4905
3.04159 1.49
3.03659 1.4895
3.03159 1.489
3.02659 1.4885
3.02159 1.488
3.01659 1.4875
3.01159 1.487
3.00659 1.4865
3.00159 1.486
2.99659 1.4855
2.99159 1.485
2.98659 1.4845
2.98159 1.484
2.97659 1.4835
2.97159 1.483
2.96659 1.4825
2.96159 1.482
2.95659 1.4815
2.95159 1.481
2.94659 1.4805
2.94159 1.48
2.93659 1.4795
2.93159 1.479
2.92659 1.4785
2.92159 1.478
2.91659 1.4775
2.91159 1.477
2.90659 1.4765
2.90159 1.476
2.89659 1.4755
2.89159 1.475
2.88659 1.4745
2.88159 1.474
2.87659 1.4735
2.87159 1.473
2.86659 1.4725
2.86159 1.472
2.85659 1.4715
2.85159 1.471
2.84659 1.4705
2.84159 1.47
2.83659 1.4695
2.83159 1.469
2.82659 1.4685
2.82159 1.468
2.81659 1.4675
2.81159 1.467
2.80659 1.4665
2.80159 1.466
2.79659 1.4655
2.79159 1.465
2.78659 1.4645
2.78159 1.464
2.77659 1.4635
2.77159 1.463
2.76659 1.4625
2.76159 1.462
2.75659 1.4615
2.75159 1.461
2.74659 1.4605
2.59142 1.46
2.58642 1.4595
2.58142 1.459
2.57642 1.4585
2.57142 1.458
2.56642 1.4575
2.56142 1.457
2.55642 1.4565
2.55142 1.456
2.46453 1.4555
2.45953 1.455
2.45453 1.4545
2.4997 1.454
2.5047 1.4535
2.5097 1.453
2.5147 1.4525
2.5197 1.452
2.5247 1.4515
2.5297 1.451
2.5347 1.4505
2.5397 1.45
2.5447 1.4495
2.5497 1.449
2.5547 1.4485
2.60573 1.448
2.63186 1.4475
2.63686 1.447
2.64186 1.4465
2.64686 1.446
2.65186 1.4455
2.6792 1.445
2.6842 1.4445
2.6892 1.444
2.6942 1.4435
2.6992 1.443
2.67066 1.4425
2.66198 1.442
2.65326 1.4415
2.64826 1.441
2.64326 1.4405
2.63438 1.44
2.62546 1.4395
2.61648 1.439
2.61148 1.4385
2.6024 1.438
2.59327 1.4375
2.58409 1.437
2.57486 1.4365
2.56557 1.436
2.57491 1.4355
2.57991 1.435
2.58935 1.4345
2.57986 1.434
2.57486 1.4335
2.56566 1.433
2.57531 1.4325
2.58031 1.432
2.59006 1.4315
2.59987 1.431
2.60487 1.4305
2.61456 1.43
2.62407 1.4295
2.62907 1.429
2.63407 1.4285
2.63907 1.428
2.64407 1.4275
2.64907 1.427
2.65407 1.4265
2.65907 1.426
2.66407 1.4255
2.66907 1.425
2.67407 1.4245
2.67907 1.424
2.68407 1.4235
2.68907 1.423
2.69407 1.4225
2.69907 1.422
2.70407 1.4215
2.70907 1.421
2.71407 1.4205
2.71907 1.42
2.72407 1.4195
2.72907 1.419
2.73407 1.4185
2.73907 1.418
2.74407 1.4175
2.74907 1.417
2.75407 1.4165
2.75907 1.416
2.76407 1.4155
2.76907 1.415
2.77407 1.4145
2.77907 1.414
2.78407 1.4135
2.78907 1.413
2.79407 1.4125
2.79907 1.412
2.80407 1.4115
2.80907 1.411
2.81407 1.4105
2.81907 1.41
2.82407 1.4095
2.82907 1.409
2.83407 1.4085
2.83907 1.408
2.84407 1.4075
2.84907 1.407
2.85407 1.4065
2.85907 1.406
2.86407 1.4055
2.86907 1.405
2.87407 1.4045
2.87907 1.404
2.88407 1.4035
2.88907 1.403
2.89407 1.4025
2.89907 1.402
2.90407 1.4015
2.90907 1.401
2.91407 1.4005
2.91907 1.4
2.92407 1.3995
2.92907 1.399
2.93407 1.3985
2.93907 1.398
2.94407 1.3975
2.94907 1.397
2.95407 1.3965
2.95907 1.396
2.96407 1.3955
2.96907 1.395
2.97407 1.3945
2.97907 1.394
2.98407 1.3935
2.98907 1.393
2.99407 1.3925
2.99907 1.392
3.00407 1.3915
3.00907 1.391
3.01407 1.3905
3.01907 1.39
3.02407 1.3895
3.02907 1.389
3.03407 1.3885
3.03907 1.388
3.04407 1.3875
3.04907 1.387
3.05407 1.3865
3.05907 1.386
3.06407 1.3855
3.06907 1.385
3.07407 1.3845
3.07907 1.384
3.08407 1.3835
3.08907 1.383
3.09407 1.3825
3.09907 1.382
3.10407 1.3815
3.10907 1.381
3.11407 1.3805
3.11907 1.38
3.12407 1.3795
3.12907 1.379
3.13407 1.3785
3.13907 1.378
3.14407 1.3775
3.14907 1.377
3.15407 1.3765
3.15907 1.376
3.16407 1.3755
3.16907 1.375
3.17407 1.3745
3.17907 1.374
3.18407 1.3735
3.18907 1.373
3.19407 1.3725
3.19907 1.372
3.20407 1.3715
3.20907 1.371
3.21407 1.3705
3.21907 1.37
3.22407 1.3695
3.22907 1.369
3.23407 1.3685
3.23907 1.368
3.24407 1.3675
3.24907 1.367
3.25407 1.3665
3.25907 1.366
3.26407 1.3655
3.26907 1.365
3.27407 1.3645
3.27907 1.364
3.28407 1.3635
3.28907 1.363
3.29407 1.3625
3.29907 1.362
3.30407 1.3615
3.30907 1.361
3.31407 1.3605
3.31907 1.36
3.32407 1.3595
3.32907 1.359
3.33407 1.3585
3.33907 1.358
3.34407 1.3575
3.34907 1.357
3.35407 1.3565
3.35907 1.356
3.36407 1.3555
3.36907 1.355
3.37407 1.3545
3.37907 1.354
3.38407 1.3535
3.38907 1.353
3.39407 1.3525
3.39907 1.352
3.40407 1.3515
3.40907 1.351
3.41407 1.3505
3.41907 1.35
3.42407 1.3495
3.42907 1.349
3.43407 1.3485
3.43907 1.348
3.44407 1.3475
3.44907 1.347
3.45407 1.3465
3.45907 1.346
3.46407 1.3455
3.46907 1.345
3.47407 1.3445
3.47907 1.344
3.48407 1.3435
3.48907 1.343
3.49407 1.3425
3.49907 1.342
3.50407 1.3415
3.50907 1.341
3.51407 1.3405
3.51907 1.34
3.52407 1.3395
3.52907 1.339
3.53407 1.3385
3.53907 1.338
3.54407 1.3375
3.54907 1.337
3.55407 1.3365
3.55907 1.336
3.56407 1.3355
3.56907 1.335
3.57407 1.3345
3.57907 1.334
3.58407 1.3335
3.58907 1.333
3.59407 1.3325
3.59907 1.332
3.60407 1.3315
3.60907 1.331
3.61407 1.3305
3.61907 1.33
3.62407 1.3295
3.62907 1.329
3.63407 1.3285
3.63907 1.328
3.64407 1.3275
3.64907 1.327
3.65407 1.3265
3.65907 1.326
3.66407 1.3255
3.66907 1.325
3.67407 1.3245
3.67907 1.324
3.68407 1.3235
3.68907 1.323
3.69407 1.3225
3.69907 1.322
3.70407 1.3215
3.70907 1.321
3.71407 1.3205
3.71907 1.32
3.72407 1.3195
3.72907 1.319
3.73407 1.3185
3.73907 1.318
3.74407 1.3175
3.74907 1.317
3.75407 1.3165
3.75907 1.316
3.76407 1.3155
3.76907 1.315
3.77407 1.3145
3.77907 1.314
3.78407 1.3135
3.78907 1.313
3.79407 1.3125
3.79907 1.312
3.80407 1.3115
3.80907 1.311
3.81407 1.3105
3.81907 1.31
3.82407 1.3095
3.82907 1.309
3.83407 1.3085
3.83907 1.308
3.84407 1.3075
3.84907 1.307
3.85407 1.3065
3.85907 1.306
3.86407 1.3055
3.86907 1.305
3.87407 1.3045
3.87907 1.304
3.88407 1.3035
3.88907 1.303
3.89407 1.3025
3.89907 1.302
3.90407 1.3015
3.90907 1.301
3.91407 1.3005
3.91907 1.3
3.92407 1.2995
3.92907 1.299
3.93407 1.2985
3.93907 1.298
3.94407 1.2975
3.94907 1.297
3.95407 1.2965
3.95907 1.296
3.96407 1.2955
3.96907 1.295
3.97407 1.2945
3.97907 1.294
3.98407 1.2935
3.98907 1.293
3.99407 1.2925
3.99907 1.292
4.00407 1.2915
4.00907 1.291
4.01407 1.2905
4.01907 1.29
4.02407 1.2895
4.02907 1.289
4.03407 1.2885
4.03907 1.288
4.04407 1.2875
4.04907 1.287
4.05407 1.2865
4.05907 1.286
4.06407 1.2855
4.06907 1.285
4.07407 1.2845
4.07907 1.284
4.08407 1.2835
4.08907 1.283
4.09407 1.2825
4.09907 1.282
4.10407 1.2815
4.10907 1.281
4.11407 1.2805
4.11907 1.28
4.12407 1.2795
4.12907 1.279
4.13407 1.2785
4.13907 1.278
4.14407 1.2775
4.14907 1.277
4.15407 1.2765
4.15907 1.276
4.16407 1.2755
4.16907 1.275
4.17407 1.2745
4.17907 1.274
4.18407 1.2735
4.18907 1.273
4.19407 1.2725
4.19907 1.272
4.20407 1.2715
4.20907 1.271
4.21407 1.2705
4.21907 1.27
4.22407 1.2695
4.22907 1.269
4.23407 1.2685
4.23907 1.268
4.24407 1.2675
4.24907 1.267
4.25407 1.2665
4.25907 1.266
4.26407 1.2655
4.26907 1.265
4.27407 1.2645
4.27907 1.264
4.28407 1.2635
4.28907 1.263
4.29407 1.2625
4.29907 1.262
4.30407 1.2615
4.30907 1.261
4.31407 1.2605
4.31907 1.26
4.32407 1.2595
4.32907 1.259
4.33407 1.2585
4.33907 1.258
4.34407 1.2575
4.34907 1.257
4.35407 1.2565
4.35907 1.256
4.36407 1.2555
4.36907 1.255
4.37407 1.2545
4.37907 1.254
4.38407 1.2535
4.38907 1.253
4.39407 1.2525
4.39907 1.252
4.40407 1.2515
4.40907 1.251
4.41407 1.2505
4.41907 1.25
4.42407 1.2495
4.42907 1.249
4.43407 1.2485
4.43907 1.248
4.44407 1.2475
4.44907 1.247
4.45407 1.2465
4.45907 1.246
4.46407 1.2455
4.46907 1.245
4.47407 1.2445
4.47907 1.244
4.48407 1.2435
4.48907 1.243
4.49407 1.2425
4.49907 1.242
4.50407 1.2415
4.50907 1.241
4.51407 1.2405
4.51907 1.24
4.52407 1.2395
4.52907 1.239
4.53407 1.2385
4.53907 1.238
4.54407 1.2375
4.54907 1.237
4.55407 1.2365
4.55907 1.236
4.56407 1.2355
4.56907 1.235
4.57407 1.2345
4.57907 1.234
4.58407 1.2335
4.58907 1.233
4.59407 1.2325
4.59907 1.232
4.60407 1.2315
4.60907 1.231
4.61407 1.2305
4.61907 1.23
4.62407 1.2295
4.62907 1.229
4.63407 1.2285
4.63907 1.228
4.64407 1.2275
4.64907 1.227
4.65407 1.2265
4.65907 1.226
4.66407 1.2255
4.66907 1.225
4.67407 1.2245
4.67907 1.224
4.68407 1.2235
4.68907 1.223
4.69407 1.2225
4.69907 1.222
4.70407 1.2215
4.70907 1.221
4.71407 1.2205
4.71907 1.22
4.72407 1.2195
4.72907 1.219
4.73407 1.2185
4.73907 1.218
4.74407 1.2175
4.74907 1.217
4.75407 1.2165
4.75907 1.216
4.76407 1.2155
4.76907 1.215
4.77407 1.2145
4.77907 1.214
4.78407 1.2135
4.78907 1.213
4.79407 1.2125
4.79907 1.212
4.80407 1.2115
4.80907 1.211
4.81407 1.2105
4.81907 1.21
4.82407 1.2095
4.82907 1.209
4.83407 1.2085
4.83907 1.208
4.84407 1.2075
4.84907 1.207
4.85407 1.2065
4.85907 1.206
4.86407 1.2055
4.86907 1.205
4.87407 1.2045
4.87907 1.204
4.88407 1.2035
4.88907 1.203
4.89407 1.2025
4.89907 1.202
4.90407 1.2015
4.90907 1.201
4.91407 1.2005
4.91907 1.2
4.92407 1.1995
4.92907 1.199
4.93407 1.1985
4.93907 1.198
4.94407 1.1975
4.94907 1.197
4.95407 1.1965
4.95907 1.196
4.96407 1.1955
4.96907 1.195
4.97407 1.1945
4.97907 1.194
4.98407 1.1935
4.98907 1.193
4.99407 1.1925
4.99907 1.192
5.00407 1.1915
5.00907 1.191
5.01407 1.1905
5.01907 1.19
5.02407 1.1895
5.02907 1.189
5.03407 1.1885
5.03907 1.188
5.04407 1.1875
5.04907 1.187
5.05407 1.1865
5.05907 1.186
5.06407 1.1855
5.06907 1.185
5.07407 1.1845
5.07907 1.184
5.08407 1.1835
5.08907 1.183
5.09407 1.1825
5.09907 1.182
5.10407 1.1815
5.10907 1.181
5.11407 1.1805
5.11907 1.18
5.12407 1.1795
5.12907 1.179
5.13407 1.1785
5.13907 1.178
5.14407 1.1775
5.14907 1.177
5.15407 1.1765
5.15907 1.176
5.16407 1.1755
5.16907 1.175
5.17407 1.1745
5.17907 1.174
5.18407 1.1735
5.18907 1.173
5.19407 1.1725
5.19907 1.172
5.20407 1.1715
5.20907 1.171
5.21407 1.1705
5.21907 1.17
5.22407 1.1695
5.22907 1.169
5.23407 1.1685
5.23907 1.168
5.24407 1.1675
5.24907 1.167
5.25407 1.1665
5.25907 1.166
5.26407 1.1655
5.26907 1.165
5.27407 1.1645
5.27907 1.164
5.28407 1.1635
5.28907 1.163
5.29407 1.1625
5.29907 1.162
5.30407 1.1615
5.30907 1.161
5.31407 1.1605
5.31907 1.16
5.32407 1.1595
5.32907 1.159
5.33407 1.1585
5.33907 1.158
5.34407 1.1575
5.34907 1.157
5.35407 1.1565
5.35907 1.156
5.36407 1.1555
5.36907 1.155
5.37407 1.1545
5.37907 1.154
5.38407 1.1535
5.38907 1.153
5.39407 1.1525
5.39907 1.152
5.40407 1.1515
5.40907 1.151
5.41407 1.1505
5.41907 1.15
5.42407 1.1495
5.42907 1.149
5.43407 1.1485
5.43907 1.148
5.44407 1.1475
5.44907 1.147
5.45407 1.1465
5.45907 1.146
5.46407 1.1455
5.46907 1.145
5.47407 1.1445
5.47907 1.144
5.48407 1.1435
5.48907 1.143
5.49407 1.1425
5.49907 1.142
5.50407 1.1415
5.50907 1.141
5.51407 1.1405
5.51907 1.14
5.52407 1.1395
5.52907 1.139
5.53407 1.1385
5.53907 1.138
5.54407 1.1375
5.54907 1.137
5.55407 1.1365
5.55907 1.136
5.56407 1.1355
5.56907 1.135
5.57407 1.1345
5.57907 1.134
5.58407 1.1335
5.58907 1.133
5.59407 1.1325
5.59907 1.132
5.60407 1.1315
5.60907 1.131
5.61407 1.1305
5.61907 1.13
5.62407 1.1295
5.62907 1.129
5.63407 1.1285
5.63907 1.128
5.64407 1.1275
5.64907 1.127
5.65407 1.1265
5.65907 1.126
5.66407 1.1255
5.66907 1.125
5.67407 1.1245
5.67907 1.124
5.68407 1.1235
5.68907 1.123
5.69407 1.1225
5.69907 1.122
5.70407 1.1215
5.70907 1.121
5.71407 1.1205
5.71907 1.12
5.72407 1.1195
5.72907 1.119
5.73407 1.1185
5.73907 1.118
5.74407 1.1175
5.74907 1.117
5.75407 1.1165
5.75507 1.116
5.75407 1.1155
5.75307 1.115
5.75207 1.1145
5.75107 1.114
5.75007 1.1135
5.74907 1.113
5.74807 1.1125
5.74707 1.112
5.74607 1.1115
5.74507 1.111
5.74407 1.1105
5.74307 1.11
5.74207 1.1095
5.74107 1.109
5.74007 1.1085
5.73907 1.108
5.73807 1.1075
5.73707 1.107
5.73607 1.1065
5.73507 1.106
5.73407 1.1055
5.73307 1.105
5.73207 1.1045
5.73107 1.104
5.73007 1.1035
5.72907 1.103
5.72807 1.1025
5.72707 1.102
5.72607 1.1015
5.72507 1.101
5.72407 1.1005
5.72307 1.1
5.72207 1.0995
5.72107 1.099
5.72007 1.0985
5.71907 1.098
5.71807 1.0975
5.71707 1.097
5.71607 1.0965
5.71507 1.096
5.71407 1.0955
5.71307 1.095
5.71207 1.0945
5.71107 1.094
5.71007 1.0935
5.70907 1.093
5.70807 1.0925
5.70707 1.092
5.70607 1.0915
5.70507 1.091
5.70407 1.0905
5.70307 1.09
5.70207 1.0895
5.70107 1.089
5.70007 1.0885
5.69907 1.088
5.69807 1.0875
5.69707 1.087
5.69607 1.0865
5.69507 1.086
5.69407 1.0855
5.69307 1.085
5.69207 1.0845
5.69107 1.084
5.69007 1.0835
5.68907 1.083
5.68807 1.0825
5.68707 1.082
5.68607 1.0815
5.68507 1.081
5.68407 1.0805
5.68307 1.08
5.68207 1.0795
5.68107 1.079
5.68007 1.0785
5.67907 1.078
5.67807 1.0775
5.67707 1.077
5.67607 1.0765
5.67507 1.076
5.67407 1.0755
5.67307 1.075
5.67207 1.0745
5.67107 1.074
5.67007 1.0735
5.66907 1.073
5.66807 1.0725
5.66707 1.072
5.66607 1.0715
5.66507 1.071
5.66407 1.0705
5.66307 1.07
5.66207 1.0695
5.66107 1.069
5.66007 1.0685
5.65907 1.068
5.65807 1.0675
5.65707 1.067
5.65607 1.0665
5.65507 1.066
5.65407 1.0655
5.65307 1.065
5.65207 1.0645
5.65107 1.064
5.65007 1.0635
5.64907 1.063
5.64807 1.0625
5.64706 1.062
5.64606 1.0615
5.64506 1.061
5.64406 1.0605
5.64306 1.06
5.64206 1.0595
5.64106 1.059
5.64006 1.0585
5.63906 1.058
5.63806 1.0575
5.63706 1.057
5.63606 1.0565
5.63506 1.056
5.63406 1.0555
5.63306 1.055
5.63206 1.0545
5.63106 1.054
5.63006 1.0535
5.62906 1.053
5.62806 1.0525
5.62706 1.052
5.62606 1.0515
5.62506 1.051
5.62406 1.0505
5.62306 1.05
5.62206 1.0495
5.62106 1.049
5.62006 1.0485
5.61906 1.048
5.61806 1.0475
5.61706 1.047
5.61606 1.0465
5.61506 1.046
5.61406 1.0455
5.61306 1.045
5.61206 1.0445
5.61106 1.044
5.61006 1.0435
5.60906 1.043
5.60806 1.0425
5.60706 1.042
5.60606 1.0415
5.60506 1.041
5.60406 1.0405
5.60306 1.04
5.60206 1.0395
5.60106 1.039
5.60006 1.0385
5.59906 1.038
5.59806 1.0375
5.59706 1.037
5.59606 1.0365
5.59506 1.036
5.59406 1.0355
5.59306 1.035
5.59206 1.0345
5.59106 1.034
5.59006 1.0335
5.58906 1.033
5.58806 1.0325
5.58706 1.032
5.58606 1.0315
5.58506 1.031
5.58406 1.0305
5.58306 1.03
5.58206 1.0295
5.58106 1.029
5.58006 1.0285
5.57906 1.028
5.57806 1.0275
5.57706 1.027
5.57606 1.0265
5.57506 1.026
5.57406 1.0255
5.57306 1.025
5.57206 1.0245
5.57106 1.024
5.57006 1.0235
5.56906 1.023
5.56806 1.0225
5.56706 1.022
5.56606 1.0215
5.56506 1.021
5.56406 1.0205
5.56306 1.02
5.56206 1.0195
5.56106 1.019
5.56006 1.0185
5.55906 1.018
5.55806 1.0175
5.55706 1.017
5.55606 1.0165
5.55506 1.016
5.55406 1.0155
5.55306 1.015
5.55206 1.0145
5.55106 1.014
5.55006 1.0135
5.54906 1.013
5.54806 1.0125
5.54706 1.012
5.54606 1.0115
5.54506 1.011
5.54406 1.0105
5.54306 1.01
5.54206 1.0095
5.54106 1.009
5.54006 1.0085
5.53906 1.008
5.53806 1.0075
5.53706 1.007
5.53606 1.0065
5.53506 1.006
5.53406 1.0055
5.53306 1.005
5.53206 1.0045
5.53106 1.004
5.53006 1.0035
5.52906 1.003
5.52806 1.0025
5.52706 1.002
5.52606 1.0015
5.52506 1.001
5.52406 1.0005
5.52506 1
