Man
0 0
0 0.001
0 0.002
0 0.003
0 0.004
0 0.005
0 0.006
0 0.007
0 0.008
0 0.009
0 0.01
0 0.011
0 0.012
0 0.013
0 0.014
0 0.015
0 0.016
0 0.017
0 0.018
0 0.019
0 0.02
0 0.021
0 0.022
0 0.023
0 0.024
0 0.025
0 0.026
0 0.027
0 0.028
0 0.029
0 0.03
0 0.031
0 0.032
0 0.033
0 0.034
0 0.035
0 0.036
0 0.037
0 0.038
0 0.039
0 0.04
0 0.041
0 0.042
0 0.043
0 0.044
0 0.045
0 0.046
0 0.047
0 0.048
0 0.049
0 0.05
0 0.051
0 0.052
0 0.053
0 0.054
0 0.055
0 0.056
0 0.057
0 0.058
0 0.059
-0.235619 0.06
-0.235619 0.061
-0.235619 0.062
-0.235619 0.063
-0.235619 0.064
-0.235619 0.065
-0.235619 0.066
-0.235619 0.067
-0.235619 0.068
-0.235619 0.069
-0.235619 0.07
-0.235619 0.071
-0.235619 0.072
-0.235619 0.073
-0.235619 0.074
-0.235619 0.075
-0.235619 0.076
-0.235619 0.077
-0.235619 0.078
-0.235619 0.079
-0.235619 0.08
-0.235619 0.081
-0.235619 0.082
-0.235619 0.083
-0.235619 0.084
-0.235619 0.085
-0.235619 0.086
-0.235619 0.087
-0.235619 0.088
-0.235619 0.089
-0.235619 0.09
-0.235619 0.091
-0.235619 0.092
-0.235619 0.093
-0.235619 0.094
-0.235619 0.095
-0.235619 0.096
-0.235619 0.097
-0.235619 0.098
-0.235619 0.099
-0.235619 0.1
-0.235619 0.101
-0.235619 0.102
-0.235619 0.103
-0.235619 0.104
-0.235619 0.105
-0.471239 0.106
-0.541925 0.107
-0.541925 0.108
-0.541925 0.109
-0.541925 0.11
-0.612611 0.111
-0.612611 0.112
-0.612611 0.113
-0.612611 0.114
-0.612611 0.115
-0.612611 0.116
-0.612611 0.117
-0.612611 0.118
-0.612611 0.119
-0.612611 0.12
-0.612611 0.121
-0.683296 0.122
-0.683296 0.123
-0.683296 0.124
-0.683296 0.125
-0.683296 0.126
-0.683296 0.127
-0.683296 0.128
-0.683296 0.129
-0.683296 0.13
-0.683296 0.131
-0.753982 0.132
-0.753982 0.133
-0.753982 0.134
-0.753982 0.135
-0.753982 0.136
-0.753982 0.137
-0.753982 0.138
-0.753982 0.139
-0.753982 0.14
-0.790739 0.141
-0.811945 0.142
-0.83315 0.143
-0.854356 0.144
-0.875562 0.145
-0.875562 0.146
-0.875562 0.147
-0.896768 0.148
-0.903129 0.149
-0.903129 0.15
-0.917973 0.151
-0.924335 0.152
-0.930697 0.153
-0.937059 0.154
-0.94342 0.155
-0.949782 0.156
-0.956144 0.157
-0.962505 0.158
-0.968867 0.159
-0.975229 0.16
-0.981591 0.161
-0.987952 0.162
-0.994314 0.163
-1.00068 0.164
-1.00704 0.165
-1.0134 0.166
-1.01976 0.167
-1.02612 0.168
-1.03248 0.169
-1.03885 0.17
-1.04521 0.171
-1.05157 0.172
-1.05793 0.173
-1.06429 0.174
-1.05793 0.175
-1.06429 0.176
-1.05793 0.177
-1.06429 0.178
-1.05793 0.179
-1.06429 0.18
-1.05793 0.181
-1.06429 0.182
-1.05793 0.183
-1.06429 0.184
-1.05793 0.185
-1.06429 0.186
-1.05793 0.187
-1.06429 0.188
-1.05793 0.189
-1.06429 0.19
-1.07065 0.191
-1.06429 0.192
-1.05793 0.193
-1.06428 0.194
-1.07063 0.195
-1.06427 0.196
-1.05791 0.197
-1.05155 0.198
-1.04519 0.199
-1.03883 0.2
-1.03246 0.201
-1.0261 0.202
-1.01974 0.203
-1.01338 0.204
-1.00702 0.205
-1.00065 0.206
-0.994293 0.207
-0.988039 0.208
-0.981881 0.209
-0.981881 0.21
-0.981881 0.211
-0.981881 0.212
-0.981881 0.213
-0.981881 0.214
-0.981881 0.215
-0.981881 0.216
-0.981881 0.217
-0.981881 0.218
-0.981881 0.219
-0.981881 0.22
-0.981881 0.221
-0.981881 0.222
-0.981881 0.223
-0.981881 0.224
-0.981881 0.225
-0.981881 0.226
-0.981881 0.227
-0.981881 0.228
-0.981881 0.229
-0.981881 0.23
-0.981881 0.231
-0.981881 0.232
-0.981881 0.233
-0.981881 0.234
-0.981881 0.235
-0.981881 0.236
-0.981881 0.237
-0.981881 0.238
-0.981881 0.239
-0.981881 0.24
-0.981881 0.241
-0.981881 0.242
-0.981881 0.243
-0.981881 0.244
-0.981881 0.245
-0.981881 0.246
-0.981881 0.247
-0.981881 0.248
-0.981881 0.249
-0.981881 0.25
-0.981881 0.251
-0.981881 0.252
-0.981881 0.253
-0.981881 0.254
-0.981881 0.255
-0.981881 0.256
-0.981881 0.257
-0.981881 0.258
-0.981881 0.259
-0.981881 0.26
-0.981881 0.261
-0.981881 0.262
-0.981881 0.263
-0.981881 0.264
-0.981881 0.265
-0.981881 0.266
-0.981881 0.267
-0.981881 0.268
-0.981881 0.269
-0.981881 0.27
-0.981881 0.271
-0.981881 0.272
-0.981881 0.273
-0.981881 0.274
-0.981881 0.275
-0.981881 0.276
-0.981881 0.277
-0.981881 0.278
-0.981881 0.279
-0.981881 0.28
-0.981881 0.281
-0.981881 0.282
-0.981881 0.283
-0.981881 0.284
-0.981881 0.285
-0.981881 0.286
-0.981881 0.287
-0.981881 0.288
-0.981881 0.289
-0.981881 0.29
-0.981881 0.291
-0.981881 0.292
-0.981881 0.293
-0.981881 0.294
-0.981881 0.295
-0.981881 0.296
-0.981881 0.297
-0.981881 0.298
-0.981881 0.299
-0.981881 0.3
-0.981881 0.301
-0.981881 0.302
-0.981881 0.303
-0.981881 0.304
-0.981881 0.305
-0.981881 0.306
-0.981881 0.307
-0.981881 0.308
-0.981881 0.309
-0.981881 0.31
-0.981881 0.311
-0.981881 0.312
-0.981881 0.313
-0.981881 0.314
-0.981881 0.315
-0.981881 0.316
-0.981881 0.317
-0.981881 0.318
-0.981881 0.319
-0.981881 0.32
-0.981881 0.321
-0.981881 0.322
-0.981881 0.323
-0.981881 0.324
-0.981881 0.325
-0.981881 0.326
-0.981881 0.327
-0.981881 0.328
-0.981881 0.329
-0.981881 0.33
-0.981881 0.331
-0.981881 0.332
-0.981881 0.333
-0.981881 0.334
-0.981881 0.335
-0.981881 0.336
-0.981881 0.337
-0.981881 0.338
-0.981881 0.339
-0.981881 0.34
-0.981881 0.341
-0.981881 0.342
-0.981881 0.343
-0.981881 0.344
-0.981881 0.345
-0.981881 0.346
-0.981881 0.347
-0.981881 0.348
-0.981881 0.349
-0.981881 0.35
-0.981881 0.351
-0.981881 0.352
-0.981881 0.353
-0.981881 0.354
-0.981881 0.355
-0.981881 0.356
-0.981881 0.357
-0.981881 0.358
-0.981881 0.359
-0.981881 0.36
-0.981881 0.361
-0.981881 0.362
-0.981881 0.363
-0.981881 0.364
-0.981881 0.365
-0.981881 0.366
-0.981881 0.367
-0.981881 0.368
-0.981881 0.369
-0.981881 0.37
-0.981881 0.371
-0.981881 0.372
-0.981881 0.373
-0.981881 0.374
-0.981881 0.375
-0.981881 0.376
-0.981881 0.377
-0.981881 0.378
-0.981881 0.379
-0.981881 0.38
-0.981881 0.381
-0.981881 0.382
-0.981881 0.383
-0.981881 0.384
-0.981881 0.385
-0.981881 0.386
-0.981881 0.387
-0.981881 0.388
-0.981881 0.389
-0.981881 0.39
-0.981881 0.391
-0.981881 0.392
-0.981881 0.393
-0.981881 0.394
-0.981881 0.395
-0.981881 0.396
-0.981881 0.397
-0.981881 0.398
-0.981881 0.399
-0.981881 0.4
-0.981881 0.401
-0.981881 0.402
-0.981881 0.403
-0.981881 0.404
-0.981881 0.405
-0.981881 0.406
-0.981881 0.407
-0.981881 0.408
-0.981881 0.409
-0.981881 0.41
-0.981881 0.411
-0.981881 0.412
-0.981881 0.413
-0.981881 0.414
-0.981881 0.415
-0.981881 0.416
-0.981881 0.417
-0.981881 0.418
-0.981881 0.419
-0.981881 0.42
-0.981881 0.421
-0.981881 0.422
-0.981881 0.423
-0.981881 0.424
-0.981881 0.425
-0.981881 0.426
-0.981881 0.427
-0.981881 0.428
-0.981881 0.429
-0.981881 0.43
-0.981881 0.431
-0.981881 0.432
-0.981881 0.433
-0.981881 0.434
-0.981881 0.435
-0.981881 0.436
-0.981881 0.437
-0.981881 0.438
-0.981881 0.439
-0.981881 0.44
-0.981881 0.441
-0.981881 0.442
-0.981881 0.443
-0.981881 0.444
-0.981881 0.445
-0.981881 0.446
-0.981881 0.447
-0.981881 0.448
-0.981881 0.449
-0.981881 0.45
-0.981881 0.451
-0.981881 0.452
-0.981881 0.453
-0.981881 0.454
-0.981881 0.455
-0.981881 0.456
-0.981881 0.457
-0.981881 0.458
-0.981881 0.459
-0.981881 0.46
-0.981881 0.461
-0.981881 0.462
-0.981881 0.463
-0.981881 0.464
-0.981881 0.465
-0.981881 0.466
-0.981881 0.467
-0.981881 0.468
-0.981881 0.469
-0.981881 0.47
-0.981881 0.471
-0.981881 0.472
-0.981881 0.473
-0.981881 0.474
-0.981881 0.475
-0.981881 0.476
-0.981881 0.477
-0.981881 0.478
-0.981881 0.479
-0.981881 0.48
-0.981881 0.481
-0.981881 0.482
-0.981881 0.483
-0.981881 0.484
-0.981881 0.485
-0.981881 0.486
-0.981881 0.487
-0.981881 0.488
-0.981881 0.489
-0.981881 0.49
-0.981881 0.491
-0.981881 0.492
-0.981881 0.493
-0.981881 0.494
-0.981881 0.495
-0.981881 0.496
-0.981881 0.497
-0.981881 0.498
-0.981881 0.499
-0.981881 0.5
-0.981881 0.501
-0.981881 0.502
-0.981881 0.503
-0.981881 0.504
-0.981881 0.505
-0.981881 0.506
-0.981881 0.507
-0.981881 0.508
-0.981881 0.509
-0.981881 0.51
-0.981881 0.511
-0.981881 0.512
-0.981881 0.513
-0.981881 0.514
-0.981881 0.515
-0.981881 0.516
-0.981881 0.517
-0.981881 0.518
-0.981881 0.519
-0.981881 0.52
-0.981881 0.521
-0.981881 0.522
-0.981881 0.523
-0.981881 0.524
-0.981881 0.525
-0.981881 0.526
-0.981881 0.527
-0.981881 0.528
-0.981881 0.529
-0.981881 0.53
-0.981881 0.531
-0.981881 0.532
-0.981881 0.533
-0.981881 0.534
-0.981881 0.535
-0.981881 0.536
-0.981881 0.537
-0.981881 0.538
-0.981881 0.539
-0.981881 0.54
-0.981881 0.541
-0.981881 0.542
-0.981881 0.543
-0.981881 0.544
-0.981881 0.545
-0.981881 0.546
-0.981881 0.547
-0.981881 0.548
-0.981881 0.549
-0.981881 0.55
-0.981881 0.551
-0.981881 0.552
-0.981881 0.553
-0.981881 0.554
-0.981881 0.555
-0.981881 0.556
-0.981881 0.557
-0.981881 0.558
-0.981881 0.559
-0.981881 0.56
-0.981881 0.561
-0.981881 0.562
-0.981881 0.563
-0.981881 0.564
-0.981881 0.565
-0.981881 0.566
-0.981881 0.567
-0.981881 0.568
-0.981881 0.569
-0.981881 0.57
-0.981881 0.571
-0.981881 0.572
-0.981881 0.573
-0.981881 0.574
-0.981881 0.575
-0.981881 0.576
-0.981881 0.577
-0.981881 0.578
-0.981881 0.579
-0.981881 0.58
-0.981881 0.581
-0.981881 0.582
-0.981881 0.583
-0.981881 0.584
-0.981881 0.585
-0.981881 0.586
-0.981881 0.587
-0.981881 0.588
-0.981881 0.589
-0.981881 0.59
-0.981881 0.591
-0.981881 0.592
-0.981881 0.593
-0.981881 0.594
-0.981881 0.595
-0.981881 0.596
-0.981881 0.597
-0.981881 0.598
-0.981881 0.599
-0.981881 0.6
-0.981881 0.601
-0.981881 0.602
-0.981881 0.603
-0.981881 0.604
-0.981881 0.605
-0.981881 0.606
-0.981881 0.607
-0.981881 0.608
-0.981881 0.609
-0.981881 0.61
-0.981881 0.611
-0.981881 0.612
-0.981881 0.613
-0.981881 0.614
-0.981881 0.615
-0.981881 0.616
-0.981881 0.617
-0.981881 0.618
-0.981881 0.619
-0.981881 0.62
-0.981881 0.621
-0.981881 0.622
-0.981881 0.623
-0.981881 0.624
-0.981881 0.625
-0.981881 0.626
-0.981881 0.627
-0.981881 0.628
-0.981881 0.629
-0.981881 0.63
-0.981881 0.631
-0.981881 0.632
-0.981881 0.633
-0.981881 0.634
-0.981881 0.635
-0.981881 0.636
-0.981881 0.637
-0.981881 0.638
-0.981881 0.639
-0.981881 0.64
-0.981881 0.641
-0.981881 0.642
-0.981881 0.643
-0.981881 0.644
-0.981881 0.645
-0.981881 0.646
-0.981881 0.647
-0.981881 0.648
-0.981881 0.649
-0.981881 0.65
-0.981881 0.651
-0.981881 0.652
-0.981881 0.653
-0.981881 0.654
-0.981881 0.655
-0.981881 0.656
-0.981881 0.657
-0.981881 0.658
-0.981881 0.659
-0.981881 0.66
-0.981881 0.661
-0.981881 0.662
-0.981881 0.663
-0.981881 0.664
-0.981881 0.665
-0.981881 0.666
-0.981881 0.667
-0.981881 0.668
-0.981881 0.669
-0.981881 0.67
-0.981881 0.671
-0.981881 0.672
-0.981881 0.673
-0.981881 0.674
-0.981881 0.675
-0.981881 0.676
-0.981881 0.677
-0.981881 0.678
-0.981881 0.679
-0.981881 0.68
-0.981881 0.681
-0.981881 0.682
-0.981881 0.683
-0.981881 0.684
-0.981881 0.685
-0.981881 0.686
-0.981881 0.687
-0.981881 0.688
-0.981881 0.689
-0.981881 0.69
-0.981881 0.691
-0.981881 0.692
-0.981881 0.693
-0.981881 0.694
-0.981881 0.695
-0.981881 0.696
-0.981881 0.697
-0.981881 0.698
-0.981881 0.699
-0.981881 0.7
-0.981881 0.701
-0.981881 0.702
-0.981881 0.703
-0.981881 0.704
-0.981881 0.705
-0.981881 0.706
-0.981881 0.707
-0.981881 0.708
-0.981881 0.709
-0.981881 0.71
-0.981881 0.711
-0.981881 0.712
-0.981881 0.713
-0.981881 0.714
-0.981881 0.715
-0.981881 0.716
-0.981881 0.717
-0.981881 0.718
-0.981881 0.719
-0.981881 0.72
-0.981881 0.721
-0.981881 0.722
-0.981881 0.723
-0.981881 0.724
-0.981881 0.725
-0.981881 0.726
-0.981881 0.727
-0.981881 0.728
-0.981881 0.729
-0.981881 0.73
-0.981881 0.731
-0.981881 0.732
-0.981881 0.733
-0.981881 0.734
-0.981881 0.735
-0.981881 0.736
-0.981881 0.737
-0.981881 0.738
-0.981881 0.739
-0.981881 0.74
-0.981881 0.741
-0.981881 0.742
-0.981881 0.743
-0.981881 0.744
-0.981881 0.745
-0.981881 0.746
-0.981881 0.747
-0.981881 0.748
-0.981881 0.749
-0.981881 0.75
-0.981881 0.751
-0.981881 0.752
-0.981881 0.753
-0.981881 0.754
-0.981881 0.755
-0.981881 0.756
-0.981881 0.757
-0.981881 0.758
-0.981881 0.759
-0.981881 0.76
-0.981881 0.761
-0.981881 0.762
-0.981881 0.763
-0.981881 0.764
-0.981881 0.765
-0.981881 0.766
-0.981881 0.767
-0.981881 0.768
-0.981881 0.769
-0.981881 0.77
-0.981881 0.771
-0.981881 0.772
-0.981881 0.773
-0.981881 0.774
-0.981881 0.775
-0.981881 0.776
-0.981881 0.777
-0.981881 0.778
-0.981881 0.779
-0.981881 0.78
-0.981881 0.781
-0.981881 0.782
-0.981881 0.783
-0.981881 0.784
-0.981881 0.785
-0.981881 0.786
-0.981881 0.787
-0.981881 0.788
-0.981881 0.789
-0.981881 0.79
-0.981881 0.791
-0.981881 0.792
-0.981881 0.793
-0.981881 0.794
-0.981881 0.795
-0.981881 0.796
-0.981881 0.797
-0.981881 0.798
-0.981881 0.799
-0.981881 0.8
-0.981881 0.801
-0.981881 0.802
-0.981881 0.803
-0.981881 0.804
-0.981881 0.805
-0.981881 0.806
-0.981881 0.807
-0.981881 0.808
-0.981881 0.809
-0.981881 0.81
-0.981881 0.811
-0.981881 0.812
-0.981881 0.813
-0.981881 0.814
-0.981881 0.815
-0.981881 0.816
-0.981881 0.817
-0.981881 0.818
-0.981881 0.819
-0.981881 0.82
-0.981881 0.821
-0.981881 0.822
-0.981881 0.823
-0.981881 0.824
-0.981881 0.825
-0.981881 0.826
-0.981881 0.827
-0.981881 0.828
-0.981881 0.829
-0.981881 0.83
-0.981881 0.831
-0.981881 0.832
-0.981881 0.833
-0.981881 0.834
-0.981881 0.835
-0.981881 0.836
-0.981881 0.837
-0.981881 0.838
-0.981881 0.839
-0.981881 0.84
-0.981881 0.841
-0.981881 0.842
-0.981881 0.843
-0.981881 0.844
-0.981881 0.845
-0.981881 0.846
-0.981881 0.847
-0.981881 0.848
-0.981881 0.849
-0.981881 0.85
-0.981881 0.851
-0.981881 0.852
-0.981881 0.853
-0.981881 0.854
-0.981881 0.855
-0.981881 0.856
-0.981881 0.857
-0.981881 0.858
-0.981881 0.859
-0.981881 0.86
-0.981881 0.861
-0.981881 0.862
-0.981881 0.863
-0.981881 0.864
-0.981881 0.865
-0.981881 0.866
-0.981881 0.867
-0.981881 0.868
-0.981881 0.869
-0.981881 0.87
-0.981881 0.871
-0.981881 0.872
-0.981881 0.873
-0.981881 0.874
-0.981881 0.875
-0.981881 0.876
-0.981881 0.877
-0.981881 0.878
-0.981881 0.879
-0.981881 0.88
-0.981881 0.881
-0.981881 0.882
-0.981881 0.883
-0.981881 0.884
-0.981881 0.885
-0.981881 0.886
-0.981881 0.887
-0.981881 0.888
-0.981881 0.889
-0.981881 0.89
-0.981881 0.891
-0.981881 0.892
-0.981881 0.893
-0.981881 0.894
-0.981881 0.895
-0.981881 0.896
-0.981881 0.897
-0.981881 0.898
-0.981881 0.899
-0.981881 0.9
-0.981881 0.901
-0.981881 0.902
-0.981881 0.903
-0.981881 0.904
-0.981881 0.905
-0.981881 0.906
-0.981881 0.907
-0.981881 0.908
-0.981881 0.909
-0.981881 0.91
-0.981881 0.911
-0.981881 0.912
-0.981881 0.913
-0.981881 0.914
-0.981881 0.915
-0.981881 0.916
-0.981881 0.917
-0.981881 0.918
-0.981881 0.919
-0.981881 0.92
-0.981881 0.921
-0.981881 0.922
-0.981881 0.923
-0.981881 0.924
-0.981881 0.925
-0.981881 0.926
-0.981881 0.927
-0.981881 0.928
-0.981881 0.929
-0.981881 0.93
-0.981881 0.931
-0.981881 0.932
-0.981881 0.933
-0.981881 0.934
-0.981881 0.935
-0.981881 0.936
-0.981881 0.937
-0.981881 0.938
-0.981881 0.939
-0.981881 0.94
-0.981881 0.941
-0.981881 0.942
-0.981881 0.943
-0.981881 0.944
-0.981881 0.945
-0.981881 0.946
-0.981881 0.947
-0.981881 0.948
-0.981881 0.949
-0.981881 0.95
-0.981881 0.951
-0.981881 0.952
-0.981881 0.953
-0.981881 0.954
-0.981881 0.955
-0.981881 0.956
-0.981881 0.957
-0.981881 0.958
-0.981881 0.959
-0.981881 0.96
-0.981881 0.961
-0.981881 0.962
-0.981881 0.963
-0.981881 0.964
-0.981881 0.965
-0.981881 0.966
-0.981881 0.967
-0.981881 0.968
-0.981881 0.969
-0.981881 0.97
-0.981881 0.971
-0.981881 0.972
-0.981881 0.973
-0.981881 0.974
-0.981881 0.975
-0.981881 0.976
-0.981881 0.977
-0.981881 0.978
-0.981881 0.979
-0.981881 0.98
-0.981881 0.981
-0.981881 0.982
-0.981881 0.983
-0.981881 0.984
-0.981881 0.985
-0.981881 0.986
-0.981881 0.987
-0.981881 0.988
-0.981881 0.989
-0.981881 0.99
-0.981881 0.991
-0.981881 0.992
-0.981881 0.993
-0.981881 0.994
-0.981881 0.995
-0.981881 0.996
-0.981881 0.997
-0.981881 0.998
-0.981881 0.999
-0.980881 1


Shark
3.14159 1.5
3.13759 1.4995
3.13359 1.499
3.12959 1.4985
3.12559 1.498
3.12159 1.4975
3.11759 1.497
3.11359 1.4965
3.10959 1.496
3.10559 1.4955
3.10159 1.495
3.09759 1.4945
3.09359 1.494
3.08959 1.4935
3.08559 1.493
3.08159 1.4925
3.07759 1.492
3.07359 1.4915
3.06959 1.491
3.06559 1.4905
3.06159 1.49
3.05759 1.4895
3.05359 1.489
3.04959 1.4885
3.04559 1.488
3.04159 1.4875
3.03759 1.487
3.03359 1.4865
3.02959 1.486
3.02559 1.4855
3.02159 1.485
3.01759 1.4845
3.01359 1.484
3.00959 1.4835
3.00559 1.483
3.00159 1.4825
2.99759 1.482
2.99359 1.4815
2.98959 1.481
2.98559 1.4805
2.98159 1.48
2.97759 1.4795
2.97359 1.479
2.96959 1.4785
2.96559 1.478
2.96159 1.4775
2.95759 1.477
2.95359 1.4765
2.94959 1.476
2.94559 1.4755
2.94159 1.475
2.93759 1.4745
2.93359 1.474
2.92959 1.4735
2.92559 1.473
2.92159 1.4725
2.91759 1.472
2.91359 1.4715
2.90959 1.471
2.90559 1.4705
2.8495 1.47
2.8455 1.4695
2.8415 1.469
2.8375 1.4685
2.8335 1.468
2.8295 1.4675
2.8255 1.467
2.8215 1.4665
2.8175 1.466
2.8135 1.4655
2.8095 1.465
2.8055 1.4645
2.8015 1.464
2.7975 1.4635
2.7935 1.463
2.7895 1.4625
2.7855 1.462
2.7815 1.4615
2.7775 1.461
2.7735 1.4605
2.7695 1.46
2.7655 1.4595
2.7615 1.459
2.7575 1.4585
2.7535 1.458
2.7495 1.4575
2.7455 1.457
2.7415 1.4565
2.7375 1.456
2.7335 1.4555
2.7295 1.455
2.7255 1.4545
2.7215 1.454
2.7175 1.4535
2.7135 1.453
2.7095 1.4525
2.7055 1.452
2.7015 1.4515
2.6975 1.451
2.6935 1.4505
2.6895 1.45
2.6855 1.4495
2.6815 1.449
2.6775 1.4485
2.6735 1.448
2.6695 1.4475
2.57022 1.447
2.53985 1.4465
2.53585 1.446
2.53185 1.4455
2.52785 1.445
2.49636 1.4445
2.49236 1.444
2.48836 1.4435
2.48436 1.443
2.48036 1.4425
2.47636 1.442
2.47236 1.4415
2.46836 1.441
2.46436 1.4405
2.46036 1.44
2.45636 1.4395
2.42178 1.439
2.41778 1.4385
2.41378 1.438
2.40978 1.4375
2.40578 1.437
2.40178 1.4365
2.39778 1.436
2.39378 1.4355
2.38978 1.435
2.38578 1.4345
2.3484 1.434
2.3444 1.4335
2.3404 1.433
2.3364 1.4325
2.3324 1.432
2.3284 1.4315
2.3244 1.431
2.3204 1.4305
2.3164 1.43
2.29536 1.4295
2.28271 1.429
2.26997 1.4285
2.25716 1.428
2.24427 1.4275
2.24027 1.427
2.23627 1.4265
2.22313 1.426
2.21763 1.4255
2.21363 1.425
2.20384 1.4245
2.19829 1.424
2.19271 1.4235
2.18712 1.423
2.18151 1.4225
2.17589 1.422
2.17024 1.4215
2.16458 1.421
2.1589 1.4205
2.1532 1.42
2.14748 1.4195
2.14175 1.419
2.136 1.4185
2.13022 1.418
2.12443 1.4175
2.11863 1.417
2.1128 1.4165
2.10695 1.416
2.10109 1.4155
2.09521 1.415
2.08931 1.4145
2.08339 1.414
2.07745 1.4135
2.08341 1.413
2.07743 1.4125
2.08342 1.412
2.07741 1.4115
2.08344 1.411
2.07739 1.4105
2.08346 1.41
2.07737 1.4095
2.08348 1.409
2.07735 1.4085
2.0835 1.408
2.07733 1.4075
2.08352 1.407
2.07731 1.4065
2.08354 1.406
2.07729 1.4055
2.07103 1.405
2.07731 1.4045
2.08362 1.404
2.07729 1.4035
2.07096 1.403
2.07732 1.4025
2.0837 1.402
2.09011 1.4015
2.09653 1.401
2.10297 1.4005
2.10944 1.4
2.11592 1.3995
2.12242 1.399
2.12895 1.3985
2.13549 1.398
2.14205 1.3975
2.14864 1.397
2.15524 1.3965
2.16179 1.396
2.1683 1.3955
2.1723 1.395
2.1763 1.3945
2.1803 1.394
2.1843 1.3935
2.1883 1.393
2.1923 1.3925
2.1963 1.392
2.2003 1.3915
2.2043 1.391
2.2083 1.3905
2.2123 1.39
2.2163 1.3895
2.2203 1.389
2.2243 1.3885
2.2283 1.388
2.2323 1.3875
2.2363 1.387
2.2403 1.3865
2.2443 1.386
2.2483 1.3855
2.2523 1.385
2.2563 1.3845
2.2603 1.384
2.2643 1.3835
2.2683 1.383
2.2723 1.3825
2.2763 1.382
2.2803 1.3815
2.2843 1.381
2.2883 1.3805
2.2923 1.38
2.2963 1.3795
2.3003 1.379
2.3043 1.3785
2.3083 1.378
2.3123 1.3775
2.3163 1.377
2.3203 1.3765
2.3243 1.376
2.3283 1.3755
2.3323 1.375
2.3363 1.3745
2.3403 1.374
2.3443 1.3735
2.3483 1.373
2.3523 1.3725
2.3563 1.372
2.3603 1.3715
2.3643 1.371
2.3683 1.3705
2.3723 1.37
2.3763 1.3695
2.3803 1.369
2.3843 1.3685
2.3883 1.368
2.3923 1.3675
2.3963 1.367
2.4003 1.3665
2.4043 1.366
2.4083 1.3655
2.4123 1.365
2.4163 1.3645
2.4203 1.364
2.4243 1.3635
2.4283 1.363
2.4323 1.3625
2.4363 1.362
2.4403 1.3615
2.4443 1.361
2.4483 1.3605
2.4523 1.36
2.4563 1.3595
2.4603 1.359
2.4643 1.3585
2.4683 1.358
2.4723 1.3575
2.4763 1.357
2.4803 1.3565
2.4843 1.356
2.4883 1.3555
2.4923 1.355
2.4963 1.3545
2.5003 1.354
2.5043 1.3535
2.5083 1.353
2.5123 1.3525
2.5163 1.352
2.5203 1.3515
2.5243 1.351
2.5283 1.3505
2.5323 1.35
2.5363 1.3495
2.5403 1.349
2.5443 1.3485
2.5483 1.348
2.5523 1.3475
2.5563 1.347
2.5603 1.3465
2.5643 1.346
2.5683 1.3455
2.5723 1.345
2.5763 1.3445
2.5803 1.344
2.5843 1.3435
2.5883 1.343
2.5923 1.3425
2.5963 1.342
2.6003 1.3415
2.6043 1.341
2.6083 1.3405
2.6123 1.34
2.6163 1.3395
2.6203 1.339
2.6243 1.3385
2.6283 1.338
2.6323 1.3375
2.6363 1.337
2.6403 1.3365
2.6443 1.336
2.6483 1.3355
2.6523 1.335
2.6563 1.3345
2.6603 1.334
2.6643 1.3335
2.6683 1.333
2.6723 1.3325
2.6763 1.332
2.6803 1.3315
2.6843 1.331
2.6883 1.3305
2.6923 1.33
2.6963 1.3295
2.7003 1.329
2.7043 1.3285
2.7083 1.328
2.7123 1.3275
2.7163 1.327
2.7203 1.3265
2.7243 1.326
2.7283 1.3255
2.7323 1.325
2.7363 1.3245
2.7403 1.324
2.7443 1.3235
2.7483 1.323
2.7523 1.3225
2.7563 1.322
2.7603 1.3215
2.7643 1.321
2.7683 1.3205
2.7723 1.32
2.7763 1.3195
2.7803 1.319
2.7843 1.3185
2.7883 1.318
2.7923 1.3175
2.7963 1.317
2.8003 1.3165
2.8043 1.316
2.8083 1.3155
2.8123 1.315
2.8163 1.3145
2.8203 1.314
2.8243 1.3135
2.8283 1.313
2.8323 1.3125
2.8363 1.312
2.8403 1.3115
2.8443 1.311
2.8483 1.3105
2.8523 1.31
2.8563 1.3095
2.8603 1.309
2.8643 1.3085
2.8683 1.308
2.8723 1.3075
2.8763 1.307
2.8803 1.3065
2.8843 1.306
2.8883 1.3055
2.8923 1.305
2.8963 1.3045
2.9003 1.304
2.9043 1.3035
2.9083 1.303
2.9123 1.3025
2.9163 1.302
2.9203 1.3015
2.9243 1.301
2.9283 1.3005
2.9323 1.3
2.9363 1.2995
2.9403 1.299
2.9443 1.2985
2.9483 1.298
2.9523 1.2975
2.9563 1.297
2.9603 1.2965
2.9643 1.296
2.9683 1.2955
2.9723 1.295
2.9763 1.2945
2.9803 1.294
2.9843 1.2935
2.9883 1.293
2.9923 1.2925
2.9963 1.292
3.0003 1.2915
3.0043 1.291
3.0083 1.2905
3.0123 1.29
3.0163 1.2895
3.0203 1.289
3.0243 1.2885
3.0283 1.288
3.0323 1.2875
3.0363 1.287
3.0403 1.2865
3.0443 1.286
3.0483 1.2855
3.0523 1.285
3.0563 1.2845
3.0603 1.284
3.0643 1.2835
3.0683 1.283
3.0723 1.2825
3.0763 1.282
3.0803 1.2815
3.0843 1.281
3.0883 1.2805
3.0923 1.28
3.0963 1.2795
3.1003 1.279
3.1043 1.2785
3.1083 1.278
3.1123 1.2775
3.1163 1.277
3.1203 1.2765
3.1243 1.276
3.1283 1.2755
3.1323 1.275
3.1363 1.2745
3.1403 1.274
3.1443 1.2735
3.1483 1.273
3.1523 1.2725
3.1563 1.272
3.1603 1.2715
3.1643 1.271
3.1683 1.2705
3.1723 1.27
3.1763 1.2695
3.1803 1.269
3.1843 1.2685
3.1883 1.268
3.1923 1.2675
3.1963 1.267
3.2003 1.2665
3.2043 1.266
3.2083 1.2655
3.2123 1.265
3.2163 1.2645
3.2203 1.264
3.2243 1.2635
3.2283 1.263
3.2323 1.2625
3.2363 1.262
3.2403 1.2615
3.2443 1.261
3.2483 1.2605
3.2523 1.26
3.2563 1.2595
3.2603 1.259
3.2643 1.2585
3.2683 1.258
3.2723 1.2575
3.2763 1.257
3.2803 1.2565
3.2843 1.256
3.2883 1.2555
3.2923 1.255
3.2963 1.2545
3.3003 1.254
3.3043 1.2535
3.3083 1.253
3.3123 1.2525
3.3163 1.252
3.3203 1.2515
3.3243 1.251
3.3283 1.2505
3.3323 1.25
3.3363 1.2495
3.3403 1.249
3.3443 1.2485
3.3483 1.248
3.3523 1.2475
3.3563 1.247
3.3603 1.2465
3.3643 1.246
3.3683 1.2455
3.3723 1.245
3.3763 1.2445
3.3803 1.244
3.3843 1.2435
3.3883 1.243
3.3923 1.2425
3.3963 1.242
3.4003 1.2415
3.4043 1.241
3.4083 1.2405
3.4123 1.24
3.4163 1.2395
3.4203 1.239
3.4243 1.2385
3.4283 1.238
3.4323 1.2375
3.4363 1.237
3.4403 1.2365
3.4443 1.236
3.4483 1.2355
3.4523 1.235
3.4563 1.2345
3.4603 1.234
3.4643 1.2335
3.4683 1.233
3.4723 1.2325
3.4763 1.232
3.4803 1.2315
3.4843 1.231
3.4883 1.2305
3.4923 1.23
3.4963 1.2295
3.5003 1.229
3.5043 1.2285
3.5083 1.228
3.5123 1.2275
3.5163 1.227
3.5203 1.2265
3.5243 1.226
3.5283 1.2255
3.5323 1.225
3.5363 1.2245
3.5403 1.224
3.5443 1.2235
3.5483 1.223
3.5523 1.2225
3.5563 1.222
3.5603 1.2215
3.5643 1.221
3.5683 1.2205
3.5723 1.22
3.5763 1.2195
3.5803 1.219
3.5843 1.2185
3.5883 1.218
3.5923 1.2175
3.5963 1.217
3.6003 1.2165
3.6043 1.216
3.6083 1.2155
3.6123 1.215
3.6163 1.2145
3.6203 1.214
3.6243 1.2135
3.6283 1.213
3.6323 1.2125
3.6363 1.212
3.6403 1.2115
3.6443 1.211
3.6483 1.2105
3.6523 1.21
3.6563 1.2095
3.6603 1.209
3.6643 1.2085
3.6683 1.208
3.6723 1.2075
3.6763 1.207
3.6803 1.2065
3.6843 1.206
3.6883 1.2055
3.6923 1.205
3.6963 1.2045
3.7003 1.204
3.7043 1.2035
3.7083 1.203
3.7123 1.2025
3.7163 1.202
3.7203 1.2015
3.7243 1.201
3.7283 1.2005
3.7323 1.2
3.7363 1.1995
3.7403 1.199
3.7443 1.1985
3.7483 1.198
3.7523 1.1975
3.7563 1.197
3.7603 1.1965
3.7643 1.196
3.7683 1.1955
3.7723 1.195
3.7763 1.1945
3.7803 1.194
3.7843 1.1935
3.7883 1.193
3.7923 1.1925
3.7963 1.192
3.8003 1.1915
3.8043 1.191
3.8083 1.1905
3.8123 1.19
3.8163 1.1895
3.8203 1.189
3.8243 1.1885
3.8283 1.188
3.8323 1.1875
3.8363 1.187
3.8403 1.1865
3.8443 1.186
3.8483 1.1855
3.8523 1.185
3.8563 1.1845
3.8603 1.184
3.8643 1.1835
3.8683 1.183
3.8723 1.1825
3.8763 1.182
3.8803 1.1815
3.8843 1.181
3.8883 1.1805
3.8923 1.18
3.8963 1.1795
3.9003 1.179
3.9043 1.1785
3.9083 1.178
3.9123 1.1775
3.9163 1.177
3.9203 1.1765
3.9243 1.176
3.9283 1.1755
3.9323 1.175
3.9363 1.1745
3.9403 1.174
3.9443 1.1735
3.9483 1.173
3.9523 1.1725
3.9563 1.172
3.9603 1.1715
3.9643 1.171
3.9683 1.1705
3.9723 1.17
3.9763 1.1695
3.9803 1.169
3.9843 1.1685
3.9883 1.168
3.9923 1.1675
3.9963 1.167
4.0003 1.1665
4.0043 1.166
4.0083 1.1655
4.0123 1.165
4.0163 1.1645
4.0203 1.164
4.0243 1.1635
4.0283 1.163
4.0323 1.1625
4.0363 1.162
4.0403 1.1615
4.0443 1.161
4.0483 1.1605
4.0523 1.16
4.0563 1.1595
4.0603 1.159
4.0643 1.1585
4.0683 1.158
4.0723 1.1575
4.0763 1.157
4.0803 1.1565
4.0843 1.156
4.0883 1.1555
4.0923 1.155
4.0963 1.1545
4.1003 1.154
4.1043 1.1535
4.1083 1.153
4.1123 1.1525
4.1163 1.152
4.1203 1.1515
4.1243 1.151
4.1283 1.1505
4.1323 1.15
4.1363 1.1495
4.1403 1.149
4.1443 1.1485
4.1483 1.148
4.1523 1.1475
4.1563 1.147
4.1603 1.1465
4.1643 1.146
4.1683 1.1455
4.1723 1.145
4.1763 1.1445
4.1803 1.144
4.1843 1.1435
4.1883 1.143
4.1923 1.1425
4.1963 1.142
4.2003 1.1415
4.2043 1.141
4.2083 1.1405
4.2123 1.14
4.2163 1.1395
4.2203 1.139
4.2243 1.1385
4.2283 1.138
4.2323 1.1375
4.2363 1.137
4.2403 1.1365
4.2443 1.136
4.2483 1.1355
4.2523 1.135
4.2563 1.1345
4.2603 1.134
4.2643 1.1335
4.2683 1.133
4.2723 1.1325
4.2763 1.132
4.2803 1.1315
4.2843 1.131
4.2883 1.1305
4.2923 1.13
4.2963 1.1295
4.3003 1.129
4.3043 1.1285
4.3083 1.128
4.3123 1.1275
4.3163 1.127
4.3203 1.1265
4.3243 1.126
4.3283 1.1255
4.3323 1.125
4.3363 1.1245
4.3403 1.124
4.3443 1.1235
4.3483 1.123
4.3523 1.1225
4.3563 1.122
4.3603 1.1215
4.3643 1.121
4.3683 1.1205
4.3723 1.12
4.3763 1.1195
4.3803 1.119
4.3843 1.1185
4.3883 1.118
4.3923 1.1175
4.3963 1.117
4.4003 1.1165
4.4043 1.116
4.4083 1.1155
4.4123 1.115
4.4163 1.1145
4.4203 1.114
4.4243 1.1135
4.4283 1.113
4.4323 1.1125
4.4363 1.112
4.4403 1.1115
4.4443 1.111
4.4483 1.1105
4.4523 1.11
4.4563 1.1095
4.4603 1.109
4.4643 1.1085
4.4683 1.108
4.4723 1.1075
4.4763 1.107
4.4803 1.1065
4.4843 1.106
4.4883 1.1055
4.4923 1.105
4.4963 1.1045
4.5003 1.104
4.5043 1.1035
4.5083 1.103
4.5123 1.1025
4.5163 1.102
4.5203 1.1015
4.5243 1.101
4.5283 1.1005
4.5323 1.1
4.5363 1.0995
4.5403 1.099
4.5443 1.0985
4.5483 1.098
4.5523 1.0975
4.5563 1.097
4.5603 1.0965
4.5643 1.096
4.5683 1.0955
4.5723 1.095
4.5763 1.0945
4.5803 1.094
4.5843 1.0935
4.5883 1.093
4.5923 1.0925
4.5963 1.092
4.6003 1.0915
4.6043 1.091
4.6083 1.0905
4.6123 1.09
4.6163 1.0895
4.6203 1.089
4.6243 1.0885
4.6283 1.088
4.6323 1.0875
4.6363 1.087
4.6403 1.0865
4.6443 1.086
4.6483 1.0855
4.6523 1.085
4.6563 1.0845
4.6603 1.084
4.6643 1.0835
4.6683 1.083
4.6723 1.0825
4.6763 1.082
4.6803 1.0815
4.6843 1.081
4.6883 1.0805
4.6923 1.08
4.6963 1.0795
4.7003 1.079
4.7043 1.0785
4.7083 1.078
4.7123 1.0775
4.7163 1.077
4.7203 1.0765
4.7243 1.076
4.7283 1.0755
4.7323 1.075
4.7363 1.0745
4.7403 1.074
4.7443 1.0735
4.7483 1.073
4.7523 1.0725
4.7563 1.072
4.7603 1.0715
4.7643 1.071
4.7683 1.0705
4.7723 1.07
4.7763 1.0695
4.7803 1.069
4.7843 1.0685
4.7883 1.068
4.7923 1.0675
4.7963 1.067
4.8003 1.0665
4.8043 1.066
4.8083 1.0655
4.8123 1.065
4.8163 1.0645
4.8203 1.064
4.8243 1.0635
4.8283 1.063
4.8323 1.0625
4.8363 1.062
4.8403 1.0615
4.8443 1.061
4.8483 1.0605
4.8523 1.06
4.8563 1.0595
4.8603 1.059
4.8643 1.0585
4.8683 1.058
4.8723 1.0575
4.8763 1.057
4.8803 1.0565
4.8843 1.056
4.8883 1.0555
4.8923 1.055
4.8963 1.0545
4.9003 1.054
4.9043 1.0535
4.9083 1.053
4.9123 1.0525
4.9163 1.052
4.9203 1.0515
4.9243 1.051
4.9283 1.0505
4.9323 1.05
4.9363 1.0495
4.9403 1.049
4.9443 1.0485
4.9483 1.048
4.9523 1.0475
4.9563 1.047
4.9603 1.0465
4.9643 1.046
4.9683 1.0455
4.9723 1.045
4.9763 1.0445
4.9803 1.044
4.9843 1.0435
4.9883 1.043
4.9923 1.0425
4.9963 1.042
5.0003 1.0415
5.0043 1.041
5.0083 1.0405
5.0123 1.04
5.0163 1.0395
5.0203 1.039
5.0243 1.0385
5.0283 1.038
5.0323 1.0375
5.0363 1.037
5.0403 1.0365
5.0443 1.036
5.0483 1.0355
5.0523 1.035
5.0563 1.0345
5.0603 1.034
5.0643 1.0335
5.0683 1.033
5.0723 1.0325
5.0763 1.032
5.0803 1.0315
5.0843 1.031
5.0883 1.0305
5.0923 1.03
5.0963 1.0295
5.1003 1.029
5.1043 1.0285
5.1083 1.028
5.1123 1.0275
5.1163 1.027
5.1203 1.0265
5.1243 1.026
5.1283 1.0255
5.1323 1.025
5.1363 1.0245
5.1403 1.024
5.1443 1.0235
5.1483 1.023
5.1523 1.0225
5.1563 1.022
5.1603 1.0215
5.1643 1.021
5.1683 1.0205
5.1723 1.02
5.1763 1.0195
5.1803 1.019
5.1843 1.0185
5.1883 1.018
5.1923 1.0175
5.1963 1.017
5.2003 1.0165
5.2043 1.016
5.2083 1.0155
5.2123 1.015
5.2163 1.0145
5.2203 1.014
5.2243 1.0135
5.2283 1.013
5.2323 1.0125
5.2363 1.012
5.2403 1.0115
5.2443 1.011
5.2483 1.0105
5.2523 1.01
5.2563 1.0095
5.2603 1.009
5.2643 1.0085
5.2683 1.008
5.2723 1.0075
5.2763 1.007
5.2803 1.0065
5.2843 1.006
5.2883 1.0055
5.2923 1.005
5.2963 1.0045
5.3003 1.004
5.3013 1.0035
5.3013 1.003
5.3013 1.0025
5.3013 1.002
5.3013 1.0015
5.3013 1.001
5.3013 1.0005
5.3023 1
