Man
0 0
0 0.001
0 0.002
0 0.003
0 0.004
0 0.005
0 0.006
0 0.007
0 0.008
0 0.009
0 0.01
0 0.011
0 0.012
0 0.013
0 0.014
0 0.015
0 0.016
0 0.017
0 0.018
0 0.019
0 0.02
0 0.021
0 0.022
0 0.023
0 0.024
0 0.025
0 0.026
0 0.027
0 0.028
0 0.029
0 0.03
0 0.031
0 0.032
0 0.033
0 0.034
0 0.035
0 0.036
0 0.037
0 0.038
0 0.039
0 0.04
0 0.041
0 0.042
0 0.043
0 0.044
0 0.045
0 0.046
0 0.047
0 0.048
0 0.049
0 0.05
0 0.051
0 0.052
0 0.053
0 0.054
0 0.055
0 0.056
0 0.057
0 0.058
0 0.059
0 0.06
0 0.061
0 0.062
0 0.063
0 0.064
0 0.065
0 0.066
0 0.067
0 0.068
0 0.069
0 0.07
0 0.071
0 0.072
0 0.073
0 0.074
0 0.075
0 0.076
0 0.077
0 0.078
0 0.079
0 0.08
0 0.081
0 0.082
0 0.083
0 0.084
0 0.085
0 0.086
0 0.087
0 0.088
0 0.089
0 0.09
0 0.091
0 0.092
0 0.093
0 0.094
0 0.095
0 0.096
0 0.097
0 0.098
0 0.099
0 0.1
0 0.101
0 0.102
0 0.103
0 0.104
-0.392699 0.105
-0.392699 0.106
-0.392699 0.107
-0.392699 0.108
-0.392699 0.109
-0.392699 0.11
-0.392699 0.111
-0.392699 0.112
-0.392699 0.113
-0.392699 0.114
-0.392699 0.115
-0.589049 0.116
-0.589049 0.117
-0.589049 0.118
-0.589049 0.119
-0.490874 0.12
-0.490874 0.121
-0.490874 0.122
-0.490874 0.123
-0.490874 0.124
-0.490874 0.125
-0.490874 0.126
-0.490874 0.127
-0.490874 0.128
-0.490874 0.129
-0.490874 0.13
-0.490874 0.131
-0.490874 0.132
-0.490874 0.133
-0.490874 0.134
-0.392699 0.135
-0.441786 0.136
-0.46633 0.137
-0.46633 0.138
-0.46633 0.139
-0.46633 0.14
-0.46633 0.141
-0.46633 0.142
-0.490874 0.143
-0.515418 0.144
-0.515418 0.145
-0.515418 0.146
-0.515418 0.147
-0.490874 0.148
-0.490874 0.149
-0.490874 0.15
-0.46633 0.151
-0.46633 0.152
-0.46633 0.153
-0.490874 0.154
-0.490874 0.155
-0.490874 0.156
-0.46633 0.157
-0.478529 0.158
-0.490801 0.159
-0.490801 0.16
-0.478529 0.161
-0.478529 0.162
-0.466258 0.163
-0.466258 0.164
-0.453986 0.165
-0.453986 0.166
-0.441818 0.167
-0.441818 0.168
-0.430696 0.169
-0.430696 0.17
-0.421493 0.171
-0.415357 0.172
-0.409221 0.173
-0.403085 0.174
-0.403085 0.175
-0.403085 0.176
-0.403085 0.177
-0.403085 0.178
-0.403085 0.179
-0.403085 0.18
-0.403085 0.181
-0.403085 0.182
-0.403085 0.183
-0.403085 0.184
-0.403085 0.185
-0.403085 0.186
-0.403085 0.187
-0.403085 0.188
-0.403085 0.189
-0.403085 0.19
-0.403085 0.191
-0.403085 0.192
-0.403085 0.193
-0.403085 0.194
-0.403085 0.195
-0.403085 0.196
-0.403085 0.197
-0.403085 0.198
-0.403085 0.199
-0.403085 0.2
-0.403085 0.201
-0.403085 0.202
-0.403085 0.203
-0.403085 0.204
-0.403085 0.205
-0.403085 0.206
-0.403085 0.207
-0.403085 0.208
-0.403085 0.209
-0.403085 0.21
-0.403085 0.211
-0.403085 0.212
-0.403085 0.213
-0.403085 0.214
-0.403085 0.215
-0.403085 0.216
-0.403085 0.217
-0.403085 0.218
-0.403085 0.219
-0.403085 0.22
-0.403085 0.221
-0.403085 0.222
-0.403085 0.223
-0.403085 0.224
-0.403085 0.225
-0.403085 0.226
-0.403085 0.227
-0.403085 0.228
-0.403085 0.229
-0.403085 0.23
-0.403085 0.231
-0.403085 0.232
-0.403085 0.233
-0.403085 0.234
-0.403085 0.235
-0.403085 0.236
-0.403085 0.237
-0.403085 0.238
-0.403085 0.239
-0.403085 0.24
-0.403085 0.241
-0.403085 0.242
-0.403085 0.243
-0.403085 0.244
-0.403085 0.245
-0.403085 0.246
-0.403085 0.247
-0.403085 0.248
-0.403085 0.249
-0.403085 0.25
-0.403085 0.251
-0.403085 0.252
-0.403085 0.253
-0.403085 0.254
-0.403085 0.255
-0.403085 0.256
-0.403085 0.257
-0.403085 0.258
-0.403085 0.259
-0.403085 0.26
-0.403085 0.261
-0.403085 0.262
-0.403085 0.263
-0.403085 0.264
-0.403085 0.265
-0.403085 0.266
-0.403085 0.267
-0.403085 0.268
-0.403085 0.269
-0.403085 0.27
-0.403085 0.271
-0.403085 0.272
-0.403085 0.273
-0.403085 0.274
-0.403085 0.275
-0.403085 0.276
-0.403085 0.277
-0.403085 0.278
-0.403085 0.279
-0.403085 0.28
-0.403085 0.281
-0.403085 0.282
-0.403085 0.283
-0.403085 0.284
-0.403085 0.285
-0.403085 0.286
-0.403085 0.287
-0.403085 0.288
-0.403085 0.289
-0.403085 0.29
-0.403085 0.291
-0.403085 0.292
-0.403085 0.293
-0.403085 0.294
-0.403085 0.295
-0.403085 0.296
-0.403085 0.297
-0.403085 0.298
-0.403085 0.299
-0.403085 0.3
-0.403085 0.301
-0.403085 0.302
-0.403085 0.303
-0.403085 0.304
-0.403085 0.305
-0.403085 0.306
-0.403085 0.307
-0.403085 0.308
-0.403085 0.309
-0.403085 0.31
-0.403085 0.311
-0.403085 0.312
-0.403085 0.313
-0.403085 0.314
-0.403085 0.315
-0.403085 0.316
-0.403085 0.317
-0.403085 0.318
-0.403085 0.319
-0.403085 0.32
-0.403085 0.321
-0.403085 0.322
-0.403085 0.323
-0.403085 0.324
-0.403085 0.325
-0.403085 0.326
-0.403085 0.327
-0.403085 0.328
-0.403085 0.329
-0.403085 0.33
-0.403085 0.331
-0.403085 0.332
-0.403085 0.333
-0.403085 0.334
-0.403085 0.335
-0.403085 0.336
-0.403085 0.337
-0.403085 0.338
-0.403085 0.339
-0.403085 0.34
-0.403085 0.341
-0.403085 0.342
-0.403085 0.343
-0.403085 0.344
-0.403085 0.345
-0.403085 0.346
-0.403085 0.347
-0.403085 0.348
-0.403085 0.349
-0.403085 0.35
-0.403085 0.351
-0.403085 0.352
-0.403085 0.353
-0.403085 0.354
-0.403085 0.355
-0.403085 0.356
-0.403085 0.357
-0.403085 0.358
-0.403085 0.359
-0.403085 0.36
-0.403085 0.361
-0.403085 0.362
-0.403085 0.363
-0.403085 0.364
-0.403085 0.365
-0.403085 0.366
-0.403085 0.367
-0.403085 0.368
-0.403085 0.369
-0.403085 0.37
-0.403085 0.371
-0.403085 0.372
-0.403085 0.373
-0.403085 0.374
-0.403085 0.375
-0.403085 0.376
-0.403085 0.377
-0.403085 0.378
-0.403085 0.379
-0.403085 0.38
-0.403085 0.381
-0.403085 0.382
-0.403085 0.383
-0.403085 0.384
-0.403085 0.385
-0.403085 0.386
-0.403085 0.387
-0.403085 0.388
-0.403085 0.389
-0.403085 0.39
-0.403085 0.391
-0.403085 0.392
-0.403085 0.393
-0.403085 0.394
-0.403085 0.395
-0.403085 0.396
-0.403085 0.397
-0.403085 0.398
-0.403085 0.399
-0.403085 0.4
-0.403085 0.401
-0.403085 0.402
-0.403085 0.403
-0.403085 0.404
-0.403085 0.405
-0.403085 0.406
-0.403085 0.407
-0.403085 0.408
-0.403085 0.409
-0.403085 0.41
-0.403085 0.411
-0.403085 0.412
-0.403085 0.413
-0.403085 0.414
-0.403085 0.415
-0.403085 0.416
-0.403085 0.417
-0.403085 0.418
-0.403085 0.419
-0.403085 0.42
-0.403085 0.421
-0.403085 0.422
-0.403085 0.423
-0.403085 0.424
-0.403085 0.425
-0.403085 0.426
-0.403085 0.427
-0.403085 0.428
-0.403085 0.429
-0.403085 0.43
-0.403085 0.431
-0.403085 0.432
-0.403085 0.433
-0.403085 0.434
-0.403085 0.435
-0.403085 0.436
-0.403085 0.437
-0.403085 0.438
-0.403085 0.439
-0.403085 0.44
-0.403085 0.441
-0.403085 0.442
-0.403085 0.443
-0.403085 0.444
-0.403085 0.445
-0.403085 0.446
-0.403085 0.447
-0.403085 0.448
-0.403085 0.449
-0.403085 0.45
-0.403085 0.451
-0.403085 0.452
-0.403085 0.453
-0.403085 0.454
-0.403085 0.455
-0.403085 0.456
-0.403085 0.457
-0.403085 0.458
-0.403085 0.459
-0.403085 0.46
-0.403085 0.461
-0.403085 0.462
-0.403085 0.463
-0.403085 0.464
-0.403085 0.465
-0.403085 0.466
-0.403085 0.467
-0.403085 0.468
-0.403085 0.469
-0.403085 0.47
-0.403085 0.471
-0.403085 0.472
-0.403085 0.473
-0.403085 0.474
-0.403085 0.475
-0.403085 0.476
-0.403085 0.477
-0.403085 0.478
-0.403085 0.479
-0.403085 0.48
-0.403085 0.481
-0.403085 0.482
-0.403085 0.483
-0.403085 0.484
-0.403085 0.485
-0.403085 0.486
-0.403085 0.487
-0.403085 0.488
-0.403085 0.489
-0.403085 0.49
-0.403085 0.491
-0.403085 0.492
-0.403085 0.493
-0.403085 0.494
-0.403085 0.495
-0.403085 0.496
-0.403085 0.497
-0.403085 0.498
-0.403085 0.499
-0.403085 0.5
-0.403085 0.501
-0.403085 0.502
-0.403085 0.503
-0.403085 0.504
-0.403085 0.505
-0.403085 0.506
-0.403085 0.507
-0.403085 0.508
-0.403085 0.509
-0.403085 0.51
-0.403085 0.511
-0.403085 0.512
-0.403085 0.513
-0.403085 0.514
-0.403085 0.515
-0.403085 0.516
-0.403085 0.517
-0.403085 0.518
-0.403085 0.519
-0.403085 0.52
-0.403085 0.521
-0.403085 0.522
-0.403085 0.523
-0.403085 0.524
-0.403085 0.525
-0.403085 0.526
-0.403085 0.527
-0.403085 0.528
-0.403085 0.529
-0.403085 0.53
-0.403085 0.531
-0.403085 0.532
-0.403085 0.533
-0.403085 0.534
-0.403085 0.535
-0.403085 0.536
-0.403085 0.537
-0.403085 0.538
-0.403085 0.539
-0.403085 0.54
-0.403085 0.541
-0.403085 0.542
-0.403085 0.543
-0.403085 0.544
-0.403085 0.545
-0.403085 0.546
-0.403085 0.547
-0.403085 0.548
-0.403085 0.549
-0.403085 0.55
-0.403085 0.551
-0.403085 0.552
-0.403085 0.553
-0.403085 0.554
-0.403085 0.555
-0.403085 0.556
-0.403085 0.557
-0.403085 0.558
-0.403085 0.559
-0.403085 0.56
-0.403085 0.561
-0.403085 0.562
-0.403085 0.563
-0.403085 0.564
-0.403085 0.565
-0.403085 0.566
-0.403085 0.567
-0.403085 0.568
-0.403085 0.569
-0.403085 0.57
-0.403085 0.571
-0.403085 0.572
-0.403085 0.573
-0.403085 0.574
-0.403085 0.575
-0.403085 0.576
-0.403085 0.577
-0.403085 0.578
-0.403085 0.579
-0.403085 0.58
-0.403085 0.581
-0.403085 0.582
-0.403085 0.583
-0.403085 0.584
-0.403085 0.585
-0.403085 0.586
-0.403085 0.587
-0.403085 0.588
-0.403085 0.589
-0.403085 0.59
-0.403085 0.591
-0.403085 0.592
-0.403085 0.593
-0.403085 0.594
-0.403085 0.595
-0.403085 0.596
-0.403085 0.597
-0.403085 0.598
-0.403085 0.599
-0.403085 0.6
-0.403085 0.601
-0.403085 0.602
-0.403085 0.603
-0.403085 0.604
-0.403085 0.605
-0.403085 0.606
-0.403085 0.607
-0.403085 0.608
-0.403085 0.609
-0.403085 0.61
-0.403085 0.611
-0.403085 0.612
-0.403085 0.613
-0.403085 0.614
-0.403085 0.615
-0.403085 0.616
-0.403085 0.617
-0.403085 0.618
-0.403085 0.619
-0.403085 0.62
-0.403085 0.621
-0.403085 0.622
-0.403085 0.623
-0.403085 0.624
-0.403085 0.625
-0.403085 0.626
-0.403085 0.627
-0.403085 0.628
-0.403085 0.629
-0.403085 0.63
-0.403085 0.631
-0.403085 0.632
-0.403085 0.633
-0.403085 0.634
-0.403085 0.635
-0.403085 0.636
-0.403085 0.637
-0.403085 0.638
-0.403085 0.639
-0.403085 0.64
-0.403085 0.641
-0.403085 0.642
-0.403085 0.643
-0.403085 0.644
-0.403085 0.645
-0.403085 0.646
-0.403085 0.647
-0.403085 0.648
-0.403085 0.649
-0.403085 0.65
-0.403085 0.651
-0.403085 0.652
-0.403085 0.653
-0.403085 0.654
-0.403085 0.655
-0.403085 0.656
-0.403085 0.657
-0.403085 0.658
-0.403085 0.659
-0.403085 0.66
-0.403085 0.661
-0.403085 0.662
-0.403085 0.663
-0.403085 0.664
-0.403085 0.665
-0.403085 0.666
-0.403085 0.667
-0.403085 0.668
-0.403085 0.669
-0.403085 0.67
-0.403085 0.671
-0.403085 0.672
-0.403085 0.673
-0.403085 0.674
-0.403085 0.675
-0.403085 0.676
-0.403085 0.677
-0.403085 0.678
-0.403085 0.679
-0.403085 0.68
-0.403085 0.681
-0.403085 0.682
-0.403085 0.683
-0.403085 0.684
-0.403085 0.685
-0.403085 0.686
-0.403085 0.687
-0.403085 0.688
-0.403085 0.689
-0.403085 0.69
-0.403085 0.691
-0.403085 0.692
-0.403085 0.693
-0.403085 0.694
-0.403085 0.695
-0.403085 0.696
-0.403085 0.697
-0.403085 0.698
-0.403085 0.699
-0.403085 0.7
-0.403085 0.701
-0.403085 0.702
-0.403085 0.703
-0.403085 0.704
-0.403085 0.705
-0.403085 0.706
-0.403085 0.707
-0.403085 0.708
-0.403085 0.709
-0.403085 0.71
-0.403085 0.711
-0.403085 0.712
-0.403085 0.713
-0.403085 0.714
-0.403085 0.715
-0.403085 0.716
-0.403085 0.717
-0.403085 0.718
-0.403085 0.719
-0.403085 0.72
-0.403085 0.721
-0.403085 0.722
-0.403085 0.723
-0.403085 0.724
-0.403085 0.725
-0.403085 0.726
-0.403085 0.727
-0.403085 0.728
-0.403085 0.729
-0.403085 0.73
-0.403085 0.731
-0.403085 0.732
-0.403085 0.733
-0.403085 0.734
-0.403085 0.735
-0.403085 0.736
-0.403085 0.737
-0.403085 0.738
-0.403085 0.739
-0.403085 0.74
-0.403085 0.741
-0.403085 0.742
-0.403085 0.743
-0.403085 0.744
-0.403085 0.745
-0.403085 0.746
-0.403085 0.747
-0.403085 0.748
-0.403085 0.749
-0.403085 0.75
-0.403085 0.751
-0.403085 0.752
-0.403085 0.753
-0.403085 0.754
-0.403085 0.755
-0.403085 0.756
-0.403085 0.757
-0.403085 0.758
-0.403085 0.759
-0.403085 0.76
-0.403085 0.761
-0.403085 0.762
-0.403085 0.763
-0.403085 0.764
-0.403085 0.765
-0.403085 0.766
-0.403085 0.767
-0.403085 0.768
-0.403085 0.769
-0.403085 0.77
-0.403085 0.771
-0.403085 0.772
-0.403085 0.773
-0.403085 0.774
-0.403085 0.775
-0.403085 0.776
-0.403085 0.777
-0.403085 0.778
-0.403085 0.779
-0.403085 0.78
-0.403085 0.781
-0.403085 0.782
-0.403085 0.783
-0.403085 0.784
-0.403085 0.785
-0.403085 0.786
-0.403085 0.787
-0.403085 0.788
-0.403085 0.789
-0.403085 0.79
-0.403085 0.791
-0.403085 0.792
-0.403085 0.793
-0.403085 0.794
-0.403085 0.795
-0.403085 0.796
-0.403085 0.797
-0.403085 0.798
-0.403085 0.799
-0.403085 0.8
-0.403085 0.801
-0.403085 0.802
-0.403085 0.803
-0.403085 0.804
-0.403085 0.805
-0.403085 0.806
-0.403085 0.807
-0.403085 0.808
-0.403085 0.809
-0.403085 0.81
-0.403085 0.811
-0.403085 0.812
-0.403085 0.813
-0.403085 0.814
-0.403085 0.815
-0.403085 0.816
-0.403085 0.817
-0.403085 0.818
-0.403085 0.819
-0.403085 0.82
-0.403085 0.821
-0.403085 0.822
-0.403085 0.823
-0.403085 0.824
-0.403085 0.825
-0.403085 0.826
-0.403085 0.827
-0.403085 0.828
-0.403085 0.829
-0.403085 0.83
-0.403085 0.831
-0.403085 0.832
-0.403085 0.833
-0.403085 0.834
-0.403085 0.835
-0.403085 0.836
-0.403085 0.837
-0.403085 0.838
-0.403085 0.839
-0.403085 0.84
-0.403085 0.841
-0.403085 0.842
-0.403085 0.843
-0.403085 0.844
-0.403085 0.845
-0.403085 0.846
-0.403085 0.847
-0.403085 0.848
-0.403085 0.849
-0.403085 0.85
-0.403085 0.851
-0.403085 0.852
-0.403085 0.853
-0.403085 0.854
-0.403085 0.855
-0.403085 0.856
-0.403085 0.857
-0.403085 0.858
-0.403085 0.859
-0.403085 0.86
-0.403085 0.861
-0.403085 0.862
-0.403085 0.863
-0.403085 0.864
-0.403085 0.865
-0.403085 0.866
-0.403085 0.867
-0.403085 0.868
-0.403085 0.869
-0.403085 0.87
-0.403085 0.871
-0.403085 0.872
-0.403085 0.873
-0.403085 0.874
-0.403085 0.875
-0.403085 0.876
-0.403085 0.877
-0.403085 0.878
-0.403085 0.879
-0.403085 0.88
-0.403085 0.881
-0.403085 0.882
-0.403085 0.883
-0.403085 0.884
-0.403085 0.885
-0.403085 0.886
-0.403085 0.887
-0.403085 0.888
-0.403085 0.889
-0.403085 0.89
-0.403085 0.891
-0.403085 0.892
-0.403085 0.893
-0.403085 0.894
-0.403085 0.895
-0.403085 0.896
-0.403085 0.897
-0.403085 0.898
-0.403085 0.899
-0.403085 0.9
-0.403085 0.901
-0.403085 0.902
-0.403085 0.903
-0.403085 0.904
-0.403085 0.905
-0.403085 0.906
-0.403085 0.907
-0.403085 0.908
-0.403085 0.909
-0.403085 0.91
-0.403085 0.911
-0.403085 0.912
-0.403085 0.913
-0.403085 0.914
-0.403085 0.915
-0.403085 0.916
-0.403085 0.917
-0.403085 0.918
-0.403085 0.919
-0.403085 0.92
-0.403085 0.921
-0.403085 0.922
-0.403085 0.923
-0.403085 0.924
-0.403085 0.925
-0.403085 0.926
-0.403085 0.927
-0.403085 0.928
-0.403085 0.929
-0.403085 0.93
-0.403085 0.931
-0.403085 0.932
-0.403085 0.933
-0.403085 0.934
-0.403085 0.935
-0.403085 0.936
-0.403085 0.937
-0.403085 0.938
-0.403085 0.939
-0.403085 0.94
-0.403085 0.941
-0.403085 0.942
-0.403085 0.943
-0.403085 0.944
-0.403085 0.945
-0.403085 0.946
-0.403085 0.947
-0.403085 0.948
-0.403085 0.949
-0.403085 0.95
-0.403085 0.951
-0.403085 0.952
-0.403085 0.953
-0.403085 0.954
-0.403085 0.955
-0.403085 0.956
-0.403085 0.957
-0.403085 0.958
-0.403085 0.959
-0.403085 0.96
-0.403085 0.961
-0.403085 0.962
-0.403085 0.963
-0.403085 0.964
-0.403085 0.965
-0.403085 0.966
-0.403085 0.967
-0.403085 0.968
-0.403085 0.969
-0.403085 0.97
-0.403085 0.971
-0.403085 0.972
-0.403085 0.973
-0.403085 0.974
-0.403085 0.975
-0.403085 0.976
-0.403085 0.977
-0.403085 0.978
-0.403085 0.979
-0.403085 0.98
-0.403085 0.981
-0.403085 0.982
-0.403085 0.983
-0.403085 0.984
-0.403085 0.985
-0.403085 0.986
-0.403085 0.987
-0.403085 0.988
-0.403085 0.989
-0.403085 0.99
-0.403085 0.991
-0.403085 0.992
-0.403085 0.993
-0.403085 0.994
-0.403085 0.995
-0.403085 0.996
-0.403085 0.997
-0.403085 0.998
-0.403085 0.999
-0.402085 1


Shark
3.14159 1.5
3.13779 1.4995
3.13399 1.499
3.13019 1.4985
3.12639 1.498
3.12259 1.4975
3.11879 1.497
3.11499 1.4965
3.11119 1.496
3.10739 1.4955
3.10359 1.495
3.09979 1.4945
3.09599 1.494
3.09219 1.4935
3.08839 1.493
3.08459 1.4925
3.08079 1.492
3.07699 1.4915
3.07319 1.491
3.06939 1.4905
3.06559 1.49
3.06179 1.4895
3.05799 1.489
3.05419 1.4885
3.05039 1.488
3.04659 1.4875
3.04279 1.487
3.03899 1.4865
3.03519 1.486
3.03139 1.4855
3.02759 1.485
3.02379 1.4845
3.01999 1.484
3.01619 1.4835
3.01239 1.483
3.00859 1.4825
3.00479 1.482
3.00099 1.4815
2.99719 1.481
2.99339 1.4805
2.98959 1.48
2.98579 1.4795
2.98199 1.479
2.97819 1.4785
2.97439 1.478
2.97059 1.4775
2.96679 1.477
2.96299 1.4765
2.95919 1.476
2.95539 1.4755
2.95159 1.475
2.94779 1.4745
2.94399 1.474
2.94019 1.4735
2.93639 1.473
2.93259 1.4725
2.92879 1.472
2.92499 1.4715
2.92119 1.471
2.91739 1.4705
2.91359 1.47
2.90979 1.4695
2.90599 1.469
2.90219 1.4685
2.89839 1.468
2.89459 1.4675
2.89079 1.467
2.88699 1.4665
2.88319 1.466
2.87939 1.4655
2.87559 1.465
2.87179 1.4645
2.86799 1.464
2.86419 1.4635
2.86039 1.463
2.85659 1.4625
2.85279 1.462
2.84899 1.4615
2.84519 1.461
2.84139 1.4605
2.83759 1.46
2.83379 1.4595
2.82999 1.459
2.82619 1.4585
2.82239 1.458
2.81859 1.4575
2.81479 1.457
2.81099 1.4565
2.80719 1.456
2.80339 1.4555
2.79959 1.455
2.79579 1.4545
2.79199 1.454
2.78819 1.4535
2.78439 1.453
2.78059 1.4525
2.77679 1.452
2.77299 1.4515
2.76919 1.451
2.76539 1.4505
2.76159 1.45
2.75779 1.4495
2.75399 1.449
2.75019 1.4485
2.74639 1.448
2.59141 1.4475
2.58761 1.447
2.58381 1.4465
2.58001 1.446
2.57621 1.4455
2.57241 1.445
2.56861 1.4445
2.56481 1.444
2.56101 1.4435
2.55721 1.443
2.55341 1.4425
2.63953 1.442
2.64333 1.4415
2.64713 1.441
2.65093 1.4405
2.69565 1.44
2.69945 1.4395
2.70325 1.439
2.70705 1.4385
2.71085 1.438
2.71465 1.4375
2.71845 1.437
2.72225 1.4365
2.72605 1.436
2.72985 1.4355
2.73365 1.435
2.73745 1.4345
2.74125 1.434
2.74505 1.4335
2.74885 1.433
2.69855 1.4325
2.673 1.432
2.65971 1.4315
2.65591 1.431
2.65211 1.4305
2.64831 1.43
2.64451 1.4295
2.64071 1.429
2.62689 1.4285
2.6408 1.428
2.6446 1.4275
2.6484 1.427
2.6522 1.4265
2.66647 1.426
2.67027 1.4255
2.67407 1.425
2.65953 1.4245
2.65573 1.424
2.65193 1.4235
2.66674 1.423
2.67054 1.4225
2.67434 1.422
2.65926 1.4215
2.65103 1.421
2.65934 1.4205
2.66314 1.42
2.67154 1.4195
2.67534 1.419
2.68381 1.4185
2.68761 1.418
2.69617 1.4175
2.69997 1.417
2.70856 1.4165
2.71236 1.416
2.72043 1.4155
2.72423 1.415
2.7313 1.4145
2.73682 1.414
2.74235 1.4135
2.7479 1.413
2.7517 1.4125
2.7555 1.412
2.7593 1.4115
2.7631 1.411
2.7669 1.4105
2.7707 1.41
2.7745 1.4095
2.7783 1.409
2.7821 1.4085
2.7859 1.408
2.7897 1.4075
2.7935 1.407
2.7973 1.4065
2.8011 1.406
2.8049 1.4055
2.8087 1.405
2.8125 1.4045
2.8163 1.404
2.8201 1.4035
2.8239 1.403
2.8277 1.4025
2.8315 1.402
2.8353 1.4015
2.8391 1.401
2.8429 1.4005
2.8467 1.4
2.8505 1.3995
2.8543 1.399
2.8581 1.3985
2.8619 1.398
2.8657 1.3975
2.8695 1.397
2.8733 1.3965
2.8771 1.396
2.8809 1.3955
2.8847 1.395
2.8885 1.3945
2.8923 1.394
2.8961 1.3935
2.8999 1.393
2.9037 1.3925
2.9075 1.392
2.9113 1.3915
2.9151 1.391
2.9189 1.3905
2.9227 1.39
2.9265 1.3895
2.9303 1.389
2.9341 1.3885
2.9379 1.388
2.9417 1.3875
2.9455 1.387
2.9493 1.3865
2.9531 1.386
2.9569 1.3855
2.9607 1.385
2.9645 1.3845
2.9683 1.384
2.9721 1.3835
2.9759 1.383
2.9797 1.3825
2.9835 1.382
2.9873 1.3815
2.9911 1.381
2.9949 1.3805
2.9987 1.38
3.0025 1.3795
3.0063 1.379
3.0101 1.3785
3.0139 1.378
3.0177 1.3775
3.0215 1.377
3.0253 1.3765
3.0291 1.376
3.0329 1.3755
3.0367 1.375
3.0405 1.3745
3.0443 1.374
3.0481 1.3735
3.0519 1.373
3.0557 1.3725
3.0595 1.372
3.0633 1.3715
3.0671 1.371
3.0709 1.3705
3.0747 1.37
3.0785 1.3695
3.0823 1.369
3.0861 1.3685
3.0899 1.368
3.0937 1.3675
3.0975 1.367
3.1013 1.3665
3.1051 1.366
3.1089 1.3655
3.1127 1.365
3.1165 1.3645
3.1203 1.364
3.1241 1.3635
3.1279 1.363
3.1317 1.3625
3.1355 1.362
3.1393 1.3615
3.1431 1.361
3.1469 1.3605
3.1507 1.36
3.1545 1.3595
3.1583 1.359
3.1621 1.3585
3.1659 1.358
3.1697 1.3575
3.1735 1.357
3.1773 1.3565
3.1811 1.356
3.1849 1.3555
3.1887 1.355
3.1925 1.3545
3.1963 1.354
3.2001 1.3535
3.2039 1.353
3.2077 1.3525
3.2115 1.352
3.2153 1.3515
3.2191 1.351
3.2229 1.3505
3.2267 1.35
3.2305 1.3495
3.2343 1.349
3.2381 1.3485
3.2419 1.348
3.2457 1.3475
3.2495 1.347
3.2533 1.3465
3.2571 1.346
3.2609 1.3455
3.2647 1.345
3.2685 1.3445
3.2723 1.344
3.2761 1.3435
3.2799 1.343
3.2837 1.3425
3.2875 1.342
3.2913 1.3415
3.2951 1.341
3.2989 1.3405
3.3027 1.34
3.3065 1.3395
3.3103 1.339
3.3141 1.3385
3.3179 1.338
3.3217 1.3375
3.3255 1.337
3.3293 1.3365
3.3331 1.336
3.3369 1.3355
3.3407 1.335
3.3445 1.3345
3.3483 1.334
3.3521 1.3335
3.3559 1.333
3.3597 1.3325
3.3635 1.332
3.3673 1.3315
3.3711 1.331
3.3749 1.3305
3.3787 1.33
3.3825 1.3295
3.3863 1.329
3.3901 1.3285
3.3939 1.328
3.3977 1.3275
3.4015 1.327
3.4053 1.3265
3.4091 1.326
3.4129 1.3255
3.4167 1.325
3.4205 1.3245
3.4243 1.324
3.4281 1.3235
3.4319 1.323
3.4357 1.3225
3.4395 1.322
3.4433 1.3215
3.4471 1.321
3.4509 1.3205
3.4547 1.32
3.4585 1.3195
3.4623 1.319
3.4661 1.3185
3.4699 1.318
3.4737 1.3175
3.4775 1.317
3.4813 1.3165
3.4851 1.316
3.4889 1.3155
3.4927 1.315
3.4965 1.3145
3.5003 1.314
3.5041 1.3135
3.5079 1.313
3.5117 1.3125
3.5155 1.312
3.5193 1.3115
3.5231 1.311
3.5269 1.3105
3.5307 1.31
3.5345 1.3095
3.5383 1.309
3.5421 1.3085
3.5459 1.308
3.5497 1.3075
3.5535 1.307
3.5573 1.3065
3.5611 1.306
3.5649 1.3055
3.5687 1.305
3.5725 1.3045
3.5763 1.304
3.5801 1.3035
3.5839 1.303
3.5877 1.3025
3.5915 1.302
3.5953 1.3015
3.5991 1.301
3.6029 1.3005
3.6067 1.3
3.6105 1.2995
3.6143 1.299
3.6181 1.2985
3.6219 1.298
3.6257 1.2975
3.6295 1.297
3.6333 1.2965
3.6371 1.296
3.6409 1.2955
3.6447 1.295
3.6485 1.2945
3.6523 1.294
3.6561 1.2935
3.6599 1.293
3.6637 1.2925
3.6675 1.292
3.6713 1.2915
3.6751 1.291
3.6789 1.2905
3.6827 1.29
3.6865 1.2895
3.6903 1.289
3.6941 1.2885
3.6979 1.288
3.7017 1.2875
3.7055 1.287
3.7093 1.2865
3.7131 1.286
3.7169 1.2855
3.7207 1.285
3.7245 1.2845
3.7283 1.284
3.7321 1.2835
3.7359 1.283
3.7397 1.2825
3.7435 1.282
3.7473 1.2815
3.7511 1.281
3.7549 1.2805
3.7587 1.28
3.7625 1.2795
3.7663 1.279
3.7701 1.2785
3.7739 1.278
3.7777 1.2775
3.7815 1.277
3.7853 1.2765
3.7891 1.276
3.7929 1.2755
3.7967 1.275
3.8005 1.2745
3.8043 1.274
3.8081 1.2735
3.8119 1.273
3.8157 1.2725
3.8195 1.272
3.8233 1.2715
3.8271 1.271
3.8309 1.2705
3.8347 1.27
3.8385 1.2695
3.8423 1.269
3.8461 1.2685
3.8499 1.268
3.8537 1.2675
3.8575 1.267
3.8613 1.2665
3.8651 1.266
3.8689 1.2655
3.8727 1.265
3.8765 1.2645
3.8803 1.264
3.8841 1.2635
3.8879 1.263
3.8917 1.2625
3.8955 1.262
3.8993 1.2615
3.9031 1.261
3.9069 1.2605
3.9107 1.26
3.9145 1.2595
3.9183 1.259
3.9221 1.2585
3.9259 1.258
3.9297 1.2575
3.9335 1.257
3.9373 1.2565
3.9411 1.256
3.9449 1.2555
3.9487 1.255
3.9525 1.2545
3.9563 1.254
3.9601 1.2535
3.9639 1.253
3.9677 1.2525
3.9715 1.252
3.9753 1.2515
3.9791 1.251
3.9829 1.2505
3.9867 1.25
3.9905 1.2495
3.9943 1.249
3.9981 1.2485
4.0019 1.248
4.0057 1.2475
4.0095 1.247
4.0133 1.2465
4.0171 1.246
4.0209 1.2455
4.0247 1.245
4.0285 1.2445
4.0323 1.244
4.0361 1.2435
4.0399 1.243
4.0437 1.2425
4.0475 1.242
4.0513 1.2415
4.0551 1.241
4.0589 1.2405
4.0627 1.24
4.0665 1.2395
4.0703 1.239
4.0741 1.2385
4.0779 1.238
4.0817 1.2375
4.0855 1.237
4.0893 1.2365
4.0931 1.236
4.0969 1.2355
4.1007 1.235
4.1045 1.2345
4.1083 1.234
4.1121 1.2335
4.1159 1.233
4.1197 1.2325
4.1235 1.232
4.1273 1.2315
4.1311 1.231
4.1349 1.2305
4.1387 1.23
4.1425 1.2295
4.1463 1.229
4.1501 1.2285
4.1539 1.228
4.1577 1.2275
4.1615 1.227
4.1653 1.2265
4.1691 1.226
4.1729 1.2255
4.1767 1.225
4.1805 1.2245
4.1843 1.224
4.1881 1.2235
4.1919 1.223
4.1957 1.2225
4.1995 1.222
4.2033 1.2215
4.2071 1.221
4.2109 1.2205
4.2147 1.22
4.2185 1.2195
4.2223 1.219
4.2261 1.2185
4.2299 1.218
4.2337 1.2175
4.2375 1.217
4.2413 1.2165
4.2451 1.216
4.2489 1.2155
4.2527 1.215
4.2565 1.2145
4.2603 1.214
4.2641 1.2135
4.2679 1.213
4.2717 1.2125
4.2755 1.212
4.2793 1.2115
4.2831 1.211
4.2869 1.2105
4.2907 1.21
4.2945 1.2095
4.2983 1.209
4.3021 1.2085
4.3059 1.208
4.3097 1.2075
4.3135 1.207
4.3173 1.2065
4.3211 1.206
4.3249 1.2055
4.3287 1.205
4.3325 1.2045
4.3363 1.204
4.3401 1.2035
4.3439 1.203
4.3477 1.2025
4.3515 1.202
4.3553 1.2015
4.3591 1.201
4.3629 1.2005
4.3667 1.2
4.3705 1.1995
4.3743 1.199
4.3781 1.1985
4.3819 1.198
4.3857 1.1975
4.3895 1.197
4.3933 1.1965
4.3971 1.196
4.4009 1.1955
4.4047 1.195
4.4085 1.1945
4.4123 1.194
4.4161 1.1935
4.4199 1.193
4.4237 1.1925
4.4275 1.192
4.4313 1.1915
4.4351 1.191
4.4389 1.1905
4.4427 1.19
4.4465 1.1895
4.4503 1.189
4.4541 1.1885
4.4579 1.188
4.4617 1.1875
4.4655 1.187
4.4693 1.1865
4.4731 1.186
4.4769 1.1855
4.4807 1.185
4.4845 1.1845
4.4883 1.184
4.4921 1.1835
4.4959 1.183
4.4997 1.1825
4.5035 1.182
4.5073 1.1815
4.5111 1.181
4.5149 1.1805
4.5187 1.18
4.5225 1.1795
4.5263 1.179
4.5301 1.1785
4.5339 1.178
4.5377 1.1775
4.5415 1.177
4.5453 1.1765
4.5491 1.176
4.5529 1.1755
4.5567 1.175
4.5605 1.1745
4.5643 1.174
4.5681 1.1735
4.5719 1.173
4.5757 1.1725
4.5795 1.172
4.5833 1.1715
4.5871 1.171
4.5909 1.1705
4.5947 1.17
4.5985 1.1695
4.6023 1.169
4.6061 1.1685
4.6099 1.168
4.6137 1.1675
4.6175 1.167
4.6213 1.1665
4.6251 1.166
4.6289 1.1655
4.6327 1.165
4.6365 1.1645
4.6403 1.164
4.6441 1.1635
4.6479 1.163
4.6517 1.1625
4.6555 1.162
4.6593 1.1615
4.6631 1.161
4.6669 1.1605
4.6707 1.16
4.6745 1.1595
4.6783 1.159
4.6821 1.1585
4.6859 1.158
4.6897 1.1575
4.6935 1.157
4.6973 1.1565
4.7011 1.156
4.7049 1.1555
4.7087 1.155
4.7125 1.1545
4.7163 1.154
4.7201 1.1535
4.7239 1.153
4.7277 1.1525
4.7315 1.152
4.7353 1.1515
4.7391 1.151
4.7429 1.1505
4.7467 1.15
4.7505 1.1495
4.7543 1.149
4.7581 1.1485
4.7619 1.148
4.7657 1.1475
4.7695 1.147
4.7733 1.1465
4.7771 1.146
4.7809 1.1455
4.7847 1.145
4.7885 1.1445
4.7923 1.144
4.7961 1.1435
4.7999 1.143
4.8037 1.1425
4.8075 1.142
4.8113 1.1415
4.8151 1.141
4.8189 1.1405
4.8227 1.14
4.8265 1.1395
4.8303 1.139
4.8341 1.1385
4.8379 1.138
4.8417 1.1375
4.8455 1.137
4.8493 1.1365
4.8531 1.136
4.8569 1.1355
4.8607 1.135
4.8645 1.1345
4.8683 1.134
4.8721 1.1335
4.8759 1.133
4.8797 1.1325
4.8835 1.132
4.8873 1.1315
4.8911 1.131
4.8949 1.1305
4.8987 1.13
4.9025 1.1295
4.9063 1.129
4.9101 1.1285
4.9139 1.128
4.9177 1.1275
4.9215 1.127
4.9253 1.1265
4.9291 1.126
4.9329 1.1255
4.9367 1.125
4.9405 1.1245
4.9443 1.124
4.9481 1.1235
4.9519 1.123
4.9557 1.1225
4.9595 1.122
4.9633 1.1215
4.9671 1.121
4.9709 1.1205
4.9747 1.12
4.9785 1.1195
4.9823 1.119
4.9861 1.1185
4.9899 1.118
4.9937 1.1175
4.9975 1.117
5.0013 1.1165
5.0051 1.116
5.0089 1.1155
5.0127 1.115
5.0165 1.1145
5.0203 1.114
5.0241 1.1135
5.0279 1.113
5.0317 1.1125
5.0355 1.112
5.0393 1.1115
5.0431 1.111
5.0469 1.1105
5.0507 1.11
5.0545 1.1095
5.0583 1.109
5.0621 1.1085
5.0659 1.108
5.0697 1.1075
5.0735 1.107
5.0773 1.1065
5.0811 1.106
5.0849 1.1055
5.0887 1.105
5.0925 1.1045
5.0963 1.104
5.1001 1.1035
5.1039 1.103
5.1077 1.1025
5.1115 1.102
5.1153 1.1015
5.1191 1.101
5.1229 1.1005
5.1267 1.1
5.1305 1.0995
5.1343 1.099
5.1381 1.0985
5.1419 1.098
5.1457 1.0975
5.1495 1.097
5.1533 1.0965
5.1571 1.096
5.1609 1.0955
5.1647 1.095
5.1685 1.0945
5.1723 1.094
5.1761 1.0935
5.1799 1.093
5.1837 1.0925
5.1875 1.092
5.1913 1.0915
5.1951 1.091
5.1989 1.0905
5.2027 1.09
5.2065 1.0895
5.2103 1.089
5.2141 1.0885
5.2179 1.088
5.2217 1.0875
5.2255 1.087
5.2293 1.0865
5.2331 1.086
5.2369 1.0855
5.2407 1.085
5.2445 1.0845
5.2483 1.084
5.2521 1.0835
5.2559 1.083
5.2597 1.0825
5.2635 1.082
5.2673 1.0815
5.2711 1.081
5.2749 1.0805
5.2787 1.08
5.2825 1.0795
5.2863 1.079
5.2901 1.0785
5.2939 1.078
5.2977 1.0775
5.3015 1.077
5.3053 1.0765
5.3091 1.076
5.3129 1.0755
5.3167 1.075
5.3205 1.0745
5.3243 1.074
5.3281 1.0735
5.3319 1.073
5.3357 1.0725
5.3395 1.072
5.3433 1.0715
5.3471 1.071
5.3509 1.0705
5.3547 1.07
5.3585 1.0695
5.3623 1.069
5.3661 1.0685
5.3699 1.068
5.3737 1.0675
5.3775 1.067
5.3813 1.0665
5.3851 1.066
5.3889 1.0655
5.3927 1.065
5.3965 1.0645
5.4003 1.064
5.4041 1.0635
5.4079 1.063
5.4117 1.0625
5.4155 1.062
5.4193 1.0615
5.4231 1.061
5.4269 1.0605
5.4307 1.06
5.4345 1.0595
5.4383 1.059
5.4421 1.0585
5.4459 1.058
5.4497 1.0575
5.4535 1.057
5.4573 1.0565
5.4611 1.056
5.4649 1.0555
5.4687 1.055
5.4725 1.0545
5.4763 1.054
5.4801 1.0535
5.4839 1.053
5.4877 1.0525
5.4915 1.052
5.4953 1.0515
5.4991 1.051
5.5029 1.0505
5.5067 1.05
5.5105 1.0495
5.5143 1.049
5.5181 1.0485
5.5219 1.048
5.5257 1.0475
5.5295 1.047
5.5333 1.0465
5.5371 1.046
5.5409 1.0455
5.5447 1.045
5.5485 1.0445
5.5523 1.044
5.5561 1.0435
5.5599 1.043
5.5637 1.0425
5.5675 1.042
5.5713 1.0415
5.5751 1.041
5.5789 1.0405
5.5827 1.04
5.5865 1.0395
5.5903 1.039
5.5941 1.0385
5.5979 1.038
5.6017 1.0375
5.6055 1.037
5.6093 1.0365
5.6131 1.036
5.6169 1.0355
5.6207 1.035
5.6245 1.0345
5.6283 1.034
5.6321 1.0335
5.6359 1.033
5.6397 1.0325
5.6435 1.032
5.6473 1.0315
5.6511 1.031
5.6549 1.0305
5.6587 1.03
5.6625 1.0295
5.6663 1.029
5.6701 1.0285
5.6739 1.028
5.6777 1.0275
5.6815 1.027
5.6853 1.0265
5.6891 1.026
5.6929 1.0255
5.6967 1.025
5.7005 1.0245
5.7043 1.024
5.7081 1.0235
5.7119 1.023
5.7157 1.0225
5.7195 1.022
5.7233 1.0215
5.7271 1.021
5.7309 1.0205
5.7347 1.02
5.7385 1.0195
5.7423 1.019
5.7461 1.0185
5.7499 1.018
5.7537 1.0175
5.7575 1.017
5.7613 1.0165
5.7651 1.016
5.7689 1.0155
5.7727 1.015
5.7765 1.0145
5.7803 1.014
5.7841 1.0135
5.7879 1.013
5.7917 1.0125
5.7955 1.012
5.7993 1.0115
5.8031 1.011
5.8069 1.0105
5.8107 1.01
5.8145 1.0095
5.8183 1.009
5.8221 1.0085
5.8259 1.008
5.8297 1.0075
5.8335 1.007
5.8373 1.0065
5.8411 1.006
5.8449 1.0055
5.8487 1.005
5.8525 1.0045
5.8563 1.004
5.8601 1.0035
5.8639 1.003
5.8677 1.0025
5.8715 1.002
5.8753 1.0015
5.8791 1.001
5.8801 1.0005
5.8811 1
