Man
0 0
0 0.0005
0 0.001
0 0.0015
0 0.002
0 0.0025
0 0.003
0 0.0035
0 0.004
0 0.0045
0 0.005
0 0.0055
0 0.006
0 0.0065
0 0.007
0 0.0075
0 0.008
0 0.0085
0 0.009
0 0.0095
0 0.01
0 0.0105
0 0.011
0 0.0115
0 0.012
0 0.0125
0 0.013
0 0.0135
0 0.014
0 0.0145
0 0.015
0 0.0155
0 0.016
0 0.0165
0 0.017
0 0.0175
0 0.018
0 0.0185
0 0.019
0 0.0195
0 0.02
0 0.0205
0 0.021
0 0.0215
0 0.022
0 0.0225
0 0.023
0 0.0235
0 0.024
0 0.0245
0 0.025
0 0.0255
0 0.026
0 0.0265
0 0.027
0 0.0275
0 0.028
0 0.0285
0 0.029
0 0.0295
0 0.03
0 0.0305
0 0.031
0 0.0315
0 0.032
0 0.0325
0 0.033
0 0.0335
0 0.034
0 0.0345
0 0.035
0 0.0355
0 0.036
0 0.0365
0 0.037
0 0.0375
0 0.038
0 0.0385
0 0.039
0 0.0395
0 0.04
0 0.0405
0 0.041
0 0.0415
0 0.042
0 0.0425
0 0.043
0 0.0435
0 0.044
0 0.0445
0 0.045
0 0.0455
0 0.046
0 0.0465
0 0.047
0 0.0475
0 0.048
0 0.0485
0 0.049
0 0.0495
0 0.05
0 0.0505
0 0.051
0 0.0515
0 0.052
0 0.0525
0 0.053
0 0.0535
0 0.054
0 0.0545
0 0.055
0 0.0555
0 0.056
0 0.0565
0 0.057
0 0.0575
0 0.058
0 0.0585
0 0.059
0 0.0595
0 0.06
0 0.0605
0 0.061
0 0.0615
0 0.062
0 0.0625
0 0.063
0 0.0635
0 0.064
0 0.0645
0 0.065
0 0.0655
0 0.066
0 0.0665
0 0.067
0 0.0675
0 0.068
0 0.0685
0 0.069
0 0.0695
0 0.07
0 0.0705
0 0.071
0 0.0715
0 0.072
0 0.0725
0 0.073
0 0.0735
0 0.074
0 0.0745
0 0.075
0 0.0755
0 0.076
0 0.0765
0 0.077
0 0.0775
0 0.078
0 0.0785
0 0.079
0 0.0795
0 0.08
0 0.0805
0 0.081
0 0.0815
0 0.082
0 0.0825
0 0.083
0 0.0835
0 0.084
0 0.0845
0 0.085
0 0.0855
0 0.086
0 0.0865
0 0.087
0 0.0875
0 0.088
0 0.0885
0 0.089
0 0.0895
0 0.09
0 0.0905
0 0.091
0 0.0915
0 0.092
0 0.0925
0 0.093
0 0.0935
0 0.094
0 0.0945
0 0.095
0 0.0955
0 0.096
0 0.0965
0 0.097
0 0.0975
0 0.098
0 0.0985
0 0.099
0 0.0995
0 0.1
0 0.1005
0 0.101
0 0.1015
0 0.102
0 0.1025
0 0.103
0 0.1035
0 0.104
0 0.1045
0 0.105
0 0.1055
0 0.106
0 0.1065
0 0.107
0 0.1075
0 0.108
0 0.1085
0 0.109
0 0.1095
0 0.11
0 0.1105
0 0.111
0 0.1115
0 0.112
0 0.1125
0 0.113
0 0.1135
0 0.114
0 0.1145
0 0.115
0 0.1155
0 0.116
0 0.1165
0 0.117
0 0.1175
0 0.118
0 0.1185
0 0.119
0 0.1195
0 0.12
0 0.1205
0 0.121
0 0.1215
0 0.122
0 0.1225
0 0.123
0 0.1235
0 0.124
0 0.1245
0 0.125
0 0.1255
0 0.126
0 0.1265
0 0.127
0 0.1275
0 0.128
0 0.1285
0 0.129
0 0.1295
0 0.13
0 0.1305
0 0.131
0 0.1315
0 0.132
0 0.1325
0 0.133
0 0.1335
0 0.134
0 0.1345
0 0.135
0 0.1355
0 0.136
0 0.1365
0 0.137
0 0.1375
0 0.138
0 0.1385
0 0.139
0 0.1395
0 0.14
0 0.1405
0 0.141
0 0.1415
0 0.142
0 0.1425
0 0.143
0 0.1435
0 0.144
0 0.1445
0 0.145
0 0.1455
0 0.146
0 0.1465
0 0.147
0 0.1475
0 0.148
0 0.1485
0 0.149
0 0.1495
0 0.15
0 0.1505
0 0.151
0 0.1515
0 0.152
0 0.1525
0 0.153
0 0.1535
0 0.154
0 0.1545
0 0.155
0 0.1555
0 0.156
0 0.1565
0 0.157
0 0.1575
0 0.158
0 0.1585
0 0.159
0 0.1595
0 0.16
0 0.1605
0 0.161
0 0.1615
0 0.162
0 0.1625
0 0.163
0 0.1635
0 0.164
0 0.1645
0 0.165
0 0.1655
0 0.166
0 0.1665
0 0.167
0 0.1675
0 0.168
0 0.1685
0 0.169
0 0.1695
0 0.17
0 0.1705
0 0.171
0 0.1715
0 0.172
0 0.1725
0 0.173
0 0.1735
0 0.174
0 0.1745
0 0.175
0 0.1755
0 0.176
0 0.1765
0 0.177
0 0.1775
0 0.178
0 0.1785
0 0.179
0 0.1795
0 0.18
0 0.1805
0 0.181
0 0.1815
0 0.182
0 0.1825
0 0.183
0 0.1835
0 0.184
0 0.1845
0 0.185
0 0.1855
0 0.186
0 0.1865
0 0.187
0 0.1875
0 0.188
0 0.1885
0 0.189
0 0.1895
0 0.19
0 0.1905
0 0.191
0 0.1915
0 0.192
0 0.1925
0 0.193
0 0.1935
0 0.194
0 0.1945
0 0.195
0 0.1955
0 0.196
-0.785398 0.1965
-0.392699 0.197
0 0.1975
0.392699 0.198
0.392699 0.1985
0.392699 0.199
0.392699 0.1995
0.392699 0.2
0.392699 0.2005
0.392699 0.201
0.392699 0.2015
0.392699 0.202
0.392699 0.2025
0.392699 0.203
0.392699 0.2035
0.392699 0.204
0.392699 0.2045
0.392699 0.205
0.392699 0.2055
0.392699 0.206
0.392699 0.2065
0.392699 0.207
0.392699 0.2075
0.392699 0.208
0.392699 0.2085
0.392699 0.209
0.392699 0.2095
0.783491 0.21
0.783491 0.2105
0.783491 0.211
0.783491 0.2115
0.783491 0.212
0.783491 0.2125
0.783491 0.213
0.783491 0.2135
0.783491 0.214
0.783491 0.2145
0.783491 0.215
0.783491 0.2155
0.783491 0.216
0.783491 0.2165
0.783491 0.217
0.783491 0.2175
0.783491 0.218
0.783491 0.2185
0.783491 0.219
0.783491 0.2195
0.783491 0.22
0.783491 0.2205
0.783491 0.221
0.783491 0.2215
0.783491 0.222
0.783491 0.2225
0.783491 0.223
0.783491 0.2235
0.783491 0.224
0.783491 0.2245
0.783491 0.225
0.783491 0.2255
0.783491 0.226
1.17619 0.2265
0.881666 0.227
0.685316 0.2275
0.488967 0.228
0.292617 0.2285
0.0962678 0.229
-0.0387225 0.2295
-0.0632662 0.23
-0.075538 0.2305
-0.0878099 0.231
-0.100082 0.2315
-0.112354 0.232
-0.124625 0.2325
-0.136897 0.233
-0.149169 0.2335
-0.161441 0.234
-0.173713 0.2345
-0.185985 0.235
-0.198256 0.2355
-0.210528 0.236
-0.2228 0.2365
-0.235072 0.237
-0.247344 0.2375
-0.259616 0.238
-0.271888 0.2385
-0.284159 0.239
-0.296431 0.2395
-0.308703 0.24
-0.320975 0.2405
-0.333247 0.241
-0.345519 0.2415
-0.35779 0.242
-0.370062 0.2425
-0.382334 0.243
-0.394606 0.2435
-0.406878 0.244
-0.41915 0.2445
-0.431422 0.245
-0.443693 0.2455
-0.455776 0.246
-0.467031 0.2465
-0.477601 0.247
-0.487572 0.2475
-0.496776 0.248
-0.505836 0.2485
-0.514465 0.249
-0.514465 0.2495
-0.514465 0.25
-0.514465 0.2505
-0.514465 0.251
-0.514465 0.2515
-0.514465 0.252
-0.514465 0.2525
-0.514465 0.253
-0.514465 0.2535
-0.514465 0.254
-0.514465 0.2545
-0.514465 0.255
-0.514465 0.2555
-0.514465 0.256
-0.514465 0.2565
-0.514465 0.257
-0.514465 0.2575
-0.514465 0.258
-0.514465 0.2585
-0.514465 0.259
-0.514465 0.2595
-0.514465 0.26
-0.514465 0.2605
-0.514465 0.261
-0.514465 0.2615
-0.514465 0.262
-0.514465 0.2625
-0.514465 0.263
-0.514465 0.2635
-0.514465 0.264
-0.514465 0.2645
-0.514465 0.265
-0.514465 0.2655
-0.514465 0.266
-0.514465 0.2665
-0.514465 0.267
-0.514465 0.2675
-0.514465 0.268
-0.514465 0.2685
-0.514465 0.269
-0.514465 0.2695
-0.514465 0.27
-0.514465 0.2705
-0.514465 0.271
-0.514465 0.2715
-0.514465 0.272
-0.514465 0.2725
-0.514465 0.273
-0.514465 0.2735
-0.514465 0.274
-0.514465 0.2745
-0.514465 0.275
-0.514465 0.2755
-0.514465 0.276
-0.514465 0.2765
-0.514465 0.277
-0.514465 0.2775
-0.514465 0.278
-0.514465 0.2785
-0.514465 0.279
-0.514465 0.2795
-0.514465 0.28
-0.514465 0.2805
-0.514465 0.281
-0.514465 0.2815
-0.514465 0.282
-0.514465 0.2825
-0.514465 0.283
-0.514465 0.2835
-0.514465 0.284
-0.514465 0.2845
-0.514465 0.285
-0.514465 0.2855
-0.514465 0.286
-0.514465 0.2865
-0.514465 0.287
-0.514465 0.2875
-0.514465 0.288
-0.514465 0.2885
-0.514465 0.289
-0.514465 0.2895
-0.514465 0.29
-0.514465 0.2905
-0.514465 0.291
-0.514465 0.2915
-0.514465 0.292
-0.514465 0.2925
-0.514465 0.293
-0.514465 0.2935
-0.514465 0.294
-0.514465 0.2945
-0.514465 0.295
-0.514465 0.2955
-0.514465 0.296
-0.514465 0.2965
-0.514465 0.297
-0.514465 0.2975
-0.514465 0.298
-0.514465 0.2985
-0.514465 0.299
-0.514465 0.2995
-0.514465 0.3
-0.514465 0.3005
-0.514465 0.301
-0.514465 0.3015
-0.514465 0.302
-0.514465 0.3025
-0.514465 0.303
-0.514465 0.3035
-0.514465 0.304
-0.514465 0.3045
-0.514465 0.305
-0.514465 0.3055
-0.514465 0.306
-0.514465 0.3065
-0.514465 0.307
-0.514465 0.3075
-0.514465 0.308
-0.514465 0.3085
-0.514465 0.309
-0.514465 0.3095
-0.514465 0.31
-0.514465 0.3105
-0.514465 0.311
-0.514465 0.3115
-0.514465 0.312
-0.514465 0.3125
-0.514465 0.313
-0.514465 0.3135
-0.514465 0.314
-0.514465 0.3145
-0.514465 0.315
-0.514465 0.3155
-0.514465 0.316
-0.514465 0.3165
-0.514465 0.317
-0.514465 0.3175
-0.514465 0.318
-0.514465 0.3185
-0.514465 0.319
-0.514465 0.3195
-0.514465 0.32
-0.514465 0.3205
-0.514465 0.321
-0.514465 0.3215
-0.514465 0.322
-0.514465 0.3225
-0.514465 0.323
-0.514465 0.3235
-0.514465 0.324
-0.514465 0.3245
-0.514465 0.325
-0.514465 0.3255
-0.514465 0.326
-0.514465 0.3265
-0.514465 0.327
-0.514465 0.3275
-0.514465 0.328
-0.514465 0.3285
-0.514465 0.329
-0.514465 0.3295
-0.514465 0.33
-0.514465 0.3305
-0.514465 0.331
-0.514465 0.3315
-0.514465 0.332
-0.514465 0.3325
-0.514465 0.333
-0.514465 0.3335
-0.514465 0.334
-0.514465 0.3345
-0.514465 0.335
-0.514465 0.3355
-0.514465 0.336
-0.514465 0.3365
-0.514465 0.337
-0.514465 0.3375
-0.514465 0.338
-0.514465 0.3385
-0.514465 0.339
-0.514465 0.3395
-0.514465 0.34
-0.514465 0.3405
-0.514465 0.341
-0.514465 0.3415
-0.514465 0.342
-0.514465 0.3425
-0.514465 0.343
-0.514465 0.3435
-0.514465 0.344
-0.514465 0.3445
-0.514465 0.345
-0.514465 0.3455
-0.514465 0.346
-0.514465 0.3465
-0.514465 0.347
-0.514465 0.3475
-0.514465 0.348
-0.514465 0.3485
-0.514465 0.349
-0.514465 0.3495
-0.514465 0.35
-0.514465 0.3505
-0.514465 0.351
-0.514465 0.3515
-0.514465 0.352
-0.514465 0.3525
-0.514465 0.353
-0.514465 0.3535
-0.514465 0.354
-0.514465 0.3545
-0.514465 0.355
-0.514465 0.3555
-0.514465 0.356
-0.514465 0.3565
-0.514465 0.357
-0.514465 0.3575
-0.514465 0.358
-0.514465 0.3585
-0.514465 0.359
-0.514465 0.3595
-0.514465 0.36
-0.514465 0.3605
-0.514465 0.361
-0.514465 0.3615
-0.514465 0.362
-0.514465 0.3625
-0.514465 0.363
-0.514465 0.3635
-0.514465 0.364
-0.514465 0.3645
-0.514465 0.365
-0.514465 0.3655
-0.514465 0.366
-0.514465 0.3665
-0.514465 0.367
-0.514465 0.3675
-0.514465 0.368
-0.514465 0.3685
-0.514465 0.369
-0.514465 0.3695
-0.514465 0.37
-0.514465 0.3705
-0.514465 0.371
-0.514465 0.3715
-0.514465 0.372
-0.514465 0.3725
-0.514465 0.373
-0.514465 0.3735
-0.514465 0.374
-0.514465 0.3745
-0.514465 0.375
-0.514465 0.3755
-0.514465 0.376
-0.514465 0.3765
-0.514465 0.377
-0.514465 0.3775
-0.514465 0.378
-0.514465 0.3785
-0.514465 0.379
-0.514465 0.3795
-0.514465 0.38
-0.514465 0.3805
-0.514465 0.381
-0.514465 0.3815
-0.514465 0.382
-0.514465 0.3825
-0.514465 0.383
-0.514465 0.3835
-0.514465 0.384
-0.514465 0.3845
-0.514465 0.385
-0.514465 0.3855
-0.514465 0.386
-0.514465 0.3865
-0.514465 0.387
-0.514465 0.3875
-0.514465 0.388
-0.514465 0.3885
-0.514465 0.389
-0.514465 0.3895
-0.514465 0.39
-0.514465 0.3905
-0.514465 0.391
-0.514465 0.3915
-0.514465 0.392
-0.514465 0.3925
-0.514465 0.393
-0.514465 0.3935
-0.514465 0.394
-0.514465 0.3945
-0.514465 0.395
-0.514465 0.3955
-0.514465 0.396
-0.514465 0.3965
-0.514465 0.397
-0.514465 0.3975
-0.514465 0.398
-0.514465 0.3985
-0.514465 0.399
-0.514465 0.3995
-0.514465 0.4
-0.514465 0.4005
-0.514465 0.401
-0.514465 0.4015
-0.514465 0.402
-0.514465 0.4025
-0.514465 0.403
-0.514465 0.4035
-0.514465 0.404
-0.514465 0.4045
-0.514465 0.405
-0.514465 0.4055
-0.514465 0.406
-0.514465 0.4065
-0.514465 0.407
-0.514465 0.4075
-0.514465 0.408
-0.514465 0.4085
-0.514465 0.409
-0.514465 0.4095
-0.514465 0.41
-0.514465 0.4105
-0.514465 0.411
-0.514465 0.4115
-0.514465 0.412
-0.514465 0.4125
-0.514465 0.413
-0.514465 0.4135
-0.514465 0.414
-0.514465 0.4145
-0.514465 0.415
-0.514465 0.4155
-0.514465 0.416
-0.514465 0.4165
-0.514465 0.417
-0.514465 0.4175
-0.514465 0.418
-0.514465 0.4185
-0.514465 0.419
-0.514465 0.4195
-0.514465 0.42
-0.514465 0.4205
-0.514465 0.421
-0.514465 0.4215
-0.514465 0.422
-0.514465 0.4225
-0.514465 0.423
-0.514465 0.4235
-0.514465 0.424
-0.514465 0.4245
-0.514465 0.425
-0.514465 0.4255
-0.514465 0.426
-0.514465 0.4265
-0.514465 0.427
-0.514465 0.4275
-0.514465 0.428
-0.514465 0.4285
-0.514465 0.429
-0.514465 0.4295
-0.514465 0.43
-0.514465 0.4305
-0.514465 0.431
-0.514465 0.4315
-0.514465 0.432
-0.514465 0.4325
-0.514465 0.433
-0.514465 0.4335
-0.514465 0.434
-0.514465 0.4345
-0.514465 0.435
-0.514465 0.4355
-0.514465 0.436
-0.514465 0.4365
-0.514465 0.437
-0.514465 0.4375
-0.514465 0.438
-0.514465 0.4385
-0.514465 0.439
-0.514465 0.4395
-0.514465 0.44
-0.514465 0.4405
-0.514465 0.441
-0.514465 0.4415
-0.514465 0.442
-0.514465 0.4425
-0.514465 0.443
-0.514465 0.4435
-0.514465 0.444
-0.514465 0.4445
-0.514465 0.445
-0.514465 0.4455
-0.514465 0.446
-0.514465 0.4465
-0.514465 0.447
-0.514465 0.4475
-0.514465 0.448
-0.514465 0.4485
-0.514465 0.449
-0.514465 0.4495
-0.514465 0.45
-0.514465 0.4505
-0.514465 0.451
-0.514465 0.4515
-0.514465 0.452
-0.514465 0.4525
-0.514465 0.453
-0.514465 0.4535
-0.514465 0.454
-0.514465 0.4545
-0.514465 0.455
-0.514465 0.4555
-0.514465 0.456
-0.514465 0.4565
-0.514465 0.457
-0.514465 0.4575
-0.514465 0.458
-0.514465 0.4585
-0.514465 0.459
-0.514465 0.4595
-0.514465 0.46
-0.514465 0.4605
-0.514465 0.461
-0.514465 0.4615
-0.514465 0.462
-0.514465 0.4625
-0.514465 0.463
-0.514465 0.4635
-0.514465 0.464
-0.514465 0.4645
-0.514465 0.465
-0.514465 0.4655
-0.514465 0.466
-0.514465 0.4665
-0.514465 0.467
-0.514465 0.4675
-0.514465 0.468
-0.514465 0.4685
-0.514465 0.469
-0.514465 0.4695
-0.514465 0.47
-0.514465 0.4705
-0.514465 0.471
-0.514465 0.4715
-0.514465 0.472
-0.514465 0.4725
-0.514465 0.473
-0.514465 0.4735
-0.514465 0.474
-0.514465 0.4745
-0.514465 0.475
-0.514465 0.4755
-0.514465 0.476
-0.514465 0.4765
-0.514465 0.477
-0.514465 0.4775
-0.514465 0.478
-0.514465 0.4785
-0.514465 0.479
-0.514465 0.4795
-0.514465 0.48
-0.514465 0.4805
-0.514465 0.481
-0.514465 0.4815
-0.514465 0.482
-0.514465 0.4825
-0.514465 0.483
-0.514465 0.4835
-0.514465 0.484
-0.514465 0.4845
-0.514465 0.485
-0.514465 0.4855
-0.514465 0.486
-0.514465 0.4865
-0.514465 0.487
-0.514465 0.4875
-0.514465 0.488
-0.514465 0.4885
-0.514465 0.489
-0.514465 0.4895
-0.514465 0.49
-0.514465 0.4905
-0.514465 0.491
-0.514465 0.4915
-0.514465 0.492
-0.514465 0.4925
-0.514465 0.493
-0.514465 0.4935
-0.514465 0.494
-0.514465 0.4945
-0.514465 0.495
-0.514465 0.4955
-0.514465 0.496
-0.514465 0.4965
-0.514465 0.497
-0.514465 0.4975
-0.514465 0.498
-0.514465 0.4985
-0.514465 0.499
-0.514465 0.4995
-0.514465 0.5
-0.514465 0.5005
-0.514465 0.501
-0.514465 0.5015
-0.514465 0.502
-0.514465 0.5025
-0.514465 0.503
-0.514465 0.5035
-0.514465 0.504
-0.514465 0.5045
-0.514465 0.505
-0.514465 0.5055
-0.514465 0.506
-0.514465 0.5065
-0.514465 0.507
-0.514465 0.5075
-0.514465 0.508
-0.514465 0.5085
-0.514465 0.509
-0.514465 0.5095
-0.514465 0.51
-0.514465 0.5105
-0.514465 0.511
-0.514465 0.5115
-0.514465 0.512
-0.514465 0.5125
-0.514465 0.513
-0.514465 0.5135
-0.514465 0.514
-0.514465 0.5145
-0.514465 0.515
-0.514465 0.5155
-0.514465 0.516
-0.514465 0.5165
-0.514465 0.517
-0.514465 0.5175
-0.514465 0.518
-0.514465 0.5185
-0.514465 0.519
-0.514465 0.5195
-0.514465 0.52
-0.514465 0.5205
-0.514465 0.521
-0.514465 0.5215
-0.514465 0.522
-0.514465 0.5225
-0.514465 0.523
-0.514465 0.5235
-0.514465 0.524
-0.514465 0.5245
-0.514465 0.525
-0.514465 0.5255
-0.514465 0.526
-0.514465 0.5265
-0.514465 0.527
-0.514465 0.5275
-0.514465 0.528
-0.514465 0.5285
-0.514465 0.529
-0.514465 0.5295
-0.514465 0.53
-0.514465 0.5305
-0.514465 0.531
-0.514465 0.5315
-0.514465 0.532
-0.514465 0.5325
-0.514465 0.533
-0.514465 0.5335
-0.514465 0.534
-0.514465 0.5345
-0.514465 0.535
-0.514465 0.5355
-0.514465 0.536
-0.514465 0.5365
-0.514465 0.537
-0.514465 0.5375
-0.514465 0.538
-0.514465 0.5385
-0.514465 0.539
-0.514465 0.5395
-0.514465 0.54
-0.514465 0.5405
-0.514465 0.541
-0.514465 0.5415
-0.514465 0.542
-0.514465 0.5425
-0.514465 0.543
-0.514465 0.5435
-0.514465 0.544
-0.514465 0.5445
-0.514465 0.545
-0.514465 0.5455
-0.514465 0.546
-0.514465 0.5465
-0.514465 0.547
-0.514465 0.5475
-0.514465 0.548
-0.514465 0.5485
-0.514465 0.549
-0.514465 0.5495
-0.514465 0.55
-0.514465 0.5505
-0.514465 0.551
-0.514465 0.5515
-0.514465 0.552
-0.514465 0.5525
-0.514465 0.553
-0.514465 0.5535
-0.514465 0.554
-0.514465 0.5545
-0.514465 0.555
-0.514465 0.5555
-0.514465 0.556
-0.514465 0.5565
-0.514465 0.557
-0.514465 0.5575
-0.514465 0.558
-0.514465 0.5585
-0.514465 0.559
-0.514465 0.5595
-0.514465 0.56
-0.514465 0.5605
-0.514465 0.561
-0.514465 0.5615
-0.514465 0.562
-0.514465 0.5625
-0.514465 0.563
-0.514465 0.5635
-0.514465 0.564
-0.514465 0.5645
-0.514465 0.565
-0.514465 0.5655
-0.514465 0.566
-0.514465 0.5665
-0.514465 0.567
-0.514465 0.5675
-0.514465 0.568
-0.514465 0.5685
-0.514465 0.569
-0.514465 0.5695
-0.514465 0.57
-0.514465 0.5705
-0.514465 0.571
-0.514465 0.5715
-0.514465 0.572
-0.514465 0.5725
-0.514465 0.573
-0.514465 0.5735
-0.514465 0.574
-0.514465 0.5745
-0.514465 0.575
-0.514465 0.5755
-0.514465 0.576
-0.514465 0.5765
-0.514465 0.577
-0.514465 0.5775
-0.514465 0.578
-0.514465 0.5785
-0.514465 0.579
-0.514465 0.5795
-0.514465 0.58
-0.514465 0.5805
-0.514465 0.581
-0.514465 0.5815
-0.514465 0.582
-0.514465 0.5825
-0.514465 0.583
-0.514465 0.5835
-0.514465 0.584
-0.514465 0.5845
-0.514465 0.585
-0.514465 0.5855
-0.514465 0.586
-0.514465 0.5865
-0.514465 0.587
-0.514465 0.5875
-0.514465 0.588
-0.514465 0.5885
-0.514465 0.589
-0.514465 0.5895
-0.514465 0.59
-0.514465 0.5905
-0.514465 0.591
-0.514465 0.5915
-0.514465 0.592
-0.514465 0.5925
-0.514465 0.593
-0.514465 0.5935
-0.514465 0.594
-0.514465 0.5945
-0.514465 0.595
-0.514465 0.5955
-0.514465 0.596
-0.514465 0.5965
-0.514465 0.597
-0.514465 0.5975
-0.514465 0.598
-0.514465 0.5985
-0.514465 0.599
-0.514465 0.5995
-0.514465 0.6
-0.514465 0.6005
-0.514465 0.601
-0.514465 0.6015
-0.514465 0.602
-0.514465 0.6025
-0.514465 0.603
-0.514465 0.6035
-0.514465 0.604
-0.514465 0.6045
-0.514465 0.605
-0.514465 0.6055
-0.514465 0.606
-0.514465 0.6065
-0.514465 0.607
-0.514465 0.6075
-0.514465 0.608
-0.514465 0.6085
-0.514465 0.609
-0.514465 0.6095
-0.514465 0.61
-0.514465 0.6105
-0.514465 0.611
-0.514465 0.6115
-0.514465 0.612
-0.514465 0.6125
-0.514465 0.613
-0.514465 0.6135
-0.514465 0.614
-0.514465 0.6145
-0.514465 0.615
-0.514465 0.6155
-0.514465 0.616
-0.514465 0.6165
-0.514465 0.617
-0.514465 0.6175
-0.514465 0.618
-0.514465 0.6185
-0.514465 0.619
-0.514465 0.6195
-0.514465 0.62
-0.514465 0.6205
-0.514465 0.621
-0.514465 0.6215
-0.514465 0.622
-0.514465 0.6225
-0.514465 0.623
-0.514465 0.6235
-0.514465 0.624
-0.514465 0.6245
-0.514465 0.625
-0.514465 0.6255
-0.514465 0.626
-0.514465 0.6265
-0.514465 0.627
-0.514465 0.6275
-0.514465 0.628
-0.514465 0.6285
-0.514465 0.629
-0.514465 0.6295
-0.514465 0.63
-0.514465 0.6305
-0.514465 0.631
-0.514465 0.6315
-0.514465 0.632
-0.514465 0.6325
-0.514465 0.633
-0.514465 0.6335
-0.514465 0.634
-0.514465 0.6345
-0.514465 0.635
-0.514465 0.6355
-0.514465 0.636
-0.514465 0.6365
-0.514465 0.637
-0.514465 0.6375
-0.514465 0.638
-0.514465 0.6385
-0.514465 0.639
-0.514465 0.6395
-0.514465 0.64
-0.514465 0.6405
-0.514465 0.641
-0.514465 0.6415
-0.514465 0.642
-0.514465 0.6425
-0.514465 0.643
-0.514465 0.6435
-0.514465 0.644
-0.514465 0.6445
-0.514465 0.645
-0.514465 0.6455
-0.514465 0.646
-0.514465 0.6465
-0.514465 0.647
-0.514465 0.6475
-0.514465 0.648
-0.514465 0.6485
-0.514465 0.649
-0.514465 0.6495
-0.514465 0.65
-0.514465 0.6505
-0.514465 0.651
-0.514465 0.6515
-0.514465 0.652
-0.514465 0.6525
-0.514465 0.653
-0.514465 0.6535
-0.514465 0.654
-0.514465 0.6545
-0.514465 0.655
-0.514465 0.6555
-0.514465 0.656
-0.514465 0.6565
-0.514465 0.657
-0.514465 0.6575
-0.514465 0.658
-0.514465 0.6585
-0.514465 0.659
-0.514465 0.6595
-0.514465 0.66
-0.514465 0.6605
-0.514465 0.661
-0.514465 0.6615
-0.514465 0.662
-0.514465 0.6625
-0.514465 0.663
-0.514465 0.6635
-0.514465 0.664
-0.514465 0.6645
-0.514465 0.665
-0.514465 0.6655
-0.514465 0.666
-0.514465 0.6665
-0.514465 0.667
-0.514465 0.6675
-0.514465 0.668
-0.514465 0.6685
-0.514465 0.669
-0.514465 0.6695
-0.514465 0.67
-0.514465 0.6705
-0.514465 0.671
-0.514465 0.6715
-0.514465 0.672
-0.514465 0.6725
-0.514465 0.673
-0.514465 0.6735
-0.514465 0.674
-0.514465 0.6745
-0.514465 0.675
-0.514465 0.6755
-0.514465 0.676
-0.514465 0.6765
-0.514465 0.677
-0.514465 0.6775
-0.514465 0.678
-0.514465 0.6785
-0.514465 0.679
-0.514465 0.6795
-0.514465 0.68
-0.514465 0.6805
-0.514465 0.681
-0.514465 0.6815
-0.514465 0.682
-0.514465 0.6825
-0.514465 0.683
-0.514465 0.6835
-0.514465 0.684
-0.514465 0.6845
-0.514465 0.685
-0.514465 0.6855
-0.514465 0.686
-0.514465 0.6865
-0.514465 0.687
-0.514465 0.6875
-0.514465 0.688
-0.514465 0.6885
-0.514465 0.689
-0.514465 0.6895
-0.514465 0.69
-0.514465 0.6905
-0.514465 0.691
-0.514465 0.6915
-0.514465 0.692
-0.514465 0.6925
-0.514465 0.693
-0.514465 0.6935
-0.514465 0.694
-0.514465 0.6945
-0.514465 0.695
-0.514465 0.6955
-0.514465 0.696
-0.514465 0.6965
-0.514465 0.697
-0.514465 0.6975
-0.514465 0.698
-0.514465 0.6985
-0.514465 0.699
-0.514465 0.6995
-0.514465 0.7
-0.514465 0.7005
-0.514465 0.701
-0.514465 0.7015
-0.514465 0.702
-0.514465 0.7025
-0.514465 0.703
-0.514465 0.7035
-0.514465 0.704
-0.514465 0.7045
-0.514465 0.705
-0.514465 0.7055
-0.514465 0.706
-0.514465 0.7065
-0.514465 0.707
-0.514465 0.7075
-0.514465 0.708
-0.514465 0.7085
-0.514465 0.709
-0.514465 0.7095
-0.514465 0.71
-0.514465 0.7105
-0.514465 0.711
-0.514465 0.7115
-0.514465 0.712
-0.514465 0.7125
-0.514465 0.713
-0.514465 0.7135
-0.514465 0.714
-0.514465 0.7145
-0.514465 0.715
-0.514465 0.7155
-0.514465 0.716
-0.514465 0.7165
-0.514465 0.717
-0.514465 0.7175
-0.514465 0.718
-0.514465 0.7185
-0.514465 0.719
-0.514465 0.7195
-0.514465 0.72
-0.514465 0.7205
-0.514465 0.721
-0.514465 0.7215
-0.514465 0.722
-0.514465 0.7225
-0.514465 0.723
-0.514465 0.7235
-0.514465 0.724
-0.514465 0.7245
-0.514465 0.725
-0.514465 0.7255
-0.514465 0.726
-0.514465 0.7265
-0.514465 0.727
-0.514465 0.7275
-0.514465 0.728
-0.514465 0.7285
-0.514465 0.729
-0.514465 0.7295
-0.514465 0.73
-0.514465 0.7305
-0.514465 0.731
-0.514465 0.7315
-0.514465 0.732
-0.514465 0.7325
-0.514465 0.733
-0.514465 0.7335
-0.514465 0.734
-0.514465 0.7345
-0.514465 0.735
-0.514465 0.7355
-0.514465 0.736
-0.514465 0.7365
-0.514465 0.737
-0.514465 0.7375
-0.514465 0.738
-0.514465 0.7385
-0.514465 0.739
-0.514465 0.7395
-0.514465 0.74
-0.514465 0.7405
-0.514465 0.741
-0.514465 0.7415
-0.514465 0.742
-0.514465 0.7425
-0.514465 0.743
-0.514465 0.7435
-0.514465 0.744
-0.514465 0.7445
-0.514465 0.745
-0.514465 0.7455
-0.514465 0.746
-0.514465 0.7465
-0.514465 0.747
-0.514465 0.7475
-0.514465 0.748
-0.514465 0.7485
-0.514465 0.749
-0.514465 0.7495
-0.514465 0.75
-0.514465 0.7505
-0.514465 0.751
-0.514465 0.7515
-0.514465 0.752
-0.514465 0.7525
-0.514465 0.753
-0.514465 0.7535
-0.514465 0.754
-0.514465 0.7545
-0.514465 0.755
-0.514465 0.7555
-0.514465 0.756
-0.514465 0.7565
-0.514465 0.757
-0.514465 0.7575
-0.514465 0.758
-0.514465 0.7585
-0.514465 0.759
-0.514465 0.7595
-0.514465 0.76
-0.514465 0.7605
-0.514465 0.761
-0.514465 0.7615
-0.514465 0.762
-0.514465 0.7625
-0.514465 0.763
-0.514465 0.7635
-0.514465 0.764
-0.514465 0.7645
-0.514465 0.765
-0.514465 0.7655
-0.514465 0.766
-0.514465 0.7665
-0.514465 0.767
-0.514465 0.7675
-0.514465 0.768
-0.514465 0.7685
-0.514465 0.769
-0.514465 0.7695
-0.514465 0.77
-0.514465 0.7705
-0.514465 0.771
-0.514465 0.7715
-0.514465 0.772
-0.514465 0.7725
-0.514465 0.773
-0.514465 0.7735
-0.514465 0.774
-0.514465 0.7745
-0.514465 0.775
-0.514465 0.7755
-0.514465 0.776
-0.514465 0.7765
-0.514465 0.777
-0.514465 0.7775
-0.514465 0.778
-0.514465 0.7785
-0.514465 0.779
-0.514465 0.7795
-0.514465 0.78
-0.514465 0.7805
-0.514465 0.781
-0.514465 0.7815
-0.514465 0.782
-0.514465 0.7825
-0.514465 0.783
-0.514465 0.7835
-0.514465 0.784
-0.514465 0.7845
-0.514465 0.785
-0.514465 0.7855
-0.514465 0.786
-0.514465 0.7865
-0.514465 0.787
-0.514465 0.7875
-0.514465 0.788
-0.514465 0.7885
-0.514465 0.789
-0.514465 0.7895
-0.514465 0.79
-0.514465 0.7905
-0.514465 0.791
-0.514465 0.7915
-0.514465 0.792
-0.514465 0.7925
-0.514465 0.793
-0.514465 0.7935
-0.514465 0.794
-0.514465 0.7945
-0.514465 0.795
-0.514465 0.7955
-0.514465 0.796
-0.514465 0.7965
-0.514465 0.797
-0.514465 0.7975
-0.514465 0.798
-0.514465 0.7985
-0.514465 0.799
-0.514465 0.7995
-0.514465 0.8
-0.514465 0.8005
-0.514465 0.801
-0.514465 0.8015
-0.514465 0.802
-0.514465 0.8025
-0.514465 0.803
-0.514465 0.8035
-0.514465 0.804
-0.514465 0.8045
-0.514465 0.805
-0.514465 0.8055
-0.514465 0.806
-0.514465 0.8065
-0.514465 0.807
-0.514465 0.8075
-0.514465 0.808
-0.514465 0.8085
-0.514465 0.809
-0.514465 0.8095
-0.514465 0.81
-0.514465 0.8105
-0.514465 0.811
-0.514465 0.8115
-0.514465 0.812
-0.514465 0.8125
-0.514465 0.813
-0.514465 0.8135
-0.514465 0.814
-0.514465 0.8145
-0.514465 0.815
-0.514465 0.8155
-0.514465 0.816
-0.514465 0.8165
-0.514465 0.817
-0.514465 0.8175
-0.514465 0.818
-0.514465 0.8185
-0.514465 0.819
-0.514465 0.8195
-0.514465 0.82
-0.514465 0.8205
-0.514465 0.821
-0.514465 0.8215
-0.514465 0.822
-0.514465 0.8225
-0.514465 0.823
-0.514465 0.8235
-0.514465 0.824
-0.514465 0.8245
-0.514465 0.825
-0.514465 0.8255
-0.514465 0.826
-0.514465 0.8265
-0.514465 0.827
-0.514465 0.8275
-0.514465 0.828
-0.514465 0.8285
-0.514465 0.829
-0.514465 0.8295
-0.514465 0.83
-0.514465 0.8305
-0.514465 0.831
-0.514465 0.8315
-0.514465 0.832
-0.514465 0.8325
-0.514465 0.833
-0.514465 0.8335
-0.514465 0.834
-0.514465 0.8345
-0.514465 0.835
-0.514465 0.8355
-0.514465 0.836
-0.514465 0.8365
-0.514465 0.837
-0.514465 0.8375
-0.514465 0.838
-0.514465 0.8385
-0.514465 0.839
-0.514465 0.8395
-0.514465 0.84
-0.514465 0.8405
-0.514465 0.841
-0.514465 0.8415
-0.514465 0.842
-0.514465 0.8425
-0.514465 0.843
-0.514465 0.8435
-0.514465 0.844
-0.514465 0.8445
-0.514465 0.845
-0.514465 0.8455
-0.514465 0.846
-0.514465 0.8465
-0.514465 0.847
-0.514465 0.8475
-0.514465 0.848
-0.514465 0.8485
-0.514465 0.849
-0.514465 0.8495
-0.514465 0.85
-0.514465 0.8505
-0.514465 0.851
-0.514465 0.8515
-0.514465 0.852
-0.514465 0.8525
-0.514465 0.853
-0.514465 0.8535
-0.514465 0.854
-0.514465 0.8545
-0.514465 0.855
-0.514465 0.8555
-0.514465 0.856
-0.514465 0.8565
-0.514465 0.857
-0.514465 0.8575
-0.514465 0.858
-0.514465 0.8585
-0.514465 0.859
-0.514465 0.8595
-0.514465 0.86
-0.514465 0.8605
-0.514465 0.861
-0.514465 0.8615
-0.514465 0.862
-0.514465 0.8625
-0.514465 0.863
-0.514465 0.8635
-0.514465 0.864
-0.514465 0.8645
-0.514465 0.865
-0.514465 0.8655
-0.514465 0.866
-0.514465 0.8665
-0.514465 0.867
-0.514465 0.8675
-0.514465 0.868
-0.514465 0.8685
-0.514465 0.869
-0.514465 0.8695
-0.514465 0.87
-0.514465 0.8705
-0.514465 0.871
-0.514465 0.8715
-0.514465 0.872
-0.514465 0.8725
-0.514465 0.873
-0.514465 0.8735
-0.514465 0.874
-0.514465 0.8745
-0.514465 0.875
-0.514465 0.8755
-0.514465 0.876
-0.514465 0.8765
-0.514465 0.877
-0.514465 0.8775
-0.514465 0.878
-0.514465 0.8785
-0.514465 0.879
-0.514465 0.8795
-0.514465 0.88
-0.514465 0.8805
-0.514465 0.881
-0.514465 0.8815
-0.514465 0.882
-0.514465 0.8825
-0.514465 0.883
-0.514465 0.8835
-0.514465 0.884
-0.514465 0.8845
-0.514465 0.885
-0.514465 0.8855
-0.514465 0.886
-0.514465 0.8865
-0.514465 0.887
-0.514465 0.8875
-0.514465 0.888
-0.514465 0.8885
-0.514465 0.889
-0.514465 0.8895
-0.514465 0.89
-0.514465 0.8905
-0.514465 0.891
-0.514465 0.8915
-0.514465 0.892
-0.514465 0.8925
-0.514465 0.893
-0.514465 0.8935
-0.514465 0.894
-0.514465 0.8945
-0.514465 0.895
-0.514465 0.8955
-0.514465 0.896
-0.514465 0.8965
-0.514465 0.897
-0.514465 0.8975
-0.514465 0.898
-0.514465 0.8985
-0.514465 0.899
-0.514465 0.8995
-0.514465 0.9
-0.514465 0.9005
-0.514465 0.901
-0.514465 0.9015
-0.514465 0.902
-0.514465 0.9025
-0.514465 0.903
-0.514465 0.9035
-0.514465 0.904
-0.514465 0.9045
-0.514465 0.905
-0.514465 0.9055
-0.514465 0.906
-0.514465 0.9065
-0.514465 0.907
-0.514465 0.9075
-0.514465 0.908
-0.514465 0.9085
-0.514465 0.909
-0.514465 0.9095
-0.514465 0.91
-0.514465 0.9105
-0.514465 0.911
-0.514465 0.9115
-0.514465 0.912
-0.514465 0.9125
-0.514465 0.913
-0.514465 0.9135
-0.514465 0.914
-0.514465 0.9145
-0.514465 0.915
-0.514465 0.9155
-0.514465 0.916
-0.514465 0.9165
-0.514465 0.917
-0.514465 0.9175
-0.514465 0.918
-0.514465 0.9185
-0.514465 0.919
-0.514465 0.9195
-0.514465 0.92
-0.514465 0.9205
-0.514465 0.921
-0.514465 0.9215
-0.514465 0.922
-0.514465 0.9225
-0.514465 0.923
-0.514465 0.9235
-0.514465 0.924
-0.514465 0.9245
-0.514465 0.925
-0.514465 0.9255
-0.514465 0.926
-0.514465 0.9265
-0.514465 0.927
-0.514465 0.9275
-0.514465 0.928
-0.514465 0.9285
-0.514465 0.929
-0.514465 0.9295
-0.514465 0.93
-0.514465 0.9305
-0.514465 0.931
-0.514465 0.9315
-0.514465 0.932
-0.514465 0.9325
-0.514465 0.933
-0.514465 0.9335
-0.514465 0.934
-0.514465 0.9345
-0.514465 0.935
-0.514465 0.9355
-0.514465 0.936
-0.514465 0.9365
-0.514465 0.937
-0.514465 0.9375
-0.514465 0.938
-0.514465 0.9385
-0.514465 0.939
-0.514465 0.9395
-0.514465 0.94
-0.514465 0.9405
-0.514465 0.941
-0.514465 0.9415
-0.514465 0.942
-0.514465 0.9425
-0.514465 0.943
-0.514465 0.9435
-0.514465 0.944
-0.514465 0.9445
-0.514465 0.945
-0.514465 0.9455
-0.514465 0.946
-0.514465 0.9465
-0.514465 0.947
-0.514465 0.9475
-0.514465 0.948
-0.514465 0.9485
-0.514465 0.949
-0.514465 0.9495
-0.514465 0.95
-0.514465 0.9505
-0.514465 0.951
-0.514465 0.9515
-0.514465 0.952
-0.514465 0.9525
-0.514465 0.953
-0.514465 0.9535
-0.514465 0.954
-0.514465 0.9545
-0.514465 0.955
-0.514465 0.9555
-0.514465 0.956
-0.514465 0.9565
-0.514465 0.957
-0.514465 0.9575
-0.514465 0.958
-0.514465 0.9585
-0.514465 0.959
-0.514465 0.9595
-0.514465 0.96
-0.514465 0.9605
-0.514465 0.961
-0.514465 0.9615
-0.514465 0.962
-0.514465 0.9625
-0.514465 0.963
-0.514465 0.9635
-0.514465 0.964
-0.514465 0.9645
-0.514465 0.965
-0.514465 0.9655
-0.514465 0.966
-0.514465 0.9665
-0.514465 0.967
-0.514465 0.9675
-0.514465 0.968
-0.514465 0.9685
-0.514465 0.969
-0.514465 0.9695
-0.514465 0.97
-0.514465 0.9705
-0.514465 0.971
-0.514465 0.9715
-0.514465 0.972
-0.514465 0.9725
-0.514465 0.973
-0.514465 0.9735
-0.514465 0.974
-0.514465 0.9745
-0.514465 0.975
-0.514465 0.9755
-0.514465 0.976
-0.514465 0.9765
-0.514465 0.977
-0.514465 0.9775
-0.513465 0.978
-0.512465 0.9785
-0.511465 0.979
-0.510465 0.9795
-0.509464 0.98
-0.508464 0.9805
-0.507464 0.981
-0.506464 0.9815
-0.505464 0.982
-0.504464 0.9825
-0.503464 0.983
-0.502464 0.9835
-0.501464 0.984
-0.500464 0.9845
-0.499464 0.985
-0.498464 0.9855
-0.497464 0.986
-0.496464 0.9865
-0.495464 0.987
-0.494464 0.9875
-0.493464 0.988
-0.492464 0.9885
-0.491464 0.989
-0.490464 0.9895
-0.489464 0.99
-0.488464 0.9905
-0.487464 0.991
-0.486464 0.9915
-0.485464 0.992
-0.484464 0.9925
-0.483464 0.993
-0.482464 0.9935
-0.481464 0.994
-0.480464 0.9945
-0.479464 0.995
-0.478464 0.9955
-0.477464 0.996
-0.476464 0.9965
-0.475464 0.997
-0.474464 0.9975
-0.473463 0.998
-0.472463 0.9985
-0.471463 0.999
-0.470463 0.9995
-0.471463 1


Shark
3.14159 1.5
3.13959 1.49975
3.13759 1.4995
3.13559 1.49925
3.13359 1.499
3.13159 1.49875
3.12959 1.4985
3.12759 1.49825
3.12559 1.498
3.12359 1.49775
3.12159 1.4975
3.11959 1.49725
3.11759 1.497
3.11559 1.49675
3.11359 1.4965
3.11159 1.49625
3.10959 1.496
3.10759 1.49575
3.10559 1.4955
3.10359 1.49525
3.10159 1.495
3.09959 1.49475
3.09759 1.4945
3.09559 1.49425
3.09359 1.494
3.09159 1.49375
3.08959 1.4935
3.08759 1.49325
3.08559 1.493
3.08359 1.49275
3.08159 1.4925
3.07959 1.49225
3.07759 1.492
3.07559 1.49175
3.07359 1.4915
3.07159 1.49125
3.06959 1.491
3.06759 1.49075
3.06559 1.4905
3.06359 1.49025
3.06159 1.49
3.05959 1.48975
3.05759 1.4895
3.05559 1.48925
3.05359 1.489
3.05159 1.48875
3.04959 1.4885
3.04759 1.48825
3.04559 1.488
3.04359 1.48775
3.04159 1.4875
3.03959 1.48725
3.03759 1.487
3.03559 1.48675
3.03359 1.4865
3.03159 1.48625
3.02959 1.486
3.02759 1.48575
3.02559 1.4855
3.02359 1.48525
3.02159 1.485
3.01959 1.48475
3.01759 1.4845
3.01559 1.48425
3.01359 1.484
3.01159 1.48375
3.00959 1.4835
3.00759 1.48325
3.00559 1.483
3.00359 1.48275
3.00159 1.4825
2.99959 1.48225
2.99759 1.482
2.99559 1.48175
2.99359 1.4815
2.99159 1.48125
2.98959 1.481
2.98759 1.48075
2.98559 1.4805
2.98359 1.48025
2.98159 1.48
2.97959 1.47975
2.97759 1.4795
2.97559 1.47925
2.97359 1.479
2.97159 1.47875
2.96959 1.4785
2.96759 1.47825
2.96559 1.478
2.96359 1.47775
2.96159 1.4775
2.95959 1.47725
2.95759 1.477
2.95559 1.47675
2.95359 1.4765
2.95159 1.47625
2.94959 1.476
2.94759 1.47575
2.94559 1.4755
2.94359 1.47525
2.94159 1.475
2.93959 1.47475
2.93759 1.4745
2.93559 1.47425
2.93359 1.474
2.93159 1.47375
2.92959 1.4735
2.92759 1.47325
2.92559 1.473
2.92359 1.47275
2.92159 1.4725
2.91959 1.47225
2.91759 1.472
2.91559 1.47175
2.91359 1.4715
2.91159 1.47125
2.90959 1.471
2.90759 1.47075
2.90559 1.4705
2.90359 1.47025
2.90159 1.47
2.89959 1.46975
2.89759 1.4695
2.89559 1.46925
2.89359 1.469
2.89159 1.46875
2.88959 1.4685
2.88759 1.46825
2.88559 1.468
2.88359 1.46775
2.88159 1.4675
2.87959 1.46725
2.87759 1.467
2.87559 1.46675
2.87359 1.4665
2.87159 1.46625
2.86959 1.466
2.86759 1.46575
2.86559 1.4655
2.86359 1.46525
2.86159 1.465
2.85959 1.46475
2.85759 1.4645
2.85559 1.46425
2.85359 1.464
2.85159 1.46375
2.84959 1.4635
2.84759 1.46325
2.84559 1.463
2.84359 1.46275
2.84159 1.4625
2.83959 1.46225
2.83759 1.462
2.83559 1.46175
2.83359 1.4615
2.83159 1.46125
2.82959 1.461
2.82759 1.46075
2.82559 1.4605
2.82359 1.46025
2.82159 1.46
2.81959 1.45975
2.81759 1.4595
2.81559 1.45925
2.81359 1.459
2.81159 1.45875
2.80959 1.4585
2.80759 1.45825
2.80559 1.458
2.80359 1.45775
2.80159 1.4575
2.79959 1.45725
2.79759 1.457
2.79559 1.45675
2.79359 1.4565
2.79159 1.45625
2.78959 1.456
2.78759 1.45575
2.78559 1.4555
2.78359 1.45525
2.78159 1.455
2.77959 1.45475
2.77759 1.4545
2.77559 1.45425
2.77359 1.454
2.77159 1.45375
2.76959 1.4535
2.76759 1.45325
2.76559 1.453
2.76359 1.45275
2.76159 1.4525
2.75959 1.45225
2.75759 1.452
2.75559 1.45175
2.75359 1.4515
2.75159 1.45125
2.74959 1.451
2.74759 1.45075
2.74559 1.4505
2.74359 1.45025
2.74159 1.45
2.73959 1.44975
2.73759 1.4495
2.73559 1.44925
2.73359 1.449
2.73159 1.44875
2.72959 1.4485
2.72759 1.44825
2.72559 1.448
2.72359 1.44775
2.72159 1.4475
2.71959 1.44725
2.71759 1.447
2.71559 1.44675
2.71359 1.4465
2.71159 1.44625
2.70959 1.446
2.70759 1.44575
2.70559 1.4455
2.70359 1.44525
2.70159 1.445
2.69959 1.44475
2.69759 1.4445
2.69559 1.44425
2.69359 1.444
2.69159 1.44375
2.68959 1.4435
2.68759 1.44325
2.68559 1.443
2.68359 1.44275
2.68159 1.4425
2.67959 1.44225
2.67759 1.442
2.67559 1.44175
2.67359 1.4415
2.67159 1.44125
2.66959 1.441
2.66759 1.44075
2.66559 1.4405
2.66359 1.44025
2.66159 1.44
2.65959 1.43975
2.65759 1.4395
2.65559 1.43925
2.65359 1.439
2.65159 1.43875
2.64959 1.4385
2.64759 1.43825
2.64559 1.438
2.64359 1.43775
2.64159 1.4375
2.63959 1.43725
2.63759 1.437
2.63559 1.43675
2.63359 1.4365
2.63159 1.43625
2.62959 1.436
2.62759 1.43575
2.62559 1.4355
2.62359 1.43525
2.62159 1.435
2.61959 1.43475
2.61759 1.4345
2.61559 1.43425
2.61359 1.434
2.61159 1.43375
2.60959 1.4335
2.60759 1.43325
2.60559 1.433
2.60359 1.43275
2.60159 1.4325
2.59959 1.43225
2.59759 1.432
2.59559 1.43175
2.59359 1.4315
2.59159 1.43125
2.58959 1.431
2.58759 1.43075
2.58559 1.4305
2.58359 1.43025
2.58159 1.43
2.57959 1.42975
2.57759 1.4295
2.57559 1.42925
2.57359 1.429
2.57159 1.42875
2.56959 1.4285
2.56759 1.42825
2.56559 1.428
2.56359 1.42775
2.56159 1.4275
2.55959 1.42725
2.55759 1.427
2.55559 1.42675
2.55359 1.4265
2.55159 1.42625
2.54959 1.426
2.54759 1.42575
2.54559 1.4255
2.54359 1.42525
2.54159 1.425
2.53959 1.42475
2.53759 1.4245
2.53559 1.42425
2.53359 1.424
2.53159 1.42375
2.52959 1.4235
2.52759 1.42325
2.52559 1.423
2.52359 1.42275
2.52159 1.4225
2.51959 1.42225
2.51759 1.422
2.51559 1.42175
2.51359 1.4215
2.51159 1.42125
2.50959 1.421
2.50759 1.42075
2.50559 1.4205
2.50359 1.42025
2.50159 1.42
2.49959 1.41975
2.49759 1.4195
2.49559 1.41925
2.49359 1.419
2.49159 1.41875
2.48959 1.4185
2.48759 1.41825
2.48559 1.418
2.48359 1.41775
2.48159 1.4175
2.47959 1.41725
2.47759 1.417
2.47559 1.41675
2.47359 1.4165
2.47159 1.41625
2.46959 1.416
2.46759 1.41575
2.46559 1.4155
2.46359 1.41525
2.46159 1.415
2.45959 1.41475
2.45759 1.4145
2.45559 1.41425
2.45359 1.414
2.45159 1.41375
2.44959 1.4135
2.44759 1.41325
2.44559 1.413
2.44359 1.41275
2.44159 1.4125
2.43959 1.41225
2.43759 1.412
2.43559 1.41175
2.43359 1.4115
2.43159 1.41125
2.42959 1.411
2.42759 1.41075
2.42559 1.4105
2.42359 1.41025
2.42159 1.41
2.41959 1.40975
2.41759 1.4095
2.41559 1.40925
2.41359 1.409
2.41159 1.40875
2.40959 1.4085
2.40759 1.40825
2.40559 1.408
2.40359 1.40775
2.40159 1.4075
2.39959 1.40725
2.39759 1.407
2.39559 1.40675
2.39359 1.4065
2.39159 1.40625
2.38959 1.406
2.38759 1.40575
2.38559 1.4055
2.38359 1.40525
2.38159 1.405
2.37959 1.40475
2.37759 1.4045
2.37559 1.40425
2.37359 1.404
2.37159 1.40375
2.36959 1.4035
2.36759 1.40325
2.36559 1.403
2.36359 1.40275
2.36159 1.4025
2.35959 1.40225
2.35759 1.402
2.95841 1.40175
3.26549 1.4015
3.57335 1.40125
3.88198 1.401
3.88398 1.40075
3.88598 1.4005
3.88798 1.40025
3.88998 1.4
3.89198 1.39975
3.89398 1.3995
3.89598 1.39925
3.89798 1.399
3.89998 1.39875
3.90198 1.3985
3.90398 1.39825
3.90598 1.398
3.90798 1.39775
3.90998 1.3975
3.91198 1.39725
3.91398 1.397
3.91598 1.39675
3.91798 1.3965
3.91998 1.39625
3.92198 1.396
3.92398 1.39575
3.92598 1.3955
3.92798 1.39525
4.25378 1.395
4.25578 1.39475
4.25778 1.3945
4.25978 1.39425
4.26178 1.394
4.26378 1.39375
4.26578 1.3935
4.26778 1.39325
4.26978 1.393
4.27178 1.39275
4.27378 1.3925
4.27578 1.39225
4.27778 1.392
4.27978 1.39175
4.28178 1.3915
4.28378 1.39125
4.28578 1.391
4.28778 1.39075
4.28978 1.3905
4.29178 1.39025
4.29378 1.39
4.29578 1.38975
4.29778 1.3895
4.29978 1.38925
4.30178 1.389
4.30378 1.38875
4.30578 1.3885
4.30778 1.38825
4.30978 1.388
4.31178 1.38775
4.31378 1.3875
4.31578 1.38725
4.31778 1.387
3.96466 1.38675
3.69849 1.3865
3.52028 1.38625
3.34168 1.386
3.16269 1.38575
2.98331 1.3855
2.8596 1.38525
2.83696 1.385
2.82548 1.38475
2.81398 1.3845
2.80245 1.38425
2.7909 1.384
2.77933 1.38375
2.76773 1.3835
2.75611 1.38325
2.74446 1.383
2.73279 1.38275
2.72109 1.3825
2.70937 1.38225
2.69763 1.382
2.68586 1.38175
2.67407 1.3815
2.66225 1.38125
2.65041 1.381
2.63855 1.38075
2.62666 1.3805
2.61474 1.38025
2.60281 1.38
2.59085 1.37975
2.57886 1.3795
2.56685 1.37925
2.55482 1.379
2.54276 1.37875
2.53067 1.3785
2.51857 1.37825
2.50644 1.378
2.49428 1.37775
2.4821 1.3775
2.4699 1.37725
2.45785 1.377
2.44659 1.37675
2.43597 1.3765
2.4259 1.37625
2.41657 1.376
2.40735 1.37575
2.39854 1.3755
2.39654 1.37525
2.39454 1.375
2.39254 1.37475
2.39054 1.3745
2.38854 1.37425
2.38654 1.374
2.38454 1.37375
2.38254 1.3735
2.38054 1.37325
2.37854 1.373
2.37654 1.37275
2.37454 1.3725
2.37254 1.37225
2.37054 1.372
2.36854 1.37175
2.36654 1.3715
2.36454 1.37125
2.36254 1.371
2.36054 1.37075
2.35854 1.3705
2.35654 1.37025
2.35454 1.37
2.35254 1.36975
2.35054 1.3695
2.34854 1.36925
2.34654 1.369
2.34454 1.36875
2.34254 1.3685
2.34054 1.36825
2.33854 1.368
2.33654 1.36775
2.33454 1.3675
2.33254 1.36725
2.33054 1.367
2.32854 1.36675
2.32654 1.3665
2.32454 1.36625
2.32254 1.366
2.32054 1.36575
2.31854 1.3655
2.31654 1.36525
2.31454 1.365
2.31254 1.36475
2.31054 1.3645
2.30854 1.36425
2.30654 1.364
2.30454 1.36375
2.30254 1.3635
2.30054 1.36325
2.29854 1.363
2.29654 1.36275
2.29454 1.3625
2.29254 1.36225
2.29054 1.362
2.28854 1.36175
2.28654 1.3615
2.28454 1.36125
2.28254 1.361
2.28054 1.36075
2.27854 1.3605
2.27654 1.36025
2.27454 1.36
2.27254 1.35975
2.27054 1.3595
2.26854 1.35925
2.26654 1.359
2.26454 1.35875
2.26254 1.3585
2.26054 1.35825
2.25854 1.358
2.25654 1.35775
2.25454 1.3575
2.25254 1.35725
2.25054 1.357
2.24854 1.35675
2.24654 1.3565
2.24454 1.35625
2.24254 1.356
2.24054 1.35575
2.23854 1.3555
2.23654 1.35525
2.23454 1.355
2.23254 1.35475
2.23054 1.3545
2.22854 1.35425
2.22654 1.354
2.22454 1.35375
2.22254 1.3535
2.22054 1.35325
2.21854 1.353
2.21654 1.35275
2.21454 1.3525
2.21254 1.35225
2.21054 1.352
2.20854 1.35175
2.20654 1.3515
2.20454 1.35125
2.20254 1.351
2.20054 1.35075
2.19854 1.3505
2.19654 1.35025
2.19454 1.35
2.19254 1.34975
2.19054 1.3495
2.18854 1.34925
2.18654 1.349
2.18454 1.34875
2.18254 1.3485
2.18054 1.34825
2.17854 1.348
2.17654 1.34775
2.17454 1.3475
2.17254 1.34725
2.17054 1.347
2.16854 1.34675
2.16654 1.3465
2.16454 1.34625
2.16254 1.346
2.16054 1.34575
2.15854 1.3455
2.15654 1.34525
2.15454 1.345
2.15254 1.34475
2.15054 1.3445
2.14854 1.34425
2.14654 1.344
2.14454 1.34375
2.14254 1.3435
2.14054 1.34325
2.13854 1.343
2.13654 1.34275
2.13454 1.3425
2.13254 1.34225
2.13054 1.342
2.12854 1.34175
2.12654 1.3415
2.12454 1.34125
2.12254 1.341
2.12054 1.34075
2.11854 1.3405
2.11654 1.34025
2.11454 1.34
2.11254 1.33975
2.11054 1.3395
2.10854 1.33925
2.10654 1.339
2.10454 1.33875
2.10254 1.3385
2.10054 1.33825
2.09854 1.338
2.09654 1.33775
2.09454 1.3375
2.09254 1.33725
2.09054 1.337
2.08854 1.33675
2.08654 1.3365
2.08454 1.33625
2.08254 1.336
2.08054 1.33575
2.07854 1.3355
2.07654 1.33525
2.07454 1.335
2.07254 1.33475
2.07054 1.3345
2.06854 1.33425
2.06654 1.334
2.06454 1.33375
2.06254 1.3335
2.06054 1.33325
2.05854 1.333
2.05654 1.33275
2.05454 1.3325
2.05254 1.33225
2.05054 1.332
2.04854 1.33175
2.04654 1.3315
2.04454 1.33125
2.04254 1.331
2.04054 1.33075
2.03854 1.3305
2.03654 1.33025
2.03454 1.33
2.03254 1.32975
2.03054 1.3295
2.02854 1.32925
2.02654 1.329
2.02454 1.32875
2.02254 1.3285
2.02054 1.32825
2.01854 1.328
2.01654 1.32775
2.01454 1.3275
2.01254 1.32725
2.01054 1.327
2.00854 1.32675
2.00654 1.3265
2.00454 1.32625
2.00254 1.326
2.00054 1.32575
1.99854 1.3255
1.99654 1.32525
1.99454 1.325
1.99254 1.32475
1.99054 1.3245
1.98854 1.32425
1.98654 1.324
1.98454 1.32375
1.98254 1.3235
1.98054 1.32325
1.97854 1.323
1.97654 1.32275
1.97454 1.3225
1.97254 1.32225
1.97054 1.322
1.96854 1.32175
1.96654 1.3215
1.96454 1.32125
1.96254 1.321
1.96054 1.32075
1.95854 1.3205
1.95654 1.32025
1.95454 1.32
1.95254 1.31975
1.95054 1.3195
1.94854 1.31925
1.94654 1.319
1.94454 1.31875
1.94254 1.3185
1.94054 1.31825
1.93854 1.318
1.93654 1.31775
1.93454 1.3175
1.93254 1.31725
1.93054 1.317
1.92854 1.31675
1.92654 1.3165
1.92454 1.31625
1.92254 1.316
1.92054 1.31575
1.91854 1.3155
1.91654 1.31525
1.91454 1.315
1.91254 1.31475
1.91054 1.3145
1.90854 1.31425
1.90654 1.314
1.90454 1.31375
1.90254 1.3135
1.90054 1.31325
1.89854 1.313
1.89654 1.31275
1.89454 1.3125
1.89254 1.31225
1.89054 1.312
1.88854 1.31175
1.88654 1.3115
1.88454 1.31125
1.88254 1.311
1.88054 1.31075
1.87854 1.3105
1.87654 1.31025
1.87454 1.31
1.87254 1.30975
1.87054 1.3095
1.86854 1.30925
1.86654 1.309
1.86454 1.30875
1.86254 1.3085
1.86054 1.30825
1.85854 1.308
1.85654 1.30775
1.85454 1.3075
1.85254 1.30725
1.85054 1.307
1.84854 1.30675
1.84654 1.3065
1.84454 1.30625
1.84254 1.306
1.84054 1.30575
1.83854 1.3055
1.83654 1.30525
1.83454 1.305
1.83254 1.30475
1.83054 1.3045
1.82854 1.30425
1.82654 1.304
1.82454 1.30375
1.82254 1.3035
1.82054 1.30325
1.81854 1.303
1.81654 1.30275
1.81454 1.3025
1.81254 1.30225
1.81054 1.302
1.80854 1.30175
1.80654 1.3015
1.80454 1.30125
1.80254 1.301
1.80054 1.30075
1.79854 1.3005
1.79654 1.30025
1.79454 1.3
1.79254 1.29975
1.79054 1.2995
1.78854 1.29925
1.78654 1.299
1.78454 1.29875
1.78254 1.2985
1.78054 1.29825
1.77854 1.298
1.77654 1.29775
1.77454 1.2975
1.77254 1.29725
1.77054 1.297
1.76854 1.29675
1.76654 1.2965
1.76454 1.29625
1.76254 1.296
1.76054 1.29575
1.75854 1.2955
1.75654 1.29525
1.75454 1.295
1.75254 1.29475
1.75054 1.2945
1.74854 1.29425
1.74654 1.294
1.74454 1.29375
1.74254 1.2935
1.74054 1.29325
1.73854 1.293
1.73654 1.29275
1.73454 1.2925
1.73254 1.29225
1.73054 1.292
1.72854 1.29175
1.72654 1.2915
1.72454 1.29125
1.72254 1.291
1.72054 1.29075
1.71854 1.2905
1.71654 1.29025
1.71454 1.29
1.71254 1.28975
1.71054 1.2895
1.70854 1.28925
1.70654 1.289
1.70454 1.28875
1.70254 1.2885
1.70054 1.28825
1.69854 1.288
1.69654 1.28775
1.69454 1.2875
1.69254 1.28725
1.69054 1.287
1.68854 1.28675
1.68654 1.2865
1.68454 1.28625
1.68254 1.286
1.68054 1.28575
1.67854 1.2855
1.67654 1.28525
1.67454 1.285
1.67254 1.28475
1.67054 1.2845
1.66854 1.28425
1.66654 1.284
1.66454 1.28375
1.66254 1.2835
1.66054 1.28325
1.65854 1.283
1.65654 1.28275
1.65454 1.2825
1.65254 1.28225
1.65054 1.282
1.64854 1.28175
1.64654 1.2815
1.64454 1.28125
1.64254 1.281
1.64054 1.28075
1.63854 1.2805
1.63654 1.28025
1.63454 1.28
1.63254 1.27975
1.63054 1.2795
1.62854 1.27925
1.62654 1.279
1.62454 1.27875
1.62254 1.2785
1.62054 1.27825
1.61854 1.278
1.61654 1.27775
1.61454 1.2775
1.61254 1.27725
1.61054 1.277
1.60854 1.27675
1.60654 1.2765
1.60454 1.27625
1.60254 1.276
1.60054 1.27575
1.59854 1.2755
1.59654 1.27525
1.59454 1.275
1.59254 1.27475
1.59054 1.2745
1.58854 1.27425
1.58654 1.274
1.58454 1.27375
1.58254 1.2735
1.58054 1.27325
1.57854 1.273
1.57654 1.27275
1.57454 1.2725
1.57254 1.27225
1.57054 1.272
1.56854 1.27175
1.56654 1.2715
1.56454 1.27125
1.56254 1.271
1.56054 1.27075
1.55854 1.2705
1.55654 1.27025
1.55454 1.27
1.55254 1.26975
1.55054 1.2695
1.54854 1.26925
1.54654 1.269
1.54454 1.26875
1.54254 1.2685
1.54054 1.26825
1.53854 1.268
1.53654 1.26775
1.53454 1.2675
1.53254 1.26725
1.53054 1.267
1.52854 1.26675
1.52654 1.2665
1.52454 1.26625
1.52254 1.266
1.52054 1.26575
1.51854 1.2655
1.51654 1.26525
1.51454 1.265
1.51254 1.26475
1.51054 1.2645
1.50854 1.26425
1.50654 1.264
1.50454 1.26375
1.50254 1.2635
1.50054 1.26325
1.49854 1.263
1.49654 1.26275
1.49454 1.2625
1.49254 1.26225
1.49054 1.262
1.48854 1.26175
1.48654 1.2615
1.48454 1.26125
1.48254 1.261
1.48054 1.26075
1.47854 1.2605
1.47654 1.26025
1.47454 1.26
1.47254 1.25975
1.47054 1.2595
1.46854 1.25925
1.46654 1.259
1.46454 1.25875
1.46254 1.2585
1.46054 1.25825
1.45854 1.258
1.45654 1.25775
1.45454 1.2575
1.45254 1.25725
1.45054 1.257
1.44854 1.25675
1.44654 1.2565
1.44454 1.25625
1.44254 1.256
1.44054 1.25575
1.43854 1.2555
1.43654 1.25525
1.43454 1.255
1.43254 1.25475
1.43054 1.2545
1.42854 1.25425
1.42654 1.254
1.42454 1.25375
1.42254 1.2535
1.42054 1.25325
1.41854 1.253
1.41654 1.25275
1.41454 1.2525
1.41254 1.25225
1.41054 1.252
1.40854 1.25175
1.40654 1.2515
1.40454 1.25125
1.40254 1.251
1.40054 1.25075
1.39854 1.2505
1.39654 1.25025
1.39454 1.25
1.39254 1.24975
1.39054 1.2495
1.38854 1.24925
1.38654 1.249
1.38454 1.24875
1.38254 1.2485
1.38054 1.24825
1.37854 1.248
1.37654 1.24775
1.37454 1.2475
1.37254 1.24725
1.37054 1.247
1.36854 1.24675
1.36654 1.2465
1.36454 1.24625
1.36254 1.246
1.36054 1.24575
1.35854 1.2455
1.35654 1.24525
1.35454 1.245
1.35254 1.24475
1.35054 1.2445
1.34854 1.24425
1.34654 1.244
1.34454 1.24375
1.34254 1.2435
1.34054 1.24325
1.33854 1.243
1.33654 1.24275
1.33454 1.2425
1.33254 1.24225
1.33054 1.242
1.32854 1.24175
1.32654 1.2415
1.32454 1.24125
1.32254 1.241
1.32054 1.24075
1.31854 1.2405
1.31654 1.24025
1.31454 1.24
1.31254 1.23975
1.31054 1.2395
1.30854 1.23925
1.30654 1.239
1.30454 1.23875
1.30254 1.2385
1.30054 1.23825
1.29854 1.238
1.29654 1.23775
1.29454 1.2375
1.29254 1.23725
1.29054 1.237
1.28854 1.23675
1.28654 1.2365
1.28454 1.23625
1.28254 1.236
1.28054 1.23575
1.27854 1.2355
1.27654 1.23525
1.27454 1.235
1.27254 1.23475
1.27054 1.2345
1.26854 1.23425
1.26654 1.234
1.26454 1.23375
1.26254 1.2335
1.26054 1.23325
1.25854 1.233
1.25654 1.23275
1.25454 1.2325
1.25254 1.23225
1.25054 1.232
1.24854 1.23175
1.24654 1.2315
1.24454 1.23125
1.24254 1.231
1.24054 1.23075
1.23854 1.2305
1.23654 1.23025
1.23454 1.23
1.23254 1.22975
1.23054 1.2295
1.22854 1.22925
1.22654 1.229
1.22454 1.22875
1.22254 1.2285
1.22054 1.22825
1.21854 1.228
1.21654 1.22775
1.21454 1.2275
1.21254 1.22725
1.21054 1.227
1.20854 1.22675
1.20654 1.2265
1.20454 1.22625
1.20254 1.226
1.20054 1.22575
1.19854 1.2255
1.19654 1.22525
1.19454 1.225
1.19254 1.22475
1.19054 1.2245
1.18854 1.22425
1.18654 1.224
1.18454 1.22375
1.18254 1.2235
1.18054 1.22325
1.17854 1.223
1.17654 1.22275
1.17454 1.2225
1.17254 1.22225
1.17054 1.222
1.16854 1.22175
1.16654 1.2215
1.16454 1.22125
1.16254 1.221
1.16054 1.22075
1.15854 1.2205
1.15654 1.22025
1.15454 1.22
1.15254 1.21975
1.15054 1.2195
1.14854 1.21925
1.14654 1.219
1.14454 1.21875
1.14254 1.2185
1.14054 1.21825
1.13854 1.218
1.13654 1.21775
1.13454 1.2175
1.13254 1.21725
1.13054 1.217
1.12854 1.21675
1.12654 1.2165
1.12454 1.21625
1.12254 1.216
1.12054 1.21575
1.11854 1.2155
1.11654 1.21525
1.11454 1.215
1.11254 1.21475
1.11054 1.2145
1.10854 1.21425
1.10654 1.214
1.10454 1.21375
1.10254 1.2135
1.10054 1.21325
1.09854 1.213
1.09654 1.21275
1.09454 1.2125
1.09254 1.21225
1.09054 1.212
1.08854 1.21175
1.08654 1.2115
1.08454 1.21125
1.08254 1.211
1.08054 1.21075
1.07854 1.2105
1.07654 1.21025
1.07454 1.21
1.07254 1.20975
1.07054 1.2095
1.06854 1.20925
1.06654 1.209
1.06454 1.20875
1.06254 1.2085
1.06054 1.20825
1.05854 1.208
1.05654 1.20775
1.05454 1.2075
1.05254 1.20725
1.05054 1.207
1.04854 1.20675
1.04654 1.2065
1.04454 1.20625
1.04254 1.206
1.04054 1.20575
1.03854 1.2055
1.03654 1.20525
1.03454 1.205
1.03254 1.20475
1.03054 1.2045
1.02854 1.20425
1.02654 1.204
1.02454 1.20375
1.02254 1.2035
1.02054 1.20325
1.01854 1.203
1.01654 1.20275
1.01454 1.2025
1.01254 1.20225
1.01054 1.202
1.00854 1.20175
1.00654 1.2015
1.00454 1.20125
1.00254 1.201
1.00054 1.20075
0.998535 1.2005
0.996535 1.20025
0.994535 1.2
0.992535 1.19975
0.990535 1.1995
0.988535 1.19925
0.986535 1.199
0.984535 1.19875
0.982535 1.1985
0.980535 1.19825
0.978535 1.198
0.976535 1.19775
0.974535 1.1975
0.972535 1.19725
0.970535 1.197
0.968535 1.19675
0.966535 1.1965
0.964535 1.19625
0.962535 1.196
0.960535 1.19575
0.958535 1.1955
0.956535 1.19525
0.954535 1.195
0.952535 1.19475
0.950535 1.1945
0.948535 1.19425
0.946535 1.194
0.944535 1.19375
0.942535 1.1935
0.940535 1.19325
0.938535 1.193
0.936535 1.19275
0.934535 1.1925
0.932535 1.19225
0.930535 1.192
0.928535 1.19175
0.926535 1.1915
0.924535 1.19125
0.922535 1.191
0.920535 1.19075
0.918535 1.1905
0.916535 1.19025
0.914535 1.19
0.912535 1.18975
0.910535 1.1895
0.908535 1.18925
0.906535 1.189
0.904535 1.18875
0.902535 1.1885
0.900535 1.18825
0.898535 1.188
0.896535 1.18775
0.894535 1.1875
0.892535 1.18725
0.890535 1.187
0.888535 1.18675
0.886535 1.1865
0.884535 1.18625
0.882535 1.186
0.880535 1.18575
0.878535 1.1855
0.876535 1.18525
0.874535 1.185
0.872535 1.18475
0.870535 1.1845
0.868535 1.18425
0.866535 1.184
0.864535 1.18375
0.862535 1.1835
0.860535 1.18325
0.858535 1.183
0.856535 1.18275
0.854535 1.1825
0.852535 1.18225
0.850535 1.182
0.848535 1.18175
0.846535 1.1815
0.844535 1.18125
0.842535 1.181
0.840535 1.18075
0.838535 1.1805
0.836535 1.18025
0.834535 1.18
0.832535 1.17975
0.830535 1.1795
0.828535 1.17925
0.826535 1.179
0.824535 1.17875
0.822535 1.1785
0.820535 1.17825
0.818535 1.178
0.816535 1.17775
0.814535 1.1775
0.812535 1.17725
0.810535 1.177
0.808535 1.17675
0.806535 1.1765
0.804535 1.17625
0.802535 1.176
0.800535 1.17575
0.798535 1.1755
0.796535 1.17525
0.794535 1.175
0.792535 1.17475
0.790535 1.1745
0.788535 1.17425
0.786535 1.174
0.784535 1.17375
0.782535 1.1735
0.780535 1.17325
0.778535 1.173
0.776535 1.17275
0.774535 1.1725
0.772535 1.17225
0.770535 1.172
0.768535 1.17175
0.766535 1.1715
0.764535 1.17125
0.762535 1.171
0.760535 1.17075
0.758535 1.1705
0.756535 1.17025
0.754535 1.17
0.752535 1.16975
0.750535 1.1695
0.748535 1.16925
0.746535 1.169
0.744535 1.16875
0.742535 1.1685
0.740535 1.16825
0.738535 1.168
0.736535 1.16775
0.734535 1.1675
0.732535 1.16725
0.730535 1.167
0.728535 1.16675
0.726535 1.1665
0.724535 1.16625
0.722535 1.166
0.720535 1.16575
0.718535 1.1655
0.716535 1.16525
0.714535 1.165
0.712535 1.16475
0.710535 1.1645
0.708535 1.16425
0.706535 1.164
0.704535 1.16375
0.702535 1.1635
0.700535 1.16325
0.698535 1.163
0.696535 1.16275
0.694535 1.1625
0.692535 1.16225
0.690535 1.162
0.688535 1.16175
0.686535 1.1615
0.684535 1.16125
0.682535 1.161
0.680535 1.16075
0.678535 1.1605
0.676535 1.16025
0.674535 1.16
0.672535 1.15975
0.670535 1.1595
0.668535 1.15925
0.666535 1.159
0.664535 1.15875
0.662535 1.1585
0.660535 1.15825
0.658535 1.158
0.656535 1.15775
0.654535 1.1575
0.652535 1.15725
0.650535 1.157
0.648535 1.15675
0.646535 1.1565
0.644535 1.15625
0.642535 1.156
0.640535 1.15575
0.638535 1.1555
0.636535 1.15525
0.634535 1.155
0.632535 1.15475
0.630535 1.1545
0.628535 1.15425
0.626535 1.154
0.624535 1.15375
0.622535 1.1535
0.620535 1.15325
0.618535 1.153
0.616535 1.15275
0.614535 1.1525
0.612535 1.15225
0.610535 1.152
0.608535 1.15175
0.606535 1.1515
0.604535 1.15125
0.602535 1.151
0.600535 1.15075
0.598535 1.1505
0.596535 1.15025
0.594535 1.15
0.592535 1.14975
0.590535 1.1495
0.588535 1.14925
0.586535 1.149
0.584535 1.14875
0.582535 1.1485
0.580535 1.14825
0.578535 1.148
0.576535 1.14775
0.574535 1.1475
0.572535 1.14725
0.570535 1.147
0.568535 1.14675
0.566535 1.1465
0.564535 1.14625
0.562535 1.146
0.560535 1.14575
0.558535 1.1455
0.556535 1.14525
0.554535 1.145
0.552535 1.14475
0.550535 1.1445
0.548535 1.14425
0.546535 1.144
0.544535 1.14375
0.542535 1.1435
0.540535 1.14325
0.538535 1.143
0.536535 1.14275
0.534535 1.1425
0.532535 1.14225
0.530535 1.142
0.528535 1.14175
0.526535 1.1415
0.524535 1.14125
0.522535 1.141
0.520535 1.14075
0.518535 1.1405
0.516535 1.14025
0.514535 1.14
0.512535 1.13975
0.510535 1.1395
0.508535 1.13925
0.506535 1.139
0.504535 1.13875
0.502535 1.1385
0.500535 1.13825
0.498535 1.138
0.496535 1.13775
0.494535 1.1375
0.492535 1.13725
0.490535 1.137
0.488535 1.13675
0.486535 1.1365
0.484535 1.13625
0.482535 1.136
0.480535 1.13575
0.478535 1.1355
0.476535 1.13525
0.474535 1.135
0.472535 1.13475
0.470535 1.1345
0.468535 1.13425
0.466535 1.134
0.464535 1.13375
0.462535 1.1335
0.460535 1.13325
0.458535 1.133
0.456535 1.13275
0.454535 1.1325
0.452535 1.13225
0.450535 1.132
0.448535 1.13175
0.446535 1.1315
0.444535 1.13125
0.442535 1.131
0.440535 1.13075
0.438535 1.1305
0.436535 1.13025
0.434535 1.13
0.432535 1.12975
0.430535 1.1295
0.428535 1.12925
0.426535 1.129
0.424535 1.12875
0.422535 1.1285
0.420535 1.12825
0.418535 1.128
0.416535 1.12775
0.414535 1.1275
0.412535 1.12725
0.410535 1.127
0.408535 1.12675
0.406535 1.1265
0.404535 1.12625
0.402535 1.126
0.400535 1.12575
0.398535 1.1255
0.396535 1.12525
0.394535 1.125
0.392535 1.12475
0.390535 1.1245
0.388535 1.12425
0.386535 1.124
0.384535 1.12375
0.382535 1.1235
0.380535 1.12325
0.378535 1.123
0.376535 1.12275
0.374535 1.1225
0.372535 1.12225
0.370535 1.122
0.368535 1.12175
0.366535 1.1215
0.364535 1.12125
0.362535 1.121
0.360535 1.12075
0.358535 1.1205
0.356535 1.12025
0.354535 1.12
0.352535 1.11975
0.350535 1.1195
0.348535 1.11925
0.346535 1.119
0.344535 1.11875
0.342535 1.1185
0.340535 1.11825
0.338535 1.118
0.336535 1.11775
0.334535 1.1175
0.332535 1.11725
0.330535 1.117
0.328535 1.11675
0.326535 1.1165
0.324535 1.11625
0.322535 1.116
0.320535 1.11575
0.318535 1.1155
0.316535 1.11525
0.314535 1.115
0.312535 1.11475
0.310535 1.1145
0.308535 1.11425
0.306535 1.114
0.304535 1.11375
0.302535 1.1135
0.300535 1.11325
0.298535 1.113
0.296535 1.11275
0.294535 1.1125
0.292535 1.11225
0.290535 1.112
0.288535 1.11175
0.286535 1.1115
0.284535 1.11125
0.282535 1.111
0.280535 1.11075
0.278535 1.1105
0.276535 1.11025
0.274535 1.11
0.272535 1.10975
0.270535 1.1095
0.268535 1.10925
0.266535 1.109
0.264535 1.10875
0.262535 1.1085
0.260535 1.10825
0.258535 1.108
0.256535 1.10775
0.254535 1.1075
0.252535 1.10725
0.250535 1.107
0.248535 1.10675
0.246535 1.1065
0.244535 1.10625
0.242535 1.106
0.240535 1.10575
0.238535 1.1055
0.236535 1.10525
0.234535 1.105
0.232535 1.10475
0.230535 1.1045
0.228535 1.10425
0.226535 1.104
0.224535 1.10375
0.222535 1.1035
0.220535 1.10325
0.218535 1.103
0.216535 1.10275
0.214535 1.1025
0.212535 1.10225
0.210535 1.102
0.208535 1.10175
0.206535 1.1015
0.204535 1.10125
0.202535 1.101
0.200535 1.10075
0.198535 1.1005
0.196535 1.10025
0.194535 1.1
0.192535 1.09975
0.190535 1.0995
0.188535 1.09925
0.186535 1.099
0.184535 1.09875
0.182535 1.0985
0.180535 1.09825
0.178535 1.098
0.176535 1.09775
0.174535 1.0975
0.172535 1.09725
0.170535 1.097
0.168535 1.09675
0.166535 1.0965
0.164535 1.09625
0.162535 1.096
0.160535 1.09575
0.158535 1.0955
0.156535 1.09525
0.154535 1.095
0.152535 1.09475
0.150535 1.0945
0.148535 1.09425
0.146535 1.094
0.144535 1.09375
0.142535 1.0935
0.140535 1.09325
0.138535 1.093
0.136535 1.09275
0.134535 1.0925
0.132535 1.09225
0.130535 1.092
0.128535 1.09175
0.126535 1.0915
0.124535 1.09125
0.122535 1.091
0.120535 1.09075
0.118535 1.0905
0.116535 1.09025
0.114535 1.09
0.112535 1.08975
0.110535 1.0895
0.108535 1.08925
0.106535 1.089
0.104535 1.08875
0.102535 1.0885
0.100535 1.08825
0.0985354 1.088
0.0965354 1.08775
0.0945354 1.0875
0.0925354 1.08725
0.0905354 1.087
0.0885354 1.08675
0.0865354 1.0865
0.0845354 1.08625
0.0825354 1.086
0.0805354 1.08575
0.0785354 1.0855
0.0765354 1.08525
0.0745354 1.085
0.0725354 1.08475
0.0705354 1.0845
0.0685354 1.08425
0.0665354 1.084
0.0645354 1.08375
0.0625354 1.0835
0.0605354 1.08325
0.0585354 1.083
0.0565354 1.08275
0.0545354 1.0825
0.0525354 1.08225
0.0505354 1.082
0.0485354 1.08175
0.0465354 1.0815
0.0445354 1.08125
0.0425354 1.081
0.0405354 1.08075
0.0385354 1.0805
0.0365354 1.08025
0.0345354 1.08
0.0325354 1.07975
0.0305354 1.0795
0.0285354 1.07925
0.0265354 1.079
0.0245354 1.07875
0.0225354 1.0785
0.0205354 1.07825
0.0185354 1.078
0.0165354 1.07775
0.0145354 1.0775
0.0125354 1.07725
0.0105354 1.077
0.00853539 1.07675
0.00653539 1.0765
0.00453539 1.07625
0.00253539 1.076
0.000535389 1.07575
-0.00146461 1.0755
-0.00346461 1.07525
-0.00546461 1.075
-0.00746461 1.07475
-0.00946461 1.0745
-0.0114646 1.07425
-0.0134646 1.074
-0.0154646 1.07375
-0.0174646 1.0735
-0.0194646 1.07325
-0.0214646 1.073
-0.0234646 1.07275
-0.0254646 1.0725
-0.0274646 1.07225
-0.0294646 1.072
-0.0314646 1.07175
-0.0334646 1.0715
-0.0354646 1.07125
-0.0374646 1.071
-0.0394646 1.07075
-0.0414646 1.0705
-0.0434646 1.07025
-0.0454646 1.07
-0.0474646 1.06975
-0.0494646 1.0695
-0.0514646 1.06925
-0.0534646 1.069
-0.0554646 1.06875
-0.0574646 1.0685
-0.0594646 1.06825
-0.0614646 1.068
-0.0634646 1.06775
-0.0654646 1.0675
-0.0674646 1.06725
-0.0694646 1.067
-0.0714646 1.06675
-0.0734646 1.0665
-0.0754646 1.06625
-0.0774646 1.066
-0.0794646 1.06575
-0.0814646 1.0655
-0.0834646 1.06525
-0.0854646 1.065
-0.0874646 1.06475
-0.0894646 1.0645
-0.0914646 1.06425
-0.0934646 1.064
-0.0954646 1.06375
-0.0974646 1.0635
-0.0994646 1.06325
-0.101465 1.063
-0.103465 1.06275
-0.105465 1.0625
-0.107465 1.06225
-0.109465 1.062
-0.111465 1.06175
-0.113465 1.0615
-0.115465 1.06125
-0.117465 1.061
-0.119465 1.06075
-0.121465 1.0605
-0.123465 1.06025
-0.125465 1.06
-0.127465 1.05975
-0.129465 1.0595
-0.131465 1.05925
-0.133465 1.059
-0.135465 1.05875
-0.137465 1.0585
-0.139465 1.05825
-0.141465 1.058
-0.143465 1.05775
-0.145465 1.0575
-0.147465 1.05725
-0.149465 1.057
-0.151465 1.05675
-0.153465 1.0565
-0.155465 1.05625
-0.157465 1.056
-0.159465 1.05575
-0.161465 1.0555
-0.163465 1.05525
-0.165465 1.055
-0.167465 1.05475
-0.169465 1.0545
-0.171465 1.05425
-0.173465 1.054
-0.175465 1.05375
-0.177465 1.0535
-0.179465 1.05325
-0.181465 1.053
-0.183465 1.05275
-0.185465 1.0525
-0.187465 1.05225
-0.189465 1.052
-0.191465 1.05175
-0.193465 1.0515
-0.195465 1.05125
-0.197465 1.051
-0.199465 1.05075
-0.201465 1.0505
-0.203465 1.05025
-0.205465 1.05
-0.207465 1.04975
-0.209465 1.0495
-0.211465 1.04925
-0.213465 1.049
-0.215465 1.04875
-0.217465 1.0485
-0.219465 1.04825
-0.221465 1.048
-0.223465 1.04775
-0.225465 1.0475
-0.227465 1.04725
-0.229465 1.047
-0.231465 1.04675
-0.233465 1.0465
-0.235465 1.04625
-0.237465 1.046
-0.239465 1.04575
-0.241465 1.0455
-0.243465 1.04525
-0.245465 1.045
-0.247465 1.04475
-0.249465 1.0445
-0.251465 1.04425
-0.253465 1.044
-0.255465 1.04375
-0.257465 1.0435
-0.259465 1.04325
-0.261465 1.043
-0.263465 1.04275
-0.265465 1.0425
-0.267465 1.04225
-0.269465 1.042
-0.271465 1.04175
-0.273465 1.0415
-0.275465 1.04125
-0.277465 1.041
-0.279465 1.04075
-0.281465 1.0405
-0.283465 1.04025
-0.285465 1.04
-0.287465 1.03975
-0.289465 1.0395
-0.291465 1.03925
-0.293465 1.039
-0.295465 1.03875
-0.297465 1.0385
-0.299465 1.03825
-0.301465 1.038
-0.303465 1.03775
-0.305465 1.0375
-0.307465 1.03725
-0.309465 1.037
-0.311465 1.03675
-0.313465 1.0365
-0.315465 1.03625
-0.317465 1.036
-0.319465 1.03575
-0.321465 1.0355
-0.323465 1.03525
-0.325465 1.035
-0.327465 1.03475
-0.329465 1.0345
-0.331465 1.03425
-0.333465 1.034
-0.335465 1.03375
-0.337465 1.0335
-0.339465 1.03325
-0.341465 1.033
-0.343465 1.03275
-0.345465 1.0325
-0.347465 1.03225
-0.349465 1.032
-0.351465 1.03175
-0.353465 1.0315
-0.355465 1.03125
-0.357465 1.031
-0.359465 1.03075
-0.361465 1.0305
-0.363465 1.03025
-0.365465 1.03
-0.367465 1.02975
-0.369465 1.0295
-0.371465 1.02925
-0.373465 1.029
-0.375465 1.02875
-0.377465 1.0285
-0.379465 1.02825
-0.381465 1.028
-0.383465 1.02775
-0.385465 1.0275
-0.387465 1.02725
-0.389465 1.027
-0.391465 1.02675
-0.393465 1.0265
-0.395465 1.02625
-0.397465 1.026
-0.399465 1.02575
-0.401465 1.0255
-0.403465 1.02525
-0.405465 1.025
-0.407465 1.02475
-0.409465 1.0245
-0.411465 1.02425
-0.413465 1.024
-0.415465 1.02375
-0.417465 1.0235
-0.419465 1.02325
-0.421465 1.023
-0.423465 1.02275
-0.425465 1.0225
-0.427465 1.02225
-0.429465 1.022
-0.431465 1.02175
-0.433465 1.0215
-0.435465 1.02125
-0.437465 1.021
-0.439465 1.02075
-0.441465 1.0205
-0.443465 1.02025
-0.445465 1.02
-0.447465 1.01975
-0.449465 1.0195
-0.451465 1.01925
-0.453465 1.019
-0.455465 1.01875
-0.457465 1.0185
-0.459465 1.01825
-0.461465 1.018
-0.463465 1.01775
-0.465465 1.0175
-0.467465 1.01725
-0.469465 1.017
-0.471465 1.01675
-0.473465 1.0165
-0.475465 1.01625
-0.477465 1.016
-0.479465 1.01575
-0.481465 1.0155
-0.483465 1.01525
-0.485465 1.015
-0.487465 1.01475
-0.489465 1.0145
-0.491465 1.01425
-0.493465 1.014
-0.495465 1.01375
-0.497465 1.0135
-0.499465 1.01325
-0.501465 1.013
-0.503465 1.01275
-0.505465 1.0125
-0.507465 1.01225
-0.509465 1.012
-0.511465 1.01175
-0.513465 1.0115
-0.514465 1.01125
-0.513465 1.011
-0.512465 1.01075
-0.511465 1.0105
-0.510465 1.01025
-0.509464 1.01
-0.508464 1.00975
-0.507464 1.0095
-0.506464 1.00925
-0.505464 1.009
-0.504464 1.00875
-0.503464 1.0085
-0.502464 1.00825
-0.501464 1.008
-0.500464 1.00775
-0.499464 1.0075
-0.498464 1.00725
-0.497464 1.007
-0.496464 1.00675
-0.495464 1.0065
-0.494464 1.00625
-0.493464 1.006
-0.492464 1.00575
-0.491464 1.0055
-0.490464 1.00525
-0.489464 1.005
-0.488464 1.00475
-0.487464 1.0045
-0.486464 1.00425
-0.485464 1.004
-0.484464 1.00375
-0.483464 1.0035
-0.482464 1.00325
-0.481464 1.003
-0.480464 1.00275
-0.479464 1.0025
-0.478464 1.00225
-0.477464 1.002
-0.476464 1.00175
-0.475464 1.0015
-0.474464 1.00125
-0.473463 1.001
-0.472463 1.00075
-0.471463 1.0005
-0.470463 1.00025
-0.471463 1
