Man
0 0
0 0.001
0 0.002
0 0.003
0 0.004
0 0.005
0 0.006
0 0.007
0 0.008
0 0.009
0 0.01
0 0.011
0 0.012
0 0.013
0 0.014
0 0.015
0 0.016
0 0.017
0 0.018
0 0.019
0 0.02
0 0.021
0 0.022
0 0.023
0 0.024
0 0.025
0 0.026
0 0.027
0 0.028
0 0.029
0 0.03
0 0.031
0 0.032
0 0.033
0 0.034
0 0.035
0 0.036
0 0.037
0 0.038
0 0.039
0 0.04
0 0.041
0 0.042
0 0.043
0 0.044
0 0.045
0 0.046
0 0.047
0 0.048
0 0.049
0 0.05
0 0.051
0 0.052
0 0.053
0 0.054
0 0.055
0 0.056
0 0.057
0 0.058
0 0.059
0 0.06
0 0.061
0 0.062
0 0.063
0 0.064
0 0.065
0 0.066
0 0.067
0 0.068
0 0.069
0 0.07
0 0.071
0 0.072
0 0.073
0 0.074
0 0.075
0 0.076
0 0.077
0 0.078
0 0.079
0 0.08
0 0.081
0 0.082
0 0.083
0 0.084
0 0.085
0 0.086
0 0.087
0 0.088
0 0.089
0 0.09
0 0.091
0 0.092
0 0.093
0 0.094
0 0.095
0 0.096
0 0.097
0 0.098
-0.392699 0.099
-0.392699 0.1
-0.392699 0.101
-0.392699 0.102
-0.392699 0.103
-0.392699 0.104
-0.392699 0.105
-0.392699 0.106
-0.392699 0.107
-0.392699 0.108
-0.392699 0.109
-0.19635 0.11
-0.19635 0.111
-0.19635 0.112
-0.19635 0.113
-0.294524 0.114
-0.319068 0.115
-0.319068 0.116
-0.319068 0.117
-0.319068 0.118
-0.319068 0.119
-0.319068 0.12
-0.319068 0.121
-0.319068 0.122
-0.319068 0.123
-0.319068 0.124
-0.319068 0.125
-0.319068 0.126
-0.319068 0.127
-0.368155 0.128
-0.417243 0.129
-0.417243 0.13
-0.417243 0.131
-0.417243 0.132
-0.417243 0.133
-0.417243 0.134
-0.417243 0.135
-0.441786 0.136
-0.46633 0.137
-0.490874 0.138
-0.490874 0.139
-0.490874 0.14
-0.490874 0.141
-0.515418 0.142
-0.539939 0.143
-0.539939 0.144
-0.564483 0.145
-0.564483 0.146
-0.564483 0.147
-0.539939 0.148
-0.539939 0.149
-0.539939 0.15
-0.539939 0.151
-0.521531 0.152
-0.515395 0.153
-0.515395 0.154
-0.496987 0.155
-0.490851 0.156
-0.490851 0.157
-0.47858 0.158
-0.472444 0.159
-0.466308 0.16
-0.460172 0.161
-0.454036 0.162
-0.4479 0.163
-0.441764 0.164
-0.435628 0.165
-0.429492 0.166
-0.423356 0.167
-0.41722 0.168
-0.411084 0.169
-0.404949 0.17
-0.398813 0.171
-0.392677 0.172
-0.386541 0.173
-0.380405 0.174
-0.374269 0.175
-0.368133 0.176
-0.361997 0.177
-0.355861 0.178
-0.349725 0.179
-0.343589 0.18
-0.337453 0.181
-0.331317 0.182
-0.325182 0.183
-0.319046 0.184
-0.31291 0.185
-0.306774 0.186
-0.300638 0.187
-0.294502 0.188
-0.288366 0.189
-0.28223 0.19
-0.276094 0.191
-0.269958 0.192
-0.263822 0.193
-0.257729 0.194
-0.251741 0.195
-0.251741 0.196
-0.251741 0.197
-0.251741 0.198
-0.251741 0.199
-0.251741 0.2
-0.251741 0.201
-0.251741 0.202
-0.251741 0.203
-0.251741 0.204
-0.251741 0.205
-0.251741 0.206
-0.251741 0.207
-0.251741 0.208
-0.251741 0.209
-0.251741 0.21
-0.251741 0.211
-0.251741 0.212
-0.251741 0.213
-0.251741 0.214
-0.251741 0.215
-0.251741 0.216
-0.251741 0.217
-0.251741 0.218
-0.251741 0.219
-0.251741 0.22
-0.251741 0.221
-0.251741 0.222
-0.251741 0.223
-0.251741 0.224
-0.251741 0.225
-0.251741 0.226
-0.251741 0.227
-0.251741 0.228
-0.251741 0.229
-0.251741 0.23
-0.251741 0.231
-0.251741 0.232
-0.251741 0.233
-0.251741 0.234
-0.251741 0.235
-0.251741 0.236
-0.251741 0.237
-0.251741 0.238
-0.251741 0.239
-0.251741 0.24
-0.251741 0.241
-0.251741 0.242
-0.251741 0.243
-0.251741 0.244
-0.251741 0.245
-0.251741 0.246
-0.251741 0.247
-0.251741 0.248
-0.251741 0.249
-0.251741 0.25
-0.251741 0.251
-0.251741 0.252
-0.251741 0.253
-0.251741 0.254
-0.251741 0.255
-0.251741 0.256
-0.251741 0.257
-0.251741 0.258
-0.251741 0.259
-0.251741 0.26
-0.251741 0.261
-0.251741 0.262
-0.251741 0.263
-0.251741 0.264
-0.251741 0.265
-0.251741 0.266
-0.251741 0.267
-0.251741 0.268
-0.251741 0.269
-0.251741 0.27
-0.251741 0.271
-0.251741 0.272
-0.251741 0.273
-0.251741 0.274
-0.251741 0.275
-0.251741 0.276
-0.251741 0.277
-0.251741 0.278
-0.251741 0.279
-0.251741 0.28
-0.251741 0.281
-0.251741 0.282
-0.251741 0.283
-0.251741 0.284
-0.251741 0.285
-0.251741 0.286
-0.251741 0.287
-0.251741 0.288
-0.251741 0.289
-0.251741 0.29
-0.251741 0.291
-0.251741 0.292
-0.251741 0.293
-0.251741 0.294
-0.251741 0.295
-0.251741 0.296
-0.251741 0.297
-0.251741 0.298
-0.251741 0.299
-0.251741 0.3
-0.251741 0.301
-0.251741 0.302
-0.251741 0.303
-0.251741 0.304
-0.251741 0.305
-0.251741 0.306
-0.251741 0.307
-0.251741 0.308
-0.251741 0.309
-0.251741 0.31
-0.251741 0.311
-0.251741 0.312
-0.251741 0.313
-0.251741 0.314
-0.251741 0.315
-0.251741 0.316
-0.251741 0.317
-0.251741 0.318
-0.251741 0.319
-0.251741 0.32
-0.251741 0.321
-0.251741 0.322
-0.251741 0.323
-0.251741 0.324
-0.251741 0.325
-0.251741 0.326
-0.251741 0.327
-0.251741 0.328
-0.251741 0.329
-0.251741 0.33
-0.251741 0.331
-0.251741 0.332
-0.251741 0.333
-0.251741 0.334
-0.251741 0.335
-0.251741 0.336
-0.251741 0.337
-0.251741 0.338
-0.251741 0.339
-0.251741 0.34
-0.251741 0.341
-0.251741 0.342
-0.251741 0.343
-0.251741 0.344
-0.251741 0.345
-0.251741 0.346
-0.251741 0.347
-0.251741 0.348
-0.251741 0.349
-0.251741 0.35
-0.251741 0.351
-0.251741 0.352
-0.251741 0.353
-0.251741 0.354
-0.251741 0.355
-0.251741 0.356
-0.251741 0.357
-0.251741 0.358
-0.251741 0.359
-0.251741 0.36
-0.251741 0.361
-0.251741 0.362
-0.251741 0.363
-0.251741 0.364
-0.251741 0.365
-0.251741 0.366
-0.251741 0.367
-0.251741 0.368
-0.251741 0.369
-0.251741 0.37
-0.251741 0.371
-0.251741 0.372
-0.251741 0.373
-0.251741 0.374
-0.251741 0.375
-0.251741 0.376
-0.251741 0.377
-0.251741 0.378
-0.251741 0.379
-0.251741 0.38
-0.251741 0.381
-0.251741 0.382
-0.251741 0.383
-0.251741 0.384
-0.251741 0.385
-0.251741 0.386
-0.251741 0.387
-0.251741 0.388
-0.251741 0.389
-0.251741 0.39
-0.251741 0.391
-0.251741 0.392
-0.251741 0.393
-0.251741 0.394
-0.251741 0.395
-0.251741 0.396
-0.251741 0.397
-0.251741 0.398
-0.251741 0.399
-0.251741 0.4
-0.251741 0.401
-0.251741 0.402
-0.251741 0.403
-0.251741 0.404
-0.251741 0.405
-0.251741 0.406
-0.251741 0.407
-0.251741 0.408
-0.251741 0.409
-0.251741 0.41
-0.251741 0.411
-0.251741 0.412
-0.251741 0.413
-0.251741 0.414
-0.251741 0.415
-0.251741 0.416
-0.251741 0.417
-0.251741 0.418
-0.251741 0.419
-0.251741 0.42
-0.251741 0.421
-0.251741 0.422
-0.251741 0.423
-0.251741 0.424
-0.251741 0.425
-0.251741 0.426
-0.251741 0.427
-0.251741 0.428
-0.251741 0.429
-0.251741 0.43
-0.251741 0.431
-0.251741 0.432
-0.251741 0.433
-0.251741 0.434
-0.251741 0.435
-0.251741 0.436
-0.251741 0.437
-0.251741 0.438
-0.251741 0.439
-0.251741 0.44
-0.251741 0.441
-0.251741 0.442
-0.251741 0.443
-0.251741 0.444
-0.251741 0.445
-0.251741 0.446
-0.251741 0.447
-0.251741 0.448
-0.251741 0.449
-0.251741 0.45
-0.251741 0.451
-0.251741 0.452
-0.251741 0.453
-0.251741 0.454
-0.251741 0.455
-0.251741 0.456
-0.251741 0.457
-0.251741 0.458
-0.251741 0.459
-0.251741 0.46
-0.251741 0.461
-0.251741 0.462
-0.251741 0.463
-0.251741 0.464
-0.251741 0.465
-0.251741 0.466
-0.251741 0.467
-0.251741 0.468
-0.251741 0.469
-0.251741 0.47
-0.251741 0.471
-0.251741 0.472
-0.251741 0.473
-0.251741 0.474
-0.251741 0.475
-0.251741 0.476
-0.251741 0.477
-0.251741 0.478
-0.251741 0.479
-0.251741 0.48
-0.251741 0.481
-0.251741 0.482
-0.251741 0.483
-0.251741 0.484
-0.251741 0.485
-0.251741 0.486
-0.251741 0.487
-0.251741 0.488
-0.251741 0.489
-0.251741 0.49
-0.251741 0.491
-0.251741 0.492
-0.251741 0.493
-0.251741 0.494
-0.251741 0.495
-0.251741 0.496
-0.251741 0.497
-0.251741 0.498
-0.251741 0.499
-0.251741 0.5
-0.251741 0.501
-0.251741 0.502
-0.251741 0.503
-0.251741 0.504
-0.251741 0.505
-0.251741 0.506
-0.251741 0.507
-0.251741 0.508
-0.251741 0.509
-0.251741 0.51
-0.251741 0.511
-0.251741 0.512
-0.251741 0.513
-0.251741 0.514
-0.251741 0.515
-0.251741 0.516
-0.251741 0.517
-0.251741 0.518
-0.251741 0.519
-0.251741 0.52
-0.251741 0.521
-0.251741 0.522
-0.251741 0.523
-0.251741 0.524
-0.251741 0.525
-0.251741 0.526
-0.251741 0.527
-0.251741 0.528
-0.251741 0.529
-0.251741 0.53
-0.251741 0.531
-0.251741 0.532
-0.251741 0.533
-0.251741 0.534
-0.251741 0.535
-0.251741 0.536
-0.251741 0.537
-0.251741 0.538
-0.251741 0.539
-0.251741 0.54
-0.251741 0.541
-0.251741 0.542
-0.251741 0.543
-0.251741 0.544
-0.251741 0.545
-0.251741 0.546
-0.251741 0.547
-0.251741 0.548
-0.251741 0.549
-0.251741 0.55
-0.251741 0.551
-0.251741 0.552
-0.251741 0.553
-0.251741 0.554
-0.251741 0.555
-0.251741 0.556
-0.251741 0.557
-0.251741 0.558
-0.251741 0.559
-0.251741 0.56
-0.251741 0.561
-0.251741 0.562
-0.251741 0.563
-0.251741 0.564
-0.251741 0.565
-0.251741 0.566
-0.251741 0.567
-0.251741 0.568
-0.251741 0.569
-0.251741 0.57
-0.251741 0.571
-0.251741 0.572
-0.251741 0.573
-0.251741 0.574
-0.251741 0.575
-0.251741 0.576
-0.251741 0.577
-0.251741 0.578
-0.251741 0.579
-0.251741 0.58
-0.251741 0.581
-0.251741 0.582
-0.251741 0.583
-0.251741 0.584
-0.251741 0.585
-0.251741 0.586
-0.251741 0.587
-0.251741 0.588
-0.251741 0.589
-0.251741 0.59
-0.251741 0.591
-0.251741 0.592
-0.251741 0.593
-0.251741 0.594
-0.251741 0.595
-0.251741 0.596
-0.251741 0.597
-0.251741 0.598
-0.251741 0.599
-0.251741 0.6
-0.251741 0.601
-0.251741 0.602
-0.251741 0.603
-0.251741 0.604
-0.251741 0.605
-0.251741 0.606
-0.251741 0.607
-0.251741 0.608
-0.251741 0.609
-0.251741 0.61
-0.251741 0.611
-0.251741 0.612
-0.251741 0.613
-0.251741 0.614
-0.251741 0.615
-0.251741 0.616
-0.251741 0.617
-0.251741 0.618
-0.251741 0.619
-0.251741 0.62
-0.251741 0.621
-0.251741 0.622
-0.251741 0.623
-0.251741 0.624
-0.251741 0.625
-0.251741 0.626
-0.251741 0.627
-0.251741 0.628
-0.251741 0.629
-0.251741 0.63
-0.251741 0.631
-0.251741 0.632
-0.251741 0.633
-0.251741 0.634
-0.251741 0.635
-0.251741 0.636
-0.251741 0.637
-0.251741 0.638
-0.251741 0.639
-0.251741 0.64
-0.251741 0.641
-0.251741 0.642
-0.251741 0.643
-0.251741 0.644
-0.251741 0.645
-0.251741 0.646
-0.251741 0.647
-0.251741 0.648
-0.251741 0.649
-0.251741 0.65
-0.251741 0.651
-0.251741 0.652
-0.251741 0.653
-0.251741 0.654
-0.251741 0.655
-0.251741 0.656
-0.251741 0.657
-0.251741 0.658
-0.251741 0.659
-0.251741 0.66
-0.251741 0.661
-0.251741 0.662
-0.251741 0.663
-0.251741 0.664
-0.251741 0.665
-0.251741 0.666
-0.251741 0.667
-0.251741 0.668
-0.251741 0.669
-0.251741 0.67
-0.251741 0.671
-0.251741 0.672
-0.251741 0.673
-0.251741 0.674
-0.251741 0.675
-0.251741 0.676
-0.251741 0.677
-0.251741 0.678
-0.251741 0.679
-0.251741 0.68
-0.251741 0.681
-0.251741 0.682
-0.251741 0.683
-0.251741 0.684
-0.251741 0.685
-0.251741 0.686
-0.251741 0.687
-0.251741 0.688
-0.251741 0.689
-0.251741 0.69
-0.251741 0.691
-0.251741 0.692
-0.251741 0.693
-0.251741 0.694
-0.251741 0.695
-0.251741 0.696
-0.251741 0.697
-0.251741 0.698
-0.251741 0.699
-0.251741 0.7
-0.251741 0.701
-0.251741 0.702
-0.251741 0.703
-0.251741 0.704
-0.251741 0.705
-0.251741 0.706
-0.251741 0.707
-0.251741 0.708
-0.251741 0.709
-0.251741 0.71
-0.251741 0.711
-0.251741 0.712
-0.251741 0.713
-0.251741 0.714
-0.251741 0.715
-0.251741 0.716
-0.251741 0.717
-0.251741 0.718
-0.251741 0.719
-0.251741 0.72
-0.251741 0.721
-0.251741 0.722
-0.251741 0.723
-0.251741 0.724
-0.251741 0.725
-0.251741 0.726
-0.251741 0.727
-0.251741 0.728
-0.251741 0.729
-0.251741 0.73
-0.251741 0.731
-0.251741 0.732
-0.251741 0.733
-0.251741 0.734
-0.251741 0.735
-0.251741 0.736
-0.251741 0.737
-0.251741 0.738
-0.251741 0.739
-0.251741 0.74
-0.251741 0.741
-0.251741 0.742
-0.251741 0.743
-0.251741 0.744
-0.251741 0.745
-0.251741 0.746
-0.251741 0.747
-0.251741 0.748
-0.251741 0.749
-0.251741 0.75
-0.251741 0.751
-0.251741 0.752
-0.251741 0.753
-0.251741 0.754
-0.251741 0.755
-0.251741 0.756
-0.251741 0.757
-0.251741 0.758
-0.251741 0.759
-0.251741 0.76
-0.251741 0.761
-0.251741 0.762
-0.251741 0.763
-0.251741 0.764
-0.251741 0.765
-0.251741 0.766
-0.251741 0.767
-0.251741 0.768
-0.251741 0.769
-0.251741 0.77
-0.251741 0.771
-0.251741 0.772
-0.251741 0.773
-0.251741 0.774
-0.251741 0.775
-0.251741 0.776
-0.251741 0.777
-0.251741 0.778
-0.251741 0.779
-0.251741 0.78
-0.251741 0.781
-0.251741 0.782
-0.251741 0.783
-0.251741 0.784
-0.251741 0.785
-0.251741 0.786
-0.251741 0.787
-0.251741 0.788
-0.251741 0.789
-0.251741 0.79
-0.251741 0.791
-0.251741 0.792
-0.251741 0.793
-0.251741 0.794
-0.251741 0.795
-0.251741 0.796
-0.251741 0.797
-0.251741 0.798
-0.251741 0.799
-0.251741 0.8
-0.251741 0.801
-0.251741 0.802
-0.251741 0.803
-0.251741 0.804
-0.251741 0.805
-0.251741 0.806
-0.251741 0.807
-0.251741 0.808
-0.251741 0.809
-0.251741 0.81
-0.251741 0.811
-0.251741 0.812
-0.251741 0.813
-0.251741 0.814
-0.251741 0.815
-0.251741 0.816
-0.251741 0.817
-0.251741 0.818
-0.251741 0.819
-0.251741 0.82
-0.251741 0.821
-0.251741 0.822
-0.251741 0.823
-0.251741 0.824
-0.251741 0.825
-0.251741 0.826
-0.251741 0.827
-0.251741 0.828
-0.251741 0.829
-0.251741 0.83
-0.251741 0.831
-0.251741 0.832
-0.251741 0.833
-0.251741 0.834
-0.251741 0.835
-0.251741 0.836
-0.251741 0.837
-0.251741 0.838
-0.251741 0.839
-0.251741 0.84
-0.251741 0.841
-0.251741 0.842
-0.251741 0.843
-0.251741 0.844
-0.251741 0.845
-0.251741 0.846
-0.251741 0.847
-0.251741 0.848
-0.251741 0.849
-0.251741 0.85
-0.251741 0.851
-0.251741 0.852
-0.251741 0.853
-0.251741 0.854
-0.251741 0.855
-0.251741 0.856
-0.251741 0.857
-0.251741 0.858
-0.251741 0.859
-0.251741 0.86
-0.251741 0.861
-0.251741 0.862
-0.251741 0.863
-0.251741 0.864
-0.251741 0.865
-0.251741 0.866
-0.251741 0.867
-0.251741 0.868
-0.251741 0.869
-0.251741 0.87
-0.251741 0.871
-0.251741 0.872
-0.251741 0.873
-0.251741 0.874
-0.251741 0.875
-0.251741 0.876
-0.251741 0.877
-0.251741 0.878
-0.251741 0.879
-0.251741 0.88
-0.251741 0.881
-0.251741 0.882
-0.251741 0.883
-0.251741 0.884
-0.251741 0.885
-0.251741 0.886
-0.251741 0.887
-0.251741 0.888
-0.251741 0.889
-0.251741 0.89
-0.251741 0.891
-0.251741 0.892
-0.251741 0.893
-0.251741 0.894
-0.251741 0.895
-0.251741 0.896
-0.251741 0.897
-0.251741 0.898
-0.251741 0.899
-0.251741 0.9
-0.251741 0.901
-0.251741 0.902
-0.251741 0.903
-0.251741 0.904
-0.251741 0.905
-0.251741 0.906
-0.251741 0.907
-0.251741 0.908
-0.251741 0.909
-0.251741 0.91
-0.251741 0.911
-0.251741 0.912
-0.251741 0.913
-0.251741 0.914
-0.251741 0.915
-0.251741 0.916
-0.251741 0.917
-0.251741 0.918
-0.251741 0.919
-0.251741 0.92
-0.251741 0.921
-0.251741 0.922
-0.251741 0.923
-0.251741 0.924
-0.251741 0.925
-0.251741 0.926
-0.251741 0.927
-0.251741 0.928
-0.251741 0.929
-0.251741 0.93
-0.251741 0.931
-0.251741 0.932
-0.251741 0.933
-0.251741 0.934
-0.251741 0.935
-0.251741 0.936
-0.251741 0.937
-0.251741 0.938
-0.251741 0.939
-0.251741 0.94
-0.251741 0.941
-0.251741 0.942
-0.251741 0.943
-0.251741 0.944
-0.251741 0.945
-0.251741 0.946
-0.251741 0.947
-0.251741 0.948
-0.251741 0.949
-0.251741 0.95
-0.251741 0.951
-0.251741 0.952
-0.251741 0.953
-0.251741 0.954
-0.251741 0.955
-0.251741 0.956
-0.251741 0.957
-0.251741 0.958
-0.251741 0.959
-0.251741 0.96
-0.251741 0.961
-0.251741 0.962
-0.251741 0.963
-0.251741 0.964
-0.251741 0.965
-0.251741 0.966
-0.251741 0.967
-0.251741 0.968
-0.251741 0.969
-0.251741 0.97
-0.251741 0.971
-0.251741 0.972
-0.251741 0.973
-0.251741 0.974
-0.251741 0.975
-0.251741 0.976
-0.251741 0.977
-0.251741 0.978
-0.251741 0.979
-0.252741 0.98
-0.253742 0.981
-0.254742 0.982
-0.255742 0.983
-0.256742 0.984
-0.257742 0.985
-0.258742 0.986
-0.259742 0.987
-0.260742 0.988
-0.261742 0.989
-0.262742 0.99
-0.263742 0.991
-0.264742 0.992
-0.265742 0.993
-0.266742 0.994
-0.267742 0.995
-0.268742 0.996
-0.269742 0.997
-0.270742 0.998
-0.271742 0.999
-0.270742 1


Shark
3.14159 1.5
3.13759 1.4995
3.13359 1.499
3.12959 1.4985
3.12559 1.498
3.12159 1.4975
3.11759 1.497
3.11359 1.4965
3.10959 1.496
3.10559 1.4955
3.10159 1.495
3.09759 1.4945
3.09359 1.494
3.08959 1.4935
3.08559 1.493
3.08159 1.4925
3.07759 1.492
3.07359 1.4915
3.06959 1.491
3.06559 1.4905
3.06159 1.49
3.05759 1.4895
3.05359 1.489
3.04959 1.4885
3.04559 1.488
3.04159 1.4875
3.03759 1.487
3.03359 1.4865
3.02959 1.486
3.02559 1.4855
3.02159 1.485
3.01759 1.4845
3.01359 1.484
3.00959 1.4835
3.00559 1.483
3.00159 1.4825
2.99759 1.482
2.99359 1.4815
2.98959 1.481
2.98559 1.4805
2.98159 1.48
2.97759 1.4795
2.97359 1.479
2.96959 1.4785
2.96559 1.478
2.96159 1.4775
2.95759 1.477
2.95359 1.4765
2.94959 1.476
2.94559 1.4755
2.94159 1.475
2.93759 1.4745
2.93359 1.474
2.92959 1.4735
2.92559 1.473
2.92159 1.4725
2.91759 1.472
2.91359 1.4715
2.90959 1.471
2.90559 1.4705
2.90159 1.47
2.89759 1.4695
2.89359 1.469
2.88959 1.4685
2.88559 1.468
2.88159 1.4675
2.87759 1.467
2.87359 1.4665
2.86959 1.466
2.86559 1.4655
2.86159 1.465
2.85759 1.4645
2.85359 1.464
2.84959 1.4635
2.84559 1.463
2.84159 1.4625
2.83759 1.462
2.83359 1.4615
2.82959 1.461
2.82559 1.4605
2.82159 1.46
2.81759 1.4595
2.81359 1.459
2.80959 1.4585
2.80559 1.458
2.80159 1.4575
2.79759 1.457
2.79359 1.4565
2.78959 1.456
2.78559 1.4555
2.78159 1.455
2.77759 1.4545
2.77359 1.454
2.76959 1.4535
2.76559 1.453
2.76159 1.4525
2.75759 1.452
2.75359 1.4515
2.74959 1.451
2.90337 1.4505
2.90737 1.45
2.91137 1.4495
2.91537 1.449
2.91937 1.4485
2.92337 1.448
2.92737 1.4475
2.93137 1.447
2.93537 1.4465
2.93937 1.446
2.94337 1.4455
2.85742 1.445
2.85342 1.4445
2.84942 1.444
2.84542 1.4435
2.80069 1.443
2.78876 1.4425
2.78476 1.442
2.78076 1.4415
2.77676 1.441
2.77276 1.4405
2.76876 1.44
2.76476 1.4395
2.76076 1.439
2.75676 1.4385
2.75276 1.438
2.74876 1.4375
2.74476 1.437
2.74076 1.4365
2.71541 1.436
2.68986 1.4355
2.68586 1.435
2.68186 1.4345
2.67786 1.434
2.67386 1.4335
2.66986 1.433
2.66586 1.4325
2.65197 1.432
2.63799 1.4315
2.62391 1.431
2.61991 1.4305
2.61591 1.43
2.61191 1.4295
2.59745 1.429
2.58291 1.4285
2.57891 1.428
2.59365 1.4275
2.59765 1.427
2.60165 1.4265
2.61668 1.426
2.62068 1.4255
2.62468 1.425
2.62868 1.4245
2.64053 1.424
2.646 1.4235
2.65 1.423
2.66206 1.4225
2.66759 1.422
2.67159 1.4215
2.6803 1.421
2.68588 1.4205
2.69147 1.42
2.69709 1.4195
2.70272 1.419
2.70837 1.4185
2.71403 1.418
2.71972 1.4175
2.72542 1.417
2.73114 1.4165
2.73687 1.416
2.74263 1.4155
2.7484 1.415
2.75419 1.4145
2.75999 1.414
2.76582 1.4135
2.77166 1.413
2.77752 1.4125
2.7834 1.412
2.78929 1.4115
2.79521 1.411
2.80114 1.4105
2.80709 1.41
2.81306 1.4095
2.81905 1.409
2.82505 1.4085
2.83108 1.408
2.83712 1.4075
2.84318 1.407
2.84926 1.4065
2.85535 1.406
2.86147 1.4055
2.8676 1.405
2.87376 1.4045
2.87993 1.404
2.88612 1.4035
2.8923 1.403
2.89844 1.4025
2.90244 1.402
2.90644 1.4015
2.91044 1.401
2.91444 1.4005
2.91844 1.4
2.92244 1.3995
2.92644 1.399
2.93044 1.3985
2.93444 1.398
2.93844 1.3975
2.94244 1.397
2.94644 1.3965
2.95044 1.396
2.95444 1.3955
2.95844 1.395
2.96244 1.3945
2.96644 1.394
2.97044 1.3935
2.97444 1.393
2.97844 1.3925
2.98244 1.392
2.98644 1.3915
2.99044 1.391
2.99444 1.3905
2.99844 1.39
3.00244 1.3895
3.00644 1.389
3.01044 1.3885
3.01444 1.388
3.01844 1.3875
3.02244 1.387
3.02644 1.3865
3.03044 1.386
3.03444 1.3855
3.03844 1.385
3.04244 1.3845
3.04644 1.384
3.05044 1.3835
3.05444 1.383
3.05844 1.3825
3.06244 1.382
3.06644 1.3815
3.07044 1.381
3.07444 1.3805
3.07844 1.38
3.08244 1.3795
3.08644 1.379
3.09044 1.3785
3.09444 1.378
3.09844 1.3775
3.10244 1.377
3.10644 1.3765
3.11044 1.376
3.11444 1.3755
3.11844 1.375
3.12244 1.3745
3.12644 1.374
3.13044 1.3735
3.13444 1.373
3.13844 1.3725
3.14244 1.372
3.14644 1.3715
3.15044 1.371
3.15444 1.3705
3.15844 1.37
3.16244 1.3695
3.16644 1.369
3.17044 1.3685
3.17444 1.368
3.17844 1.3675
3.18244 1.367
3.18644 1.3665
3.19044 1.366
3.19444 1.3655
3.19844 1.365
3.20244 1.3645
3.20644 1.364
3.21044 1.3635
3.21444 1.363
3.21844 1.3625
3.22244 1.362
3.22644 1.3615
3.23044 1.361
3.23444 1.3605
3.23844 1.36
3.24244 1.3595
3.24644 1.359
3.25044 1.3585
3.25444 1.358
3.25844 1.3575
3.26244 1.357
3.26644 1.3565
3.27044 1.356
3.27444 1.3555
3.27844 1.355
3.28244 1.3545
3.28644 1.354
3.29044 1.3535
3.29444 1.353
3.29844 1.3525
3.30244 1.352
3.30644 1.3515
3.31044 1.351
3.31444 1.3505
3.31844 1.35
3.32244 1.3495
3.32644 1.349
3.33044 1.3485
3.33444 1.348
3.33844 1.3475
3.34244 1.347
3.34644 1.3465
3.35044 1.346
3.35444 1.3455
3.35844 1.345
3.36244 1.3445
3.36644 1.344
3.37044 1.3435
3.37444 1.343
3.37844 1.3425
3.38244 1.342
3.38644 1.3415
3.39044 1.341
3.39444 1.3405
3.39844 1.34
3.40244 1.3395
3.40644 1.339
3.41044 1.3385
3.41444 1.338
3.41844 1.3375
3.42244 1.337
3.42644 1.3365
3.43044 1.336
3.43444 1.3355
3.43844 1.335
3.44244 1.3345
3.44644 1.334
3.45044 1.3335
3.45444 1.333
3.45844 1.3325
3.46244 1.332
3.46644 1.3315
3.47044 1.331
3.47444 1.3305
3.47844 1.33
3.48244 1.3295
3.48644 1.329
3.49044 1.3285
3.49444 1.328
3.49844 1.3275
3.50244 1.327
3.50644 1.3265
3.51044 1.326
3.51444 1.3255
3.51844 1.325
3.52244 1.3245
3.52644 1.324
3.53044 1.3235
3.53444 1.323
3.53844 1.3225
3.54244 1.322
3.54644 1.3215
3.55044 1.321
3.55444 1.3205
3.55844 1.32
3.56244 1.3195
3.56644 1.319
3.57044 1.3185
3.57444 1.318
3.57844 1.3175
3.58244 1.317
3.58644 1.3165
3.59044 1.316
3.59444 1.3155
3.59844 1.315
3.60244 1.3145
3.60644 1.314
3.61044 1.3135
3.61444 1.313
3.61844 1.3125
3.62244 1.312
3.62644 1.3115
3.63044 1.311
3.63444 1.3105
3.63844 1.31
3.64244 1.3095
3.64644 1.309
3.65044 1.3085
3.65444 1.308
3.65844 1.3075
3.66244 1.307
3.66644 1.3065
3.67044 1.306
3.67444 1.3055
3.67844 1.305
3.68244 1.3045
3.68644 1.304
3.69044 1.3035
3.69444 1.303
3.69844 1.3025
3.70244 1.302
3.70644 1.3015
3.71044 1.301
3.71444 1.3005
3.71844 1.3
3.72244 1.2995
3.72644 1.299
3.73044 1.2985
3.73444 1.298
3.73844 1.2975
3.74244 1.297
3.74644 1.2965
3.75044 1.296
3.75444 1.2955
3.75844 1.295
3.76244 1.2945
3.76644 1.294
3.77044 1.2935
3.77444 1.293
3.77844 1.2925
3.78244 1.292
3.78644 1.2915
3.79044 1.291
3.79444 1.2905
3.79844 1.29
3.80244 1.2895
3.80644 1.289
3.81044 1.2885
3.81444 1.288
3.81844 1.2875
3.82244 1.287
3.82644 1.2865
3.83044 1.286
3.83444 1.2855
3.83844 1.285
3.84244 1.2845
3.84644 1.284
3.85044 1.2835
3.85444 1.283
3.85844 1.2825
3.86244 1.282
3.86644 1.2815
3.87044 1.281
3.87444 1.2805
3.87844 1.28
3.88244 1.2795
3.88644 1.279
3.89044 1.2785
3.89444 1.278
3.89844 1.2775
3.90244 1.277
3.90644 1.2765
3.91044 1.276
3.91444 1.2755
3.91844 1.275
3.92244 1.2745
3.92644 1.274
3.93044 1.2735
3.93444 1.273
3.93844 1.2725
3.94244 1.272
3.94644 1.2715
3.95044 1.271
3.95444 1.2705
3.95844 1.27
3.96244 1.2695
3.96644 1.269
3.97044 1.2685
3.97444 1.268
3.97844 1.2675
3.98244 1.267
3.98644 1.2665
3.99044 1.266
3.99444 1.2655
3.99844 1.265
4.00244 1.2645
4.00644 1.264
4.01044 1.2635
4.01444 1.263
4.01844 1.2625
4.02244 1.262
4.02644 1.2615
4.03044 1.261
4.03444 1.2605
4.03844 1.26
4.04244 1.2595
4.04644 1.259
4.05044 1.2585
4.05444 1.258
4.05844 1.2575
4.06244 1.257
4.06644 1.2565
4.07044 1.256
4.07444 1.2555
4.07844 1.255
4.08244 1.2545
4.08644 1.254
4.09044 1.2535
4.09444 1.253
4.09844 1.2525
4.10244 1.252
4.10644 1.2515
4.11044 1.251
4.11444 1.2505
4.11844 1.25
4.12244 1.2495
4.12644 1.249
4.13044 1.2485
4.13444 1.248
4.13844 1.2475
4.14244 1.247
4.14644 1.2465
4.15044 1.246
4.15444 1.2455
4.15844 1.245
4.16244 1.2445
4.16644 1.244
4.17044 1.2435
4.17444 1.243
4.17844 1.2425
4.18244 1.242
4.18644 1.2415
4.19044 1.241
4.19444 1.2405
4.19844 1.24
4.20244 1.2395
4.20644 1.239
4.21044 1.2385
4.21444 1.238
4.21844 1.2375
4.22244 1.237
4.22644 1.2365
4.23044 1.236
4.23444 1.2355
4.23844 1.235
4.24244 1.2345
4.24644 1.234
4.25044 1.2335
4.25444 1.233
4.25844 1.2325
4.26244 1.232
4.26644 1.2315
4.27044 1.231
4.27444 1.2305
4.27844 1.23
4.28244 1.2295
4.28644 1.229
4.29044 1.2285
4.29444 1.228
4.29844 1.2275
4.30244 1.227
4.30644 1.2265
4.31044 1.226
4.31444 1.2255
4.31844 1.225
4.32244 1.2245
4.32644 1.224
4.33044 1.2235
4.33444 1.223
4.33844 1.2225
4.34244 1.222
4.34644 1.2215
4.35044 1.221
4.35444 1.2205
4.35844 1.22
4.36244 1.2195
4.36644 1.219
4.37044 1.2185
4.37444 1.218
4.37844 1.2175
4.38244 1.217
4.38644 1.2165
4.39044 1.216
4.39444 1.2155
4.39844 1.215
4.40244 1.2145
4.40644 1.214
4.41044 1.2135
4.41444 1.213
4.41844 1.2125
4.42244 1.212
4.42644 1.2115
4.43044 1.211
4.43444 1.2105
4.43844 1.21
4.44244 1.2095
4.44644 1.209
4.45044 1.2085
4.45444 1.208
4.45844 1.2075
4.46244 1.207
4.46644 1.2065
4.47044 1.206
4.47444 1.2055
4.47844 1.205
4.48244 1.2045
4.48644 1.204
4.49044 1.2035
4.49444 1.203
4.49844 1.2025
4.50244 1.202
4.50644 1.2015
4.51044 1.201
4.51444 1.2005
4.51844 1.2
4.52244 1.1995
4.52644 1.199
4.53044 1.1985
4.53444 1.198
4.53844 1.1975
4.54244 1.197
4.54644 1.1965
4.55044 1.196
4.55444 1.1955
4.55844 1.195
4.56244 1.1945
4.56644 1.194
4.57044 1.1935
4.57444 1.193
4.57844 1.1925
4.58244 1.192
4.58644 1.1915
4.59044 1.191
4.59444 1.1905
4.59844 1.19
4.60244 1.1895
4.60644 1.189
4.61044 1.1885
4.61444 1.188
4.61844 1.1875
4.62244 1.187
4.62644 1.1865
4.63044 1.186
4.63444 1.1855
4.63844 1.185
4.64244 1.1845
4.64644 1.184
4.65044 1.1835
4.65444 1.183
4.65844 1.1825
4.66244 1.182
4.66644 1.1815
4.67044 1.181
4.67444 1.1805
4.67844 1.18
4.68244 1.1795
4.68644 1.179
4.69044 1.1785
4.69444 1.178
4.69844 1.1775
4.70244 1.177
4.70644 1.1765
4.71044 1.176
4.71444 1.1755
4.71844 1.175
4.72244 1.1745
4.72644 1.174
4.73044 1.1735
4.73444 1.173
4.73844 1.1725
4.74244 1.172
4.74644 1.1715
4.75044 1.171
4.75444 1.1705
4.75844 1.17
4.76244 1.1695
4.76644 1.169
4.77044 1.1685
4.77444 1.168
4.77844 1.1675
4.78244 1.167
4.78644 1.1665
4.79044 1.166
4.79444 1.1655
4.79844 1.165
4.80244 1.1645
4.80644 1.164
4.81044 1.1635
4.81444 1.163
4.81844 1.1625
4.82244 1.162
4.82644 1.1615
4.83044 1.161
4.83444 1.1605
4.83844 1.16
4.84244 1.1595
4.84644 1.159
4.85044 1.1585
4.85444 1.158
4.85844 1.1575
4.86244 1.157
4.86644 1.1565
4.87044 1.156
4.87444 1.1555
4.87844 1.155
4.88244 1.1545
4.88644 1.154
4.89044 1.1535
4.89444 1.153
4.89844 1.1525
4.90244 1.152
4.90644 1.1515
4.91044 1.151
4.91444 1.1505
4.91844 1.15
4.92244 1.1495
4.92644 1.149
4.93044 1.1485
4.93444 1.148
4.93844 1.1475
4.94244 1.147
4.94644 1.1465
4.95044 1.146
4.95444 1.1455
4.95844 1.145
4.96244 1.1445
4.96644 1.144
4.97044 1.1435
4.97444 1.143
4.97844 1.1425
4.98244 1.142
4.98644 1.1415
4.99044 1.141
4.99444 1.1405
4.99844 1.14
5.00244 1.1395
5.00644 1.139
5.01044 1.1385
5.01444 1.138
5.01844 1.1375
5.02244 1.137
5.02644 1.1365
5.03044 1.136
5.03444 1.1355
5.03844 1.135
5.04244 1.1345
5.04644 1.134
5.05044 1.1335
5.05444 1.133
5.05844 1.1325
5.06244 1.132
5.06644 1.1315
5.07044 1.131
5.07444 1.1305
5.07844 1.13
5.08244 1.1295
5.08644 1.129
5.09044 1.1285
5.09444 1.128
5.09844 1.1275
5.10244 1.127
5.10644 1.1265
5.11044 1.126
5.11444 1.1255
5.11844 1.125
5.12244 1.1245
5.12644 1.124
5.13044 1.1235
5.13444 1.123
5.13844 1.1225
5.14244 1.122
5.14644 1.1215
5.15044 1.121
5.15444 1.1205
5.15844 1.12
5.16244 1.1195
5.16644 1.119
5.17044 1.1185
5.17444 1.118
5.17844 1.1175
5.18244 1.117
5.18644 1.1165
5.19044 1.116
5.19444 1.1155
5.19844 1.115
5.20244 1.1145
5.20644 1.114
5.21044 1.1135
5.21444 1.113
5.21844 1.1125
5.22244 1.112
5.22644 1.1115
5.23044 1.111
5.23444 1.1105
5.23844 1.11
5.24244 1.1095
5.24644 1.109
5.25044 1.1085
5.25444 1.108
5.25844 1.1075
5.26244 1.107
5.26644 1.1065
5.27044 1.106
5.27444 1.1055
5.27844 1.105
5.28244 1.1045
5.28644 1.104
5.29044 1.1035
5.29444 1.103
5.29844 1.1025
5.30244 1.102
5.30644 1.1015
5.31044 1.101
5.31444 1.1005
5.31844 1.1
5.32244 1.0995
5.32644 1.099
5.33044 1.0985
5.33444 1.098
5.33844 1.0975
5.34244 1.097
5.34644 1.0965
5.35044 1.096
5.35444 1.0955
5.35844 1.095
5.36244 1.0945
5.36644 1.094
5.37044 1.0935
5.37444 1.093
5.37844 1.0925
5.38244 1.092
5.38644 1.0915
5.39044 1.091
5.39444 1.0905
5.39844 1.09
5.40244 1.0895
5.40644 1.089
5.41044 1.0885
5.41444 1.088
5.41844 1.0875
5.42244 1.087
5.42644 1.0865
5.43044 1.086
5.43444 1.0855
5.43844 1.085
5.44244 1.0845
5.44644 1.084
5.45044 1.0835
5.45444 1.083
5.45844 1.0825
5.46244 1.082
5.46644 1.0815
5.47044 1.081
5.47444 1.0805
5.47844 1.08
5.48244 1.0795
5.48644 1.079
5.49044 1.0785
5.49444 1.078
5.49844 1.0775
5.50244 1.077
5.50644 1.0765
5.51044 1.076
5.51444 1.0755
5.51844 1.075
5.52244 1.0745
5.52644 1.074
5.53044 1.0735
5.53444 1.073
5.53844 1.0725
5.54244 1.072
5.54644 1.0715
5.55044 1.071
5.55444 1.0705
5.55844 1.07
5.56244 1.0695
5.56644 1.069
5.57044 1.0685
5.57444 1.068
5.57844 1.0675
5.58244 1.067
5.58644 1.0665
5.59044 1.066
5.59444 1.0655
5.59844 1.065
5.60244 1.0645
5.60644 1.064
5.61044 1.0635
5.61444 1.063
5.61844 1.0625
5.62244 1.062
5.62644 1.0615
5.63044 1.061
5.63444 1.0605
5.63844 1.06
5.64244 1.0595
5.64644 1.059
5.65044 1.0585
5.65444 1.058
5.65844 1.0575
5.66244 1.057
5.66644 1.0565
5.67044 1.056
5.67444 1.0555
5.67844 1.055
5.68244 1.0545
5.68644 1.054
5.69044 1.0535
5.69444 1.053
5.69844 1.0525
5.70244 1.052
5.70644 1.0515
5.71044 1.051
5.71444 1.0505
5.71844 1.05
5.72244 1.0495
5.72644 1.049
5.73044 1.0485
5.73444 1.048
5.73844 1.0475
5.74244 1.047
5.74644 1.0465
5.75044 1.046
5.75444 1.0455
5.75844 1.045
5.76244 1.0445
5.76644 1.044
5.77044 1.0435
5.77444 1.043
5.77844 1.0425
5.78244 1.042
5.78644 1.0415
5.79044 1.041
5.79444 1.0405
5.79844 1.04
5.80244 1.0395
5.80644 1.039
5.81044 1.0385
5.81444 1.038
5.81844 1.0375
5.82244 1.037
5.82644 1.0365
5.83044 1.036
5.83444 1.0355
5.83844 1.035
5.84244 1.0345
5.84644 1.034
5.85044 1.0335
5.85444 1.033
5.85844 1.0325
5.86244 1.032
5.86644 1.0315
5.87044 1.031
5.87444 1.0305
5.87844 1.03
5.88244 1.0295
5.88644 1.029
5.89044 1.0285
5.89444 1.028
5.89844 1.0275
5.90244 1.027
5.90644 1.0265
5.91044 1.026
5.91444 1.0255
5.91844 1.025
5.92244 1.0245
5.92644 1.024
5.93044 1.0235
5.93444 1.023
5.93844 1.0225
5.94244 1.022
5.94644 1.0215
5.95044 1.021
5.95444 1.0205
5.95844 1.02
5.96244 1.0195
5.96644 1.019
5.97044 1.0185
5.97444 1.018
5.97844 1.0175
5.98244 1.017
5.98644 1.0165
5.99044 1.016
5.99444 1.0155
5.99844 1.015
6.00244 1.0145
6.00644 1.014
6.01044 1.0135
6.01444 1.013
6.01844 1.0125
6.02244 1.012
6.02644 1.0115
6.03044 1.011
6.03144 1.0105
6.03044 1.01
6.02944 1.0095
6.02844 1.009
6.02744 1.0085
6.02644 1.008
6.02544 1.0075
6.02444 1.007
6.02344 1.0065
6.02244 1.006
6.02144 1.0055
6.02044 1.005
6.01944 1.0045
6.01844 1.004
6.01744 1.0035
6.01644 1.003
6.01544 1.0025
6.01444 1.002
6.01344 1.0015
6.01244 1.001
6.01144 1.0005
6.01244 1
