Man
0 0
0 0.001
0 0.002
0 0.003
0 0.004
0 0.005
0 0.006
0 0.007
0 0.008
0 0.009
0 0.01
0 0.011
0 0.012
0 0.013
0 0.014
0 0.015
0 0.016
0 0.017
0 0.018
0 0.019
0 0.02
0 0.021
0 0.022
0 0.023
0 0.024
0 0.025
0 0.026
0 0.027
0 0.028
0 0.029
0 0.03
0 0.031
0 0.032
0 0.033
0 0.034
0 0.035
0 0.036
0 0.037
0 0.038
0 0.039
-0.15708 0.04
-0.15708 0.041
-0.15708 0.042
-0.15708 0.043
-0.15708 0.044
-0.15708 0.045
-0.15708 0.046
-0.15708 0.047
-0.15708 0.048
-0.15708 0.049
-0.15708 0.05
-0.15708 0.051
-0.15708 0.052
-0.15708 0.053
-0.15708 0.054
-0.15708 0.055
-0.15708 0.056
-0.15708 0.057
-0.15708 0.058
-0.15708 0.059
-0.15708 0.06
-0.15708 0.061
-0.15708 0.062
-0.15708 0.063
-0.15708 0.064
-0.15708 0.065
-0.15708 0.066
-0.15708 0.067
-0.15708 0.068
-0.15708 0.069
-0.15708 0.07
-0.15708 0.071
-0.15708 0.072
-0.15708 0.073
0 0.074
0 0.075
0 0.076
0 0.077
0 0.078
0 0.079
0 0.08
0 0.081
0 0.082
0 0.083
0 0.084
0 0.085
0 0.086
0 0.087
0 0.088
0 0.089
0 0.09
0 0.091
0 0.092
0 0.093
0 0.094
0 0.095
0 0.096
0 0.097
0 0.098
0 0.099
0 0.1
0 0.101
0 0.102
0.15708 0.103
0.15708 0.104
0.15708 0.105
0.15708 0.106
0.15708 0.107
0.15708 0.108
0.15708 0.109
0.15708 0.11
0.15708 0.111
0.15708 0.112
0.15708 0.113
0.15708 0.114
0.15708 0.115
0.15708 0.116
0.15708 0.117
0.15708 0.118
0.15708 0.119
0.15708 0.12
0.15708 0.121
0.15708 0.122
0.15708 0.123
0.15708 0.124
0.15708 0.125
0.15708 0.126
0.314159 0.127
0.345575 0.128
0.376991 0.129
0.408407 0.13
0.439823 0.131
0.439823 0.132
0.439823 0.133
0.439823 0.134
0.471239 0.135
0.471239 0.136
0.471239 0.137
0.471239 0.138
0.502655 0.139
0.502655 0.14
0.502655 0.141
0.502655 0.142
0.534071 0.143
0.534071 0.144
0.534071 0.145
0.534071 0.146
0.502655 0.147
0.502655 0.148
0.502655 0.149
0.502655 0.15
0.534071 0.151
0.527788 0.152
0.521504 0.153
0.515221 0.154
0.508938 0.155
0.502655 0.156
0.496372 0.157
0.490088 0.158
0.483805 0.159
0.477522 0.16
0.471239 0.161
0.464956 0.162
0.458673 0.163
0.452389 0.164
0.446106 0.165
0.439823 0.166
0.43354 0.167
0.427257 0.168
0.420973 0.169
0.41469 0.17
0.408407 0.171
0.402124 0.172
0.395841 0.173
0.389557 0.174
0.383274 0.175
0.376991 0.176
0.383274 0.177
0.376991 0.178
0.383274 0.179
0.376991 0.18
0.383274 0.181
0.376991 0.182
0.383274 0.183
0.376991 0.184
0.383274 0.185
0.376991 0.186
0.383274 0.187
0.376991 0.188
0.370708 0.189
0.376991 0.19
0.383274 0.191
0.376998 0.192
0.370725 0.193
0.377008 0.194
0.383291 0.195
0.389574 0.196
0.395858 0.197
0.402141 0.198
0.408424 0.199
0.414707 0.2
0.42099 0.201
0.427274 0.202
0.433557 0.203
0.43984 0.204
0.446123 0.205
0.452406 0.206
0.458677 0.207
0.464838 0.208
0.464838 0.209
0.464838 0.21
0.464838 0.211
0.464838 0.212
0.464838 0.213
0.464838 0.214
0.464838 0.215
0.464838 0.216
0.464838 0.217
0.464838 0.218
0.464838 0.219
0.464838 0.22
0.464838 0.221
0.464838 0.222
0.464838 0.223
0.464838 0.224
0.464838 0.225
0.464838 0.226
0.464838 0.227
0.464838 0.228
0.464838 0.229
0.464838 0.23
0.464838 0.231
0.464838 0.232
0.464838 0.233
0.464838 0.234
0.464838 0.235
0.464838 0.236
0.464838 0.237
0.464838 0.238
0.464838 0.239
0.464838 0.24
0.464838 0.241
0.464838 0.242
0.464838 0.243
0.464838 0.244
0.464838 0.245
0.464838 0.246
0.464838 0.247
0.464838 0.248
0.464838 0.249
0.464838 0.25
0.464838 0.251
0.464838 0.252
0.464838 0.253
0.464838 0.254
0.464838 0.255
0.464838 0.256
0.464838 0.257
0.464838 0.258
0.464838 0.259
0.464838 0.26
0.464838 0.261
0.464838 0.262
0.464838 0.263
0.464838 0.264
0.464838 0.265
0.464838 0.266
0.464838 0.267
0.464838 0.268
0.464838 0.269
0.464838 0.27
0.464838 0.271
0.464838 0.272
0.464838 0.273
0.464838 0.274
0.464838 0.275
0.464838 0.276
0.464838 0.277
0.464838 0.278
0.464838 0.279
0.464838 0.28
0.464838 0.281
0.464838 0.282
0.464838 0.283
0.464838 0.284
0.464838 0.285
0.464838 0.286
0.464838 0.287
0.464838 0.288
0.464838 0.289
0.464838 0.29
0.464838 0.291
0.464838 0.292
0.464838 0.293
0.464838 0.294
0.464838 0.295
0.464838 0.296
0.464838 0.297
0.464838 0.298
0.464838 0.299
0.464838 0.3
0.464838 0.301
0.464838 0.302
0.464838 0.303
0.464838 0.304
0.464838 0.305
0.464838 0.306
0.464838 0.307
0.464838 0.308
0.464838 0.309
0.464838 0.31
0.464838 0.311
0.464838 0.312
0.464838 0.313
0.464838 0.314
0.464838 0.315
0.464838 0.316
0.464838 0.317
0.464838 0.318
0.464838 0.319
0.464838 0.32
0.464838 0.321
0.464838 0.322
0.464838 0.323
0.464838 0.324
0.464838 0.325
0.464838 0.326
0.464838 0.327
0.464838 0.328
0.464838 0.329
0.464838 0.33
0.464838 0.331
0.464838 0.332
0.464838 0.333
0.464838 0.334
0.464838 0.335
0.464838 0.336
0.464838 0.337
0.464838 0.338
0.464838 0.339
0.464838 0.34
0.464838 0.341
0.464838 0.342
0.464838 0.343
0.464838 0.344
0.464838 0.345
0.464838 0.346
0.464838 0.347
0.464838 0.348
0.464838 0.349
0.464838 0.35
0.464838 0.351
0.464838 0.352
0.464838 0.353
0.464838 0.354
0.464838 0.355
0.464838 0.356
0.464838 0.357
0.464838 0.358
0.464838 0.359
0.464838 0.36
0.464838 0.361
0.464838 0.362
0.464838 0.363
0.464838 0.364
0.464838 0.365
0.464838 0.366
0.464838 0.367
0.464838 0.368
0.464838 0.369
0.464838 0.37
0.464838 0.371
0.464838 0.372
0.464838 0.373
0.464838 0.374
0.464838 0.375
0.464838 0.376
0.464838 0.377
0.464838 0.378
0.464838 0.379
0.464838 0.38
0.464838 0.381
0.464838 0.382
0.464838 0.383
0.464838 0.384
0.464838 0.385
0.464838 0.386
0.464838 0.387
0.464838 0.388
0.464838 0.389
0.464838 0.39
0.464838 0.391
0.464838 0.392
0.464838 0.393
0.464838 0.394
0.464838 0.395
0.464838 0.396
0.464838 0.397
0.464838 0.398
0.464838 0.399
0.464838 0.4
0.464838 0.401
0.464838 0.402
0.464838 0.403
0.464838 0.404
0.464838 0.405
0.464838 0.406
0.464838 0.407
0.464838 0.408
0.464838 0.409
0.464838 0.41
0.464838 0.411
0.464838 0.412
0.464838 0.413
0.464838 0.414
0.464838 0.415
0.464838 0.416
0.464838 0.417
0.464838 0.418
0.464838 0.419
0.464838 0.42
0.464838 0.421
0.464838 0.422
0.464838 0.423
0.464838 0.424
0.464838 0.425
0.464838 0.426
0.464838 0.427
0.464838 0.428
0.464838 0.429
0.464838 0.43
0.464838 0.431
0.464838 0.432
0.464838 0.433
0.464838 0.434
0.464838 0.435
0.464838 0.436
0.464838 0.437
0.464838 0.438
0.464838 0.439
0.464838 0.44
0.464838 0.441
0.464838 0.442
0.464838 0.443
0.464838 0.444
0.464838 0.445
0.464838 0.446
0.464838 0.447
0.464838 0.448
0.464838 0.449
0.464838 0.45
0.464838 0.451
0.464838 0.452
0.464838 0.453
0.464838 0.454
0.464838 0.455
0.464838 0.456
0.464838 0.457
0.464838 0.458
0.464838 0.459
0.464838 0.46
0.464838 0.461
0.464838 0.462
0.464838 0.463
0.464838 0.464
0.464838 0.465
0.464838 0.466
0.464838 0.467
0.464838 0.468
0.464838 0.469
0.464838 0.47
0.464838 0.471
0.464838 0.472
0.464838 0.473
0.464838 0.474
0.464838 0.475
0.464838 0.476
0.464838 0.477
0.464838 0.478
0.464838 0.479
0.464838 0.48
0.464838 0.481
0.464838 0.482
0.464838 0.483
0.464838 0.484
0.464838 0.485
0.464838 0.486
0.464838 0.487
0.464838 0.488
0.464838 0.489
0.464838 0.49
0.464838 0.491
0.464838 0.492
0.464838 0.493
0.464838 0.494
0.464838 0.495
0.464838 0.496
0.464838 0.497
0.464838 0.498
0.464838 0.499
0.464838 0.5
0.464838 0.501
0.464838 0.502
0.464838 0.503
0.464838 0.504
0.464838 0.505
0.464838 0.506
0.464838 0.507
0.464838 0.508
0.464838 0.509
0.464838 0.51
0.464838 0.511
0.464838 0.512
0.464838 0.513
0.464838 0.514
0.464838 0.515
0.464838 0.516
0.464838 0.517
0.464838 0.518
0.464838 0.519
0.464838 0.52
0.464838 0.521
0.464838 0.522
0.464838 0.523
0.464838 0.524
0.464838 0.525
0.464838 0.526
0.464838 0.527
0.464838 0.528
0.464838 0.529
0.464838 0.53
0.464838 0.531
0.464838 0.532
0.464838 0.533
0.464838 0.534
0.464838 0.535
0.464838 0.536
0.464838 0.537
0.464838 0.538
0.464838 0.539
0.464838 0.54
0.464838 0.541
0.464838 0.542
0.464838 0.543
0.464838 0.544
0.464838 0.545
0.464838 0.546
0.464838 0.547
0.464838 0.548
0.464838 0.549
0.464838 0.55
0.464838 0.551
0.464838 0.552
0.464838 0.553
0.464838 0.554
0.464838 0.555
0.464838 0.556
0.464838 0.557
0.464838 0.558
0.464838 0.559
0.464838 0.56
0.464838 0.561
0.464838 0.562
0.464838 0.563
0.464838 0.564
0.464838 0.565
0.464838 0.566
0.464838 0.567
0.464838 0.568
0.464838 0.569
0.464838 0.57
0.464838 0.571
0.464838 0.572
0.464838 0.573
0.464838 0.574
0.464838 0.575
0.464838 0.576
0.464838 0.577
0.464838 0.578
0.464838 0.579
0.464838 0.58
0.464838 0.581
0.464838 0.582
0.464838 0.583
0.464838 0.584
0.464838 0.585
0.464838 0.586
0.464838 0.587
0.464838 0.588
0.464838 0.589
0.464838 0.59
0.464838 0.591
0.464838 0.592
0.464838 0.593
0.464838 0.594
0.464838 0.595
0.464838 0.596
0.464838 0.597
0.464838 0.598
0.464838 0.599
0.464838 0.6
0.464838 0.601
0.464838 0.602
0.464838 0.603
0.464838 0.604
0.464838 0.605
0.464838 0.606
0.464838 0.607
0.464838 0.608
0.464838 0.609
0.464838 0.61
0.464838 0.611
0.464838 0.612
0.464838 0.613
0.464838 0.614
0.464838 0.615
0.464838 0.616
0.464838 0.617
0.464838 0.618
0.464838 0.619
0.464838 0.62
0.464838 0.621
0.464838 0.622
0.464838 0.623
0.464838 0.624
0.464838 0.625
0.464838 0.626
0.464838 0.627
0.464838 0.628
0.464838 0.629
0.464838 0.63
0.464838 0.631
0.464838 0.632
0.464838 0.633
0.464838 0.634
0.464838 0.635
0.464838 0.636
0.464838 0.637
0.464838 0.638
0.464838 0.639
0.464838 0.64
0.464838 0.641
0.464838 0.642
0.464838 0.643
0.464838 0.644
0.464838 0.645
0.464838 0.646
0.464838 0.647
0.464838 0.648
0.464838 0.649
0.464838 0.65
0.464838 0.651
0.464838 0.652
0.464838 0.653
0.464838 0.654
0.464838 0.655
0.464838 0.656
0.464838 0.657
0.464838 0.658
0.464838 0.659
0.464838 0.66
0.464838 0.661
0.464838 0.662
0.464838 0.663
0.464838 0.664
0.464838 0.665
0.464838 0.666
0.464838 0.667
0.464838 0.668
0.464838 0.669
0.464838 0.67
0.464838 0.671
0.464838 0.672
0.464838 0.673
0.464838 0.674
0.464838 0.675
0.464838 0.676
0.464838 0.677
0.464838 0.678
0.464838 0.679
0.464838 0.68
0.464838 0.681
0.464838 0.682
0.464838 0.683
0.464838 0.684
0.464838 0.685
0.464838 0.686
0.464838 0.687
0.464838 0.688
0.464838 0.689
0.464838 0.69
0.464838 0.691
0.464838 0.692
0.464838 0.693
0.464838 0.694
0.464838 0.695
0.464838 0.696
0.464838 0.697
0.464838 0.698
0.464838 0.699
0.464838 0.7
0.464838 0.701
0.464838 0.702
0.464838 0.703
0.464838 0.704
0.464838 0.705
0.464838 0.706
0.464838 0.707
0.464838 0.708
0.464838 0.709
0.464838 0.71
0.464838 0.711
0.464838 0.712
0.464838 0.713
0.464838 0.714
0.464838 0.715
0.464838 0.716
0.464838 0.717
0.464838 0.718
0.464838 0.719
0.464838 0.72
0.464838 0.721
0.464838 0.722
0.464838 0.723
0.464838 0.724
0.464838 0.725
0.464838 0.726
0.464838 0.727
0.464838 0.728
0.464838 0.729
0.464838 0.73
0.464838 0.731
0.464838 0.732
0.464838 0.733
0.464838 0.734
0.464838 0.735
0.464838 0.736
0.464838 0.737
0.464838 0.738
0.464838 0.739
0.464838 0.74
0.464838 0.741
0.464838 0.742
0.464838 0.743
0.464838 0.744
0.464838 0.745
0.464838 0.746
0.464838 0.747
0.464838 0.748
0.464838 0.749
0.464838 0.75
0.464838 0.751
0.464838 0.752
0.464838 0.753
0.464838 0.754
0.464838 0.755
0.464838 0.756
0.464838 0.757
0.464838 0.758
0.464838 0.759
0.464838 0.76
0.464838 0.761
0.464838 0.762
0.464838 0.763
0.464838 0.764
0.464838 0.765
0.464838 0.766
0.464838 0.767
0.464838 0.768
0.464838 0.769
0.464838 0.77
0.464838 0.771
0.464838 0.772
0.464838 0.773
0.464838 0.774
0.464838 0.775
0.464838 0.776
0.464838 0.777
0.464838 0.778
0.464838 0.779
0.464838 0.78
0.464838 0.781
0.464838 0.782
0.464838 0.783
0.464838 0.784
0.464838 0.785
0.464838 0.786
0.464838 0.787
0.464838 0.788
0.464838 0.789
0.464838 0.79
0.464838 0.791
0.464838 0.792
0.464838 0.793
0.464838 0.794
0.464838 0.795
0.464838 0.796
0.464838 0.797
0.464838 0.798
0.464838 0.799
0.464838 0.8
0.464838 0.801
0.464838 0.802
0.464838 0.803
0.464838 0.804
0.464838 0.805
0.464838 0.806
0.464838 0.807
0.464838 0.808
0.464838 0.809
0.464838 0.81
0.464838 0.811
0.464838 0.812
0.464838 0.813
0.464838 0.814
0.464838 0.815
0.464838 0.816
0.464838 0.817
0.464838 0.818
0.464838 0.819
0.464838 0.82
0.464838 0.821
0.464838 0.822
0.464838 0.823
0.464838 0.824
0.464838 0.825
0.464838 0.826
0.464838 0.827
0.464838 0.828
0.464838 0.829
0.464838 0.83
0.464838 0.831
0.464838 0.832
0.464838 0.833
0.464838 0.834
0.464838 0.835
0.464838 0.836
0.464838 0.837
0.464838 0.838
0.464838 0.839
0.464838 0.84
0.464838 0.841
0.464838 0.842
0.464838 0.843
0.464838 0.844
0.464838 0.845
0.464838 0.846
0.464838 0.847
0.464838 0.848
0.464838 0.849
0.464838 0.85
0.464838 0.851
0.464838 0.852
0.464838 0.853
0.464838 0.854
0.464838 0.855
0.464838 0.856
0.464838 0.857
0.464838 0.858
0.464838 0.859
0.464838 0.86
0.464838 0.861
0.464838 0.862
0.464838 0.863
0.464838 0.864
0.464838 0.865
0.464838 0.866
0.464838 0.867
0.464838 0.868
0.464838 0.869
0.464838 0.87
0.464838 0.871
0.464838 0.872
0.464838 0.873
0.464838 0.874
0.464838 0.875
0.464838 0.876
0.464838 0.877
0.464838 0.878
0.464838 0.879
0.464838 0.88
0.464838 0.881
0.464838 0.882
0.464838 0.883
0.464838 0.884
0.464838 0.885
0.464838 0.886
0.464838 0.887
0.464838 0.888
0.464838 0.889
0.464838 0.89
0.464838 0.891
0.464838 0.892
0.464838 0.893
0.464838 0.894
0.464838 0.895
0.464838 0.896
0.464838 0.897
0.464838 0.898
0.464838 0.899
0.464838 0.9
0.464838 0.901
0.464838 0.902
0.464838 0.903
0.464838 0.904
0.464838 0.905
0.464838 0.906
0.464838 0.907
0.464838 0.908
0.464838 0.909
0.464838 0.91
0.464838 0.911
0.464838 0.912
0.464838 0.913
0.464838 0.914
0.464838 0.915
0.464838 0.916
0.464838 0.917
0.464838 0.918
0.464838 0.919
0.464838 0.92
0.464838 0.921
0.464838 0.922
0.464838 0.923
0.464838 0.924
0.464838 0.925
0.464838 0.926
0.464838 0.927
0.464838 0.928
0.464838 0.929
0.464838 0.93
0.464838 0.931
0.464838 0.932
0.464838 0.933
0.464838 0.934
0.464838 0.935
0.464838 0.936
0.464838 0.937
0.464838 0.938
0.464838 0.939
0.464838 0.94
0.464838 0.941
0.464838 0.942
0.464838 0.943
0.464838 0.944
0.464838 0.945
0.464838 0.946
0.464838 0.947
0.464838 0.948
0.464838 0.949
0.464838 0.95
0.464838 0.951
0.464838 0.952
0.464838 0.953
0.464838 0.954
0.464838 0.955
0.464838 0.956
0.464838 0.957
0.464838 0.958
0.464838 0.959
0.464838 0.96
0.464838 0.961
0.464838 0.962
0.464838 0.963
0.464838 0.964
0.464838 0.965
0.464838 0.966
0.464838 0.967
0.464838 0.968
0.464838 0.969
0.464838 0.97
0.464838 0.971
0.464838 0.972
0.464838 0.973
0.464838 0.974
0.464838 0.975
0.464838 0.976
0.464838 0.977
0.464838 0.978
0.464838 0.979
0.464838 0.98
0.464838 0.981
0.464838 0.982
0.464838 0.983
0.464838 0.984
0.464838 0.985
0.464838 0.986
0.464838 0.987
0.464838 0.988
0.464838 0.989
0.464838 0.99
0.464838 0.991
0.464838 0.992
0.463838 0.993
0.462838 0.994
0.461838 0.995
0.460838 0.996
0.459838 0.997
0.458838 0.998
0.457838 0.999
0.458838 1


Shark
3.14159 1.5
3.13759 1.4995
3.13359 1.499
3.12959 1.4985
3.12559 1.498
3.12159 1.4975
3.11759 1.497
3.11359 1.4965
3.10959 1.496
3.10559 1.4955
3.10159 1.495
3.09759 1.4945
3.09359 1.494
3.08959 1.4935
3.08559 1.493
3.08159 1.4925
3.07759 1.492
3.07359 1.4915
3.06959 1.491
3.06559 1.4905
3.06159 1.49
3.05759 1.4895
3.05359 1.489
3.04959 1.4885
3.04559 1.488
3.04159 1.4875
3.03759 1.487
3.03359 1.4865
3.02959 1.486
3.02559 1.4855
3.02159 1.485
3.01759 1.4845
3.01359 1.484
3.00959 1.4835
3.00559 1.483
3.00159 1.4825
2.99759 1.482
2.99359 1.4815
2.98959 1.481
2.98559 1.4805
3.0107 1.48
3.0147 1.4795
3.0187 1.479
3.0227 1.4785
3.0267 1.478
3.0307 1.4775
3.0347 1.477
3.0387 1.4765
3.0427 1.476
3.0467 1.4755
3.0507 1.475
3.0547 1.4745
3.0587 1.474
3.0627 1.4735
3.0667 1.473
3.0707 1.4725
3.0747 1.472
3.0787 1.4715
3.0827 1.471
3.0867 1.4705
3.0907 1.47
3.0947 1.4695
3.0987 1.469
3.1027 1.4685
3.1067 1.468
3.1107 1.4675
3.1147 1.467
3.1187 1.4665
3.1227 1.466
3.1267 1.4655
3.1307 1.465
3.1347 1.4645
3.1387 1.464
3.1427 1.4635
3.18901 1.463
3.19301 1.4625
3.19701 1.462
3.20101 1.4615
3.20501 1.461
3.20901 1.4605
3.21301 1.46
3.21701 1.4595
3.22101 1.459
3.22501 1.4585
3.22901 1.458
3.23301 1.4575
3.23701 1.457
3.24101 1.4565
3.24501 1.456
3.24901 1.4555
3.25301 1.455
3.25701 1.4545
3.26101 1.454
3.26501 1.4535
3.26901 1.453
3.27301 1.4525
3.27701 1.452
3.28101 1.4515
3.28501 1.451
3.28901 1.4505
3.29301 1.45
3.29701 1.4495
3.30101 1.449
3.36547 1.4485
3.36947 1.448
3.37347 1.4475
3.37747 1.447
3.38147 1.4465
3.38547 1.446
3.38947 1.4455
3.39347 1.445
3.39747 1.4445
3.40147 1.444
3.40547 1.4435
3.40947 1.443
3.41347 1.4425
3.41747 1.442
3.42147 1.4415
3.42547 1.441
3.42947 1.4405
3.43347 1.44
3.43747 1.4395
3.44147 1.439
3.44547 1.4385
3.44947 1.438
3.45347 1.4375
3.45747 1.437
3.53697 1.4365
3.55348 1.436
3.57012 1.4355
3.58688 1.435
3.60376 1.4345
3.60776 1.434
3.61176 1.4335
3.61576 1.433
3.63312 1.4325
3.63712 1.432
3.64112 1.4315
3.64512 1.431
3.66298 1.4305
3.66698 1.43
3.67098 1.4295
3.67498 1.429
3.65663 1.4285
3.65263 1.428
3.64863 1.4275
3.64463 1.427
3.66347 1.4265
3.66747 1.426
3.67147 1.4255
3.67547 1.425
3.65614 1.4245
3.65062 1.424
3.64508 1.4235
3.63952 1.423
3.63395 1.4225
3.62835 1.422
3.62275 1.4215
3.61712 1.421
3.61147 1.4205
3.60581 1.42
3.60013 1.4195
3.59443 1.419
3.58871 1.4185
3.58298 1.418
3.57723 1.4175
3.57146 1.417
3.56567 1.4165
3.55986 1.416
3.55403 1.4155
3.54819 1.415
3.54233 1.4145
3.53645 1.414
3.53055 1.4135
3.52463 1.413
3.5187 1.4125
3.52465 1.412
3.51868 1.4115
3.52467 1.411
3.51866 1.4105
3.52469 1.41
3.51864 1.4095
3.52471 1.409
3.51862 1.4085
3.52473 1.408
3.5186 1.4075
3.52475 1.407
3.51858 1.4065
3.5124 1.406
3.5186 1.4055
3.52482 1.405
3.51858 1.4045
3.51233 1.404
3.5186 1.4035
3.5249 1.403
3.53121 1.4025
3.53755 1.402
3.5439 1.4015
3.55028 1.401
3.55667 1.4005
3.56309 1.4
3.56952 1.3995
3.57598 1.399
3.58245 1.3985
3.58894 1.398
3.59545 1.3975
3.60199 1.397
3.60853 1.3965
3.61502 1.396
3.61902 1.3955
3.62302 1.395
3.62702 1.3945
3.63102 1.394
3.63502 1.3935
3.63902 1.393
3.64302 1.3925
3.64702 1.392
3.65102 1.3915
3.65502 1.391
3.65902 1.3905
3.66302 1.39
3.66702 1.3895
3.67102 1.389
3.67502 1.3885
3.67902 1.388
3.68302 1.3875
3.68702 1.387
3.69102 1.3865
3.69502 1.386
3.69902 1.3855
3.70302 1.385
3.70702 1.3845
3.71102 1.384
3.71502 1.3835
3.71902 1.383
3.72302 1.3825
3.72702 1.382
3.73102 1.3815
3.73502 1.381
3.73902 1.3805
3.74302 1.38
3.74702 1.3795
3.75102 1.379
3.75502 1.3785
3.75902 1.378
3.76302 1.3775
3.76702 1.377
3.77102 1.3765
3.77502 1.376
3.77902 1.3755
3.78302 1.375
3.78702 1.3745
3.79102 1.374
3.79502 1.3735
3.79902 1.373
3.80302 1.3725
3.80702 1.372
3.81102 1.3715
3.81502 1.371
3.81902 1.3705
3.82302 1.37
3.82702 1.3695
3.83102 1.369
3.83502 1.3685
3.83902 1.368
3.84302 1.3675
3.84702 1.367
3.85102 1.3665
3.85502 1.366
3.85902 1.3655
3.86302 1.365
3.86702 1.3645
3.87102 1.364
3.87502 1.3635
3.87902 1.363
3.88302 1.3625
3.88702 1.362
3.89102 1.3615
3.89502 1.361
3.89902 1.3605
3.90302 1.36
3.90702 1.3595
3.91102 1.359
3.91502 1.3585
3.91902 1.358
3.92302 1.3575
3.92702 1.357
3.93102 1.3565
3.93502 1.356
3.93902 1.3555
3.94302 1.355
3.94702 1.3545
3.95102 1.354
3.95502 1.3535
3.95902 1.353
3.96302 1.3525
3.96702 1.352
3.97102 1.3515
3.97502 1.351
3.97902 1.3505
3.98302 1.35
3.98702 1.3495
3.99102 1.349
3.99502 1.3485
3.99902 1.348
4.00302 1.3475
4.00702 1.347
4.01102 1.3465
4.01502 1.346
4.01902 1.3455
4.02302 1.345
4.02702 1.3445
4.03102 1.344
4.03502 1.3435
4.03902 1.343
4.04302 1.3425
4.04702 1.342
4.05102 1.3415
4.05502 1.341
4.05902 1.3405
4.06302 1.34
4.06702 1.3395
4.07102 1.339
4.07502 1.3385
4.07902 1.338
4.08302 1.3375
4.08702 1.337
4.09102 1.3365
4.09502 1.336
4.09902 1.3355
4.10302 1.335
4.10702 1.3345
4.11102 1.334
4.11502 1.3335
4.11902 1.333
4.12302 1.3325
4.12702 1.332
4.13102 1.3315
4.13502 1.331
4.13902 1.3305
4.14302 1.33
4.14702 1.3295
4.15102 1.329
4.15502 1.3285
4.15902 1.328
4.16302 1.3275
4.16702 1.327
4.17102 1.3265
4.17502 1.326
4.17902 1.3255
4.18302 1.325
4.18702 1.3245
4.19102 1.324
4.19502 1.3235
4.19902 1.323
4.20302 1.3225
4.20702 1.322
4.21102 1.3215
4.21502 1.321
4.21902 1.3205
4.22302 1.32
4.22702 1.3195
4.23102 1.319
4.23502 1.3185
4.23902 1.318
4.24302 1.3175
4.24702 1.317
4.25102 1.3165
4.25502 1.316
4.25902 1.3155
4.26302 1.315
4.26702 1.3145
4.27102 1.314
4.27502 1.3135
4.27902 1.313
4.28302 1.3125
4.28702 1.312
4.29102 1.3115
4.29502 1.311
4.29902 1.3105
4.30302 1.31
4.30702 1.3095
4.31102 1.309
4.31502 1.3085
4.31902 1.308
4.32302 1.3075
4.32702 1.307
4.33102 1.3065
4.33502 1.306
4.33902 1.3055
4.34302 1.305
4.34702 1.3045
4.35102 1.304
4.35502 1.3035
4.35902 1.303
4.36302 1.3025
4.36702 1.302
4.37102 1.3015
4.37502 1.301
4.37902 1.3005
4.38302 1.3
4.38702 1.2995
4.39102 1.299
4.39502 1.2985
4.39902 1.298
4.40302 1.2975
4.40702 1.297
4.41102 1.2965
4.41502 1.296
4.41902 1.2955
4.42302 1.295
4.42702 1.2945
4.43102 1.294
4.43502 1.2935
4.43902 1.293
4.44302 1.2925
4.44702 1.292
4.45102 1.2915
4.45502 1.291
4.45902 1.2905
4.46302 1.29
4.46702 1.2895
4.47102 1.289
4.47502 1.2885
4.47902 1.288
4.48302 1.2875
4.48702 1.287
4.49102 1.2865
4.49502 1.286
4.49902 1.2855
4.50302 1.285
4.50702 1.2845
4.51102 1.284
4.51502 1.2835
4.51902 1.283
4.52302 1.2825
4.52702 1.282
4.53102 1.2815
4.53502 1.281
4.53902 1.2805
4.54302 1.28
4.54702 1.2795
4.55102 1.279
4.55502 1.2785
4.55902 1.278
4.56302 1.2775
4.56702 1.277
4.57102 1.2765
4.57502 1.276
4.57902 1.2755
4.58302 1.275
4.58702 1.2745
4.59102 1.274
4.59502 1.2735
4.59902 1.273
4.60302 1.2725
4.60702 1.272
4.61102 1.2715
4.61502 1.271
4.61902 1.2705
4.62302 1.27
4.62702 1.2695
4.63102 1.269
4.63502 1.2685
4.63902 1.268
4.64302 1.2675
4.64702 1.267
4.65102 1.2665
4.65502 1.266
4.65902 1.2655
4.66302 1.265
4.66702 1.2645
4.67102 1.264
4.67502 1.2635
4.67902 1.263
4.68302 1.2625
4.68702 1.262
4.69102 1.2615
4.69502 1.261
4.69902 1.2605
4.70302 1.26
4.70702 1.2595
4.71102 1.259
4.71502 1.2585
4.71902 1.258
4.72302 1.2575
4.72702 1.257
4.73102 1.2565
4.73502 1.256
4.73902 1.2555
4.74302 1.255
4.74702 1.2545
4.75102 1.254
4.75502 1.2535
4.75902 1.253
4.76302 1.2525
4.76702 1.252
4.77102 1.2515
4.77502 1.251
4.77902 1.2505
4.78302 1.25
4.78702 1.2495
4.79102 1.249
4.79502 1.2485
4.79902 1.248
4.80302 1.2475
4.80702 1.247
4.81102 1.2465
4.81502 1.246
4.81902 1.2455
4.82302 1.245
4.82702 1.2445
4.83102 1.244
4.83502 1.2435
4.83902 1.243
4.84302 1.2425
4.84702 1.242
4.85102 1.2415
4.85502 1.241
4.85902 1.2405
4.86302 1.24
4.86702 1.2395
4.87102 1.239
4.87502 1.2385
4.87902 1.238
4.88302 1.2375
4.88702 1.237
4.89102 1.2365
4.89502 1.236
4.89902 1.2355
4.90302 1.235
4.90702 1.2345
4.91102 1.234
4.91502 1.2335
4.91902 1.233
4.92302 1.2325
4.92702 1.232
4.93102 1.2315
4.93502 1.231
4.93902 1.2305
4.94302 1.23
4.94702 1.2295
4.95102 1.229
4.95502 1.2285
4.95902 1.228
4.96302 1.2275
4.96702 1.227
4.97102 1.2265
4.97502 1.226
4.97902 1.2255
4.98302 1.225
4.98702 1.2245
4.99102 1.224
4.99502 1.2235
4.99902 1.223
5.00302 1.2225
5.00702 1.222
5.01102 1.2215
5.01502 1.221
5.01902 1.2205
5.02302 1.22
5.02702 1.2195
5.03102 1.219
5.03502 1.2185
5.03902 1.218
5.04302 1.2175
5.04702 1.217
5.05102 1.2165
5.05502 1.216
5.05902 1.2155
5.06302 1.215
5.06702 1.2145
5.07102 1.214
5.07502 1.2135
5.07902 1.213
5.08302 1.2125
5.08702 1.212
5.09102 1.2115
5.09502 1.211
5.09902 1.2105
5.10302 1.21
5.10702 1.2095
5.11102 1.209
5.11502 1.2085
5.11902 1.208
5.12302 1.2075
5.12702 1.207
5.13102 1.2065
5.13502 1.206
5.13902 1.2055
5.14302 1.205
5.14702 1.2045
5.15102 1.204
5.15502 1.2035
5.15902 1.203
5.16302 1.2025
5.16702 1.202
5.17102 1.2015
5.17502 1.201
5.17902 1.2005
5.18302 1.2
5.18702 1.1995
5.19102 1.199
5.19502 1.1985
5.19902 1.198
5.20302 1.1975
5.20702 1.197
5.21102 1.1965
5.21502 1.196
5.21902 1.1955
5.22302 1.195
5.22702 1.1945
5.23102 1.194
5.23502 1.1935
5.23902 1.193
5.24302 1.1925
5.24702 1.192
5.25102 1.1915
5.25502 1.191
5.25902 1.1905
5.26302 1.19
5.26702 1.1895
5.27102 1.189
5.27502 1.1885
5.27902 1.188
5.28302 1.1875
5.28702 1.187
5.29102 1.1865
5.29502 1.186
5.29902 1.1855
5.30302 1.185
5.30702 1.1845
5.31102 1.184
5.31502 1.1835
5.31902 1.183
5.32302 1.1825
5.32702 1.182
5.33102 1.1815
5.33502 1.181
5.33902 1.1805
5.34302 1.18
5.34702 1.1795
5.35102 1.179
5.35502 1.1785
5.35902 1.178
5.36302 1.1775
5.36702 1.177
5.37102 1.1765
5.37502 1.176
5.37902 1.1755
5.38302 1.175
5.38702 1.1745
5.39102 1.174
5.39502 1.1735
5.39902 1.173
5.40302 1.1725
5.40702 1.172
5.41102 1.1715
5.41502 1.171
5.41902 1.1705
5.42302 1.17
5.42702 1.1695
5.43102 1.169
5.43502 1.1685
5.43902 1.168
5.44302 1.1675
5.44702 1.167
5.45102 1.1665
5.45502 1.166
5.45902 1.1655
5.46302 1.165
5.46702 1.1645
5.47102 1.164
5.47502 1.1635
5.47902 1.163
5.48302 1.1625
5.48702 1.162
5.49102 1.1615
5.49502 1.161
5.49902 1.1605
5.50302 1.16
5.50702 1.1595
5.51102 1.159
5.51502 1.1585
5.51902 1.158
5.52302 1.1575
5.52702 1.157
5.53102 1.1565
5.53502 1.156
5.53902 1.1555
5.54302 1.155
5.54702 1.1545
5.55102 1.154
5.55502 1.1535
5.55902 1.153
5.56302 1.1525
5.56702 1.152
5.57102 1.1515
5.57502 1.151
5.57902 1.1505
5.58302 1.15
5.58702 1.1495
5.59102 1.149
5.59502 1.1485
5.59902 1.148
5.60302 1.1475
5.60702 1.147
5.61102 1.1465
5.61502 1.146
5.61902 1.1455
5.62302 1.145
5.62702 1.1445
5.63102 1.144
5.63502 1.1435
5.63902 1.143
5.64302 1.1425
5.64702 1.142
5.65102 1.1415
5.65502 1.141
5.65902 1.1405
5.66302 1.14
5.66702 1.1395
5.67102 1.139
5.67502 1.1385
5.67902 1.138
5.68302 1.1375
5.68702 1.137
5.69102 1.1365
5.69502 1.136
5.69902 1.1355
5.70302 1.135
5.70702 1.1345
5.71102 1.134
5.71502 1.1335
5.71902 1.133
5.72302 1.1325
5.72702 1.132
5.73102 1.1315
5.73502 1.131
5.73902 1.1305
5.74302 1.13
5.74702 1.1295
5.75102 1.129
5.75502 1.1285
5.75902 1.128
5.76302 1.1275
5.76702 1.127
5.77102 1.1265
5.77502 1.126
5.77902 1.1255
5.78302 1.125
5.78702 1.1245
5.79102 1.124
5.79502 1.1235
5.79902 1.123
5.80302 1.1225
5.80702 1.122
5.81102 1.1215
5.81502 1.121
5.81902 1.1205
5.82302 1.12
5.82702 1.1195
5.83102 1.119
5.83502 1.1185
5.83902 1.118
5.84302 1.1175
5.84702 1.117
5.85102 1.1165
5.85502 1.116
5.85902 1.1155
5.86302 1.115
5.86702 1.1145
5.87102 1.114
5.87502 1.1135
5.87902 1.113
5.88302 1.1125
5.88702 1.112
5.89102 1.1115
5.89502 1.111
5.89902 1.1105
5.90302 1.11
5.90702 1.1095
5.91102 1.109
5.91502 1.1085
5.91902 1.108
5.92302 1.1075
5.92702 1.107
5.93102 1.1065
5.93502 1.106
5.93902 1.1055
5.94302 1.105
5.94702 1.1045
5.95102 1.104
5.95502 1.1035
5.95902 1.103
5.96302 1.1025
5.96702 1.102
5.97102 1.1015
5.97502 1.101
5.97902 1.1005
5.98302 1.1
5.98702 1.0995
5.99102 1.099
5.99502 1.0985
5.99902 1.098
6.00302 1.0975
6.00702 1.097
6.01102 1.0965
6.01502 1.096
6.01902 1.0955
6.02302 1.095
6.02702 1.0945
6.03102 1.094
6.03502 1.0935
6.03902 1.093
6.04302 1.0925
6.04702 1.092
6.05102 1.0915
6.05502 1.091
6.05902 1.0905
6.06302 1.09
6.06702 1.0895
6.07102 1.089
6.07502 1.0885
6.07902 1.088
6.08302 1.0875
6.08702 1.087
6.09102 1.0865
6.09502 1.086
6.09902 1.0855
6.10302 1.085
6.10702 1.0845
6.11102 1.084
6.11502 1.0835
6.11902 1.083
6.12302 1.0825
6.12702 1.082
6.13102 1.0815
6.13502 1.081
6.13902 1.0805
6.14302 1.08
6.14702 1.0795
6.15102 1.079
6.15502 1.0785
6.15902 1.078
6.16302 1.0775
6.16702 1.077
6.17102 1.0765
6.17502 1.076
6.17902 1.0755
6.18302 1.075
6.18702 1.0745
6.19102 1.074
6.19502 1.0735
6.19902 1.073
6.20302 1.0725
6.20702 1.072
6.21102 1.0715
6.21502 1.071
6.21902 1.0705
6.22302 1.07
6.22702 1.0695
6.23102 1.069
6.23502 1.0685
6.23902 1.068
6.24302 1.0675
6.24702 1.067
6.25102 1.0665
6.25502 1.066
6.25902 1.0655
6.26302 1.065
6.26702 1.0645
6.27102 1.064
6.27502 1.0635
6.27902 1.063
6.28302 1.0625
6.28702 1.062
6.29102 1.0615
6.29502 1.061
6.29902 1.0605
6.30302 1.06
6.30702 1.0595
6.31102 1.059
6.31502 1.0585
6.31902 1.058
6.32302 1.0575
6.32702 1.057
6.33102 1.0565
6.33502 1.056
6.33902 1.0555
6.34302 1.055
6.34702 1.0545
6.35102 1.054
6.35502 1.0535
6.35902 1.053
6.36302 1.0525
6.36702 1.052
6.37102 1.0515
6.37502 1.051
6.37902 1.0505
6.38302 1.05
6.38702 1.0495
6.39102 1.049
6.39502 1.0485
6.39902 1.048
6.40302 1.0475
6.40702 1.047
6.41102 1.0465
6.41502 1.046
6.41902 1.0455
6.42302 1.045
6.42702 1.0445
6.43102 1.044
6.43502 1.0435
6.43902 1.043
6.44302 1.0425
6.44702 1.042
6.45102 1.0415
6.45502 1.041
6.45902 1.0405
6.46302 1.04
6.46702 1.0395
6.47102 1.039
6.47502 1.0385
6.47902 1.038
6.48302 1.0375
6.48702 1.037
6.49102 1.0365
6.49502 1.036
6.49902 1.0355
6.50302 1.035
6.50702 1.0345
6.51102 1.034
6.51502 1.0335
6.51902 1.033
6.52302 1.0325
6.52702 1.032
6.53102 1.0315
6.53502 1.031
6.53902 1.0305
6.54302 1.03
6.54702 1.0295
6.55102 1.029
6.55502 1.0285
6.55902 1.028
6.56302 1.0275
6.56702 1.027
6.57102 1.0265
6.57502 1.026
6.57902 1.0255
6.58302 1.025
6.58702 1.0245
6.59102 1.024
6.59502 1.0235
6.59902 1.023
6.60302 1.0225
6.60702 1.022
6.61102 1.0215
6.61502 1.021
6.61902 1.0205
6.62302 1.02
6.62702 1.0195
6.63102 1.019
6.63502 1.0185
6.63902 1.018
6.64302 1.0175
6.64702 1.017
6.65102 1.0165
6.65502 1.016
6.65902 1.0155
6.66302 1.015
6.66702 1.0145
6.67102 1.014
6.67502 1.0135
6.67902 1.013
6.68302 1.0125
6.68702 1.012
6.69102 1.0115
6.69502 1.011
6.69902 1.0105
6.70302 1.01
6.70702 1.0095
6.71102 1.009
6.71502 1.0085
6.71902 1.008
6.72302 1.0075
6.72702 1.007
6.73102 1.0065
6.73502 1.006
6.73902 1.0055
6.74302 1.005
6.74702 1.0045
6.74802 1.004
6.74702 1.0035
6.74602 1.003
6.74502 1.0025
6.74402 1.002
6.74302 1.0015
6.74202 1.001
6.74102 1.0005
6.74202 1
