Man
0 0
0 0.001
0 0.002
0 0.003
0 0.004
0 0.005
0 0.006
0 0.007
0 0.008
0 0.009
0 0.01
0 0.011
0 0.012
0 0.013
0 0.014
0 0.015
0 0.016
0 0.017
0 0.018
0 0.019
0 0.02
0 0.021
0 0.022
0 0.023
0 0.024
0 0.025
0 0.026
0 0.027
0 0.028
0 0.029
0 0.03
0 0.031
0 0.032
0 0.033
0 0.034
0 0.035
0 0.036
0 0.037
0 0.038
0 0.039
0 0.04
0 0.041
0 0.042
0 0.043
0 0.044
0 0.045
0 0.046
0 0.047
0 0.048
0 0.049
0 0.05
0 0.051
0 0.052
0 0.053
0 0.054
0 0.055
0 0.056
-0.392699 0.057
-0.392699 0.058
-0.392699 0.059
-0.392699 0.06
-0.392699 0.061
-0.392699 0.062
-0.392699 0.063
-0.19635 0.064
-0.19635 0.065
-0.19635 0.066
-0.0981748 0.067
-0.0981748 0.068
-0.0981748 0.069
-0.0981748 0.07
-0.0981748 0.071
-0.0981748 0.072
-0.0981748 0.073
-0.0981748 0.074
0 0.075
0.0490874 0.076
0.0490874 0.077
0.0490874 0.078
0.0490874 0.079
0.0981748 0.08
0.0981748 0.081
0.0981748 0.082
0.0981748 0.083
0.146652 0.084
0.171196 0.085
0.19574 0.086
0.19574 0.087
0.171196 0.088
0.171196 0.089
0.19574 0.09
0.19574 0.091
0.171196 0.092
0.171196 0.093
0.19574 0.094
0.19574 0.095
0.183468 0.096
0.171196 0.097
0.158924 0.098
0.146652 0.099
0.13438 0.1
0.122109 0.101
0.109837 0.102
0.0975649 0.103
0.0852931 0.104
0.0730212 0.105
0.0607494 0.106
0.0607494 0.107
0.0484775 0.108
0.0362057 0.109
0.0239339 0.11
0.011662 0.111
-0.000609838 0.112
-0.0128817 0.113
-0.0251535 0.114
-0.0374254 0.115
-0.0496972 0.116
-0.0619691 0.117
-0.0742409 0.118
-0.0865128 0.119
-0.0987846 0.12
-0.111056 0.121
-0.123328 0.122
-0.135521 0.123
-0.147217 0.124
-0.158623 0.125
-0.169361 0.126
-0.169361 0.127
-0.169361 0.128
-0.169361 0.129
-0.169361 0.13
-0.169361 0.131
-0.169361 0.132
-0.169361 0.133
-0.169361 0.134
-0.169361 0.135
-0.169361 0.136
-0.169361 0.137
-0.169361 0.138
-0.169361 0.139
-0.169361 0.14
-0.169361 0.141
-0.169361 0.142
-0.169361 0.143
-0.169361 0.144
-0.169361 0.145
-0.169361 0.146
-0.169361 0.147
-0.169361 0.148
-0.169361 0.149
-0.169361 0.15
-0.169361 0.151
-0.169361 0.152
-0.169361 0.153
-0.169361 0.154
-0.169361 0.155
-0.169361 0.156
-0.169361 0.157
-0.169361 0.158
-0.169361 0.159
-0.169361 0.16
-0.169361 0.161
-0.169361 0.162
-0.169361 0.163
-0.169361 0.164
-0.169361 0.165
-0.169361 0.166
-0.169361 0.167
-0.169361 0.168
-0.169361 0.169
-0.169361 0.17
-0.169361 0.171
-0.169361 0.172
-0.169361 0.173
-0.169361 0.174
-0.169361 0.175
-0.169361 0.176
-0.169361 0.177
-0.169361 0.178
-0.169361 0.179
-0.169361 0.18
-0.169361 0.181
-0.169361 0.182
-0.169361 0.183
-0.169361 0.184
-0.169361 0.185
-0.169361 0.186
-0.169361 0.187
-0.169361 0.188
-0.169361 0.189
-0.169361 0.19
-0.169361 0.191
-0.169361 0.192
-0.169361 0.193
-0.169361 0.194
-0.169361 0.195
-0.169361 0.196
-0.169361 0.197
-0.169361 0.198
-0.169361 0.199
-0.169361 0.2
-0.169361 0.201
-0.169361 0.202
-0.169361 0.203
-0.169361 0.204
-0.169361 0.205
-0.169361 0.206
-0.169361 0.207
-0.169361 0.208
-0.169361 0.209
-0.169361 0.21
-0.169361 0.211
-0.169361 0.212
-0.169361 0.213
-0.169361 0.214
-0.169361 0.215
-0.169361 0.216
-0.169361 0.217
-0.169361 0.218
-0.169361 0.219
-0.169361 0.22
-0.169361 0.221
-0.169361 0.222
-0.169361 0.223
-0.169361 0.224
-0.169361 0.225
-0.169361 0.226
-0.169361 0.227
-0.169361 0.228
-0.169361 0.229
-0.169361 0.23
-0.169361 0.231
-0.169361 0.232
-0.169361 0.233
-0.169361 0.234
-0.169361 0.235
-0.169361 0.236
-0.169361 0.237
-0.169361 0.238
-0.169361 0.239
-0.169361 0.24
-0.169361 0.241
-0.169361 0.242
-0.169361 0.243
-0.169361 0.244
-0.169361 0.245
-0.169361 0.246
-0.169361 0.247
-0.169361 0.248
-0.169361 0.249
-0.169361 0.25
-0.169361 0.251
-0.169361 0.252
-0.169361 0.253
-0.169361 0.254
-0.169361 0.255
-0.169361 0.256
-0.169361 0.257
-0.169361 0.258
-0.169361 0.259
-0.169361 0.26
-0.169361 0.261
-0.169361 0.262
-0.169361 0.263
-0.169361 0.264
-0.169361 0.265
-0.169361 0.266
-0.169361 0.267
-0.169361 0.268
-0.169361 0.269
-0.169361 0.27
-0.169361 0.271
-0.169361 0.272
-0.169361 0.273
-0.169361 0.274
-0.169361 0.275
-0.169361 0.276
-0.169361 0.277
-0.169361 0.278
-0.169361 0.279
-0.169361 0.28
-0.169361 0.281
-0.169361 0.282
-0.169361 0.283
-0.169361 0.284
-0.169361 0.285
-0.169361 0.286
-0.169361 0.287
-0.169361 0.288
-0.169361 0.289
-0.169361 0.29
-0.169361 0.291
-0.169361 0.292
-0.169361 0.293
-0.169361 0.294
-0.169361 0.295
-0.169361 0.296
-0.169361 0.297
-0.169361 0.298
-0.169361 0.299
-0.169361 0.3
-0.169361 0.301
-0.169361 0.302
-0.169361 0.303
-0.169361 0.304
-0.169361 0.305
-0.169361 0.306
-0.169361 0.307
-0.169361 0.308
-0.169361 0.309
-0.169361 0.31
-0.169361 0.311
-0.169361 0.312
-0.169361 0.313
-0.169361 0.314
-0.169361 0.315
-0.169361 0.316
-0.169361 0.317
-0.169361 0.318
-0.169361 0.319
-0.169361 0.32
-0.169361 0.321
-0.169361 0.322
-0.169361 0.323
-0.169361 0.324
-0.169361 0.325
-0.169361 0.326
-0.169361 0.327
-0.169361 0.328
-0.169361 0.329
-0.169361 0.33
-0.169361 0.331
-0.169361 0.332
-0.169361 0.333
-0.169361 0.334
-0.169361 0.335
-0.169361 0.336
-0.169361 0.337
-0.169361 0.338
-0.169361 0.339
-0.169361 0.34
-0.169361 0.341
-0.169361 0.342
-0.169361 0.343
-0.169361 0.344
-0.169361 0.345
-0.169361 0.346
-0.169361 0.347
-0.169361 0.348
-0.169361 0.349
-0.169361 0.35
-0.169361 0.351
-0.169361 0.352
-0.169361 0.353
-0.169361 0.354
-0.169361 0.355
-0.169361 0.356
-0.169361 0.357
-0.169361 0.358
-0.169361 0.359
-0.169361 0.36
-0.169361 0.361
-0.169361 0.362
-0.169361 0.363
-0.169361 0.364
-0.169361 0.365
-0.169361 0.366
-0.169361 0.367
-0.169361 0.368
-0.169361 0.369
-0.169361 0.37
-0.169361 0.371
-0.169361 0.372
-0.169361 0.373
-0.169361 0.374
-0.169361 0.375
-0.169361 0.376
-0.169361 0.377
-0.169361 0.378
-0.169361 0.379
-0.169361 0.38
-0.169361 0.381
-0.169361 0.382
-0.169361 0.383
-0.169361 0.384
-0.169361 0.385
-0.169361 0.386
-0.169361 0.387
-0.169361 0.388
-0.169361 0.389
-0.169361 0.39
-0.169361 0.391
-0.169361 0.392
-0.169361 0.393
-0.169361 0.394
-0.169361 0.395
-0.169361 0.396
-0.169361 0.397
-0.169361 0.398
-0.169361 0.399
-0.169361 0.4
-0.169361 0.401
-0.169361 0.402
-0.169361 0.403
-0.169361 0.404
-0.169361 0.405
-0.169361 0.406
-0.169361 0.407
-0.169361 0.408
-0.169361 0.409
-0.169361 0.41
-0.169361 0.411
-0.169361 0.412
-0.169361 0.413
-0.169361 0.414
-0.169361 0.415
-0.169361 0.416
-0.169361 0.417
-0.169361 0.418
-0.169361 0.419
-0.169361 0.42
-0.169361 0.421
-0.169361 0.422
-0.169361 0.423
-0.169361 0.424
-0.169361 0.425
-0.169361 0.426
-0.169361 0.427
-0.169361 0.428
-0.169361 0.429
-0.169361 0.43
-0.169361 0.431
-0.169361 0.432
-0.169361 0.433
-0.169361 0.434
-0.169361 0.435
-0.169361 0.436
-0.169361 0.437
-0.169361 0.438
-0.169361 0.439
-0.169361 0.44
-0.169361 0.441
-0.169361 0.442
-0.169361 0.443
-0.169361 0.444
-0.169361 0.445
-0.169361 0.446
-0.169361 0.447
-0.169361 0.448
-0.169361 0.449
-0.169361 0.45
-0.169361 0.451
-0.169361 0.452
-0.169361 0.453
-0.169361 0.454
-0.169361 0.455
-0.169361 0.456
-0.169361 0.457
-0.169361 0.458
-0.169361 0.459
-0.169361 0.46
-0.169361 0.461
-0.169361 0.462
-0.169361 0.463
-0.169361 0.464
-0.169361 0.465
-0.169361 0.466
-0.169361 0.467
-0.169361 0.468
-0.169361 0.469
-0.169361 0.47
-0.169361 0.471
-0.169361 0.472
-0.169361 0.473
-0.169361 0.474
-0.169361 0.475
-0.169361 0.476
-0.169361 0.477
-0.169361 0.478
-0.169361 0.479
-0.169361 0.48
-0.169361 0.481
-0.169361 0.482
-0.169361 0.483
-0.169361 0.484
-0.169361 0.485
-0.169361 0.486
-0.169361 0.487
-0.169361 0.488
-0.169361 0.489
-0.169361 0.49
-0.169361 0.491
-0.169361 0.492
-0.169361 0.493
-0.169361 0.494
-0.169361 0.495
-0.169361 0.496
-0.169361 0.497
-0.169361 0.498
-0.169361 0.499
-0.169361 0.5
-0.169361 0.501
-0.169361 0.502
-0.169361 0.503
-0.169361 0.504
-0.169361 0.505
-0.169361 0.506
-0.169361 0.507
-0.169361 0.508
-0.169361 0.509
-0.169361 0.51
-0.169361 0.511
-0.169361 0.512
-0.169361 0.513
-0.169361 0.514
-0.169361 0.515
-0.169361 0.516
-0.169361 0.517
-0.169361 0.518
-0.169361 0.519
-0.169361 0.52
-0.169361 0.521
-0.169361 0.522
-0.169361 0.523
-0.169361 0.524
-0.169361 0.525
-0.169361 0.526
-0.169361 0.527
-0.169361 0.528
-0.169361 0.529
-0.169361 0.53
-0.169361 0.531
-0.169361 0.532
-0.169361 0.533
-0.169361 0.534
-0.169361 0.535
-0.169361 0.536
-0.169361 0.537
-0.169361 0.538
-0.169361 0.539
-0.169361 0.54
-0.169361 0.541
-0.169361 0.542
-0.169361 0.543
-0.169361 0.544
-0.169361 0.545
-0.169361 0.546
-0.169361 0.547
-0.169361 0.548
-0.169361 0.549
-0.169361 0.55
-0.169361 0.551
-0.169361 0.552
-0.169361 0.553
-0.169361 0.554
-0.169361 0.555
-0.169361 0.556
-0.169361 0.557
-0.169361 0.558
-0.169361 0.559
-0.169361 0.56
-0.169361 0.561
-0.169361 0.562
-0.169361 0.563
-0.169361 0.564
-0.169361 0.565
-0.169361 0.566
-0.169361 0.567
-0.169361 0.568
-0.169361 0.569
-0.169361 0.57
-0.169361 0.571
-0.169361 0.572
-0.169361 0.573
-0.168361 0.574
-0.167361 0.575
-0.166361 0.576
-0.165361 0.577
-0.164361 0.578
-0.163361 0.579
-0.162361 0.58
-0.161361 0.581
-0.160361 0.582
-0.159361 0.583
-0.158361 0.584
-0.157361 0.585
-0.156361 0.586
-0.155361 0.587
-0.154361 0.588
-0.15336 0.589
-0.15236 0.59
-0.15136 0.591
-0.15036 0.592
-0.14936 0.593
-0.14836 0.594
-0.14736 0.595
-0.14636 0.596
-0.14536 0.597
-0.14436 0.598
-0.14336 0.599
-0.14236 0.6
-0.14136 0.601
-0.14036 0.602
-0.13936 0.603
-0.13836 0.604
-0.13736 0.605
-0.13636 0.606
-0.13536 0.607
-0.13436 0.608
-0.13336 0.609
-0.13236 0.61
-0.13136 0.611
-0.13036 0.612
-0.12936 0.613
-0.12836 0.614
-0.12736 0.615
-0.12636 0.616
-0.12536 0.617
-0.12436 0.618
-0.12336 0.619
-0.12236 0.62
-0.12136 0.621
-0.12036 0.622
-0.11936 0.623
-0.11836 0.624
-0.11736 0.625
-0.116359 0.626
-0.115359 0.627
-0.114359 0.628
-0.113359 0.629
-0.112359 0.63
-0.111359 0.631
-0.110359 0.632
-0.109359 0.633
-0.108359 0.634
-0.107359 0.635
-0.106359 0.636
-0.105359 0.637
-0.104359 0.638
-0.103359 0.639
-0.102359 0.64
-0.101359 0.641
-0.100359 0.642
-0.099359 0.643
-0.098359 0.644
-0.097359 0.645
-0.0963589 0.646
-0.0953589 0.647
-0.0943589 0.648
-0.0933588 0.649
-0.0923588 0.65
-0.0913588 0.651
-0.0903588 0.652
-0.0893587 0.653
-0.0883587 0.654
-0.0873587 0.655
-0.0863587 0.656
-0.0853586 0.657
-0.0843586 0.658
-0.0833586 0.659
-0.0823585 0.66
-0.0813585 0.661
-0.0803585 0.662
-0.0793585 0.663
-0.0783584 0.664
-0.0773584 0.665
-0.0763584 0.666
-0.0753584 0.667
-0.0743583 0.668
-0.0733583 0.669
-0.0723583 0.67
-0.0713582 0.671
-0.0703582 0.672
-0.0693582 0.673
-0.0683582 0.674
-0.0673581 0.675
-0.0663581 0.676
-0.0653581 0.677
-0.064358 0.678
-0.063358 0.679
-0.062358 0.68
-0.061358 0.681
-0.0603579 0.682
-0.0593579 0.683
-0.0583579 0.684
-0.0573579 0.685
-0.0563578 0.686
-0.0553578 0.687
-0.0543578 0.688
-0.0533577 0.689
-0.0523577 0.69
-0.0513577 0.691
-0.0503577 0.692
-0.0493576 0.693
-0.0483576 0.694
-0.0473576 0.695
-0.0463576 0.696
-0.0453575 0.697
-0.0443575 0.698
-0.0433575 0.699
-0.0423574 0.7
-0.0413574 0.701
-0.0403574 0.702
-0.0393574 0.703
-0.0383573 0.704
-0.0373573 0.705
-0.0363573 0.706
-0.0353573 0.707
-0.0343572 0.708
-0.0333572 0.709
-0.0323572 0.71
-0.0313571 0.711
-0.0303571 0.712
-0.0293571 0.713
-0.0283571 0.714
-0.027357 0.715
-0.026357 0.716
-0.025357 0.717
-0.024357 0.718
-0.0233569 0.719
-0.0223569 0.72
-0.0213569 0.721
-0.0203568 0.722
-0.0193568 0.723
-0.0183568 0.724
-0.0173568 0.725
-0.0163567 0.726
-0.0153567 0.727
-0.0143567 0.728
-0.0133567 0.729
-0.0123566 0.73
-0.0113566 0.731
-0.0103566 0.732
-0.00935654 0.733
-0.00835652 0.734
-0.00735649 0.735
-0.00635646 0.736
-0.00535643 0.737
-0.00435641 0.738
-0.00335638 0.739
-0.00235635 0.74
-0.00135632 0.741
-0.000356297 0.742
0.000643731 0.743
0.00164376 0.744
0.00264379 0.745
0.00364381 0.746
0.00464384 0.747
0.00564387 0.748
0.0066439 0.749
0.00764392 0.75
0.00864395 0.751
0.00964398 0.752
0.010644 0.753
0.011644 0.754
0.0126441 0.755
0.0136441 0.756
0.0146441 0.757
0.0156441 0.758
0.0166442 0.759
0.0176442 0.76
0.0186442 0.761
0.0196443 0.762
0.0206443 0.763
0.0216443 0.764
0.0226443 0.765
0.0236444 0.766
0.0246444 0.767
0.0256444 0.768
0.0266444 0.769
0.0276445 0.77
0.0286445 0.771
0.0296445 0.772
0.0306446 0.773
0.0316446 0.774
0.0326446 0.775
0.0336446 0.776
0.0346447 0.777
0.0356447 0.778
0.0366447 0.779
0.0376447 0.78
0.0386448 0.781
0.0396448 0.782
0.0406448 0.783
0.0416449 0.784
0.0426449 0.785
0.0436449 0.786
0.0446449 0.787
0.045645 0.788
0.046645 0.789
0.047645 0.79
0.048645 0.791
0.0496451 0.792
0.0506451 0.793
0.0516451 0.794
0.0526452 0.795
0.0536452 0.796
0.0546452 0.797
0.0556452 0.798
0.0566453 0.799
0.0576453 0.8
0.0586453 0.801
0.0596453 0.802
0.0606454 0.803
0.0616454 0.804
0.0626454 0.805
0.0636455 0.806
0.0646455 0.807
0.0656455 0.808
0.0666455 0.809
0.0676456 0.81
0.0686456 0.811
0.0696456 0.812
0.0706456 0.813
0.0716457 0.814
0.0726457 0.815
0.0736457 0.816
0.0746458 0.817
0.0756458 0.818
0.0766458 0.819
0.0776458 0.82
0.0786459 0.821
0.0796459 0.822
0.0806459 0.823
0.0816459 0.824
0.082646 0.825
0.083646 0.826
0.084646 0.827
0.0856461 0.828
0.0866461 0.829
0.0876461 0.83
0.0886461 0.831
0.0896462 0.832
0.0906462 0.833
0.0916462 0.834
0.0926463 0.835
0.0936463 0.836
0.0946463 0.837
0.0956463 0.838
0.0966464 0.839
0.0976464 0.84
0.0986464 0.841
0.0996464 0.842
0.100646 0.843
0.101646 0.844
0.102647 0.845
0.103647 0.846
0.104647 0.847
0.105647 0.848
0.106647 0.849
0.107647 0.85
0.108647 0.851
0.109647 0.852
0.110647 0.853
0.111647 0.854
0.112647 0.855
0.113647 0.856
0.114647 0.857
0.115647 0.858
0.116647 0.859
0.117647 0.86
0.118647 0.861
0.119647 0.862
0.120647 0.863
0.121647 0.864
0.122647 0.865
0.123647 0.866
0.124647 0.867
0.125647 0.868
0.126647 0.869
0.127647 0.87
0.128647 0.871
0.129647 0.872
0.130647 0.873
0.131647 0.874
0.132647 0.875
0.133647 0.876
0.134647 0.877
0.135647 0.878
0.136647 0.879
0.137647 0.88
0.138648 0.881
0.139648 0.882
0.140648 0.883
0.141648 0.884
0.142648 0.885
0.143648 0.886
0.144648 0.887
0.145648 0.888
0.146648 0.889
0.147648 0.89
0.148648 0.891
0.149648 0.892
0.150648 0.893
0.151648 0.894
0.152648 0.895
0.153648 0.896
0.154648 0.897
0.155648 0.898
0.156648 0.899
0.157648 0.9
0.158648 0.901
0.159648 0.902
0.160648 0.903
0.161648 0.904
0.162648 0.905
0.163648 0.906
0.164648 0.907
0.165648 0.908
0.166648 0.909
0.167648 0.91
0.168648 0.911
0.169648 0.912
0.170648 0.913
0.171648 0.914
0.172648 0.915
0.173648 0.916
0.174648 0.917
0.175649 0.918
0.176649 0.919
0.177649 0.92
0.178649 0.921
0.179649 0.922
0.180649 0.923
0.181649 0.924
0.182649 0.925
0.183649 0.926
0.184649 0.927
0.185649 0.928
0.186649 0.929
0.187649 0.93
0.188649 0.931
0.189649 0.932
0.190649 0.933
0.191649 0.934
0.192649 0.935
0.193649 0.936
0.194649 0.937
0.195649 0.938
0.196649 0.939
0.197649 0.94
0.198649 0.941
0.199649 0.942
0.200649 0.943
0.201649 0.944
0.202649 0.945
0.203649 0.946
0.204649 0.947
0.205649 0.948
0.206649 0.949
0.207649 0.95
0.208649 0.951
0.209649 0.952
0.210649 0.953
0.21165 0.954
0.21265 0.955
0.21365 0.956
0.21465 0.957
0.21565 0.958
0.21665 0.959
0.21765 0.96
0.21865 0.961
0.21965 0.962
0.22065 0.963
0.22165 0.964
0.22265 0.965
0.22365 0.966
0.22465 0.967
0.22565 0.968
0.22665 0.969
0.22765 0.97
0.22865 0.971
0.22965 0.972
0.23065 0.973
0.23165 0.974
0.23265 0.975
0.23365 0.976
0.23465 0.977
0.23565 0.978
0.23665 0.979
0.23765 0.98
0.23865 0.981
0.23965 0.982
0.24065 0.983
0.24165 0.984
0.24265 0.985
0.24365 0.986
0.24465 0.987
0.24565 0.988
0.24665 0.989
0.24765 0.99
0.248651 0.991
0.249651 0.992
0.250651 0.993
0.251651 0.994
0.252651 0.995
0.253651 0.996
0.254651 0.997
0.255651 0.998
0.256651 0.999
0.257651 1


Shark
3.14159 1.5
3.13459 1.4995
3.12759 1.499
3.12059 1.4985
3.11359 1.498
3.10659 1.4975
3.09959 1.497
3.09259 1.4965
3.08559 1.496
3.07859 1.4955
3.07159 1.495
3.06459 1.4945
3.05759 1.494
3.05059 1.4935
3.04359 1.493
3.03659 1.4925
3.02959 1.492
3.02259 1.4915
3.01559 1.491
3.00859 1.4905
3.00159 1.49
2.99459 1.4895
2.98759 1.489
2.98059 1.4885
2.97359 1.488
2.96659 1.4875
2.95959 1.487
2.95259 1.4865
2.94559 1.486
2.93859 1.4855
2.93159 1.485
2.92459 1.4845
2.91759 1.484
2.91059 1.4835
2.90359 1.483
2.89659 1.4825
2.88959 1.482
2.88259 1.4815
2.87559 1.481
2.86859 1.4805
2.86159 1.48
2.85459 1.4795
2.84759 1.479
2.84059 1.4785
2.83359 1.478
2.82659 1.4775
2.81959 1.477
2.81259 1.4765
2.80559 1.476
2.79859 1.4755
2.79159 1.475
2.78459 1.4745
2.77759 1.474
2.77059 1.4735
2.76359 1.473
2.75659 1.4725
2.74959 1.472
2.90406 1.4715
2.91106 1.471
2.91806 1.4705
2.92506 1.47
2.93206 1.4695
2.93906 1.469
2.94606 1.4685
3.03348 1.468
3.04048 1.4675
3.04748 1.467
3.09369 1.4665
3.10069 1.466
3.10769 1.4655
3.11469 1.465
3.12169 1.4645
3.12869 1.464
3.13569 1.4635
3.14269 1.463
3.19434 1.4625
3.22121 1.462
3.22821 1.4615
3.23521 1.461
3.24221 1.4605
3.27041 1.46
3.27741 1.4595
3.28441 1.459
3.29141 1.4585
3.32059 1.458
3.33671 1.4575
3.32044 1.457
3.31344 1.4565
3.33002 1.456
3.33702 1.4555
3.32012 1.455
3.31312 1.4545
3.33033 1.454
3.33733 1.4535
3.31981 1.453
3.31281 1.4525
3.30203 1.452
3.29118 1.4515
3.28026 1.451
3.26928 1.4505
3.25823 1.45
3.24712 1.4495
3.23594 1.449
3.22469 1.4485
3.21337 1.448
3.20199 1.4475
3.19054 1.447
3.18354 1.4465
3.17195 1.446
3.16029 1.4455
3.14857 1.445
3.13677 1.4445
3.12491 1.444
3.11298 1.4435
3.10098 1.443
3.0889 1.4425
3.07676 1.442
3.06455 1.4415
3.05226 1.441
3.03991 1.4405
3.02749 1.44
3.01499 1.4395
3.00242 1.439
2.98984 1.4385
2.97754 1.438
2.96539 1.4375
2.95364 1.437
2.94664 1.4365
2.93964 1.436
2.93264 1.4355
2.92564 1.435
2.91864 1.4345
2.91164 1.434
2.90464 1.4335
2.89764 1.433
2.89064 1.4325
2.88364 1.432
2.87664 1.4315
2.86964 1.431
2.86264 1.4305
2.85564 1.43
2.84864 1.4295
2.84164 1.429
2.83464 1.4285
2.82764 1.428
2.82064 1.4275
2.81364 1.427
2.80664 1.4265
2.79964 1.426
2.79264 1.4255
2.78564 1.425
2.77864 1.4245
2.77164 1.424
2.76464 1.4235
2.75764 1.423
2.75064 1.4225
2.74364 1.422
2.73664 1.4215
2.72964 1.421
2.72264 1.4205
2.71564 1.42
2.70864 1.4195
2.70164 1.419
2.69464 1.4185
2.68764 1.418
2.68064 1.4175
2.67364 1.417
2.66664 1.4165
2.65964 1.416
2.65264 1.4155
2.64564 1.415
2.63864 1.4145
2.63164 1.414
2.62464 1.4135
2.61764 1.413
2.61064 1.4125
2.60364 1.412
2.59664 1.4115
2.58964 1.411
2.58264 1.4105
2.57564 1.41
2.56864 1.4095
2.56164 1.409
2.55464 1.4085
2.54764 1.408
2.54064 1.4075
2.53364 1.407
2.52664 1.4065
2.51964 1.406
2.51264 1.4055
2.50564 1.405
2.49864 1.4045
2.49164 1.404
2.48464 1.4035
2.47764 1.403
2.47064 1.4025
2.46364 1.402
2.45664 1.4015
2.44964 1.401
2.44264 1.4005
2.43564 1.4
2.42864 1.3995
2.42164 1.399
2.41464 1.3985
2.40764 1.398
2.40064 1.3975
2.39364 1.397
2.38664 1.3965
2.37964 1.396
2.37264 1.3955
2.36564 1.395
2.35864 1.3945
2.35164 1.394
2.34464 1.3935
2.33764 1.393
2.33064 1.3925
2.32364 1.392
2.31664 1.3915
2.30964 1.391
2.30264 1.3905
2.29564 1.39
2.28864 1.3895
2.28164 1.389
2.27464 1.3885
2.26764 1.388
2.26064 1.3875
2.25364 1.387
2.24664 1.3865
2.23964 1.386
2.23264 1.3855
2.22564 1.385
2.21864 1.3845
2.21164 1.384
2.20464 1.3835
2.19764 1.383
2.19064 1.3825
2.18364 1.382
2.17664 1.3815
2.16964 1.381
2.16264 1.3805
2.15564 1.38
2.14864 1.3795
2.14164 1.379
2.13464 1.3785
2.12764 1.378
2.12064 1.3775
2.11364 1.377
2.10664 1.3765
2.09964 1.376
2.09264 1.3755
2.08564 1.375
2.07864 1.3745
2.07164 1.374
2.06464 1.3735
2.05764 1.373
2.05064 1.3725
2.04364 1.372
2.03664 1.3715
2.02964 1.371
2.02264 1.3705
2.01564 1.37
2.00864 1.3695
2.00164 1.369
1.99464 1.3685
1.98764 1.368
1.98064 1.3675
1.97364 1.367
1.96664 1.3665
1.95964 1.366
1.95264 1.3655
1.94564 1.365
1.93864 1.3645
1.93164 1.364
1.92464 1.3635
1.91764 1.363
1.91064 1.3625
1.90364 1.362
1.89664 1.3615
1.88964 1.361
1.88264 1.3605
1.87564 1.36
1.86864 1.3595
1.86164 1.359
1.85464 1.3585
1.84764 1.358
1.84064 1.3575
1.83364 1.357
1.82664 1.3565
1.81964 1.356
1.81264 1.3555
1.80564 1.355
1.79864 1.3545
1.79164 1.354
1.78464 1.3535
1.77764 1.353
1.77064 1.3525
1.76364 1.352
1.75664 1.3515
1.74964 1.351
1.74264 1.3505
1.73564 1.35
1.72864 1.3495
1.72164 1.349
1.71464 1.3485
1.70764 1.348
1.70064 1.3475
1.69364 1.347
1.68664 1.3465
1.67964 1.346
1.67264 1.3455
1.66564 1.345
1.65864 1.3445
1.65164 1.344
1.64464 1.3435
1.63764 1.343
1.63064 1.3425
1.62364 1.342
1.61664 1.3415
1.60964 1.341
1.60264 1.3405
1.59564 1.34
1.58864 1.3395
1.58164 1.339
1.57464 1.3385
1.56764 1.338
1.56064 1.3375
1.55364 1.337
1.54664 1.3365
1.53964 1.336
1.53264 1.3355
1.52564 1.335
1.51864 1.3345
1.51164 1.334
1.50464 1.3335
1.49764 1.333
1.49064 1.3325
1.48364 1.332
1.47664 1.3315
1.46964 1.331
1.46264 1.3305
1.45564 1.33
1.44864 1.3295
1.44164 1.329
1.43464 1.3285
1.42764 1.328
1.42064 1.3275
1.41364 1.327
1.40664 1.3265
1.39964 1.326
1.39264 1.3255
1.38564 1.325
1.37864 1.3245
1.37164 1.324
1.36464 1.3235
1.35764 1.323
1.35064 1.3225
1.34364 1.322
1.33664 1.3215
1.32964 1.321
1.32264 1.3205
1.31564 1.32
1.30864 1.3195
1.30164 1.319
1.29464 1.3185
1.28764 1.318
1.28064 1.3175
1.27364 1.317
1.26664 1.3165
1.25964 1.316
1.25264 1.3155
1.24564 1.315
1.23864 1.3145
1.23164 1.314
1.22464 1.3135
1.21764 1.313
1.21064 1.3125
1.20364 1.312
1.19664 1.3115
1.18964 1.311
1.18264 1.3105
1.17564 1.31
1.16864 1.3095
1.16164 1.309
1.15464 1.3085
1.14764 1.308
1.14064 1.3075
1.13364 1.307
1.12664 1.3065
1.11964 1.306
1.11264 1.3055
1.10564 1.305
1.09864 1.3045
1.09164 1.304
1.08464 1.3035
1.07764 1.303
1.07064 1.3025
1.06364 1.302
1.05664 1.3015
1.04964 1.301
1.04264 1.3005
1.03564 1.3
1.02864 1.2995
1.02164 1.299
1.01464 1.2985
1.00764 1.298
1.00064 1.2975
0.993639 1.297
0.986639 1.2965
0.979639 1.296
0.972639 1.2955
0.965639 1.295
0.958639 1.2945
0.951639 1.294
0.944639 1.2935
0.937639 1.293
0.930639 1.2925
0.923639 1.292
0.916639 1.2915
0.909639 1.291
0.902639 1.2905
0.895639 1.29
0.888639 1.2895
0.881639 1.289
0.874639 1.2885
0.867639 1.288
0.860639 1.2875
0.853639 1.287
0.846639 1.2865
0.839639 1.286
0.832639 1.2855
0.825639 1.285
0.818639 1.2845
0.811639 1.284
0.804639 1.2835
0.797639 1.283
0.790639 1.2825
0.783639 1.282
0.776639 1.2815
0.769639 1.281
0.762639 1.2805
0.755639 1.28
0.748639 1.2795
0.741639 1.279
0.734639 1.2785
0.727639 1.278
0.720639 1.2775
0.713639 1.277
0.706639 1.2765
0.699639 1.276
0.692639 1.2755
0.685639 1.275
0.678639 1.2745
0.671639 1.274
0.664639 1.2735
0.657639 1.273
0.650639 1.2725
0.643639 1.272
0.636639 1.2715
0.629639 1.271
0.622639 1.2705
0.615639 1.27
0.608639 1.2695
0.601639 1.269
0.594639 1.2685
0.587639 1.268
0.580639 1.2675
0.573639 1.267
0.566639 1.2665
0.559639 1.266
0.552639 1.2655
0.545639 1.265
0.538639 1.2645
0.531639 1.264
0.524639 1.2635
0.517639 1.263
0.510639 1.2625
0.503639 1.262
0.496639 1.2615
0.489639 1.261
0.482639 1.2605
0.475639 1.26
0.468639 1.2595
0.461639 1.259
0.454639 1.2585
0.447639 1.258
0.440639 1.2575
0.433639 1.257
0.426639 1.2565
0.419639 1.256
0.412639 1.2555
0.405639 1.255
0.398639 1.2545
0.391639 1.254
0.384639 1.2535
0.377639 1.253
0.370639 1.2525
0.363639 1.252
0.356639 1.2515
0.349639 1.251
0.342639 1.2505
0.335639 1.25
0.328639 1.2495
0.321639 1.249
0.314639 1.2485
0.307639 1.248
0.300639 1.2475
0.293639 1.247
0.286639 1.2465
0.279639 1.246
0.272639 1.2455
0.265639 1.245
0.258639 1.2445
0.251639 1.244
0.244639 1.2435
0.237639 1.243
0.230639 1.2425
0.223639 1.242
0.216639 1.2415
0.209639 1.241
0.202639 1.2405
0.195639 1.24
0.188639 1.2395
0.181639 1.239
0.174639 1.2385
0.167639 1.238
0.160639 1.2375
0.153639 1.237
0.146639 1.2365
0.139639 1.236
0.132639 1.2355
0.125639 1.235
0.118639 1.2345
0.111639 1.234
0.104639 1.2335
0.0976391 1.233
0.0906391 1.2325
0.0836391 1.232
0.0766391 1.2315
0.0696391 1.231
0.0626391 1.2305
0.0556391 1.23
0.0486391 1.2295
0.0416391 1.229
0.0346391 1.2285
0.0276391 1.228
0.0206391 1.2275
0.0136391 1.227
0.00663909 1.2265
-0.000360913 1.226
-0.00736091 1.2255
-0.0143609 1.225
-0.0213609 1.2245
-0.0283609 1.224
-0.0353609 1.2235
-0.0423609 1.223
-0.0493609 1.2225
-0.0563609 1.222
-0.0633609 1.2215
-0.0703609 1.221
-0.0773609 1.2205
-0.0843609 1.22
-0.0913609 1.2195
-0.0983609 1.219
-0.105361 1.2185
-0.112361 1.218
-0.119361 1.2175
-0.126361 1.217
-0.133361 1.2165
-0.140361 1.216
-0.147361 1.2155
-0.154361 1.215
-0.161361 1.2145
-0.168361 1.214
-0.169361 1.2135
-0.168361 1.213
-0.167361 1.2125
-0.166361 1.212
-0.165361 1.2115
-0.164361 1.211
-0.163361 1.2105
-0.162361 1.21
-0.161361 1.2095
-0.160361 1.209
-0.159361 1.2085
-0.158361 1.208
-0.157361 1.2075
-0.156361 1.207
-0.155361 1.2065
-0.154361 1.206
-0.15336 1.2055
-0.15236 1.205
-0.15136 1.2045
-0.15036 1.204
-0.14936 1.2035
-0.14836 1.203
-0.14736 1.2025
-0.14636 1.202
-0.14536 1.2015
-0.14436 1.201
-0.14336 1.2005
-0.14236 1.2
-0.14136 1.1995
-0.14036 1.199
-0.13936 1.1985
-0.13836 1.198
-0.13736 1.1975
-0.13636 1.197
-0.13536 1.1965
-0.13436 1.196
-0.13336 1.1955
-0.13236 1.195
-0.13136 1.1945
-0.13036 1.194
-0.12936 1.1935
-0.12836 1.193
-0.12736 1.1925
-0.12636 1.192
-0.12536 1.1915
-0.12436 1.191
-0.12336 1.1905
-0.12236 1.19
-0.12136 1.1895
-0.12036 1.189
-0.11936 1.1885
-0.11836 1.188
-0.11736 1.1875
-0.116359 1.187
-0.115359 1.1865
-0.114359 1.186
-0.113359 1.1855
-0.112359 1.185
-0.111359 1.1845
-0.110359 1.184
-0.109359 1.1835
-0.108359 1.183
-0.107359 1.1825
-0.106359 1.182
-0.105359 1.1815
-0.104359 1.181
-0.103359 1.1805
-0.102359 1.18
-0.101359 1.1795
-0.100359 1.179
-0.099359 1.1785
-0.098359 1.178
-0.097359 1.1775
-0.0963589 1.177
-0.0953589 1.1765
-0.0943589 1.176
-0.0933588 1.1755
-0.0923588 1.175
-0.0913588 1.1745
-0.0903588 1.174
-0.0893587 1.1735
-0.0883587 1.173
-0.0873587 1.1725
-0.0863587 1.172
-0.0853586 1.1715
-0.0843586 1.171
-0.0833586 1.1705
-0.0823585 1.17
-0.0813585 1.1695
-0.0803585 1.169
-0.0793585 1.1685
-0.0783584 1.168
-0.0773584 1.1675
-0.0763584 1.167
-0.0753584 1.1665
-0.0743583 1.166
-0.0733583 1.1655
-0.0723583 1.165
-0.0713582 1.1645
-0.0703582 1.164
-0.0693582 1.1635
-0.0683582 1.163
-0.0673581 1.1625
-0.0663581 1.162
-0.0653581 1.1615
-0.064358 1.161
-0.063358 1.1605
-0.062358 1.16
-0.061358 1.1595
-0.0603579 1.159
-0.0593579 1.1585
-0.0583579 1.158
-0.0573579 1.1575
-0.0563578 1.157
-0.0553578 1.1565
-0.0543578 1.156
-0.0533577 1.1555
-0.0523577 1.155
-0.0513577 1.1545
-0.0503577 1.154
-0.0493576 1.1535
-0.0483576 1.153
-0.0473576 1.1525
-0.0463576 1.152
-0.0453575 1.1515
-0.0443575 1.151
-0.0433575 1.1505
-0.0423574 1.15
-0.0413574 1.1495
-0.0403574 1.149
-0.0393574 1.1485
-0.0383573 1.148
-0.0373573 1.1475
-0.0363573 1.147
-0.0353573 1.1465
-0.0343572 1.146
-0.0333572 1.1455
-0.0323572 1.145
-0.0313571 1.1445
-0.0303571 1.144
-0.0293571 1.1435
-0.0283571 1.143
-0.027357 1.1425
-0.026357 1.142
-0.025357 1.1415
-0.024357 1.141
-0.0233569 1.1405
-0.0223569 1.14
-0.0213569 1.1395
-0.0203568 1.139
-0.0193568 1.1385
-0.0183568 1.138
-0.0173568 1.1375
-0.0163567 1.137
-0.0153567 1.1365
-0.0143567 1.136
-0.0133567 1.1355
-0.0123566 1.135
-0.0113566 1.1345
-0.0103566 1.134
-0.00935654 1.1335
-0.00835652 1.133
-0.00735649 1.1325
-0.00635646 1.132
-0.00535643 1.1315
-0.00435641 1.131
-0.00335638 1.1305
-0.00235635 1.13
-0.00135632 1.1295
-0.000356297 1.129
0.000643731 1.1285
0.00164376 1.128
0.00264379 1.1275
0.00364381 1.127
0.00464384 1.1265
0.00564387 1.126
0.0066439 1.1255
0.00764392 1.125
0.00864395 1.1245
0.00964398 1.124
0.010644 1.1235
0.011644 1.123
0.0126441 1.1225
0.0136441 1.122
0.0146441 1.1215
0.0156441 1.121
0.0166442 1.1205
0.0176442 1.12
0.0186442 1.1195
0.0196443 1.119
0.0206443 1.1185
0.0216443 1.118
0.0226443 1.1175
0.0236444 1.117
0.0246444 1.1165
0.0256444 1.116
0.0266444 1.1155
0.0276445 1.115
0.0286445 1.1145
0.0296445 1.114
0.0306446 1.1135
0.0316446 1.113
0.0326446 1.1125
0.0336446 1.112
0.0346447 1.1115
0.0356447 1.111
0.0366447 1.1105
0.0376447 1.11
0.0386448 1.1095
0.0396448 1.109
0.0406448 1.1085
0.0416449 1.108
0.0426449 1.1075
0.0436449 1.107
0.0446449 1.1065
0.045645 1.106
0.046645 1.1055
0.047645 1.105
0.048645 1.1045
0.0496451 1.104
0.0506451 1.1035
0.0516451 1.103
0.0526452 1.1025
0.0536452 1.102
0.0546452 1.1015
0.0556452 1.101
0.0566453 1.1005
0.0576453 1.1
0.0586453 1.0995
0.0596453 1.099
0.0606454 1.0985
0.0616454 1.098
0.0626454 1.0975
0.0636455 1.097
0.0646455 1.0965
0.0656455 1.096
0.0666455 1.0955
0.0676456 1.095
0.0686456 1.0945
0.0696456 1.094
0.0706456 1.0935
0.0716457 1.093
0.0726457 1.0925
0.0736457 1.092
0.0746458 1.0915
0.0756458 1.091
0.0766458 1.0905
0.0776458 1.09
0.0786459 1.0895
0.0796459 1.089
0.0806459 1.0885
0.0816459 1.088
0.082646 1.0875
0.083646 1.087
0.084646 1.0865
0.0856461 1.086
0.0866461 1.0855
0.0876461 1.085
0.0886461 1.0845
0.0896462 1.084
0.0906462 1.0835
0.0916462 1.083
0.0926463 1.0825
0.0936463 1.082
0.0946463 1.0815
0.0956463 1.081
0.0966464 1.0805
0.0976464 1.08
0.0986464 1.0795
0.0996464 1.079
0.100646 1.0785
0.101646 1.078
0.102647 1.0775
0.103647 1.077
0.104647 1.0765
0.105647 1.076
0.106647 1.0755
0.107647 1.075
0.108647 1.0745
0.109647 1.074
0.110647 1.0735
0.111647 1.073
0.112647 1.0725
0.113647 1.072
0.114647 1.0715
0.115647 1.071
0.116647 1.0705
0.117647 1.07
0.118647 1.0695
0.119647 1.069
0.120647 1.0685
0.121647 1.068
0.122647 1.0675
0.123647 1.067
0.124647 1.0665
0.125647 1.066
0.126647 1.0655
0.127647 1.065
0.128647 1.0645
0.129647 1.064
0.130647 1.0635
0.131647 1.063
0.132647 1.0625
0.133647 1.062
0.134647 1.0615
0.135647 1.061
0.136647 1.0605
0.137647 1.06
0.138648 1.0595
0.139648 1.059
0.140648 1.0585
0.141648 1.058
0.142648 1.0575
0.143648 1.057
0.144648 1.0565
0.145648 1.056
0.146648 1.0555
0.147648 1.055
0.148648 1.0545
0.149648 1.054
0.150648 1.0535
0.151648 1.053
0.152648 1.0525
0.153648 1.052
0.154648 1.0515
0.155648 1.051
0.156648 1.0505
0.157648 1.05
0.158648 1.0495
0.159648 1.049
0.160648 1.0485
0.161648 1.048
0.162648 1.0475
0.163648 1.047
0.164648 1.0465
0.165648 1.046
0.166648 1.0455
0.167648 1.045
0.168648 1.0445
0.169648 1.044
0.170648 1.0435
0.171648 1.043
0.172648 1.0425
0.173648 1.042
0.174648 1.0415
0.175649 1.041
0.176649 1.0405
0.177649 1.04
0.178649 1.0395
0.179649 1.039
0.180649 1.0385
0.181649 1.038
0.182649 1.0375
0.183649 1.037
0.184649 1.0365
0.185649 1.036
0.186649 1.0355
0.187649 1.035
0.188649 1.0345
0.189649 1.034
0.190649 1.0335
0.191649 1.033
0.192649 1.0325
0.193649 1.032
0.194649 1.0315
0.195649 1.031
0.196649 1.0305
0.197649 1.03
0.198649 1.0295
0.199649 1.029
0.200649 1.0285
0.201649 1.028
0.202649 1.0275
0.203649 1.027
0.204649 1.0265
0.205649 1.026
0.206649 1.0255
0.207649 1.025
0.208649 1.0245
0.209649 1.024
0.210649 1.0235
0.21165 1.023
0.21265 1.0225
0.21365 1.022
0.21465 1.0215
0.21565 1.021
0.21665 1.0205
0.21765 1.02
0.21865 1.0195
0.21965 1.019
0.22065 1.0185
0.22165 1.018
0.22265 1.0175
0.22365 1.017
0.22465 1.0165
0.22565 1.016
0.22665 1.0155
0.22765 1.015
0.22865 1.0145
0.22965 1.014
0.23065 1.0135
0.23165 1.013
0.23265 1.0125
0.23365 1.012
0.23465 1.0115
0.23565 1.011
0.23665 1.0105
0.23765 1.01
0.23865 1.0095
0.23965 1.009
0.24065 1.0085
0.24165 1.008
0.24265 1.0075
0.24365 1.007
0.24465 1.0065
0.24565 1.006
0.24665 1.0055
0.24765 1.005
0.248651 1.0045
0.249651 1.004
0.250651 1.0035
0.251651 1.003
0.252651 1.0025
0.253651 1.002
0.254651 1.0015
0.255651 1.001
0.256651 1.0005
0.257651 1
