Man
0 0
0 0.002
0 0.004
0 0.006
0 0.008
0 0.01
0 0.012
0 0.014
0 0.016
0 0.018
0 0.02
0 0.022
0 0.024
0 0.026
0 0.028
0 0.03
0 0.032
0 0.034
0 0.036
0 0.038
0 0.04
0 0.042
0 0.044
0 0.046
0 0.048
0 0.05
0 0.052
0 0.054
0 0.056
0 0.058
0 0.06
0 0.062
0 0.064
0 0.066
0 0.068
0 0.07
0 0.072
0 0.074
0 0.076
0 0.078
0 0.08
0 0.082
0 0.084
0 0.086
0 0.088
0 0.09
0 0.092
0 0.094
0 0.096
0 0.098
-0.392699 0.1
-0.392699 0.102
-0.392699 0.104
-0.392699 0.106
-0.392699 0.108
-0.392699 0.11
-0.19635 0.112
-0.19635 0.114
-0.294524 0.116
-0.294524 0.118
-0.294524 0.12
-0.294524 0.122
-0.294524 0.124
-0.294524 0.126
-0.294524 0.128
-0.294524 0.13
-0.245437 0.132
-0.19635 0.134
-0.19635 0.136
-0.19635 0.138
-0.147262 0.14
-0.0981748 0.142
-0.0981748 0.144
-0.0981748 0.146
-0.0490874 0.148
-0.0490874 0.15
-0.0490874 0.152
0 0.154
-0.0245437 0.156
-0.0490874 0.158
-0.0613592 0.16
-0.0736311 0.162
-0.0859029 0.164
-0.0981748 0.166
-0.110447 0.168
-0.122718 0.17
-0.13499 0.172
-0.147262 0.174
-0.13499 0.176
-0.147262 0.178
-0.13499 0.18
-0.147262 0.182
-0.13499 0.184
-0.122718 0.186
-0.134848 0.188
-0.14712 0.19
-0.134848 0.192
-0.122915 0.194
-0.122915 0.196
-0.122915 0.198
-0.122915 0.2
-0.122915 0.202
-0.122915 0.204
-0.122915 0.206
-0.122915 0.208
-0.122915 0.21
-0.122915 0.212
-0.122915 0.214
-0.122915 0.216
-0.122915 0.218
-0.122915 0.22
-0.122915 0.222
-0.122915 0.224
-0.122915 0.226
-0.122915 0.228
-0.122915 0.23
-0.122915 0.232
-0.122915 0.234
-0.122915 0.236
-0.122915 0.238
-0.122915 0.24
-0.122915 0.242
-0.122915 0.244
-0.122915 0.246
-0.122915 0.248
-0.122915 0.25
-0.122915 0.252
-0.122915 0.254
-0.122915 0.256
-0.122915 0.258
-0.122915 0.26
-0.122915 0.262
-0.122915 0.264
-0.122915 0.266
-0.122915 0.268
-0.122915 0.27
-0.122915 0.272
-0.122915 0.274
-0.122915 0.276
-0.122915 0.278
-0.122915 0.28
-0.122915 0.282
-0.122915 0.284
-0.122915 0.286
-0.122915 0.288
-0.122915 0.29
-0.122915 0.292
-0.122915 0.294
-0.122915 0.296
-0.122915 0.298
-0.122915 0.3
-0.122915 0.302
-0.122915 0.304
-0.122915 0.306
-0.122915 0.308
-0.122915 0.31
-0.122915 0.312
-0.122915 0.314
-0.122915 0.316
-0.122915 0.318
-0.122915 0.32
-0.122915 0.322
-0.122915 0.324
-0.122915 0.326
-0.122915 0.328
-0.122915 0.33
-0.122915 0.332
-0.122915 0.334
-0.122915 0.336
-0.122915 0.338
-0.122915 0.34
-0.122915 0.342
-0.122915 0.344
-0.122915 0.346
-0.122915 0.348
-0.122915 0.35
-0.122915 0.352
-0.122915 0.354
-0.122915 0.356
-0.122915 0.358
-0.122915 0.36
-0.122915 0.362
-0.122915 0.364
-0.122915 0.366
-0.122915 0.368
-0.122915 0.37
-0.122915 0.372
-0.122915 0.374
-0.122915 0.376
-0.122915 0.378
-0.122915 0.38
-0.122915 0.382
-0.122915 0.384
-0.122915 0.386
-0.122915 0.388
-0.122915 0.39
-0.122915 0.392
-0.122915 0.394
-0.122915 0.396
-0.122915 0.398
-0.122915 0.4
-0.122915 0.402
-0.122915 0.404
-0.122915 0.406
-0.122915 0.408
-0.122915 0.41
-0.122915 0.412
-0.122915 0.414
-0.122915 0.416
-0.122915 0.418
-0.122915 0.42
-0.122915 0.422
-0.122915 0.424
-0.122915 0.426
-0.122915 0.428
-0.122915 0.43
-0.122915 0.432
-0.122915 0.434
-0.122915 0.436
-0.122915 0.438
-0.122915 0.44
-0.122915 0.442
-0.122915 0.444
-0.122915 0.446
-0.122915 0.448
-0.122915 0.45
-0.122915 0.452
-0.122915 0.454
-0.122915 0.456
-0.122915 0.458
-0.122915 0.46
-0.122915 0.462
-0.122915 0.464
-0.122915 0.466
-0.122915 0.468
-0.122915 0.47
-0.122915 0.472
-0.122915 0.474
-0.122915 0.476
-0.122915 0.478
-0.122915 0.48
-0.122915 0.482
-0.122915 0.484
-0.122915 0.486
-0.122915 0.488
-0.122915 0.49
-0.122915 0.492
-0.122915 0.494
-0.122915 0.496
-0.122915 0.498
-0.122915 0.5
-0.122915 0.502
-0.122915 0.504
-0.122915 0.506
-0.122915 0.508
-0.122915 0.51
-0.122915 0.512
-0.122915 0.514
-0.122915 0.516
-0.122915 0.518
-0.122915 0.52
-0.122915 0.522
-0.122915 0.524
-0.122915 0.526
-0.122915 0.528
-0.122915 0.53
-0.122915 0.532
-0.122915 0.534
-0.122915 0.536
-0.122915 0.538
-0.122915 0.54
-0.122915 0.542
-0.122915 0.544
-0.122915 0.546
-0.122915 0.548
-0.122915 0.55
-0.122915 0.552
-0.122915 0.554
-0.122915 0.556
-0.122915 0.558
-0.122915 0.56
-0.122915 0.562
-0.122915 0.564
-0.122915 0.566
-0.122915 0.568
-0.122915 0.57
-0.122915 0.572
-0.122915 0.574
-0.122915 0.576
-0.122915 0.578
-0.122915 0.58
-0.122915 0.582
-0.122915 0.584
-0.122915 0.586
-0.122915 0.588
-0.122915 0.59
-0.122915 0.592
-0.122915 0.594
-0.122915 0.596
-0.122915 0.598
-0.122915 0.6
-0.122915 0.602
-0.122915 0.604
-0.122915 0.606
-0.122915 0.608
-0.122915 0.61
-0.122915 0.612
-0.122915 0.614
-0.122915 0.616
-0.122915 0.618
-0.122915 0.62
-0.122915 0.622
-0.122915 0.624
-0.122915 0.626
-0.122915 0.628
-0.122915 0.63
-0.122915 0.632
-0.122915 0.634
-0.122915 0.636
-0.122915 0.638
-0.122915 0.64
-0.122915 0.642
-0.122915 0.644
-0.122915 0.646
-0.122915 0.648
-0.122915 0.65
-0.122915 0.652
-0.122915 0.654
-0.122915 0.656
-0.122915 0.658
-0.122915 0.66
-0.122915 0.662
-0.122915 0.664
-0.122915 0.666
-0.122915 0.668
-0.122915 0.67
-0.122915 0.672
-0.122915 0.674
-0.122915 0.676
-0.122915 0.678
-0.122915 0.68
-0.122915 0.682
-0.122915 0.684
-0.122915 0.686
-0.122915 0.688
-0.122915 0.69
-0.122915 0.692
-0.122915 0.694
-0.122915 0.696
-0.122915 0.698
-0.122915 0.7
-0.122915 0.702
-0.122915 0.704
-0.122915 0.706
-0.122915 0.708
-0.122915 0.71
-0.122915 0.712
-0.122915 0.714
-0.122915 0.716
-0.122915 0.718
-0.122915 0.72
-0.122915 0.722
-0.122915 0.724
-0.122915 0.726
-0.122915 0.728
-0.122915 0.73
-0.122915 0.732
-0.122915 0.734
-0.122915 0.736
-0.122915 0.738
-0.122915 0.74
-0.122915 0.742
-0.122915 0.744
-0.122915 0.746
-0.122915 0.748
-0.122915 0.75
-0.122915 0.752
-0.122915 0.754
-0.122915 0.756
-0.122915 0.758
-0.122915 0.76
-0.122915 0.762
-0.122915 0.764
-0.122915 0.766
-0.122915 0.768
-0.122915 0.77
-0.122915 0.772
-0.122915 0.774
-0.122915 0.776
-0.122915 0.778
-0.122915 0.78
-0.122915 0.782
-0.122915 0.784
-0.122915 0.786
-0.122915 0.788
-0.122915 0.79
-0.122915 0.792
-0.122915 0.794
-0.122915 0.796
-0.122915 0.798
-0.122915 0.8
-0.122915 0.802
-0.122915 0.804
-0.122915 0.806
-0.122915 0.808
-0.122915 0.81
-0.122915 0.812
-0.122915 0.814
-0.122915 0.816
-0.122915 0.818
-0.122915 0.82
-0.122915 0.822
-0.122915 0.824
-0.122915 0.826
-0.122915 0.828
-0.122915 0.83
-0.122915 0.832
-0.122915 0.834
-0.122915 0.836
-0.122915 0.838
-0.122915 0.84
-0.122915 0.842
-0.122915 0.844
-0.122915 0.846
-0.122915 0.848
-0.122915 0.85
-0.122915 0.852
-0.122915 0.854
-0.122915 0.856
-0.122915 0.858
-0.122915 0.86
-0.122915 0.862
-0.122915 0.864
-0.122915 0.866
-0.122915 0.868
-0.122915 0.87
-0.122915 0.872
-0.122915 0.874
-0.122915 0.876
-0.122915 0.878
-0.122915 0.88
-0.122915 0.882
-0.122915 0.884
-0.122915 0.886
-0.122915 0.888
-0.122915 0.89
-0.122915 0.892
-0.122915 0.894
-0.122915 0.896
-0.122915 0.898
-0.122915 0.9
-0.122915 0.902
-0.122915 0.904
-0.122915 0.906
-0.122915 0.908
-0.122915 0.91
-0.122915 0.912
-0.122915 0.914
-0.122915 0.916
-0.122915 0.918
-0.122915 0.92
-0.122915 0.922
-0.122915 0.924
-0.122915 0.926
-0.122915 0.928
-0.122915 0.93
-0.122915 0.932
-0.122915 0.934
-0.122915 0.936
-0.122915 0.938
-0.122915 0.94
-0.122915 0.942
-0.122915 0.944
-0.122915 0.946
-0.122915 0.948
-0.122915 0.95
-0.122915 0.952
-0.122915 0.954
-0.122915 0.956
-0.122915 0.958
-0.122915 0.96
-0.122915 0.962
-0.122915 0.964
-0.122915 0.966
-0.122915 0.968
-0.122915 0.97
-0.122915 0.972
-0.122915 0.974
-0.122915 0.976
-0.122915 0.978
-0.123915 0.98
-0.124915 0.982
-0.125915 0.984
-0.126915 0.986
-0.127915 0.988
-0.128915 0.99
-0.129915 0.992
-0.130915 0.994
-0.131915 0.996
-0.132915 0.998
-0.131915 1


Shark
3.14159 1.5
3.13359 1.499
3.12559 1.498
3.11759 1.497
3.10959 1.496
3.10159 1.495
3.09359 1.494
3.08559 1.493
3.07759 1.492
3.06959 1.491
3.06159 1.49
3.05359 1.489
3.04559 1.488
3.03759 1.487
3.02959 1.486
3.02159 1.485
3.01359 1.484
3.00559 1.483
2.99759 1.482
2.98959 1.481
2.98159 1.48
2.97359 1.479
2.96559 1.478
2.95759 1.477
2.94959 1.476
2.94159 1.475
2.93359 1.474
2.92559 1.473
2.91759 1.472
2.90959 1.471
2.90159 1.47
2.89359 1.469
2.88559 1.468
2.87759 1.467
2.86959 1.466
2.86159 1.465
2.85359 1.464
2.84559 1.463
2.83759 1.462
2.82959 1.461
2.82159 1.46
2.81359 1.459
2.80559 1.458
2.79759 1.457
2.78959 1.456
2.78159 1.455
2.77359 1.454
2.76559 1.453
2.75759 1.452
2.74959 1.451
2.9043 1.45
2.9123 1.449
2.9203 1.448
2.9283 1.447
2.9363 1.446
2.9443 1.445
2.8569 1.444
2.8489 1.443
2.89474 1.442
2.90274 1.441
2.91074 1.44
2.91874 1.439
2.92674 1.438
2.93474 1.437
2.94274 1.436
2.95074 1.435
2.97768 1.434
3.00499 1.433
3.01299 1.432
3.02099 1.431
3.04943 1.43
3.07824 1.429
3.08624 1.428
3.09424 1.427
3.12419 1.426
3.13219 1.425
3.14019 1.424
3.1091 1.423
3.09191 1.422
3.07455 1.421
3.06337 1.42
3.05213 1.419
3.04081 1.418
3.02943 1.417
3.01797 1.416
3.00645 1.415
2.99485 1.414
3.00652 1.413
2.99478 1.412
3.00659 1.411
2.99471 1.41
3.00666 1.409
3.01869 1.408
3.00659 1.407
2.99449 1.406
3.00674 1.405
3.01907 1.404
3.03127 1.403
3.03927 1.402
3.04727 1.401
3.05527 1.4
3.06327 1.399
3.07127 1.398
3.07927 1.397
3.08727 1.396
3.09527 1.395
3.10327 1.394
3.11127 1.393
3.11927 1.392
3.12727 1.391
3.13527 1.39
3.14327 1.389
3.15127 1.388
3.15927 1.387
3.16727 1.386
3.17527 1.385
3.18327 1.384
3.19127 1.383
3.19927 1.382
3.20727 1.381
3.21527 1.38
3.22327 1.379
3.23127 1.378
3.23927 1.377
3.24727 1.376
3.25527 1.375
3.26327 1.374
3.27127 1.373
3.27927 1.372
3.28727 1.371
3.29527 1.37
3.30327 1.369
3.31127 1.368
3.31927 1.367
3.32727 1.366
3.33527 1.365
3.34327 1.364
3.35127 1.363
3.35927 1.362
3.36727 1.361
3.37527 1.36
3.38327 1.359
3.39127 1.358
3.39927 1.357
3.40727 1.356
3.41527 1.355
3.42327 1.354
3.43127 1.353
3.43927 1.352
3.44727 1.351
3.45527 1.35
3.46327 1.349
3.47127 1.348
3.47927 1.347
3.48727 1.346
3.49527 1.345
3.50327 1.344
3.51127 1.343
3.51927 1.342
3.52727 1.341
3.53527 1.34
3.54327 1.339
3.55127 1.338
3.55927 1.337
3.56727 1.336
3.57527 1.335
3.58327 1.334
3.59127 1.333
3.59927 1.332
3.60727 1.331
3.61527 1.33
3.62327 1.329
3.63127 1.328
3.63927 1.327
3.64727 1.326
3.65527 1.325
3.66327 1.324
3.67127 1.323
3.67927 1.322
3.68727 1.321
3.69527 1.32
3.70327 1.319
3.71127 1.318
3.71927 1.317
3.72727 1.316
3.73527 1.315
3.74327 1.314
3.75127 1.313
3.75927 1.312
3.76727 1.311
3.77527 1.31
3.78327 1.309
3.79127 1.308
3.79927 1.307
3.80727 1.306
3.81527 1.305
3.82327 1.304
3.83127 1.303
3.83927 1.302
3.84727 1.301
3.85527 1.3
3.86327 1.299
3.87127 1.298
3.87927 1.297
3.88727 1.296
3.89527 1.295
3.90327 1.294
3.91127 1.293
3.91927 1.292
3.92727 1.291
3.93527 1.29
3.94327 1.289
3.95127 1.288
3.95927 1.287
3.96727 1.286
3.97527 1.285
3.98327 1.284
3.99127 1.283
3.99927 1.282
4.00727 1.281
4.01527 1.28
4.02327 1.279
4.03127 1.278
4.03927 1.277
4.04727 1.276
4.05527 1.275
4.06327 1.274
4.07127 1.273
4.07927 1.272
4.08727 1.271
4.09527 1.27
4.10327 1.269
4.11127 1.268
4.11927 1.267
4.12727 1.266
4.13527 1.265
4.14327 1.264
4.15127 1.263
4.15927 1.262
4.16727 1.261
4.17527 1.26
4.18327 1.259
4.19127 1.258
4.19927 1.257
4.20727 1.256
4.21527 1.255
4.22327 1.254
4.23127 1.253
4.23927 1.252
4.24727 1.251
4.25527 1.25
4.26327 1.249
4.27127 1.248
4.27927 1.247
4.28727 1.246
4.29527 1.245
4.30327 1.244
4.31127 1.243
4.31927 1.242
4.32727 1.241
4.33527 1.24
4.34327 1.239
4.35127 1.238
4.35927 1.237
4.36727 1.236
4.37527 1.235
4.38327 1.234
4.39127 1.233
4.39927 1.232
4.40727 1.231
4.41527 1.23
4.42327 1.229
4.43127 1.228
4.43927 1.227
4.44727 1.226
4.45527 1.225
4.46327 1.224
4.47127 1.223
4.47927 1.222
4.48727 1.221
4.49527 1.22
4.50327 1.219
4.51127 1.218
4.51927 1.217
4.52727 1.216
4.53527 1.215
4.54327 1.214
4.55127 1.213
4.55927 1.212
4.56727 1.211
4.57527 1.21
4.58327 1.209
4.59127 1.208
4.59927 1.207
4.60727 1.206
4.61527 1.205
4.62327 1.204
4.63127 1.203
4.63927 1.202
4.64727 1.201
4.65527 1.2
4.66327 1.199
4.67127 1.198
4.67927 1.197
4.68727 1.196
4.69527 1.195
4.70327 1.194
4.71127 1.193
4.71927 1.192
4.72727 1.191
4.73527 1.19
4.74327 1.189
4.75127 1.188
4.75927 1.187
4.76727 1.186
4.77527 1.185
4.78327 1.184
4.79127 1.183
4.79927 1.182
4.80727 1.181
4.81527 1.18
4.82327 1.179
4.83127 1.178
4.83927 1.177
4.84727 1.176
4.85527 1.175
4.86327 1.174
4.87127 1.173
4.87927 1.172
4.88727 1.171
4.89527 1.17
4.90327 1.169
4.91127 1.168
4.91927 1.167
4.92727 1.166
4.93527 1.165
4.94327 1.164
4.95127 1.163
4.95927 1.162
4.96727 1.161
4.97527 1.16
4.98327 1.159
4.99127 1.158
4.99927 1.157
5.00727 1.156
5.01527 1.155
5.02327 1.154
5.03127 1.153
5.03927 1.152
5.04727 1.151
5.05527 1.15
5.06327 1.149
5.07127 1.148
5.07927 1.147
5.08727 1.146
5.09527 1.145
5.10327 1.144
5.11127 1.143
5.11927 1.142
5.12727 1.141
5.13527 1.14
5.14327 1.139
5.15127 1.138
5.15927 1.137
5.16727 1.136
5.17527 1.135
5.18327 1.134
5.19127 1.133
5.19927 1.132
5.20727 1.131
5.21527 1.13
5.22327 1.129
5.23127 1.128
5.23927 1.127
5.24727 1.126
5.25527 1.125
5.26327 1.124
5.27127 1.123
5.27927 1.122
5.28727 1.121
5.29527 1.12
5.30327 1.119
5.31127 1.118
5.31927 1.117
5.32727 1.116
5.33527 1.115
5.34327 1.114
5.35127 1.113
5.35927 1.112
5.36727 1.111
5.37527 1.11
5.38327 1.109
5.39127 1.108
5.39927 1.107
5.40727 1.106
5.41527 1.105
5.42327 1.104
5.43127 1.103
5.43927 1.102
5.44727 1.101
5.45527 1.1
5.46327 1.099
5.47127 1.098
5.47927 1.097
5.48727 1.096
5.49527 1.095
5.50327 1.094
5.51127 1.093
5.51927 1.092
5.52727 1.091
5.53527 1.09
5.54327 1.089
5.55127 1.088
5.55927 1.087
5.56727 1.086
5.57527 1.085
5.58327 1.084
5.59127 1.083
5.59927 1.082
5.60727 1.081
5.61527 1.08
5.62327 1.079
5.63127 1.078
5.63927 1.077
5.64727 1.076
5.65527 1.075
5.66327 1.074
5.67127 1.073
5.67927 1.072
5.68727 1.071
5.69527 1.07
5.70327 1.069
5.71127 1.068
5.71927 1.067
5.72727 1.066
5.73527 1.065
5.74327 1.064
5.75127 1.063
5.75927 1.062
5.76727 1.061
5.77527 1.06
5.78327 1.059
5.79127 1.058
5.79927 1.057
5.80727 1.056
5.81527 1.055
5.82327 1.054
5.83127 1.053
5.83927 1.052
5.84727 1.051
5.85527 1.05
5.86327 1.049
5.87127 1.048
5.87927 1.047
5.88727 1.046
5.89527 1.045
5.90327 1.044
5.91127 1.043
5.91927 1.042
5.92727 1.041
5.93527 1.04
5.94327 1.039
5.95127 1.038
5.95927 1.037
5.96727 1.036
5.97527 1.035
5.98327 1.034
5.99127 1.033
5.99927 1.032
6.00727 1.031
6.01527 1.03
6.02327 1.029
6.03127 1.028
6.03927 1.027
6.04727 1.026
6.05527 1.025
6.06327 1.024
6.07127 1.023
6.07927 1.022
6.08727 1.021
6.09527 1.02
6.10327 1.019
6.11127 1.018
6.11927 1.017
6.12727 1.016
6.13527 1.015
6.14327 1.014
6.15127 1.013
6.15927 1.012
6.16027 1.011
6.15927 1.01
6.15827 1.009
6.15727 1.008
6.15627 1.007
6.15527 1.006
6.15427 1.005
6.15327 1.004
6.15227 1.003
6.15127 1.002
6.15027 1.001
6.15127 1
