Man
0 0
0 0.001
0 0.002
0 0.003
0 0.004
0 0.005
0 0.006
0 0.007
0 0.008
0 0.009
0 0.01
0 0.011
0 0.012
0 0.013
0 0.014
0 0.015
0 0.016
0 0.017
0 0.018
0 0.019
0 0.02
0 0.021
0 0.022
0 0.023
0 0.024
0 0.025
0 0.026
0 0.027
0 0.028
0 0.029
0 0.03
0 0.031
0 0.032
0 0.033
0 0.034
0 0.035
0 0.036
0 0.037
0 0.038
0 0.039
-0.00076699 0.04
-0.00153398 0.041
-0.00127832 0.042
0.00792557 0.043
-0.0319579 0.044
-0.0728641 0.045
-0.121951 0.046
-0.121951 0.047
-0.121951 0.048
-0.121951 0.049
-0.121951 0.05
-0.121951 0.051
-0.121951 0.052
-0.121951 0.053
-0.121951 0.054
-0.121951 0.055
-0.121951 0.056
-0.121951 0.057
-0.121951 0.058
-0.121951 0.059
-0.121951 0.06
-0.121951 0.061
-0.121951 0.062
-0.121951 0.063
-0.121951 0.064
-0.121951 0.065
-0.121951 0.066
-0.121951 0.067
-0.121951 0.068
-0.122207 0.069
-0.122974 0.07
-0.123038 0.071
-0.122591 0.072
-0.122655 0.073
-0.123422 0.074
-0.116263 0.075
-0.0917193 0.076
-0.116263 0.077
-0.148988 0.078
-0.198075 0.079
-0.198075 0.08
-0.19603 0.081
-0.189894 0.082
-0.208302 0.083
-0.228755 0.084
-0.253299 0.085
-0.26148 0.086
-0.270684 0.087
-0.279888 0.088
-0.281677 0.089
-0.281422 0.09
-0.281166 0.091
-0.296506 0.092
-0.329231 0.093
-0.351729 0.094
-0.353774 0.095
-0.351729 0.096
-0.35991 0.097
-0.372182 0.098
-0.371159 0.099
-0.370137 0.1
-0.385477 0.101
-0.401839 0.102
-0.426383 0.103
-0.433541 0.104
-0.438655 0.105
-0.443768 0.106
-0.449904 0.107
-0.45604 0.108
-0.46013 0.109
-0.464221 0.11
-0.470357 0.111
-0.469334 0.112
-0.477515 0.113
-0.484674 0.114
-0.489787 0.115
-0.493878 0.116
-0.497713 0.117
-0.498991 0.118
-0.498224 0.119
-0.498736 0.12
-0.504871 0.121
-0.508962 0.122
-0.517143 0.123
-0.525325 0.124
-0.533506 0.125
-0.536062 0.126
-0.537596 0.127
-0.53913 0.128
-0.542198 0.129
-0.55038 0.13
-0.55447 0.131
-0.558561 0.132
-0.560606 0.133
-0.564697 0.134
-0.570833 0.135
-0.576969 0.136
-0.583104 0.137
-0.587195 0.138
-0.591286 0.139
-0.595376 0.14
-0.599467 0.141
-0.603558 0.142
-0.607648 0.143
-0.611739 0.144
-0.61046 0.145
-0.609182 0.146
-0.609949 0.147
-0.616085 0.148
-0.622221 0.149
-0.626312 0.15
-0.630402 0.151
-0.634493 0.152
-0.638583 0.153
-0.642674 0.154
-0.646765 0.155
-0.650855 0.156
-0.654946 0.157
-0.659036 0.158
-0.663127 0.159
-0.667218 0.16
-0.671308 0.161
-0.675399 0.162
-0.67949 0.163
-0.68358 0.164
-0.687671 0.165
-0.686392 0.166
-0.685114 0.167
-0.685881 0.168
-0.692017 0.169
-0.698153 0.17
-0.702244 0.171
-0.706334 0.172
-0.710425 0.173
-0.714515 0.174
-0.718606 0.175
-0.722697 0.176
-0.726787 0.177
-0.730878 0.178
-0.734969 0.179
-0.739059 0.18
-0.74315 0.181
-0.74724 0.182
-0.751331 0.183
-0.755422 0.184
-0.759512 0.185
-0.763603 0.186
-0.767693 0.187
-0.771784 0.188
-0.775875 0.189
-0.779965 0.19
-0.784056 0.191
-0.788147 0.192
-0.792237 0.193
-0.796328 0.194
-0.800418 0.195
-0.804509 0.196
-0.806554 0.197
-0.810645 0.198
-0.814736 0.199
-0.818826 0.2
-0.822917 0.201
-0.827007 0.202
-0.831098 0.203
-0.835189 0.204
-0.839279 0.205
-0.84337 0.206
-0.84746 0.207
-0.851551 0.208
-0.855642 0.209
-0.859732 0.21
-0.863823 0.211
-0.869959 0.212
-0.874049 0.213
-0.877117 0.214
-0.879163 0.215
-0.881208 0.216
-0.882742 0.217
-0.883765 0.218
-0.884787 0.219
-0.885554 0.22
-0.886066 0.221
-0.886577 0.222
-0.88696 0.223
-0.887216 0.224
-0.887472 0.225
-0.887664 0.226
-0.887791 0.227
-0.887919 0.228
-0.888015 0.229
-0.888079 0.23
-0.888143 0.231
-0.888191 0.232
-0.888223 0.233
-0.888255 0.234
-0.888279 0.235
-0.888295 0.236
-0.888311 0.237
-0.888323 0.238
-0.888331 0.239
-0.888339 0.24
-0.888345 0.241
-0.888349 0.242
-0.888353 0.243
-0.888356 0.244
-0.888358 0.245
-0.88836 0.246
-0.888361 0.247
-0.888362 0.248
-0.888363 0.249
-0.888364 0.25
-0.888364 0.251
-0.888365 0.252
-0.888365 0.253
-0.888366 0.254
-0.888366 0.255
-0.888366 0.256
-0.888366 0.257
-0.888366 0.258
-0.888366 0.259
-0.888366 0.26
-0.888366 0.261
-0.888366 0.262
-0.888366 0.263
-0.888367 0.264
-0.888367 0.265
-0.888367 0.266
-0.888367 0.267
-0.888367 0.268
-0.888367 0.269
-0.888367 0.27
-0.888367 0.271
-0.888367 0.272
-0.888367 0.273
-0.888367 0.274
-0.888367 0.275
-0.888367 0.276
-0.888367 0.277
-0.888367 0.278
-0.888367 0.279
-0.888367 0.28
-0.888367 0.281
-0.888367 0.282
-0.888367 0.283
-0.888367 0.284
-0.888367 0.285
-0.888367 0.286
-0.888367 0.287
-0.888367 0.288
-0.888367 0.289
-0.888367 0.29
-0.888367 0.291
-0.888367 0.292
-0.888367 0.293
-0.888367 0.294
-0.888367 0.295
-0.888367 0.296
-0.888367 0.297
-0.888367 0.298
-0.888367 0.299
-0.888367 0.3
-0.888367 0.301
-0.888367 0.302
-0.888367 0.303
-0.888367 0.304
-0.888367 0.305
-0.888367 0.306
-0.888367 0.307
-0.888367 0.308
-0.888367 0.309
-0.888367 0.31
-0.888367 0.311
-0.888367 0.312
-0.888367 0.313
-0.888367 0.314
-0.888367 0.315
-0.888367 0.316
-0.888367 0.317
-0.888367 0.318
-0.888367 0.319
-0.888367 0.32
-0.888367 0.321
-0.888367 0.322
-0.888367 0.323
-0.888367 0.324
-0.888367 0.325
-0.888367 0.326
-0.888367 0.327
-0.888367 0.328
-0.888367 0.329
-0.888367 0.33
-0.888367 0.331
-0.888367 0.332
-0.888367 0.333
-0.888367 0.334
-0.888367 0.335
-0.888367 0.336
-0.888367 0.337
-0.888367 0.338
-0.888367 0.339
-0.888367 0.34
-0.888367 0.341
-0.888367 0.342
-0.888367 0.343
-0.888367 0.344
-0.888367 0.345
-0.888367 0.346
-0.888367 0.347
-0.888367 0.348
-0.888367 0.349
-0.888367 0.35
-0.888367 0.351
-0.888367 0.352
-0.888367 0.353
-0.888367 0.354
-0.888367 0.355
-0.888367 0.356
-0.888367 0.357
-0.888367 0.358
-0.888367 0.359
-0.888367 0.36
-0.888367 0.361
-0.888367 0.362
-0.888367 0.363
-0.888367 0.364
-0.888367 0.365
-0.888367 0.366
-0.888367 0.367
-0.888367 0.368
-0.888367 0.369
-0.888367 0.37
-0.888367 0.371
-0.888367 0.372
-0.888367 0.373
-0.888367 0.374
-0.888367 0.375
-0.888367 0.376
-0.888367 0.377
-0.888367 0.378
-0.888367 0.379
-0.888367 0.38
-0.888367 0.381
-0.888367 0.382
-0.888367 0.383
-0.888367 0.384
-0.888367 0.385
-0.888367 0.386
-0.888367 0.387
-0.888367 0.388
-0.888367 0.389
-0.888367 0.39
-0.888367 0.391
-0.888367 0.392
-0.888367 0.393
-0.888367 0.394
-0.888367 0.395
-0.888367 0.396
-0.888367 0.397
-0.888367 0.398
-0.888367 0.399
-0.888367 0.4
-0.888367 0.401
-0.888367 0.402
-0.888367 0.403
-0.888367 0.404
-0.888367 0.405
-0.888367 0.406
-0.888367 0.407
-0.888367 0.408
-0.888367 0.409
-0.888367 0.41
-0.888367 0.411
-0.888367 0.412
-0.888367 0.413
-0.888367 0.414
-0.888367 0.415
-0.888367 0.416
-0.888367 0.417
-0.888367 0.418
-0.888367 0.419
-0.888367 0.42
-0.888367 0.421
-0.888367 0.422
-0.888367 0.423
-0.888367 0.424
-0.888367 0.425
-0.888367 0.426
-0.888367 0.427
-0.888367 0.428
-0.888367 0.429
-0.888367 0.43
-0.888367 0.431
-0.888367 0.432
-0.888367 0.433
-0.888367 0.434
-0.888367 0.435
-0.888367 0.436
-0.888367 0.437
-0.888367 0.438
-0.888367 0.439
-0.888367 0.44
-0.888367 0.441
-0.888367 0.442
-0.888367 0.443
-0.888367 0.444
-0.888367 0.445
-0.888367 0.446
-0.888367 0.447
-0.888367 0.448
-0.888367 0.449
-0.888367 0.45
-0.888367 0.451
-0.888367 0.452
-0.888367 0.453
-0.888367 0.454
-0.888367 0.455
-0.888367 0.456
-0.888367 0.457
-0.888367 0.458
-0.888367 0.459
-0.888367 0.46
-0.888367 0.461
-0.888367 0.462
-0.888367 0.463
-0.888367 0.464
-0.888367 0.465
-0.888367 0.466
-0.888367 0.467
-0.888367 0.468
-0.888367 0.469
-0.888367 0.47
-0.888367 0.471
-0.888367 0.472
-0.888367 0.473
-0.888367 0.474
-0.888367 0.475
-0.888367 0.476
-0.888367 0.477
-0.888367 0.478
-0.888367 0.479
-0.888367 0.48
-0.888367 0.481
-0.888367 0.482
-0.888367 0.483
-0.888367 0.484
-0.888367 0.485
-0.888367 0.486
-0.888367 0.487
-0.888367 0.488
-0.888367 0.489
-0.888367 0.49
-0.888367 0.491
-0.888367 0.492
-0.888367 0.493
-0.888367 0.494
-0.888367 0.495
-0.888367 0.496
-0.888367 0.497
-0.888367 0.498
-0.888367 0.499
-0.888367 0.5
-0.888367 0.501
-0.888367 0.502
-0.888367 0.503
-0.888367 0.504
-0.888367 0.505
-0.888367 0.506
-0.888367 0.507
-0.888367 0.508
-0.888367 0.509
-0.888367 0.51
-0.888367 0.511
-0.888367 0.512
-0.888367 0.513
-0.888367 0.514
-0.888367 0.515
-0.888367 0.516
-0.888367 0.517
-0.888367 0.518
-0.888367 0.519
-0.888367 0.52
-0.888367 0.521
-0.888367 0.522
-0.888367 0.523
-0.888367 0.524
-0.888367 0.525
-0.888367 0.526
-0.888367 0.527
-0.888367 0.528
-0.888367 0.529
-0.888367 0.53
-0.888367 0.531
-0.888367 0.532
-0.888367 0.533
-0.888367 0.534
-0.888367 0.535
-0.888367 0.536
-0.888367 0.537
-0.888367 0.538
-0.888367 0.539
-0.888367 0.54
-0.888367 0.541
-0.888367 0.542
-0.888367 0.543
-0.888367 0.544
-0.888367 0.545
-0.888367 0.546
-0.888367 0.547
-0.888367 0.548
-0.888367 0.549
-0.888367 0.55
-0.888367 0.551
-0.888367 0.552
-0.888367 0.553
-0.888367 0.554
-0.888367 0.555
-0.888367 0.556
-0.888367 0.557
-0.888367 0.558
-0.888367 0.559
-0.888367 0.56
-0.888367 0.561
-0.888367 0.562
-0.888367 0.563
-0.888367 0.564
-0.888367 0.565
-0.888367 0.566
-0.888367 0.567
-0.888367 0.568
-0.888367 0.569
-0.888367 0.57
-0.888367 0.571
-0.888367 0.572
-0.888367 0.573
-0.888367 0.574
-0.888367 0.575
-0.888367 0.576
-0.888367 0.577
-0.888367 0.578
-0.888367 0.579
-0.888367 0.58
-0.888367 0.581
-0.888367 0.582
-0.888367 0.583
-0.888367 0.584
-0.888367 0.585
-0.888367 0.586
-0.888367 0.587
-0.888367 0.588
-0.888367 0.589
-0.888367 0.59
-0.888367 0.591
-0.888367 0.592
-0.888367 0.593
-0.888367 0.594
-0.888367 0.595
-0.888367 0.596
-0.888367 0.597
-0.888367 0.598
-0.888367 0.599
-0.888367 0.6
-0.888367 0.601
-0.888367 0.602
-0.888367 0.603
-0.888367 0.604
-0.888367 0.605
-0.888367 0.606
-0.888367 0.607
-0.888367 0.608
-0.888367 0.609
-0.888367 0.61
-0.888367 0.611
-0.888367 0.612
-0.888367 0.613
-0.888367 0.614
-0.888367 0.615
-0.888367 0.616
-0.888367 0.617
-0.888367 0.618
-0.888367 0.619
-0.888367 0.62
-0.888367 0.621
-0.888367 0.622
-0.888367 0.623
-0.888367 0.624
-0.888367 0.625
-0.888367 0.626
-0.888367 0.627
-0.888367 0.628
-0.888367 0.629
-0.888367 0.63
-0.888367 0.631
-0.888367 0.632
-0.888367 0.633
-0.888367 0.634
-0.888367 0.635
-0.888367 0.636
-0.888367 0.637
-0.888367 0.638
-0.888367 0.639
-0.888367 0.64
-0.888367 0.641
-0.888367 0.642
-0.888367 0.643
-0.888367 0.644
-0.888367 0.645
-0.888367 0.646
-0.888367 0.647
-0.888367 0.648
-0.888367 0.649
-0.888367 0.65
-0.888367 0.651
-0.888367 0.652
-0.888367 0.653
-0.888367 0.654
-0.888367 0.655
-0.888367 0.656
-0.888367 0.657
-0.888367 0.658
-0.888367 0.659
-0.888367 0.66
-0.888367 0.661
-0.888367 0.662
-0.888367 0.663
-0.888367 0.664
-0.888367 0.665
-0.888367 0.666
-0.888367 0.667
-0.888367 0.668
-0.888367 0.669
-0.888367 0.67
-0.888367 0.671
-0.888367 0.672
-0.888367 0.673
-0.888367 0.674
-0.888367 0.675
-0.888367 0.676
-0.888367 0.677
-0.888367 0.678
-0.888367 0.679
-0.888367 0.68
-0.888367 0.681
-0.888367 0.682
-0.888367 0.683
-0.888367 0.684
-0.888367 0.685
-0.888367 0.686
-0.888367 0.687
-0.888367 0.688
-0.888367 0.689
-0.888367 0.69
-0.888367 0.691
-0.888367 0.692
-0.888367 0.693
-0.888367 0.694
-0.888367 0.695
-0.888367 0.696
-0.888367 0.697
-0.888367 0.698
-0.888367 0.699
-0.888367 0.7
-0.888367 0.701
-0.888367 0.702
-0.888367 0.703
-0.888367 0.704
-0.888367 0.705
-0.888367 0.706
-0.888367 0.707
-0.888367 0.708
-0.888367 0.709
-0.888367 0.71
-0.888367 0.711
-0.888367 0.712
-0.888367 0.713
-0.888367 0.714
-0.888367 0.715
-0.888367 0.716
-0.888367 0.717
-0.888367 0.718
-0.888367 0.719
-0.888367 0.72
-0.888367 0.721
-0.888367 0.722
-0.888367 0.723
-0.888367 0.724
-0.888367 0.725
-0.888367 0.726
-0.888367 0.727
-0.888367 0.728
-0.888367 0.729
-0.888367 0.73
-0.888367 0.731
-0.888367 0.732
-0.888367 0.733
-0.888367 0.734
-0.888367 0.735
-0.888367 0.736
-0.888367 0.737
-0.888367 0.738
-0.888367 0.739
-0.888367 0.74
-0.888367 0.741
-0.888367 0.742
-0.888367 0.743
-0.888367 0.744
-0.888367 0.745
-0.888367 0.746
-0.888367 0.747
-0.888367 0.748
-0.888367 0.749
-0.888367 0.75
-0.888367 0.751
-0.888367 0.752
-0.888367 0.753
-0.888367 0.754
-0.888367 0.755
-0.888367 0.756
-0.888367 0.757
-0.888367 0.758
-0.888367 0.759
-0.888367 0.76
-0.888367 0.761
-0.888367 0.762
-0.888367 0.763
-0.888367 0.764
-0.888367 0.765
-0.888367 0.766
-0.888367 0.767
-0.888367 0.768
-0.888367 0.769
-0.888367 0.77
-0.888367 0.771
-0.888367 0.772
-0.888367 0.773
-0.888367 0.774
-0.888367 0.775
-0.888367 0.776
-0.888367 0.777
-0.888367 0.778
-0.888367 0.779
-0.888367 0.78
-0.888367 0.781
-0.888367 0.782
-0.888367 0.783
-0.888367 0.784
-0.888367 0.785
-0.888367 0.786
-0.888367 0.787
-0.888367 0.788
-0.888367 0.789
-0.888367 0.79
-0.888367 0.791
-0.888367 0.792
-0.888367 0.793
-0.888367 0.794
-0.888367 0.795
-0.888367 0.796
-0.888367 0.797
-0.888367 0.798
-0.888367 0.799
-0.888367 0.8
-0.888367 0.801
-0.888367 0.802
-0.888367 0.803
-0.888367 0.804
-0.888367 0.805
-0.888367 0.806
-0.888367 0.807
-0.888367 0.808
-0.888367 0.809
-0.888367 0.81
-0.888367 0.811
-0.888367 0.812
-0.888367 0.813
-0.888367 0.814
-0.888367 0.815
-0.888367 0.816
-0.888367 0.817
-0.888367 0.818
-0.888367 0.819
-0.888367 0.82
-0.888367 0.821
-0.888367 0.822
-0.888367 0.823
-0.888367 0.824
-0.888367 0.825
-0.888367 0.826
-0.888367 0.827
-0.888367 0.828
-0.888367 0.829
-0.888367 0.83
-0.888367 0.831
-0.888367 0.832
-0.888367 0.833
-0.888367 0.834
-0.888367 0.835
-0.888367 0.836
-0.888367 0.837
-0.888367 0.838
-0.888367 0.839
-0.888367 0.84
-0.888367 0.841
-0.888367 0.842
-0.888367 0.843
-0.888367 0.844
-0.888367 0.845
-0.888367 0.846
-0.888367 0.847
-0.888367 0.848
-0.888367 0.849
-0.888367 0.85
-0.888367 0.851
-0.888367 0.852
-0.888367 0.853
-0.888367 0.854
-0.888367 0.855
-0.888367 0.856
-0.888367 0.857
-0.888367 0.858
-0.888367 0.859
-0.888367 0.86
-0.888367 0.861
-0.888367 0.862
-0.888367 0.863
-0.888367 0.864
-0.888367 0.865
-0.888367 0.866
-0.888367 0.867
-0.888367 0.868
-0.888367 0.869
-0.888367 0.87
-0.888367 0.871
-0.888367 0.872
-0.888367 0.873
-0.888367 0.874
-0.888367 0.875
-0.888367 0.876
-0.888367 0.877
-0.888367 0.878
-0.888367 0.879
-0.888367 0.88
-0.888367 0.881
-0.888367 0.882
-0.888367 0.883
-0.888367 0.884
-0.888367 0.885
-0.888367 0.886
-0.888367 0.887
-0.888367 0.888
-0.888367 0.889
-0.888367 0.89
-0.888367 0.891
-0.888367 0.892
-0.888367 0.893
-0.888367 0.894
-0.888367 0.895
-0.888367 0.896
-0.888367 0.897
-0.888367 0.898
-0.888367 0.899
-0.888367 0.9
-0.888367 0.901
-0.888367 0.902
-0.888367 0.903
-0.888367 0.904
-0.888367 0.905
-0.888367 0.906
-0.888367 0.907
-0.888367 0.908
-0.888367 0.909
-0.888367 0.91
-0.888367 0.911
-0.888367 0.912
-0.888367 0.913
-0.888367 0.914
-0.888367 0.915
-0.888367 0.916
-0.888367 0.917
-0.888367 0.918
-0.888367 0.919
-0.888367 0.92
-0.888367 0.921
-0.888367 0.922
-0.888367 0.923
-0.888367 0.924
-0.888367 0.925
-0.888367 0.926
-0.888367 0.927
-0.888367 0.928
-0.888367 0.929
-0.888367 0.93
-0.888367 0.931
-0.888367 0.932
-0.888367 0.933
-0.888367 0.934
-0.888367 0.935
-0.888367 0.936
-0.888367 0.937
-0.888367 0.938
-0.888367 0.939
-0.888367 0.94
-0.888367 0.941
-0.888367 0.942
-0.888367 0.943
-0.888367 0.944
-0.888367 0.945
-0.888367 0.946
-0.888367 0.947
-0.888367 0.948
-0.888367 0.949
-0.888367 0.95
-0.888367 0.951
-0.888367 0.952
-0.888367 0.953
-0.888367 0.954
-0.888367 0.955
-0.888367 0.956
-0.888367 0.957
-0.888367 0.958
-0.888367 0.959
-0.888367 0.96
-0.888367 0.961
-0.888367 0.962
-0.888367 0.963
-0.888367 0.964
-0.888367 0.965
-0.888367 0.966
-0.888367 0.967
-0.888367 0.968
-0.888367 0.969
-0.888367 0.97
-0.888367 0.971
-0.888367 0.972
-0.888367 0.973
-0.888367 0.974
-0.888367 0.975
-0.888367 0.976
-0.888367 0.977
-0.888367 0.978
-0.888367 0.979
-0.888367 0.98
-0.888367 0.981
-0.888367 0.982
-0.888367 0.983
-0.888367 0.984
-0.888367 0.985
-0.888367 0.986
-0.888367 0.987
-0.888367 0.988
-0.888367 0.989
-0.888367 0.99
-0.888367 0.991
-0.888367 0.992
-0.888367 0.993
-0.888367 0.994
-0.888367 0.995
-0.888367 0.996
-0.888367 0.997
-0.626567 0.998
-0.364768 0.999
-0.102968 1


Shark
3.14159 1.5
3.13759 1.4995
3.13359 1.499
3.12959 1.4985
3.12559 1.498
3.12159 1.4975
3.11759 1.497
3.11359 1.4965
3.10959 1.496
3.10559 1.4955
3.10159 1.495
3.09759 1.4945
3.09359 1.494
3.08959 1.4935
3.08559 1.493
3.08159 1.4925
3.07759 1.492
3.07359 1.4915
3.06959 1.491
3.06559 1.4905
3.06159 1.49
3.05759 1.4895
3.05359 1.489
3.04959 1.4885
3.04559 1.488
3.04159 1.4875
3.03759 1.487
3.03359 1.4865
3.02959 1.486
3.02559 1.4855
3.02159 1.485
3.01759 1.4845
3.01359 1.484
3.00959 1.4835
3.00559 1.483
3.00159 1.4825
2.99759 1.482
2.99359 1.4815
2.98959 1.481
2.98559 1.4805
2.98159 1.48
2.97759 1.4795
2.97359 1.479
2.96941 1.4785
2.96171 1.478
2.95578 1.4775
2.9508 1.477
2.9468 1.4765
2.9428 1.476
2.9388 1.4755
2.9348 1.475
2.9308 1.4745
2.9268 1.474
2.9228 1.4735
2.9188 1.473
2.9148 1.4725
2.9108 1.472
2.9068 1.4715
2.9028 1.471
2.8988 1.4705
2.8948 1.47
2.8908 1.4695
2.8868 1.469
2.8828 1.4685
2.8788 1.468
2.8748 1.4675
2.8708 1.467
2.8668 1.4665
2.8628 1.466
2.8588 1.4655
2.8548 1.465
2.8508 1.4645
2.8468 1.464
2.8428 1.4635
2.8388 1.463
2.83452 1.4625
2.82981 1.462
2.82509 1.4615
2.82109 1.461
2.81458 1.4605
2.81058 1.46
2.80653 1.4595
2.80247 1.459
2.79628 1.4585
2.79056 1.458
2.78569 1.4575
2.78038 1.457
2.77568 1.4565
2.77096 1.456
2.76693 1.4555
2.76292 1.455
2.75892 1.4545
2.75262 1.454
2.74862 1.4535
2.73999 1.453
2.73599 1.4525
2.73199 1.452
2.72799 1.4515
2.72368 1.451
2.71966 1.4505
2.71564 1.45
2.70897 1.4495
2.70121 1.449
2.69599 1.4485
2.69147 1.448
2.68727 1.4475
2.68225 1.447
2.67816 1.4465
2.67379 1.446
2.66969 1.4455
2.66487 1.445
2.66077 1.4445
2.65675 1.444
2.65189 1.4435
2.64726 1.443
2.64268 1.4425
2.63831 1.442
2.6341 1.4415
2.6301 1.441
2.6261 1.4405
2.6221 1.44
2.61798 1.4395
2.61351 1.439
2.60951 1.4385
2.60551 1.438
2.60151 1.4375
2.59744 1.437
2.59343 1.4365
2.58922 1.436
2.58509 1.4355
2.58109 1.435
2.57695 1.4345
2.5728 1.434
2.56825 1.4335
2.56425 1.433
2.56011 1.4325
2.55595 1.432
2.5518 1.4315
2.5478 1.431
2.5438 1.4305
2.5398 1.43
2.5358 1.4295
2.5318 1.429
2.5278 1.4285
2.5238 1.428
2.5198 1.4275
2.5158 1.427
2.51179 1.4265
2.50762 1.426
2.50343 1.4255
2.49943 1.425
2.49543 1.4245
2.49143 1.424
2.48743 1.4235
2.48343 1.423
2.47943 1.4225
2.47543 1.422
2.47143 1.4215
2.46743 1.421
2.46343 1.4205
2.45943 1.42
2.45543 1.4195
2.45143 1.419
2.44743 1.4185
2.44343 1.418
2.43943 1.4175
2.43543 1.417
2.43143 1.4165
2.42742 1.416
2.42319 1.4155
2.41896 1.415
2.41496 1.4145
2.41096 1.414
2.40696 1.4135
2.40296 1.413
2.39896 1.4125
2.39496 1.412
2.39096 1.4115
2.38696 1.411
2.38296 1.4105
2.37896 1.41
2.37496 1.4095
2.37096 1.409
2.36696 1.4085
2.36296 1.408
2.35896 1.4075
2.35496 1.407
2.35096 1.4065
2.34696 1.406
2.34296 1.4055
2.33896 1.405
2.33496 1.4045
2.33096 1.404
2.32696 1.4035
2.32296 1.403
2.31896 1.4025
2.31496 1.402
2.31065 1.4015
2.30665 1.401
2.30265 1.4005
2.29865 1.4
2.29465 1.3995
2.29065 1.399
2.28665 1.3985
2.28265 1.398
2.27865 1.3975
2.27465 1.397
2.27065 1.3965
2.26665 1.396
2.26265 1.3955
2.25865 1.395
2.25465 1.3945
2.25029 1.394
2.24629 1.3935
2.2422 1.393
2.2382 1.3925
2.2342 1.392
2.23017 1.3915
2.22617 1.391
2.22217 1.3905
2.21817 1.39
2.21417 1.3895
2.21017 1.389
2.20616 1.3885
2.20216 1.388
2.19816 1.3875
2.19416 1.387
2.19016 1.3865
2.18616 1.386
2.18216 1.3855
2.17816 1.385
2.17416 1.3845
2.17016 1.384
2.16616 1.3835
2.16216 1.383
2.15816 1.3825
2.15416 1.382
2.15016 1.3815
2.14616 1.381
2.14216 1.3805
2.13816 1.38
2.13416 1.3795
2.13016 1.379
2.12616 1.3785
2.12216 1.378
2.11816 1.3775
2.11416 1.377
2.11016 1.3765
2.10616 1.376
2.10216 1.3755
2.09816 1.375
2.09416 1.3745
2.09016 1.374
2.08616 1.3735
2.08216 1.373
2.07816 1.3725
2.07416 1.372
2.07016 1.3715
2.06616 1.371
2.06216 1.3705
2.05816 1.37
2.05416 1.3695
2.05016 1.369
2.04616 1.3685
2.04216 1.368
2.03816 1.3675
2.03416 1.367
2.03016 1.3665
2.02616 1.366
2.02216 1.3655
2.01816 1.365
2.01416 1.3645
2.01016 1.364
2.00616 1.3635
2.00216 1.363
1.99816 1.3625
1.99416 1.362
1.99016 1.3615
1.98616 1.361
1.98216 1.3605
1.97816 1.36
1.97416 1.3595
1.97016 1.359
1.96616 1.3585
1.96216 1.358
1.95816 1.3575
1.95416 1.357
1.95016 1.3565
1.94616 1.356
1.94216 1.3555
1.93816 1.355
1.93416 1.3545
1.93016 1.354
1.92616 1.3535
1.92216 1.353
1.91816 1.3525
1.91416 1.352
1.91016 1.3515
1.90616 1.351
1.90216 1.3505
1.89816 1.35
1.89416 1.3495
1.89016 1.349
1.88616 1.3485
1.88216 1.348
1.87816 1.3475
1.87416 1.347
1.87016 1.3465
1.86616 1.346
1.86216 1.3455
1.85816 1.345
1.85416 1.3445
1.85016 1.344
1.84616 1.3435
1.84216 1.343
1.83816 1.3425
1.83416 1.342
1.83016 1.3415
1.82616 1.341
1.82216 1.3405
1.81816 1.34
1.81416 1.3395
1.81016 1.339
1.80616 1.3385
1.80216 1.338
1.79816 1.3375
1.79416 1.337
1.79016 1.3365
1.78616 1.336
1.78216 1.3355
1.77816 1.335
1.77416 1.3345
1.77016 1.334
1.76616 1.3335
1.76216 1.333
1.75816 1.3325
1.75416 1.332
1.75016 1.3315
1.74616 1.331
1.74216 1.3305
1.73816 1.33
1.73416 1.3295
1.73016 1.329
1.72616 1.3285
1.72216 1.328
1.71816 1.3275
1.71416 1.327
1.71016 1.3265
1.70616 1.326
1.70216 1.3255
1.69816 1.325
1.69416 1.3245
1.69016 1.324
1.68616 1.3235
1.68216 1.323
1.67816 1.3225
1.67416 1.322
1.67016 1.3215
1.66616 1.321
1.66216 1.3205
1.65816 1.32
1.65416 1.3195
1.65016 1.319
1.64616 1.3185
1.64216 1.318
1.63816 1.3175
1.63416 1.317
1.63016 1.3165
1.62616 1.316
1.62216 1.3155
1.61816 1.315
1.61416 1.3145
1.61016 1.314
1.60616 1.3135
1.60216 1.313
1.59816 1.3125
1.59416 1.312
1.59016 1.3115
1.58616 1.311
1.58216 1.3105
1.57816 1.31
1.57416 1.3095
1.57016 1.309
1.56616 1.3085
1.56216 1.308
1.55816 1.3075
1.55416 1.307
1.55016 1.3065
1.54616 1.306
1.54216 1.3055
1.53816 1.305
1.53416 1.3045
1.53016 1.304
1.52616 1.3035
1.52216 1.303
1.51816 1.3025
1.51416 1.302
1.51016 1.3015
1.50616 1.301
1.50216 1.3005
1.49816 1.3
1.49416 1.2995
1.49016 1.299
1.48616 1.2985
1.48216 1.298
1.47816 1.2975
1.47416 1.297
1.47016 1.2965
1.46616 1.296
1.46216 1.2955
1.45816 1.295
1.45416 1.2945
1.45016 1.294
1.44616 1.2935
1.44216 1.293
1.43816 1.2925
1.43416 1.292
1.43016 1.2915
1.42616 1.291
1.42216 1.2905
1.41816 1.29
1.41416 1.2895
1.41016 1.289
1.40616 1.2885
1.40216 1.288
1.39816 1.2875
1.39416 1.287
1.39016 1.2865
1.38616 1.286
1.38216 1.2855
1.37816 1.285
1.37416 1.2845
1.37016 1.284
1.36616 1.2835
1.36216 1.283
1.35816 1.2825
1.35416 1.282
1.35016 1.2815
1.34616 1.281
1.34216 1.2805
1.33816 1.28
1.33416 1.2795
1.33016 1.279
1.32616 1.2785
1.32216 1.278
1.31816 1.2775
1.31416 1.277
1.31016 1.2765
1.30616 1.276
1.30216 1.2755
1.29816 1.275
1.29416 1.2745
1.29016 1.274
1.28616 1.2735
1.28216 1.273
1.27816 1.2725
1.27416 1.272
1.27016 1.2715
1.26616 1.271
1.26216 1.2705
1.25816 1.27
1.25416 1.2695
1.25016 1.269
1.24616 1.2685
1.24216 1.268
1.23816 1.2675
1.23416 1.267
1.23016 1.2665
1.22616 1.266
1.22216 1.2655
1.21816 1.265
1.21416 1.2645
1.21016 1.264
1.20616 1.2635
1.20216 1.263
1.19816 1.2625
1.19416 1.262
1.19016 1.2615
1.18616 1.261
1.18216 1.2605
1.17816 1.26
1.17416 1.2595
1.17016 1.259
1.16616 1.2585
1.16216 1.258
1.15816 1.2575
1.15416 1.257
1.15016 1.2565
1.14616 1.256
1.14216 1.2555
1.13816 1.255
1.13416 1.2545
1.13016 1.254
1.12616 1.2535
1.12216 1.253
1.11816 1.2525
1.11416 1.252
1.11016 1.2515
1.10616 1.251
1.10216 1.2505
1.09816 1.25
1.09416 1.2495
1.09016 1.249
1.08616 1.2485
1.08216 1.248
1.07816 1.2475
1.07416 1.247
1.07016 1.2465
1.06616 1.246
1.06216 1.2455
1.05816 1.245
1.05416 1.2445
1.05016 1.244
1.04616 1.2435
1.04216 1.243
1.03816 1.2425
1.03416 1.242
1.03016 1.2415
1.02616 1.241
1.02216 1.2405
1.01816 1.24
1.01416 1.2395
1.01016 1.239
1.00616 1.2385
1.00216 1.238
0.998163 1.2375
0.994163 1.237
0.990163 1.2365
0.986163 1.236
0.982163 1.2355
0.978163 1.235
0.974163 1.2345
0.970163 1.234
0.966163 1.2335
0.962163 1.233
0.958163 1.2325
0.954163 1.232
0.950163 1.2315
0.946163 1.231
0.942163 1.2305
0.938163 1.23
0.934163 1.2295
0.930163 1.229
0.926163 1.2285
0.922163 1.228
0.918163 1.2275
0.914163 1.227
0.910163 1.2265
0.906163 1.226
0.902163 1.2255
0.898163 1.225
0.894163 1.2245
0.890163 1.224
0.886163 1.2235
0.882163 1.223
0.878163 1.2225
0.874163 1.222
0.870163 1.2215
0.866163 1.221
0.862163 1.2205
0.858163 1.22
0.854163 1.2195
0.850163 1.219
0.846163 1.2185
0.842163 1.218
0.838163 1.2175
0.834163 1.217
0.830163 1.2165
0.826163 1.216
0.822163 1.2155
0.818163 1.215
0.814163 1.2145
0.810163 1.214
0.806163 1.2135
0.802163 1.213
0.798163 1.2125
0.794163 1.212
0.790163 1.2115
0.786163 1.211
0.782163 1.2105
0.778163 1.21
0.774163 1.2095
0.770163 1.209
0.766163 1.2085
0.762163 1.208
0.758163 1.2075
0.754163 1.207
0.750163 1.2065
0.746163 1.206
0.742163 1.2055
0.738163 1.205
0.734163 1.2045
0.730163 1.204
0.726163 1.2035
0.722163 1.203
0.718163 1.2025
0.714163 1.202
0.710163 1.2015
0.706163 1.201
0.702163 1.2005
0.698163 1.2
0.694163 1.1995
0.690163 1.199
0.686163 1.1985
0.682163 1.198
0.678163 1.1975
0.674163 1.197
0.670163 1.1965
0.666163 1.196
0.662163 1.1955
0.658163 1.195
0.654163 1.1945
0.650163 1.194
0.646163 1.1935
0.642163 1.193
0.638163 1.1925
0.634163 1.192
0.630163 1.1915
0.626163 1.191
0.622163 1.1905
0.618163 1.19
0.614163 1.1895
0.610163 1.189
0.606163 1.1885
0.602163 1.188
0.598163 1.1875
0.594163 1.187
0.590163 1.1865
0.586163 1.186
0.582163 1.1855
0.578163 1.185
0.574163 1.1845
0.570163 1.184
0.566163 1.1835
0.562163 1.183
0.558163 1.1825
0.554163 1.182
0.550163 1.1815
0.546163 1.181
0.542163 1.1805
0.538163 1.18
0.534163 1.1795
0.530163 1.179
0.526163 1.1785
0.522163 1.178
0.518163 1.1775
0.514163 1.177
0.510163 1.1765
0.506163 1.176
0.502163 1.1755
0.498163 1.175
0.494163 1.1745
0.490163 1.174
0.486163 1.1735
0.482163 1.173
0.478163 1.1725
0.474163 1.172
0.470163 1.1715
0.466163 1.171
0.462163 1.1705
0.458163 1.17
0.454163 1.1695
0.450163 1.169
0.446163 1.1685
0.442163 1.168
0.438163 1.1675
0.434163 1.167
0.430163 1.1665
0.426163 1.166
0.422163 1.1655
0.418163 1.165
0.414163 1.1645
0.410163 1.164
0.406163 1.1635
0.402163 1.163
0.398163 1.1625
0.394163 1.162
0.390163 1.1615
0.386163 1.161
0.382163 1.1605
0.378163 1.16
0.374163 1.1595
0.370163 1.159
0.366163 1.1585
0.362163 1.158
0.358163 1.1575
0.354163 1.157
0.350163 1.1565
0.346163 1.156
0.342163 1.1555
0.338163 1.155
0.334163 1.1545
0.330163 1.154
0.326163 1.1535
0.322163 1.153
0.318163 1.1525
0.314163 1.152
0.310163 1.1515
0.306163 1.151
0.302163 1.1505
0.298163 1.15
0.294163 1.1495
0.290163 1.149
0.286163 1.1485
0.282163 1.148
0.278163 1.1475
0.274163 1.147
0.270163 1.1465
0.266163 1.146
0.262163 1.1455
0.258163 1.145
0.254163 1.1445
0.250163 1.144
0.246163 1.1435
0.242163 1.143
0.238163 1.1425
0.234163 1.142
0.230163 1.1415
0.226163 1.141
0.222163 1.1405
0.218163 1.14
0.214163 1.1395
0.210163 1.139
0.206163 1.1385
0.202163 1.138
0.198163 1.1375
0.194163 1.137
0.190163 1.1365
0.186163 1.136
0.182163 1.1355
0.178163 1.135
0.174163 1.1345
0.170163 1.134
0.166163 1.1335
0.162163 1.133
0.158163 1.1325
0.154163 1.132
0.150163 1.1315
0.146163 1.131
0.142163 1.1305
0.138163 1.13
0.134163 1.1295
0.130163 1.129
0.126163 1.1285
0.122163 1.128
0.118163 1.1275
0.114163 1.127
0.110163 1.1265
0.106163 1.126
0.102163 1.1255
0.0981631 1.125
0.0941631 1.1245
0.0901631 1.124
0.0861631 1.1235
0.0821631 1.123
0.0781631 1.1225
0.0741631 1.122
0.0701631 1.1215
0.0661631 1.121
0.0621631 1.1205
0.0581631 1.12
0.0541631 1.1195
0.0501631 1.119
0.0461631 1.1185
0.0421631 1.118
0.0381631 1.1175
0.0341631 1.117
0.0301631 1.1165
0.0261631 1.116
0.0221631 1.1155
0.0181631 1.115
0.0141631 1.1145
0.0101631 1.114
0.00616312 1.1135
0.00216312 1.113
-0.00183688 1.1125
-0.00583688 1.112
-0.00983688 1.1115
-0.0138369 1.111
-0.0178369 1.1105
-0.0218369 1.11
-0.0258369 1.1095
-0.0298369 1.109
-0.0338369 1.1085
-0.0378369 1.108
-0.0418369 1.1075
-0.0458369 1.107
-0.0498369 1.1065
-0.0538369 1.106
-0.0578369 1.1055
-0.0618369 1.105
-0.0658369 1.1045
-0.0698369 1.104
-0.0738369 1.1035
-0.0778369 1.103
-0.0818369 1.1025
-0.0858369 1.102
-0.0898369 1.1015
-0.0938369 1.101
-0.0978369 1.1005
-0.101837 1.1
-0.105837 1.0995
-0.109837 1.099
-0.113837 1.0985
-0.117837 1.098
-0.121837 1.0975
-0.125837 1.097
-0.129837 1.0965
-0.133837 1.096
-0.137837 1.0955
-0.141837 1.095
-0.145837 1.0945
-0.149837 1.094
-0.153837 1.0935
-0.157837 1.093
-0.161837 1.0925
-0.165837 1.092
-0.169837 1.0915
-0.173837 1.091
-0.177837 1.0905
-0.181837 1.09
-0.185837 1.0895
-0.189837 1.089
-0.193837 1.0885
-0.197837 1.088
-0.201837 1.0875
-0.205837 1.087
-0.209837 1.0865
-0.213837 1.086
-0.217837 1.0855
-0.221837 1.085
-0.225837 1.0845
-0.229837 1.084
-0.233837 1.0835
-0.237837 1.083
-0.241837 1.0825
-0.245837 1.082
-0.249837 1.0815
-0.253837 1.081
-0.257837 1.0805
-0.261837 1.08
-0.265837 1.0795
-0.269837 1.079
-0.273837 1.0785
-0.277837 1.078
-0.281837 1.0775
-0.285837 1.077
-0.289837 1.0765
-0.293837 1.076
-0.297837 1.0755
-0.301837 1.075
-0.305837 1.0745
-0.309837 1.074
-0.313837 1.0735
-0.317837 1.073
-0.321837 1.0725
-0.325837 1.072
-0.329837 1.0715
-0.333837 1.071
-0.337837 1.0705
-0.341837 1.07
-0.345837 1.0695
-0.349837 1.069
-0.353837 1.0685
-0.357837 1.068
-0.361837 1.0675
-0.365837 1.067
-0.369837 1.0665
-0.373837 1.066
-0.377837 1.0655
-0.381837 1.065
-0.385837 1.0645
-0.389837 1.064
-0.393837 1.0635
-0.397837 1.063
-0.401837 1.0625
-0.405837 1.062
-0.409837 1.0615
-0.413837 1.061
-0.417837 1.0605
-0.421837 1.06
-0.425837 1.0595
-0.429837 1.059
-0.433837 1.0585
-0.437837 1.058
-0.441837 1.0575
-0.445837 1.057
-0.449837 1.0565
-0.453837 1.056
-0.457837 1.0555
-0.461837 1.055
-0.465837 1.0545
-0.469837 1.054
-0.473837 1.0535
-0.477837 1.053
-0.481837 1.0525
-0.485837 1.052
-0.489837 1.0515
-0.493837 1.051
-0.497837 1.0505
-0.501837 1.05
-0.505837 1.0495
-0.509837 1.049
-0.513837 1.0485
-0.517837 1.048
-0.521837 1.0475
-0.525837 1.047
-0.529837 1.0465
-0.533837 1.046
-0.537837 1.0455
-0.541837 1.045
-0.545837 1.0445
-0.549837 1.044
-0.553837 1.0435
-0.557837 1.043
-0.561837 1.0425
-0.565837 1.042
-0.569837 1.0415
-0.573837 1.041
-0.577837 1.0405
-0.581837 1.04
-0.585837 1.0395
-0.589837 1.039
-0.593837 1.0385
-0.597837 1.038
-0.601837 1.0375
-0.605837 1.037
-0.609837 1.0365
-0.613837 1.036
-0.617837 1.0355
-0.621837 1.035
-0.625837 1.0345
-0.629837 1.034
-0.633837 1.0335
-0.637837 1.033
-0.641837 1.0325
-0.645837 1.032
-0.649837 1.0315
-0.653837 1.031
-0.657837 1.0305
-0.661837 1.03
-0.665837 1.0295
-0.669837 1.029
-0.673837 1.0285
-0.677837 1.028
-0.681837 1.0275
-0.685837 1.027
-0.689837 1.0265
-0.693837 1.026
-0.697837 1.0255
-0.701837 1.025
-0.705837 1.0245
-0.709837 1.024
-0.713837 1.0235
-0.717837 1.023
-0.721837 1.0225
-0.725837 1.022
-0.729837 1.0215
-0.733837 1.021
-0.737837 1.0205
-0.741837 1.02
-0.745837 1.0195
-0.749837 1.019
-0.753837 1.0185
-0.757837 1.018
-0.761837 1.0175
-0.765837 1.017
-0.769837 1.0165
-0.773837 1.016
-0.777837 1.0155
-0.781837 1.015
-0.785837 1.0145
-0.789837 1.014
-0.793837 1.0135
-0.797837 1.013
-0.801837 1.0125
-0.805837 1.012
-0.809837 1.0115
-0.813837 1.011
-0.817837 1.0105
-0.821837 1.01
-0.825837 1.0095
-0.829837 1.009
-0.833837 1.0085
-0.837837 1.008
-0.841837 1.0075
-0.845837 1.007
-0.849837 1.0065
-0.853837 1.006
-0.857837 1.0055
-0.861837 1.005
-0.865837 1.0045
-0.869837 1.004
-0.873837 1.0035
-0.877837 1.003
-0.881837 1.0025
-0.885837 1.002
-0.888367 1.0015
-0.884367 1.001
-0.880367 1.0005
-0.102968 1
