Man
0 0
0 0.001
0 0.002
0 0.003
0 0.004
0 0.005
0 0.006
0 0.007
0 0.008
0 0.009
0 0.01
0 0.011
0 0.012
0 0.013
0 0.014
0 0.015
0 0.016
0 0.017
0 0.018
0 0.019
0 0.02
-0.0785398 0.021
-0.0785398 0.022
-0.0785398 0.023
-0.0785398 0.024
-0.0785398 0.025
-0.0785398 0.026
-0.0785398 0.027
-0.0785398 0.028
-0.0785398 0.029
-0.0785398 0.03
-0.0785398 0.031
-0.0785398 0.032
-0.0785398 0.033
-0.0785398 0.034
-0.0785398 0.035
-0.0785398 0.036
-0.0785398 0.037
-0.0785398 0.038
-0.0785398 0.039
-0.15708 0.04
-0.15708 0.041
-0.15708 0.042
-0.15708 0.043
-0.15708 0.044
-0.15708 0.045
-0.15708 0.046
-0.15708 0.047
-0.15708 0.048
-0.15708 0.049
-0.15708 0.05
-0.15708 0.051
-0.15708 0.052
-0.15708 0.053
-0.15708 0.054
-0.15708 0.055
-0.15708 0.056
-0.235619 0.057
-0.235619 0.058
-0.235619 0.059
-0.235619 0.06
-0.235619 0.061
-0.235619 0.062
-0.235619 0.063
-0.235619 0.064
-0.235619 0.065
-0.235619 0.066
-0.235619 0.067
-0.235619 0.068
-0.235619 0.069
-0.235619 0.07
-0.235619 0.071
-0.235619 0.072
-0.314159 0.073
-0.314159 0.074
-0.314159 0.075
-0.314159 0.076
-0.314159 0.077
-0.314159 0.078
-0.314159 0.079
-0.314159 0.08
-0.314159 0.081
-0.314159 0.082
-0.314159 0.083
-0.314159 0.084
-0.314159 0.085
-0.314159 0.086
-0.314159 0.087
-0.392699 0.088
-0.392699 0.089
-0.392699 0.09
-0.392699 0.091
-0.392699 0.092
-0.392699 0.093
-0.392699 0.094
-0.392699 0.095
-0.392699 0.096
-0.392699 0.097
-0.392699 0.098
-0.392699 0.099
-0.392699 0.1
-0.392699 0.101
-0.471239 0.102
-0.471239 0.103
-0.471239 0.104
-0.471239 0.105
-0.471239 0.106
-0.471239 0.107
-0.471239 0.108
-0.471239 0.109
-0.471239 0.11
-0.471239 0.111
-0.471239 0.112
-0.471239 0.113
-0.549779 0.114
-0.549779 0.115
-0.549779 0.116
-0.549779 0.117
-0.549779 0.118
-0.549779 0.119
-0.549779 0.12
-0.549779 0.121
-0.549779 0.122
-0.549779 0.123
-0.549779 0.124
-0.549779 0.125
-0.628319 0.126
-0.628319 0.127
-0.628319 0.128
-0.628319 0.129
-0.628319 0.13
-0.628319 0.131
-0.628319 0.132
-0.628319 0.133
-0.628319 0.134
-0.628319 0.135
-0.706858 0.136
-0.699004 0.137
-0.69115 0.138
-0.683296 0.139
-0.675442 0.14
-0.667588 0.141
-0.659734 0.142
-0.65188 0.143
-0.644026 0.144
-0.636173 0.145
-0.628319 0.146
-0.620465 0.147
-0.612611 0.148
-0.604757 0.149
-0.596903 0.15
-0.589049 0.151
-0.581195 0.152
-0.573341 0.153
-0.565487 0.154
-0.557633 0.155
-0.549779 0.156
-0.541925 0.157
-0.534071 0.158
-0.541925 0.159
-0.534071 0.16
-0.541925 0.161
-0.534071 0.162
-0.541925 0.163
-0.534071 0.164
-0.541925 0.165
-0.534071 0.166
-0.541925 0.167
-0.534071 0.168
-0.541925 0.169
-0.534071 0.17
-0.541925 0.171
-0.534071 0.172
-0.541925 0.173
-0.534071 0.174
-0.541925 0.175
-0.534071 0.176
-0.541925 0.177
-0.534071 0.178
-0.541925 0.179
-0.534071 0.18
-0.541925 0.181
-0.534071 0.182
-0.541925 0.183
-0.534071 0.184
-0.541925 0.185
-0.534071 0.186
-0.541925 0.187
-0.534071 0.188
-0.541925 0.189
-0.534071 0.19
-0.541925 0.191
-0.534071 0.192
-0.526217 0.193
-0.534071 0.194
-0.541925 0.195
-0.534071 0.196
-0.526217 0.197
-0.534071 0.198
-0.541925 0.199
-0.534071 0.2
-0.526217 0.201
-0.534071 0.202
-0.541925 0.203
-0.534071 0.204
-0.526217 0.205
-0.534071 0.206
-0.541925 0.207
-0.534071 0.208
-0.526217 0.209
-0.53359 0.21
-0.541444 0.211
-0.534104 0.212
-0.526329 0.213
-0.532613 0.214
-0.538805 0.215
-0.538805 0.216
-0.538805 0.217
-0.538805 0.218
-0.538805 0.219
-0.538805 0.22
-0.538805 0.221
-0.538805 0.222
-0.538805 0.223
-0.538805 0.224
-0.538805 0.225
-0.538805 0.226
-0.538805 0.227
-0.538805 0.228
-0.538805 0.229
-0.538805 0.23
-0.538805 0.231
-0.538805 0.232
-0.538805 0.233
-0.538805 0.234
-0.538805 0.235
-0.538805 0.236
-0.538805 0.237
-0.538805 0.238
-0.538805 0.239
-0.538805 0.24
-0.538805 0.241
-0.538805 0.242
-0.538805 0.243
-0.538805 0.244
-0.538805 0.245
-0.538805 0.246
-0.538805 0.247
-0.538805 0.248
-0.538805 0.249
-0.538805 0.25
-0.538805 0.251
-0.538805 0.252
-0.538805 0.253
-0.538805 0.254
-0.538805 0.255
-0.538805 0.256
-0.538805 0.257
-0.538805 0.258
-0.538805 0.259
-0.538805 0.26
-0.538805 0.261
-0.538805 0.262
-0.538805 0.263
-0.538805 0.264
-0.538805 0.265
-0.538805 0.266
-0.538805 0.267
-0.538805 0.268
-0.538805 0.269
-0.538805 0.27
-0.538805 0.271
-0.538805 0.272
-0.538805 0.273
-0.538805 0.274
-0.538805 0.275
-0.538805 0.276
-0.538805 0.277
-0.538805 0.278
-0.538805 0.279
-0.538805 0.28
-0.538805 0.281
-0.538805 0.282
-0.538805 0.283
-0.538805 0.284
-0.538805 0.285
-0.538805 0.286
-0.538805 0.287
-0.538805 0.288
-0.538805 0.289
-0.538805 0.29
-0.538805 0.291
-0.538805 0.292
-0.538805 0.293
-0.538805 0.294
-0.538805 0.295
-0.538805 0.296
-0.538805 0.297
-0.538805 0.298
-0.538805 0.299
-0.538805 0.3
-0.538805 0.301
-0.538805 0.302
-0.538805 0.303
-0.538805 0.304
-0.538805 0.305
-0.538805 0.306
-0.538805 0.307
-0.538805 0.308
-0.538805 0.309
-0.538805 0.31
-0.538805 0.311
-0.538805 0.312
-0.538805 0.313
-0.538805 0.314
-0.538805 0.315
-0.538805 0.316
-0.538805 0.317
-0.538805 0.318
-0.538805 0.319
-0.538805 0.32
-0.538805 0.321
-0.538805 0.322
-0.538805 0.323
-0.538805 0.324
-0.538805 0.325
-0.538805 0.326
-0.538805 0.327
-0.538805 0.328
-0.538805 0.329
-0.538805 0.33
-0.538805 0.331
-0.538805 0.332
-0.538805 0.333
-0.538805 0.334
-0.538805 0.335
-0.538805 0.336
-0.538805 0.337
-0.538805 0.338
-0.538805 0.339
-0.538805 0.34
-0.538805 0.341
-0.538805 0.342
-0.538805 0.343
-0.538805 0.344
-0.538805 0.345
-0.538805 0.346
-0.538805 0.347
-0.538805 0.348
-0.538805 0.349
-0.538805 0.35
-0.538805 0.351
-0.538805 0.352
-0.538805 0.353
-0.538805 0.354
-0.538805 0.355
-0.538805 0.356
-0.538805 0.357
-0.538805 0.358
-0.538805 0.359
-0.538805 0.36
-0.538805 0.361
-0.538805 0.362
-0.538805 0.363
-0.538805 0.364
-0.538805 0.365
-0.538805 0.366
-0.538805 0.367
-0.538805 0.368
-0.538805 0.369
-0.538805 0.37
-0.538805 0.371
-0.538805 0.372
-0.538805 0.373
-0.538805 0.374
-0.538805 0.375
-0.538805 0.376
-0.538805 0.377
-0.538805 0.378
-0.538805 0.379
-0.538805 0.38
-0.538805 0.381
-0.538805 0.382
-0.538805 0.383
-0.538805 0.384
-0.538805 0.385
-0.538805 0.386
-0.538805 0.387
-0.538805 0.388
-0.538805 0.389
-0.538805 0.39
-0.538805 0.391
-0.538805 0.392
-0.538805 0.393
-0.538805 0.394
-0.538805 0.395
-0.538805 0.396
-0.538805 0.397
-0.538805 0.398
-0.538805 0.399
-0.538805 0.4
-0.538805 0.401
-0.538805 0.402
-0.538805 0.403
-0.538805 0.404
-0.538805 0.405
-0.538805 0.406
-0.538805 0.407
-0.538805 0.408
-0.538805 0.409
-0.538805 0.41
-0.538805 0.411
-0.538805 0.412
-0.538805 0.413
-0.538805 0.414
-0.538805 0.415
-0.538805 0.416
-0.538805 0.417
-0.538805 0.418
-0.538805 0.419
-0.538805 0.42
-0.538805 0.421
-0.538805 0.422
-0.538805 0.423
-0.538805 0.424
-0.538805 0.425
-0.538805 0.426
-0.538805 0.427
-0.538805 0.428
-0.538805 0.429
-0.538805 0.43
-0.538805 0.431
-0.538805 0.432
-0.538805 0.433
-0.538805 0.434
-0.538805 0.435
-0.538805 0.436
-0.538805 0.437
-0.538805 0.438
-0.538805 0.439
-0.538805 0.44
-0.538805 0.441
-0.538805 0.442
-0.538805 0.443
-0.538805 0.444
-0.538805 0.445
-0.538805 0.446
-0.538805 0.447
-0.538805 0.448
-0.538805 0.449
-0.538805 0.45
-0.538805 0.451
-0.538805 0.452
-0.538805 0.453
-0.538805 0.454
-0.538805 0.455
-0.538805 0.456
-0.538805 0.457
-0.538805 0.458
-0.538805 0.459
-0.538805 0.46
-0.538805 0.461
-0.538805 0.462
-0.538805 0.463
-0.538805 0.464
-0.538805 0.465
-0.538805 0.466
-0.538805 0.467
-0.538805 0.468
-0.538805 0.469
-0.538805 0.47
-0.538805 0.471
-0.538805 0.472
-0.538805 0.473
-0.538805 0.474
-0.538805 0.475
-0.538805 0.476
-0.538805 0.477
-0.538805 0.478
-0.538805 0.479
-0.538805 0.48
-0.538805 0.481
-0.538805 0.482
-0.538805 0.483
-0.538805 0.484
-0.538805 0.485
-0.538805 0.486
-0.538805 0.487
-0.538805 0.488
-0.538805 0.489
-0.538805 0.49
-0.538805 0.491
-0.538805 0.492
-0.538805 0.493
-0.538805 0.494
-0.538805 0.495
-0.538805 0.496
-0.538805 0.497
-0.538805 0.498
-0.538805 0.499
-0.538805 0.5
-0.538805 0.501
-0.538805 0.502
-0.538805 0.503
-0.538805 0.504
-0.538805 0.505
-0.538805 0.506
-0.538805 0.507
-0.538805 0.508
-0.538805 0.509
-0.538805 0.51
-0.538805 0.511
-0.538805 0.512
-0.538805 0.513
-0.538805 0.514
-0.538805 0.515
-0.538805 0.516
-0.538805 0.517
-0.538805 0.518
-0.538805 0.519
-0.538805 0.52
-0.538805 0.521
-0.538805 0.522
-0.538805 0.523
-0.538805 0.524
-0.538805 0.525
-0.538805 0.526
-0.538805 0.527
-0.538805 0.528
-0.538805 0.529
-0.538805 0.53
-0.538805 0.531
-0.538805 0.532
-0.538805 0.533
-0.538805 0.534
-0.538805 0.535
-0.538805 0.536
-0.538805 0.537
-0.538805 0.538
-0.538805 0.539
-0.538805 0.54
-0.538805 0.541
-0.538805 0.542
-0.538805 0.543
-0.538805 0.544
-0.538805 0.545
-0.538805 0.546
-0.538805 0.547
-0.538805 0.548
-0.538805 0.549
-0.538805 0.55
-0.538805 0.551
-0.538805 0.552
-0.538805 0.553
-0.538805 0.554
-0.538805 0.555
-0.538805 0.556
-0.538805 0.557
-0.538805 0.558
-0.538805 0.559
-0.538805 0.56
-0.538805 0.561
-0.538805 0.562
-0.538805 0.563
-0.538805 0.564
-0.538805 0.565
-0.538805 0.566
-0.538805 0.567
-0.538805 0.568
-0.538805 0.569
-0.538805 0.57
-0.538805 0.571
-0.538805 0.572
-0.538805 0.573
-0.538805 0.574
-0.538805 0.575
-0.538805 0.576
-0.538805 0.577
-0.538805 0.578
-0.538805 0.579
-0.538805 0.58
-0.538805 0.581
-0.538805 0.582
-0.538805 0.583
-0.538805 0.584
-0.538805 0.585
-0.538805 0.586
-0.538805 0.587
-0.538805 0.588
-0.538805 0.589
-0.538805 0.59
-0.538805 0.591
-0.538805 0.592
-0.538805 0.593
-0.538805 0.594
-0.538805 0.595
-0.538805 0.596
-0.538805 0.597
-0.538805 0.598
-0.538805 0.599
-0.538805 0.6
-0.538805 0.601
-0.538805 0.602
-0.538805 0.603
-0.538805 0.604
-0.538805 0.605
-0.538805 0.606
-0.538805 0.607
-0.538805 0.608
-0.538805 0.609
-0.538805 0.61
-0.538805 0.611
-0.538805 0.612
-0.538805 0.613
-0.538805 0.614
-0.538805 0.615
-0.538805 0.616
-0.538805 0.617
-0.538805 0.618
-0.538805 0.619
-0.538805 0.62
-0.538805 0.621
-0.538805 0.622
-0.538805 0.623
-0.538805 0.624
-0.538805 0.625
-0.538805 0.626
-0.538805 0.627
-0.538805 0.628
-0.538805 0.629
-0.538805 0.63
-0.538805 0.631
-0.538805 0.632
-0.538805 0.633
-0.538805 0.634
-0.538805 0.635
-0.538805 0.636
-0.538805 0.637
-0.538805 0.638
-0.538805 0.639
-0.538805 0.64
-0.538805 0.641
-0.538805 0.642
-0.538805 0.643
-0.538805 0.644
-0.538805 0.645
-0.538805 0.646
-0.538805 0.647
-0.538805 0.648
-0.538805 0.649
-0.538805 0.65
-0.538805 0.651
-0.538805 0.652
-0.538805 0.653
-0.538805 0.654
-0.538805 0.655
-0.538805 0.656
-0.538805 0.657
-0.538805 0.658
-0.538805 0.659
-0.538805 0.66
-0.538805 0.661
-0.538805 0.662
-0.538805 0.663
-0.538805 0.664
-0.538805 0.665
-0.538805 0.666
-0.538805 0.667
-0.538805 0.668
-0.538805 0.669
-0.538805 0.67
-0.538805 0.671
-0.538805 0.672
-0.538805 0.673
-0.538805 0.674
-0.538805 0.675
-0.538805 0.676
-0.538805 0.677
-0.538805 0.678
-0.538805 0.679
-0.538805 0.68
-0.538805 0.681
-0.538805 0.682
-0.538805 0.683
-0.538805 0.684
-0.538805 0.685
-0.538805 0.686
-0.538805 0.687
-0.538805 0.688
-0.538805 0.689
-0.538805 0.69
-0.538805 0.691
-0.538805 0.692
-0.538805 0.693
-0.538805 0.694
-0.538805 0.695
-0.538805 0.696
-0.538805 0.697
-0.538805 0.698
-0.538805 0.699
-0.538805 0.7
-0.538805 0.701
-0.538805 0.702
-0.538805 0.703
-0.538805 0.704
-0.538805 0.705
-0.538805 0.706
-0.538805 0.707
-0.538805 0.708
-0.538805 0.709
-0.538805 0.71
-0.538805 0.711
-0.538805 0.712
-0.538805 0.713
-0.538805 0.714
-0.538805 0.715
-0.538805 0.716
-0.538805 0.717
-0.538805 0.718
-0.538805 0.719
-0.538805 0.72
-0.538805 0.721
-0.538805 0.722
-0.538805 0.723
-0.538805 0.724
-0.538805 0.725
-0.538805 0.726
-0.538805 0.727
-0.538805 0.728
-0.538805 0.729
-0.538805 0.73
-0.538805 0.731
-0.538805 0.732
-0.538805 0.733
-0.538805 0.734
-0.538805 0.735
-0.538805 0.736
-0.538805 0.737
-0.538805 0.738
-0.538805 0.739
-0.538805 0.74
-0.538805 0.741
-0.538805 0.742
-0.538805 0.743
-0.538805 0.744
-0.538805 0.745
-0.538805 0.746
-0.538805 0.747
-0.538805 0.748
-0.538805 0.749
-0.538805 0.75
-0.538805 0.751
-0.538805 0.752
-0.538805 0.753
-0.538805 0.754
-0.538805 0.755
-0.538805 0.756
-0.538805 0.757
-0.538805 0.758
-0.538805 0.759
-0.538805 0.76
-0.538805 0.761
-0.538805 0.762
-0.538805 0.763
-0.538805 0.764
-0.538805 0.765
-0.538805 0.766
-0.538805 0.767
-0.538805 0.768
-0.538805 0.769
-0.538805 0.77
-0.538805 0.771
-0.538805 0.772
-0.538805 0.773
-0.538805 0.774
-0.538805 0.775
-0.538805 0.776
-0.538805 0.777
-0.538805 0.778
-0.538805 0.779
-0.538805 0.78
-0.538805 0.781
-0.538805 0.782
-0.538805 0.783
-0.538805 0.784
-0.538805 0.785
-0.538805 0.786
-0.538805 0.787
-0.538805 0.788
-0.538805 0.789
-0.538805 0.79
-0.538805 0.791
-0.538805 0.792
-0.538805 0.793
-0.538805 0.794
-0.538805 0.795
-0.538805 0.796
-0.538805 0.797
-0.538805 0.798
-0.538805 0.799
-0.538805 0.8
-0.538805 0.801
-0.538805 0.802
-0.538805 0.803
-0.538805 0.804
-0.538805 0.805
-0.538805 0.806
-0.538805 0.807
-0.538805 0.808
-0.538805 0.809
-0.538805 0.81
-0.538805 0.811
-0.538805 0.812
-0.538805 0.813
-0.538805 0.814
-0.538805 0.815
-0.538805 0.816
-0.538805 0.817
-0.538805 0.818
-0.538805 0.819
-0.538805 0.82
-0.538805 0.821
-0.538805 0.822
-0.538805 0.823
-0.538805 0.824
-0.538805 0.825
-0.538805 0.826
-0.538805 0.827
-0.538805 0.828
-0.538805 0.829
-0.538805 0.83
-0.538805 0.831
-0.538805 0.832
-0.538805 0.833
-0.538805 0.834
-0.538805 0.835
-0.538805 0.836
-0.538805 0.837
-0.538805 0.838
-0.538805 0.839
-0.538805 0.84
-0.538805 0.841
-0.538805 0.842
-0.538805 0.843
-0.538805 0.844
-0.538805 0.845
-0.538805 0.846
-0.538805 0.847
-0.538805 0.848
-0.538805 0.849
-0.538805 0.85
-0.538805 0.851
-0.538805 0.852
-0.538805 0.853
-0.538805 0.854
-0.538805 0.855
-0.538805 0.856
-0.538805 0.857
-0.538805 0.858
-0.538805 0.859
-0.538805 0.86
-0.538805 0.861
-0.538805 0.862
-0.538805 0.863
-0.538805 0.864
-0.538805 0.865
-0.538805 0.866
-0.538805 0.867
-0.538805 0.868
-0.538805 0.869
-0.538805 0.87
-0.538805 0.871
-0.538805 0.872
-0.538805 0.873
-0.538805 0.874
-0.538805 0.875
-0.538805 0.876
-0.538805 0.877
-0.538805 0.878
-0.538805 0.879
-0.538805 0.88
-0.538805 0.881
-0.538805 0.882
-0.538805 0.883
-0.538805 0.884
-0.538805 0.885
-0.538805 0.886
-0.538805 0.887
-0.538805 0.888
-0.538805 0.889
-0.538805 0.89
-0.538805 0.891
-0.538805 0.892
-0.538805 0.893
-0.538805 0.894
-0.538805 0.895
-0.538805 0.896
-0.538805 0.897
-0.538805 0.898
-0.538805 0.899
-0.538805 0.9
-0.538805 0.901
-0.538805 0.902
-0.538805 0.903
-0.538805 0.904
-0.538805 0.905
-0.538805 0.906
-0.538805 0.907
-0.538805 0.908
-0.538805 0.909
-0.538805 0.91
-0.538805 0.911
-0.538805 0.912
-0.538805 0.913
-0.538805 0.914
-0.538805 0.915
-0.538805 0.916
-0.538805 0.917
-0.538805 0.918
-0.538805 0.919
-0.538805 0.92
-0.538805 0.921
-0.538805 0.922
-0.538805 0.923
-0.538805 0.924
-0.538805 0.925
-0.538805 0.926
-0.538805 0.927
-0.538805 0.928
-0.538805 0.929
-0.538805 0.93
-0.538805 0.931
-0.538805 0.932
-0.538805 0.933
-0.538805 0.934
-0.538805 0.935
-0.538805 0.936
-0.538805 0.937
-0.538805 0.938
-0.538805 0.939
-0.538805 0.94
-0.538805 0.941
-0.538805 0.942
-0.538805 0.943
-0.538805 0.944
-0.538805 0.945
-0.538805 0.946
-0.538805 0.947
-0.538805 0.948
-0.538805 0.949
-0.538805 0.95
-0.538805 0.951
-0.538805 0.952
-0.538805 0.953
-0.538805 0.954
-0.538805 0.955
-0.538805 0.956
-0.538805 0.957
-0.538805 0.958
-0.538805 0.959
-0.538805 0.96
-0.538805 0.961
-0.538805 0.962
-0.538805 0.963
-0.538805 0.964
-0.538805 0.965
-0.538805 0.966
-0.538805 0.967
-0.538805 0.968
-0.538805 0.969
-0.538805 0.97
-0.538805 0.971
-0.538805 0.972
-0.538805 0.973
-0.538805 0.974
-0.538805 0.975
-0.538805 0.976
-0.538805 0.977
-0.538805 0.978
-0.538805 0.979
-0.538805 0.98
-0.538805 0.981
-0.538805 0.982
-0.538805 0.983
-0.538805 0.984
-0.538805 0.985
-0.538805 0.986
-0.538805 0.987
-0.538805 0.988
-0.538805 0.989
-0.538805 0.99
-0.538805 0.991
-0.538805 0.992
-0.538805 0.993
-0.538805 0.994
-0.538805 0.995
-0.538805 0.996
-0.538805 0.997
-0.538805 0.998
-0.538805 0.999
-0.539805 1


Shark
3.14159 1.5
3.13759 1.4995
3.13359 1.499
3.12959 1.4985
3.12559 1.498
3.12159 1.4975
3.11759 1.497
3.11359 1.4965
3.10959 1.496
3.10559 1.4955
3.10159 1.495
3.09759 1.4945
3.09359 1.494
3.08959 1.4935
3.08559 1.493
3.08159 1.4925
3.07759 1.492
3.07359 1.4915
3.06959 1.491
3.06559 1.4905
3.06159 1.49
3.05401 1.4895
3.05001 1.489
3.04601 1.4885
3.04201 1.488
3.03801 1.4875
3.03401 1.487
3.03001 1.4865
3.02601 1.486
3.02201 1.4855
3.01801 1.485
3.01401 1.4845
3.01001 1.484
3.00601 1.4835
3.00201 1.483
2.99801 1.4825
2.99401 1.482
2.99001 1.4815
2.98601 1.481
2.98201 1.4805
2.96898 1.48
2.96498 1.4795
2.96098 1.479
2.95698 1.4785
2.95298 1.478
2.94898 1.4775
2.94498 1.477
2.94098 1.4765
2.93698 1.476
2.93298 1.4755
2.92898 1.475
2.92498 1.4745
2.92098 1.474
2.91698 1.4735
2.91298 1.473
2.90898 1.4725
2.90498 1.472
2.88679 1.4715
2.88279 1.471
2.87879 1.4705
2.87479 1.47
2.87079 1.4695
2.86679 1.469
2.86279 1.4685
2.85879 1.468
2.85479 1.4675
2.85079 1.467
2.84679 1.4665
2.84279 1.466
2.83879 1.4655
2.83479 1.465
2.83079 1.4645
2.82679 1.464
2.80367 1.4635
2.79967 1.463
2.79567 1.4625
2.79167 1.462
2.78767 1.4615
2.78367 1.461
2.77967 1.4605
2.77567 1.46
2.77167 1.4595
2.76767 1.459
2.76367 1.4585
2.75967 1.458
2.75567 1.4575
2.75167 1.457
2.74767 1.4565
2.7199 1.456
2.7159 1.4555
2.7119 1.455
2.7079 1.4545
2.7039 1.454
2.6999 1.4535
2.6959 1.453
2.6919 1.4525
2.6879 1.452
2.6839 1.4515
2.6799 1.451
2.6759 1.4505
2.6719 1.45
2.6679 1.4495
2.63577 1.449
2.63177 1.4485
2.62777 1.448
2.62377 1.4475
2.61977 1.447
2.61577 1.4465
2.61177 1.446
2.60777 1.4455
2.60377 1.445
2.59977 1.4445
2.59577 1.444
2.59177 1.4435
2.5559 1.443
2.5519 1.4425
2.5479 1.442
2.5439 1.4415
2.5399 1.441
2.5359 1.4405
2.5319 1.44
2.5279 1.4395
2.5239 1.439
2.5199 1.4385
2.5159 1.438
2.5119 1.4375
2.47228 1.437
2.46828 1.4365
2.46428 1.436
2.46028 1.4355
2.45628 1.435
2.45228 1.4345
2.44828 1.434
2.44428 1.4335
2.44028 1.433
2.43628 1.4325
2.47903 1.432
2.48489 1.4315
2.49078 1.431
2.49669 1.4305
2.50262 1.43
2.50858 1.4295
2.51456 1.429
2.52056 1.4285
2.52659 1.428
2.53264 1.4275
2.53871 1.427
2.54481 1.4265
2.55093 1.426
2.55708 1.4255
2.56325 1.425
2.56944 1.4245
2.57566 1.424
2.5819 1.4235
2.58816 1.423
2.59445 1.4225
2.60077 1.422
2.60711 1.4215
2.60074 1.421
2.60713 1.4205
2.60072 1.42
2.60715 1.4195
2.60069 1.419
2.60718 1.4185
2.60067 1.418
2.6072 1.4175
2.60064 1.417
2.60723 1.4165
2.60062 1.416
2.60725 1.4155
2.60059 1.415
2.60728 1.4145
2.60057 1.414
2.6073 1.4135
2.60054 1.413
2.60733 1.4125
2.60052 1.412
2.60735 1.4115
2.60049 1.411
2.60738 1.4105
2.60047 1.41
2.60741 1.4095
2.60044 1.409
2.60743 1.4085
2.60042 1.408
2.60746 1.4075
2.60039 1.407
2.60748 1.4065
2.60036 1.406
2.60751 1.4055
2.60034 1.405
2.60754 1.4045
2.61476 1.404
2.60751 1.4035
2.60023 1.403
2.60754 1.4025
2.61487 1.402
2.60751 1.4015
2.60013 1.401
2.60754 1.4005
2.61497 1.4
2.60751 1.3995
2.60002 1.399
2.60754 1.3985
2.61508 1.398
2.60751 1.3975
2.59991 1.397
2.60754 1.3965
2.61518 1.396
2.60751 1.3955
2.60015 1.395
2.60788 1.3945
2.61526 1.394
2.60754 1.3935
2.60085 1.393
2.5942 1.3925
2.5902 1.392
2.5862 1.3915
2.5822 1.391
2.5782 1.3905
2.5742 1.39
2.5702 1.3895
2.5662 1.389
2.5622 1.3885
2.5582 1.388
2.5542 1.3875
2.5502 1.387
2.5462 1.3865
2.5422 1.386
2.5382 1.3855
2.5342 1.385
2.5302 1.3845
2.5262 1.384
2.5222 1.3835
2.5182 1.383
2.5142 1.3825
2.5102 1.382
2.5062 1.3815
2.5022 1.381
2.4982 1.3805
2.4942 1.38
2.4902 1.3795
2.4862 1.379
2.4822 1.3785
2.4782 1.378
2.4742 1.3775
2.4702 1.377
2.4662 1.3765
2.4622 1.376
2.4582 1.3755
2.4542 1.375
2.4502 1.3745
2.4462 1.374
2.4422 1.3735
2.4382 1.373
2.4342 1.3725
2.4302 1.372
2.4262 1.3715
2.4222 1.371
2.4182 1.3705
2.4142 1.37
2.4102 1.3695
2.4062 1.369
2.4022 1.3685
2.3982 1.368
2.3942 1.3675
2.3902 1.367
2.3862 1.3665
2.3822 1.366
2.3782 1.3655
2.3742 1.365
2.3702 1.3645
2.3662 1.364
2.3622 1.3635
2.3582 1.363
2.3542 1.3625
2.3502 1.362
2.3462 1.3615
2.3422 1.361
2.3382 1.3605
2.3342 1.36
2.3302 1.3595
2.3262 1.359
2.3222 1.3585
2.3182 1.358
2.3142 1.3575
2.3102 1.357
2.3062 1.3565
2.3022 1.356
2.2982 1.3555
2.2942 1.355
2.2902 1.3545
2.2862 1.354
2.2822 1.3535
2.2782 1.353
2.2742 1.3525
2.2702 1.352
2.2662 1.3515
2.2622 1.351
2.2582 1.3505
2.2542 1.35
2.2502 1.3495
2.2462 1.349
2.2422 1.3485
2.2382 1.348
2.2342 1.3475
2.2302 1.347
2.2262 1.3465
2.2222 1.346
2.2182 1.3455
2.2142 1.345
2.2102 1.3445
2.2062 1.344
2.2022 1.3435
2.1982 1.343
2.1942 1.3425
2.1902 1.342
2.1862 1.3415
2.1822 1.341
2.1782 1.3405
2.1742 1.34
2.1702 1.3395
2.1662 1.339
2.1622 1.3385
2.1582 1.338
2.1542 1.3375
2.1502 1.337
2.1462 1.3365
2.1422 1.336
2.1382 1.3355
2.1342 1.335
2.1302 1.3345
2.1262 1.334
2.1222 1.3335
2.1182 1.333
2.1142 1.3325
2.1102 1.332
2.1062 1.3315
2.1022 1.331
2.0982 1.3305
2.0942 1.33
2.0902 1.3295
2.0862 1.329
2.0822 1.3285
2.0782 1.328
2.0742 1.3275
2.0702 1.327
2.0662 1.3265
2.0622 1.326
2.0582 1.3255
2.0542 1.325
2.0502 1.3245
2.0462 1.324
2.0422 1.3235
2.0382 1.323
2.0342 1.3225
2.0302 1.322
2.0262 1.3215
2.0222 1.321
2.0182 1.3205
2.0142 1.32
2.0102 1.3195
2.0062 1.319
2.0022 1.3185
1.9982 1.318
1.9942 1.3175
1.9902 1.317
1.9862 1.3165
1.9822 1.316
1.9782 1.3155
1.9742 1.315
1.9702 1.3145
1.9662 1.314
1.9622 1.3135
1.9582 1.313
1.9542 1.3125
1.9502 1.312
1.9462 1.3115
1.9422 1.311
1.9382 1.3105
1.9342 1.31
1.9302 1.3095
1.9262 1.309
1.9222 1.3085
1.9182 1.308
1.9142 1.3075
1.9102 1.307
1.9062 1.3065
1.9022 1.306
1.8982 1.3055
1.8942 1.305
1.8902 1.3045
1.8862 1.304
1.8822 1.3035
1.8782 1.303
1.8742 1.3025
1.8702 1.302
1.8662 1.3015
1.8622 1.301
1.8582 1.3005
1.8542 1.3
1.8502 1.2995
1.8462 1.299
1.8422 1.2985
1.8382 1.298
1.8342 1.2975
1.8302 1.297
1.8262 1.2965
1.8222 1.296
1.8182 1.2955
1.8142 1.295
1.8102 1.2945
1.8062 1.294
1.8022 1.2935
1.7982 1.293
1.7942 1.2925
1.7902 1.292
1.7862 1.2915
1.7822 1.291
1.7782 1.2905
1.7742 1.29
1.7702 1.2895
1.7662 1.289
1.7622 1.2885
1.7582 1.288
1.7542 1.2875
1.7502 1.287
1.7462 1.2865
1.7422 1.286
1.7382 1.2855
1.7342 1.285
1.7302 1.2845
1.7262 1.284
1.7222 1.2835
1.7182 1.283
1.7142 1.2825
1.7102 1.282
1.7062 1.2815
1.7022 1.281
1.6982 1.2805
1.6942 1.28
1.6902 1.2795
1.6862 1.279
1.6822 1.2785
1.6782 1.278
1.6742 1.2775
1.6702 1.277
1.6662 1.2765
1.6622 1.276
1.6582 1.2755
1.6542 1.275
1.6502 1.2745
1.6462 1.274
1.6422 1.2735
1.6382 1.273
1.6342 1.2725
1.6302 1.272
1.6262 1.2715
1.6222 1.271
1.6182 1.2705
1.6142 1.27
1.6102 1.2695
1.6062 1.269
1.6022 1.2685
1.5982 1.268
1.5942 1.2675
1.5902 1.267
1.5862 1.2665
1.5822 1.266
1.5782 1.2655
1.5742 1.265
1.5702 1.2645
1.5662 1.264
1.5622 1.2635
1.5582 1.263
1.5542 1.2625
1.5502 1.262
1.5462 1.2615
1.5422 1.261
1.5382 1.2605
1.5342 1.26
1.5302 1.2595
1.5262 1.259
1.5222 1.2585
1.5182 1.258
1.5142 1.2575
1.5102 1.257
1.5062 1.2565
1.5022 1.256
1.4982 1.2555
1.4942 1.255
1.4902 1.2545
1.4862 1.254
1.4822 1.2535
1.4782 1.253
1.4742 1.2525
1.4702 1.252
1.4662 1.2515
1.4622 1.251
1.4582 1.2505
1.4542 1.25
1.4502 1.2495
1.4462 1.249
1.4422 1.2485
1.4382 1.248
1.4342 1.2475
1.4302 1.247
1.4262 1.2465
1.4222 1.246
1.4182 1.2455
1.4142 1.245
1.4102 1.2445
1.4062 1.244
1.4022 1.2435
1.3982 1.243
1.3942 1.2425
1.3902 1.242
1.3862 1.2415
1.3822 1.241
1.3782 1.2405
1.3742 1.24
1.3702 1.2395
1.3662 1.239
1.3622 1.2385
1.3582 1.238
1.3542 1.2375
1.3502 1.237
1.3462 1.2365
1.3422 1.236
1.3382 1.2355
1.3342 1.235
1.3302 1.2345
1.3262 1.234
1.3222 1.2335
1.3182 1.233
1.3142 1.2325
1.3102 1.232
1.3062 1.2315
1.3022 1.231
1.2982 1.2305
1.2942 1.23
1.2902 1.2295
1.2862 1.229
1.2822 1.2285
1.2782 1.228
1.2742 1.2275
1.2702 1.227
1.2662 1.2265
1.2622 1.226
1.2582 1.2255
1.2542 1.225
1.2502 1.2245
1.2462 1.224
1.2422 1.2235
1.2382 1.223
1.2342 1.2225
1.2302 1.222
1.2262 1.2215
1.2222 1.221
1.2182 1.2205
1.2142 1.22
1.2102 1.2195
1.2062 1.219
1.2022 1.2185
1.1982 1.218
1.1942 1.2175
1.1902 1.217
1.1862 1.2165
1.1822 1.216
1.1782 1.2155
1.1742 1.215
1.1702 1.2145
1.1662 1.214
1.1622 1.2135
1.1582 1.213
1.1542 1.2125
1.1502 1.212
1.1462 1.2115
1.1422 1.211
1.1382 1.2105
1.1342 1.21
1.1302 1.2095
1.1262 1.209
1.1222 1.2085
1.1182 1.208
1.1142 1.2075
1.1102 1.207
1.1062 1.2065
1.1022 1.206
1.0982 1.2055
1.0942 1.205
1.0902 1.2045
1.0862 1.204
1.0822 1.2035
1.0782 1.203
1.0742 1.2025
1.0702 1.202
1.0662 1.2015
1.0622 1.201
1.0582 1.2005
1.0542 1.2
1.0502 1.1995
1.0462 1.199
1.0422 1.1985
1.0382 1.198
1.0342 1.1975
1.0302 1.197
1.0262 1.1965
1.0222 1.196
1.0182 1.1955
1.0142 1.195
1.0102 1.1945
1.0062 1.194
1.0022 1.1935
0.998195 1.193
0.994195 1.1925
0.990195 1.192
0.986195 1.1915
0.982195 1.191
0.978195 1.1905
0.974195 1.19
0.970195 1.1895
0.966195 1.189
0.962195 1.1885
0.958195 1.188
0.954195 1.1875
0.950195 1.187
0.946195 1.1865
0.942195 1.186
0.938195 1.1855
0.934195 1.185
0.930195 1.1845
0.926195 1.184
0.922195 1.1835
0.918195 1.183
0.914195 1.1825
0.910195 1.182
0.906195 1.1815
0.902195 1.181
0.898195 1.1805
0.894195 1.18
0.890195 1.1795
0.886195 1.179
0.882195 1.1785
0.878195 1.178
0.874195 1.1775
0.870195 1.177
0.866195 1.1765
0.862195 1.176
0.858195 1.1755
0.854195 1.175
0.850195 1.1745
0.846195 1.174
0.842195 1.1735
0.838195 1.173
0.834195 1.1725
0.830195 1.172
0.826195 1.1715
0.822195 1.171
0.818195 1.1705
0.814195 1.17
0.810195 1.1695
0.806195 1.169
0.802195 1.1685
0.798195 1.168
0.794195 1.1675
0.790195 1.167
0.786195 1.1665
0.782195 1.166
0.778195 1.1655
0.774195 1.165
0.770195 1.1645
0.766195 1.164
0.762195 1.1635
0.758195 1.163
0.754195 1.1625
0.750195 1.162
0.746195 1.1615
0.742195 1.161
0.738195 1.1605
0.734195 1.16
0.730195 1.1595
0.726195 1.159
0.722195 1.1585
0.718195 1.158
0.714195 1.1575
0.710195 1.157
0.706195 1.1565
0.702195 1.156
0.698195 1.1555
0.694195 1.155
0.690195 1.1545
0.686195 1.154
0.682195 1.1535
0.678195 1.153
0.674195 1.1525
0.670195 1.152
0.666195 1.1515
0.662195 1.151
0.658195 1.1505
0.654195 1.15
0.650195 1.1495
0.646195 1.149
0.642195 1.1485
0.638195 1.148
0.634195 1.1475
0.630195 1.147
0.626195 1.1465
0.622195 1.146
0.618195 1.1455
0.614195 1.145
0.610195 1.1445
0.606195 1.144
0.602195 1.1435
0.598195 1.143
0.594195 1.1425
0.590195 1.142
0.586195 1.1415
0.582195 1.141
0.578195 1.1405
0.574195 1.14
0.570195 1.1395
0.566195 1.139
0.562195 1.1385
0.558195 1.138
0.554195 1.1375
0.550195 1.137
0.546195 1.1365
0.542195 1.136
0.538195 1.1355
0.534195 1.135
0.530195 1.1345
0.526195 1.134
0.522195 1.1335
0.518195 1.133
0.514195 1.1325
0.510195 1.132
0.506195 1.1315
0.502195 1.131
0.498195 1.1305
0.494195 1.13
0.490195 1.1295
0.486195 1.129
0.482195 1.1285
0.478195 1.128
0.474195 1.1275
0.470195 1.127
0.466195 1.1265
0.462195 1.126
0.458195 1.1255
0.454195 1.125
0.450195 1.1245
0.446195 1.124
0.442195 1.1235
0.438195 1.123
0.434195 1.1225
0.430195 1.122
0.426195 1.1215
0.422195 1.121
0.418195 1.1205
0.414195 1.12
0.410195 1.1195
0.406195 1.119
0.402195 1.1185
0.398195 1.118
0.394195 1.1175
0.390195 1.117
0.386195 1.1165
0.382195 1.116
0.378195 1.1155
0.374195 1.115
0.370195 1.1145
0.366195 1.114
0.362195 1.1135
0.358195 1.113
0.354195 1.1125
0.350195 1.112
0.346195 1.1115
0.342195 1.111
0.338195 1.1105
0.334195 1.11
0.330195 1.1095
0.326195 1.109
0.322195 1.1085
0.318195 1.108
0.314195 1.1075
0.310195 1.107
0.306195 1.1065
0.302195 1.106
0.298195 1.1055
0.294195 1.105
0.290195 1.1045
0.286195 1.104
0.282195 1.1035
0.278195 1.103
0.274195 1.1025
0.270195 1.102
0.266195 1.1015
0.262195 1.101
0.258195 1.1005
0.254195 1.1
0.250195 1.0995
0.246195 1.099
0.242195 1.0985
0.238195 1.098
0.234195 1.0975
0.230195 1.097
0.226195 1.0965
0.222195 1.096
0.218195 1.0955
0.214195 1.095
0.210195 1.0945
0.206195 1.094
0.202195 1.0935
0.198195 1.093
0.194195 1.0925
0.190195 1.092
0.186195 1.0915
0.182195 1.091
0.178195 1.0905
0.174195 1.09
0.170195 1.0895
0.166195 1.089
0.162195 1.0885
0.158195 1.088
0.154195 1.0875
0.150195 1.087
0.146195 1.0865
0.142195 1.086
0.138195 1.0855
0.134195 1.085
0.130195 1.0845
0.126195 1.084
0.122195 1.0835
0.118195 1.083
0.114195 1.0825
0.110195 1.082
0.106195 1.0815
0.102195 1.081
0.0981951 1.0805
0.0941951 1.08
0.0901951 1.0795
0.0861951 1.079
0.0821951 1.0785
0.0781951 1.078
0.0741951 1.0775
0.0701951 1.077
0.0661951 1.0765
0.0621951 1.076
0.0581951 1.0755
0.0541951 1.075
0.0501951 1.0745
0.0461951 1.074
0.0421951 1.0735
0.0381951 1.073
0.0341951 1.0725
0.0301951 1.072
0.0261951 1.0715
0.0221951 1.071
0.0181951 1.0705
0.0141951 1.07
0.0101951 1.0695
0.00619513 1.069
0.00219513 1.0685
-0.00180487 1.068
-0.00580487 1.0675
-0.00980487 1.067
-0.0138049 1.0665
-0.0178049 1.066
-0.0218049 1.0655
-0.0258049 1.065
-0.0298049 1.0645
-0.0338049 1.064
-0.0378049 1.0635
-0.0418049 1.063
-0.0458049 1.0625
-0.0498049 1.062
-0.0538049 1.0615
-0.0578049 1.061
-0.0618049 1.0605
-0.0658049 1.06
-0.0698049 1.0595
-0.0738049 1.059
-0.0778049 1.0585
-0.0818049 1.058
-0.0858049 1.0575
-0.0898049 1.057
-0.0938049 1.0565
-0.0978049 1.056
-0.101805 1.0555
-0.105805 1.055
-0.109805 1.0545
-0.113805 1.054
-0.117805 1.0535
-0.121805 1.053
-0.125805 1.0525
-0.129805 1.052
-0.133805 1.0515
-0.137805 1.051
-0.141805 1.0505
-0.145805 1.05
-0.149805 1.0495
-0.153805 1.049
-0.157805 1.0485
-0.161805 1.048
-0.165805 1.0475
-0.169805 1.047
-0.173805 1.0465
-0.177805 1.046
-0.181805 1.0455
-0.185805 1.045
-0.189805 1.0445
-0.193805 1.044
-0.197805 1.0435
-0.201805 1.043
-0.205805 1.0425
-0.209805 1.042
-0.213805 1.0415
-0.217805 1.041
-0.221805 1.0405
-0.225805 1.04
-0.229805 1.0395
-0.233805 1.039
-0.237805 1.0385
-0.241805 1.038
-0.245805 1.0375
-0.249805 1.037
-0.253805 1.0365
-0.257805 1.036
-0.261805 1.0355
-0.265805 1.035
-0.269805 1.0345
-0.273805 1.034
-0.277805 1.0335
-0.281805 1.033
-0.285805 1.0325
-0.289805 1.032
-0.293805 1.0315
-0.297805 1.031
-0.301805 1.0305
-0.305805 1.03
-0.309805 1.0295
-0.313805 1.029
-0.317805 1.0285
-0.321805 1.028
-0.325805 1.0275
-0.329805 1.027
-0.333805 1.0265
-0.337805 1.026
-0.341805 1.0255
-0.345805 1.025
-0.349805 1.0245
-0.353805 1.024
-0.357805 1.0235
-0.361805 1.023
-0.365805 1.0225
-0.369805 1.022
-0.373805 1.0215
-0.377805 1.021
-0.381805 1.0205
-0.385805 1.02
-0.389805 1.0195
-0.393805 1.019
-0.397805 1.0185
-0.401805 1.018
-0.405805 1.0175
-0.409805 1.017
-0.413805 1.0165
-0.417805 1.016
-0.421805 1.0155
-0.425805 1.015
-0.429805 1.0145
-0.433805 1.014
-0.437805 1.0135
-0.441805 1.013
-0.445805 1.0125
-0.449805 1.012
-0.453805 1.0115
-0.457805 1.011
-0.461805 1.0105
-0.465805 1.01
-0.469805 1.0095
-0.473805 1.009
-0.477805 1.0085
-0.481805 1.008
-0.485805 1.0075
-0.489805 1.007
-0.493805 1.0065
-0.497805 1.006
-0.501805 1.0055
-0.505805 1.005
-0.509805 1.0045
-0.513805 1.004
-0.517805 1.0035
-0.521805 1.003
-0.525805 1.0025
-0.529805 1.002
-0.533805 1.0015
-0.537805 1.001
-0.538805 1.0005
-0.539805 1
