Man
0 0
0 0.001
0 0.002
0 0.003
0 0.004
0 0.005
0 0.006
0 0.007
0 0.008
0 0.009
0 0.01
0 0.011
0 0.012
0 0.013
0 0.014
0 0.015
0 0.016
0 0.017
0 0.018
0 0.019
0 0.02
0 0.021
0 0.022
0 0.023
0 0.024
0 0.025
0 0.026
0 0.027
0 0.028
0 0.029
0 0.03
0 0.031
0 0.032
0 0.033
0 0.034
0 0.035
0 0.036
0 0.037
0 0.038
0 0.039
0 0.04
0 0.041
0 0.042
0 0.043
0 0.044
0 0.045
0 0.046
0 0.047
0 0.048
0 0.049
0 0.05
0 0.051
0 0.052
0 0.053
0 0.054
0 0.055
0 0.056
0 0.057
0 0.058
0 0.059
0 0.06
0 0.061
0 0.062
0 0.063
0 0.064
0 0.065
0 0.066
0 0.067
0 0.068
0 0.069
0 0.07
0 0.071
0 0.072
0 0.073
0 0.074
0 0.075
0 0.076
0 0.077
0 0.078
0 0.079
0 0.08
0 0.081
0 0.082
0 0.083
0 0.084
0 0.085
0 0.086
0 0.087
0 0.088
0 0.089
0 0.09
0 0.091
0 0.092
0 0.093
0 0.094
0 0.095
0 0.096
0 0.097
0 0.098
0 0.099
0 0.1
0 0.101
0 0.102
0 0.103
0 0.104
0 0.105
0 0.106
0 0.107
0 0.108
0 0.109
0 0.11
0 0.111
0 0.112
0 0.113
0 0.114
0 0.115
0 0.116
-0.46377 0.117
-0.625476 0.118
-0.625476 0.119
-0.625476 0.12
-0.625476 0.121
-0.625476 0.122
-0.625476 0.123
-0.64784 0.124
-0.68838 0.125
-0.732036 0.126
-0.768276 0.127
-0.80938 0.128
-0.850483 0.129
-0.883777 0.13
-0.883777 0.131
-0.899057 0.132
-0.899057 0.133
-0.905322 0.134
-0.912283 0.135
-0.912283 0.136
-0.920017 0.137
-0.920017 0.138
-0.920017 0.139
-0.92904 0.14
-0.933607 0.141
-0.941417 0.142
-0.941417 0.143
-0.941417 0.144
-0.965688 0.145
-0.965688 0.146
-0.974711 0.147
-0.974711 0.148
-0.974711 0.149
-0.998982 0.15
-0.998982 0.151
-1.02325 0.152
-1.04752 0.153
-1.04752 0.154
-1.02983 0.155
-1.02325 0.156
-1.02325 0.157
-1.02325 0.158
-1.01864 0.159
-1.00095 0.16
-0.985024 0.161
-0.985024 0.162
-0.969099 0.163
-0.969099 0.164
-0.985024 0.165
-0.985024 0.166
-0.969099 0.167
-0.969099 0.168
-0.985024 0.169
-0.985024 0.17
-0.969099 0.171
-0.969099 0.172
-0.984979 0.173
-0.984979 0.174
-1.0009 0.175
-0.9915 0.176
-0.986023 0.177
-0.97662 0.178
-0.967217 0.179
-0.967217 0.18
-0.97662 0.181
-0.986023 0.182
-0.995426 0.183
-0.986964 0.184
-0.995426 0.185
-0.986964 0.186
-0.995426 0.187
-0.986964 0.188
-0.995426 0.189
-0.986964 0.19
-0.995426 0.191
-0.986964 0.192
-0.995426 0.193
-0.986964 0.194
-0.995426 0.195
-0.986964 0.196
-0.995426 0.197
-0.986964 0.198
-0.995426 0.199
-0.986964 0.2
-0.995426 0.201
-0.986964 0.202
-0.995426 0.203
-0.986964 0.204
-0.995426 0.205
-0.98781 0.206
-0.980193 0.207
-0.972577 0.208
-0.96496 0.209
-0.957344 0.21
-0.949727 0.211
-0.957317 0.212
-0.949865 0.213
-0.942568 0.214
-0.937607 0.215
-0.937607 0.216
-0.937607 0.217
-0.937607 0.218
-0.937607 0.219
-0.937607 0.22
-0.937607 0.221
-0.937607 0.222
-0.937607 0.223
-0.937607 0.224
-0.937607 0.225
-0.937607 0.226
-0.937607 0.227
-0.937607 0.228
-0.937607 0.229
-0.937607 0.23
-0.937607 0.231
-0.937607 0.232
-0.937607 0.233
-0.937607 0.234
-0.937607 0.235
-0.937607 0.236
-0.937607 0.237
-0.937607 0.238
-0.937607 0.239
-0.937607 0.24
-0.937607 0.241
-0.937607 0.242
-0.937607 0.243
-0.937607 0.244
-0.937607 0.245
-0.937607 0.246
-0.937607 0.247
-0.937607 0.248
-0.937607 0.249
-0.937607 0.25
-0.937607 0.251
-0.937607 0.252
-0.937607 0.253
-0.937607 0.254
-0.937607 0.255
-0.937607 0.256
-0.937607 0.257
-0.937607 0.258
-0.937607 0.259
-0.937607 0.26
-0.937607 0.261
-0.937607 0.262
-0.937607 0.263
-0.937607 0.264
-0.937607 0.265
-0.937607 0.266
-0.937607 0.267
-0.937607 0.268
-0.937607 0.269
-0.937607 0.27
-0.937607 0.271
-0.937607 0.272
-0.937607 0.273
-0.937607 0.274
-0.937607 0.275
-0.937607 0.276
-0.937607 0.277
-0.937607 0.278
-0.937607 0.279
-0.937607 0.28
-0.937607 0.281
-0.937607 0.282
-0.937607 0.283
-0.937607 0.284
-0.937607 0.285
-0.937607 0.286
-0.937607 0.287
-0.937607 0.288
-0.937607 0.289
-0.937607 0.29
-0.937607 0.291
-0.937607 0.292
-0.937607 0.293
-0.937607 0.294
-0.937607 0.295
-0.937607 0.296
-0.937607 0.297
-0.937607 0.298
-0.937607 0.299
-0.937607 0.3
-0.937607 0.301
-0.937607 0.302
-0.937607 0.303
-0.937607 0.304
-0.937607 0.305
-0.937607 0.306
-0.937607 0.307
-0.937607 0.308
-0.937607 0.309
-0.937607 0.31
-0.937607 0.311
-0.937607 0.312
-0.937607 0.313
-0.937607 0.314
-0.937607 0.315
-0.937607 0.316
-0.937607 0.317
-0.937607 0.318
-0.937607 0.319
-0.937607 0.32
-0.937607 0.321
-0.937607 0.322
-0.937607 0.323
-0.937607 0.324
-0.937607 0.325
-0.937607 0.326
-0.937607 0.327
-0.937607 0.328
-0.937607 0.329
-0.937607 0.33
-0.937607 0.331
-0.937607 0.332
-0.937607 0.333
-0.937607 0.334
-0.937607 0.335
-0.937607 0.336
-0.937607 0.337
-0.937607 0.338
-0.937607 0.339
-0.937607 0.34
-0.937607 0.341
-0.937607 0.342
-0.937607 0.343
-0.937607 0.344
-0.937607 0.345
-0.937607 0.346
-0.937607 0.347
-0.937607 0.348
-0.937607 0.349
-0.937607 0.35
-0.937607 0.351
-0.937607 0.352
-0.937607 0.353
-0.937607 0.354
-0.937607 0.355
-0.937607 0.356
-0.937607 0.357
-0.937607 0.358
-0.937607 0.359
-0.937607 0.36
-0.937607 0.361
-0.937607 0.362
-0.937607 0.363
-0.937607 0.364
-0.937607 0.365
-0.937607 0.366
-0.937607 0.367
-0.937607 0.368
-0.937607 0.369
-0.937607 0.37
-0.937607 0.371
-0.937607 0.372
-0.937607 0.373
-0.937607 0.374
-0.937607 0.375
-0.937607 0.376
-0.937607 0.377
-0.937607 0.378
-0.937607 0.379
-0.937607 0.38
-0.937607 0.381
-0.937607 0.382
-0.937607 0.383
-0.937607 0.384
-0.937607 0.385
-0.937607 0.386
-0.937607 0.387
-0.937607 0.388
-0.937607 0.389
-0.937607 0.39
-0.937607 0.391
-0.937607 0.392
-0.937607 0.393
-0.937607 0.394
-0.937607 0.395
-0.937607 0.396
-0.937607 0.397
-0.937607 0.398
-0.937607 0.399
-0.937607 0.4
-0.937607 0.401
-0.937607 0.402
-0.937607 0.403
-0.937607 0.404
-0.937607 0.405
-0.937607 0.406
-0.937607 0.407
-0.937607 0.408
-0.937607 0.409
-0.937607 0.41
-0.937607 0.411
-0.937607 0.412
-0.937607 0.413
-0.937607 0.414
-0.937607 0.415
-0.937607 0.416
-0.937607 0.417
-0.937607 0.418
-0.937607 0.419
-0.937607 0.42
-0.937607 0.421
-0.937607 0.422
-0.937607 0.423
-0.937607 0.424
-0.937607 0.425
-0.937607 0.426
-0.937607 0.427
-0.937607 0.428
-0.937607 0.429
-0.937607 0.43
-0.937607 0.431
-0.937607 0.432
-0.937607 0.433
-0.937607 0.434
-0.937607 0.435
-0.937607 0.436
-0.937607 0.437
-0.937607 0.438
-0.937607 0.439
-0.937607 0.44
-0.937607 0.441
-0.937607 0.442
-0.937607 0.443
-0.937607 0.444
-0.937607 0.445
-0.937607 0.446
-0.937607 0.447
-0.937607 0.448
-0.937607 0.449
-0.937607 0.45
-0.937607 0.451
-0.937607 0.452
-0.937607 0.453
-0.937607 0.454
-0.937607 0.455
-0.937607 0.456
-0.937607 0.457
-0.937607 0.458
-0.937607 0.459
-0.937607 0.46
-0.937607 0.461
-0.937607 0.462
-0.937607 0.463
-0.937607 0.464
-0.937607 0.465
-0.937607 0.466
-0.937607 0.467
-0.937607 0.468
-0.937607 0.469
-0.937607 0.47
-0.937607 0.471
-0.937607 0.472
-0.937607 0.473
-0.937607 0.474
-0.937607 0.475
-0.937607 0.476
-0.937607 0.477
-0.937607 0.478
-0.937607 0.479
-0.937607 0.48
-0.937607 0.481
-0.937607 0.482
-0.937607 0.483
-0.937607 0.484
-0.937607 0.485
-0.937607 0.486
-0.937607 0.487
-0.937607 0.488
-0.937607 0.489
-0.937607 0.49
-0.937607 0.491
-0.937607 0.492
-0.937607 0.493
-0.937607 0.494
-0.937607 0.495
-0.937607 0.496
-0.937607 0.497
-0.937607 0.498
-0.937607 0.499
-0.937607 0.5
-0.937607 0.501
-0.937607 0.502
-0.937607 0.503
-0.937607 0.504
-0.937607 0.505
-0.937607 0.506
-0.937607 0.507
-0.937607 0.508
-0.937607 0.509
-0.937607 0.51
-0.937607 0.511
-0.937607 0.512
-0.937607 0.513
-0.937607 0.514
-0.937607 0.515
-0.937607 0.516
-0.937607 0.517
-0.937607 0.518
-0.937607 0.519
-0.937607 0.52
-0.937607 0.521
-0.937607 0.522
-0.937607 0.523
-0.937607 0.524
-0.937607 0.525
-0.937607 0.526
-0.937607 0.527
-0.937607 0.528
-0.937607 0.529
-0.937607 0.53
-0.937607 0.531
-0.937607 0.532
-0.937607 0.533
-0.937607 0.534
-0.937607 0.535
-0.937607 0.536
-0.937607 0.537
-0.937607 0.538
-0.937607 0.539
-0.937607 0.54
-0.937607 0.541
-0.937607 0.542
-0.937607 0.543
-0.937607 0.544
-0.937607 0.545
-0.937607 0.546
-0.937607 0.547
-0.937607 0.548
-0.937607 0.549
-0.937607 0.55
-0.937607 0.551
-0.937607 0.552
-0.937607 0.553
-0.937607 0.554
-0.937607 0.555
-0.937607 0.556
-0.937607 0.557
-0.937607 0.558
-0.937607 0.559
-0.937607 0.56
-0.937607 0.561
-0.937607 0.562
-0.937607 0.563
-0.937607 0.564
-0.937607 0.565
-0.937607 0.566
-0.937607 0.567
-0.937607 0.568
-0.937607 0.569
-0.937607 0.57
-0.937607 0.571
-0.937607 0.572
-0.937607 0.573
-0.937607 0.574
-0.937607 0.575
-0.937607 0.576
-0.937607 0.577
-0.937607 0.578
-0.937607 0.579
-0.937607 0.58
-0.937607 0.581
-0.937607 0.582
-0.937607 0.583
-0.937607 0.584
-0.937607 0.585
-0.937607 0.586
-0.937607 0.587
-0.937607 0.588
-0.937607 0.589
-0.937607 0.59
-0.937607 0.591
-0.937607 0.592
-0.937607 0.593
-0.937607 0.594
-0.937607 0.595
-0.937607 0.596
-0.937607 0.597
-0.937607 0.598
-0.937607 0.599
-0.937607 0.6
-0.937607 0.601
-0.937607 0.602
-0.937607 0.603
-0.937607 0.604
-0.937607 0.605
-0.937607 0.606
-0.937607 0.607
-0.937607 0.608
-0.937607 0.609
-0.937607 0.61
-0.937607 0.611
-0.937607 0.612
-0.937607 0.613
-0.937607 0.614
-0.937607 0.615
-0.937607 0.616
-0.937607 0.617
-0.937607 0.618
-0.937607 0.619
-0.937607 0.62
-0.937607 0.621
-0.937607 0.622
-0.937607 0.623
-0.937607 0.624
-0.937607 0.625
-0.937607 0.626
-0.937607 0.627
-0.937607 0.628
-0.937607 0.629
-0.937607 0.63
-0.937607 0.631
-0.937607 0.632
-0.937607 0.633
-0.937607 0.634
-0.937607 0.635
-0.937607 0.636
-0.937607 0.637
-0.937607 0.638
-0.937607 0.639
-0.937607 0.64
-0.937607 0.641
-0.937607 0.642
-0.937607 0.643
-0.937607 0.644
-0.937607 0.645
-0.937607 0.646
-0.937607 0.647
-0.937607 0.648
-0.937607 0.649
-0.937607 0.65
-0.937607 0.651
-0.937607 0.652
-0.937607 0.653
-0.937607 0.654
-0.937607 0.655
-0.937607 0.656
-0.937607 0.657
-0.937607 0.658
-0.937607 0.659
-0.937607 0.66
-0.937607 0.661
-0.937607 0.662
-0.937607 0.663
-0.937607 0.664
-0.937607 0.665
-0.937607 0.666
-0.937607 0.667
-0.937607 0.668
-0.937607 0.669
-0.937607 0.67
-0.937607 0.671
-0.937607 0.672
-0.937607 0.673
-0.937607 0.674
-0.937607 0.675
-0.937607 0.676
-0.937607 0.677
-0.937607 0.678
-0.937607 0.679
-0.937607 0.68
-0.937607 0.681
-0.937607 0.682
-0.937607 0.683
-0.937607 0.684
-0.937607 0.685
-0.937607 0.686
-0.937607 0.687
-0.937607 0.688
-0.937607 0.689
-0.937607 0.69
-0.937607 0.691
-0.937607 0.692
-0.937607 0.693
-0.937607 0.694
-0.937607 0.695
-0.937607 0.696
-0.937607 0.697
-0.937607 0.698
-0.937607 0.699
-0.937607 0.7
-0.937607 0.701
-0.937607 0.702
-0.937607 0.703
-0.937607 0.704
-0.937607 0.705
-0.937607 0.706
-0.937607 0.707
-0.937607 0.708
-0.937607 0.709
-0.937607 0.71
-0.937607 0.711
-0.937607 0.712
-0.937607 0.713
-0.937607 0.714
-0.937607 0.715
-0.937607 0.716
-0.937607 0.717
-0.937607 0.718
-0.937607 0.719
-0.937607 0.72
-0.937607 0.721
-0.937607 0.722
-0.937607 0.723
-0.937607 0.724
-0.937607 0.725
-0.937607 0.726
-0.937607 0.727
-0.937607 0.728
-0.937607 0.729
-0.937607 0.73
-0.937607 0.731
-0.937607 0.732
-0.937607 0.733
-0.937607 0.734
-0.937607 0.735
-0.937607 0.736
-0.937607 0.737
-0.937607 0.738
-0.937607 0.739
-0.937607 0.74
-0.937607 0.741
-0.937607 0.742
-0.937607 0.743
-0.937607 0.744
-0.937607 0.745
-0.937607 0.746
-0.937607 0.747
-0.937607 0.748
-0.937607 0.749
-0.937607 0.75
-0.937607 0.751
-0.937607 0.752
-0.937607 0.753
-0.937607 0.754
-0.937607 0.755
-0.937607 0.756
-0.937607 0.757
-0.937607 0.758
-0.937607 0.759
-0.937607 0.76
-0.937607 0.761
-0.937607 0.762
-0.937607 0.763
-0.937607 0.764
-0.937607 0.765
-0.937607 0.766
-0.937607 0.767
-0.937607 0.768
-0.937607 0.769
-0.937607 0.77
-0.937607 0.771
-0.937607 0.772
-0.937607 0.773
-0.937607 0.774
-0.937607 0.775
-0.937607 0.776
-0.937607 0.777
-0.937607 0.778
-0.937607 0.779
-0.937607 0.78
-0.937607 0.781
-0.937607 0.782
-0.937607 0.783
-0.937607 0.784
-0.937607 0.785
-0.937607 0.786
-0.937607 0.787
-0.937607 0.788
-0.937607 0.789
-0.937607 0.79
-0.937607 0.791
-0.937607 0.792
-0.937607 0.793
-0.937607 0.794
-0.937607 0.795
-0.937607 0.796
-0.937607 0.797
-0.937607 0.798
-0.937607 0.799
-0.937607 0.8
-0.937607 0.801
-0.937607 0.802
-0.937607 0.803
-0.937607 0.804
-0.937607 0.805
-0.937607 0.806
-0.937607 0.807
-0.937607 0.808
-0.937607 0.809
-0.937607 0.81
-0.937607 0.811
-0.937607 0.812
-0.937607 0.813
-0.937607 0.814
-0.937607 0.815
-0.937607 0.816
-0.937607 0.817
-0.937607 0.818
-0.937607 0.819
-0.937607 0.82
-0.937607 0.821
-0.937607 0.822
-0.937607 0.823
-0.937607 0.824
-0.937607 0.825
-0.937607 0.826
-0.937607 0.827
-0.937607 0.828
-0.937607 0.829
-0.937607 0.83
-0.937607 0.831
-0.937607 0.832
-0.937607 0.833
-0.937607 0.834
-0.937607 0.835
-0.937607 0.836
-0.937607 0.837
-0.937607 0.838
-0.937607 0.839
-0.937607 0.84
-0.937607 0.841
-0.937607 0.842
-0.937607 0.843
-0.937607 0.844
-0.937607 0.845
-0.937607 0.846
-0.937607 0.847
-0.937607 0.848
-0.937607 0.849
-0.937607 0.85
-0.937607 0.851
-0.937607 0.852
-0.937607 0.853
-0.937607 0.854
-0.937607 0.855
-0.937607 0.856
-0.937607 0.857
-0.937607 0.858
-0.937607 0.859
-0.937607 0.86
-0.937607 0.861
-0.937607 0.862
-0.937607 0.863
-0.937607 0.864
-0.937607 0.865
-0.937607 0.866
-0.937607 0.867
-0.937607 0.868
-0.937607 0.869
-0.937607 0.87
-0.937607 0.871
-0.937607 0.872
-0.937607 0.873
-0.937607 0.874
-0.937607 0.875
-0.937607 0.876
-0.937607 0.877
-0.937607 0.878
-0.937607 0.879
-0.937607 0.88
-0.937607 0.881
-0.937607 0.882
-0.937607 0.883
-0.937607 0.884
-0.937607 0.885
-0.937607 0.886
-0.937607 0.887
-0.937607 0.888
-0.937607 0.889
-0.937607 0.89
-0.937607 0.891
-0.937607 0.892
-0.937607 0.893
-0.937607 0.894
-0.937607 0.895
-0.937607 0.896
-0.937607 0.897
-0.937607 0.898
-0.937607 0.899
-0.937607 0.9
-0.937607 0.901
-0.937607 0.902
-0.937607 0.903
-0.937607 0.904
-0.937607 0.905
-0.937607 0.906
-0.937607 0.907
-0.937607 0.908
-0.937607 0.909
-0.937607 0.91
-0.937607 0.911
-0.937607 0.912
-0.937607 0.913
-0.937607 0.914
-0.937607 0.915
-0.937607 0.916
-0.937607 0.917
-0.937607 0.918
-0.937607 0.919
-0.937607 0.92
-0.937607 0.921
-0.937607 0.922
-0.937607 0.923
-0.937607 0.924
-0.937607 0.925
-0.937607 0.926
-0.937607 0.927
-0.937607 0.928
-0.937607 0.929
-0.937607 0.93
-0.937607 0.931
-0.937607 0.932
-0.937607 0.933
-0.937607 0.934
-0.937607 0.935
-0.937607 0.936
-0.937607 0.937
-0.937607 0.938
-0.937607 0.939
-0.937607 0.94
-0.937607 0.941
-0.937607 0.942
-0.937607 0.943
-0.937607 0.944
-0.937607 0.945
-0.937607 0.946
-0.937607 0.947
-0.937607 0.948
-0.937607 0.949
-0.937607 0.95
-0.937607 0.951
-0.937607 0.952
-0.937607 0.953
-0.937607 0.954
-0.937607 0.955
-0.937607 0.956
-0.937607 0.957
-0.937607 0.958
-0.937607 0.959
-0.937607 0.96
-0.937607 0.961
-0.937607 0.962
-0.937607 0.963
-0.937607 0.964
-0.937607 0.965
-0.937607 0.966
-0.937607 0.967
-0.937607 0.968
-0.937607 0.969
-0.937607 0.97
-0.937607 0.971
-0.937607 0.972
-0.937607 0.973
-0.937607 0.974
-0.937607 0.975
-0.937607 0.976
-0.937607 0.977
-0.937607 0.978
-0.937607 0.979
-0.937607 0.98
-0.937607 0.981
-0.937607 0.982
-0.937607 0.983
-0.937607 0.984
-0.937607 0.985
-0.937607 0.986
-0.937607 0.987
-0.937607 0.988
-0.937607 0.989
-0.937607 0.99
-0.937607 0.991
-0.937607 0.992
-0.937607 0.993
-0.937607 0.994
-0.937607 0.995
-0.937607 0.996
-0.937607 0.997
-0.937607 0.998
-0.937607 0.999
-0.936607 1


Shark
3.14159 1.5
3.13759 1.4995
3.13359 1.499
3.12959 1.4985
3.12559 1.498
3.12159 1.4975
3.11759 1.497
3.11359 1.4965
3.10959 1.496
3.10559 1.4955
3.10159 1.495
3.09759 1.4945
3.09359 1.494
3.08959 1.4935
3.08559 1.493
3.08159 1.4925
3.07759 1.492
3.07359 1.4915
3.06959 1.491
3.06559 1.4905
3.06159 1.49
3.05759 1.4895
3.05359 1.489
3.04959 1.4885
3.04559 1.488
3.04159 1.4875
3.03759 1.487
3.03359 1.4865
3.02959 1.486
3.02559 1.4855
3.02159 1.485
3.01759 1.4845
3.01359 1.484
3.00959 1.4835
3.00559 1.483
3.00159 1.4825
2.99759 1.482
2.99359 1.4815
2.98959 1.481
2.98559 1.4805
2.98159 1.48
2.97759 1.4795
2.97359 1.479
2.96959 1.4785
2.96559 1.478
2.96159 1.4775
2.95759 1.477
2.95359 1.4765
2.94959 1.476
2.94559 1.4755
2.94159 1.475
2.93759 1.4745
2.93359 1.474
2.92959 1.4735
2.92559 1.473
2.92159 1.4725
2.91759 1.472
2.91359 1.4715
2.90959 1.471
2.90559 1.4705
2.90159 1.47
2.89759 1.4695
2.89359 1.469
2.88959 1.4685
2.88559 1.468
2.88159 1.4675
2.87759 1.467
2.87359 1.4665
2.86959 1.466
2.86559 1.4655
2.86159 1.465
2.85759 1.4645
2.85359 1.464
2.84959 1.4635
2.84559 1.463
2.84159 1.4625
2.83759 1.462
2.83359 1.4615
2.82959 1.461
2.82559 1.4605
2.82159 1.46
2.81759 1.4595
2.81359 1.459
2.80959 1.4585
2.80559 1.458
2.80159 1.4575
2.79759 1.457
2.79359 1.4565
2.78959 1.456
2.78559 1.4555
2.78159 1.455
2.77759 1.4545
2.77359 1.454
2.76959 1.4535
2.76559 1.453
2.76159 1.4525
2.75759 1.452
2.75359 1.4515
2.74959 1.451
2.74559 1.4505
2.74159 1.45
2.73759 1.4495
2.73359 1.449
2.72959 1.4485
2.72559 1.448
2.72159 1.4475
2.71759 1.447
2.71359 1.4465
2.70959 1.446
2.70559 1.4455
2.70159 1.445
2.69759 1.4445
2.69359 1.444
2.68959 1.4435
2.68559 1.443
2.68159 1.4425
2.67759 1.442
2.46337 1.4415
2.38735 1.441
2.38335 1.4405
2.37935 1.44
2.37535 1.4395
2.37135 1.439
2.36735 1.4385
2.3556 1.438
2.33502 1.4375
2.31274 1.437
2.29398 1.4365
2.27264 1.436
2.25114 1.4355
2.23343 1.435
2.22943 1.4345
2.22046 1.434
2.21646 1.4335
2.21124 1.433
2.20576 1.4325
2.20176 1.432
2.19594 1.4315
2.19194 1.431
2.18794 1.4305
2.18151 1.43
2.17676 1.4295
2.1708 1.429
2.1668 1.4285
2.1628 1.428
2.14821 1.4275
2.14421 1.427
2.13758 1.4265
2.13358 1.426
2.12958 1.4255
2.11453 1.425
2.11053 1.4245
2.09529 1.424
2.11062 1.4235
2.11462 1.423
2.12626 1.4225
2.13199 1.422
2.13599 1.4215
2.13999 1.421
2.14494 1.4205
2.15692 1.42
2.1679 1.4195
2.1719 1.419
2.1608 1.4185
2.1568 1.418
2.16801 1.4175
2.17201 1.417
2.16068 1.4165
2.15668 1.416
2.16813 1.4155
2.17213 1.415
2.16056 1.4145
2.15656 1.414
2.1449 1.4135
2.1409 1.413
2.15271 1.4125
2.16043 1.412
2.16599 1.4115
2.17377 1.411
2.16596 1.4105
2.16196 1.41
2.15408 1.4095
2.14617 1.409
2.15411 1.4085
2.14672 1.408
2.15414 1.4075
2.14669 1.407
2.15417 1.4065
2.14667 1.406
2.1542 1.4055
2.14664 1.405
2.15423 1.4045
2.14661 1.404
2.15425 1.4035
2.14658 1.403
2.15428 1.4025
2.14655 1.402
2.15431 1.4015
2.14652 1.401
2.15434 1.4005
2.14649 1.4
2.15437 1.3995
2.14646 1.399
2.1544 1.3985
2.14643 1.398
2.15443 1.3975
2.16186 1.397
2.16931 1.3965
2.17679 1.396
2.1843 1.3955
2.19183 1.395
2.18428 1.3945
2.19184 1.394
2.19933 1.3935
2.20674 1.393
2.21258 1.3925
2.21658 1.392
2.22058 1.3915
2.22458 1.391
2.22858 1.3905
2.23258 1.39
2.23658 1.3895
2.24058 1.389
2.24458 1.3885
2.24858 1.388
2.25258 1.3875
2.25658 1.387
2.26058 1.3865
2.26458 1.386
2.26858 1.3855
2.27258 1.385
2.27658 1.3845
2.28058 1.384
2.28458 1.3835
2.28858 1.383
2.29258 1.3825
2.29658 1.382
2.30058 1.3815
2.30458 1.381
2.30858 1.3805
2.31258 1.38
2.31658 1.3795
2.32058 1.379
2.32458 1.3785
2.32858 1.378
2.33258 1.3775
2.33658 1.377
2.34058 1.3765
2.34458 1.376
2.34858 1.3755
2.35258 1.375
2.35658 1.3745
2.36058 1.374
2.36458 1.3735
2.36858 1.373
2.37258 1.3725
2.37658 1.372
2.38058 1.3715
2.38458 1.371
2.38858 1.3705
2.39258 1.37
2.39658 1.3695
2.40058 1.369
2.40458 1.3685
2.40858 1.368
2.41258 1.3675
2.41658 1.367
2.42058 1.3665
2.42458 1.366
2.42858 1.3655
2.43258 1.365
2.43658 1.3645
2.44058 1.364
2.44458 1.3635
2.44858 1.363
2.45258 1.3625
2.45658 1.362
2.46058 1.3615
2.46458 1.361
2.46858 1.3605
2.47258 1.36
2.47658 1.3595
2.48058 1.359
2.48458 1.3585
2.48858 1.358
2.49258 1.3575
2.49658 1.357
2.50058 1.3565
2.50458 1.356
2.50858 1.3555
2.51258 1.355
2.51658 1.3545
2.52058 1.354
2.52458 1.3535
2.52858 1.353
2.53258 1.3525
2.53658 1.352
2.54058 1.3515
2.54458 1.351
2.54858 1.3505
2.55258 1.35
2.55658 1.3495
2.56058 1.349
2.56458 1.3485
2.56858 1.348
2.57258 1.3475
2.57658 1.347
2.58058 1.3465
2.58458 1.346
2.58858 1.3455
2.59258 1.345
2.59658 1.3445
2.60058 1.344
2.60458 1.3435
2.60858 1.343
2.61258 1.3425
2.61658 1.342
2.62058 1.3415
2.62458 1.341
2.62858 1.3405
2.63258 1.34
2.63658 1.3395
2.64058 1.339
2.64458 1.3385
2.64858 1.338
2.65258 1.3375
2.65658 1.337
2.66058 1.3365
2.66458 1.336
2.66858 1.3355
2.67258 1.335
2.67658 1.3345
2.68058 1.334
2.68458 1.3335
2.68858 1.333
2.69258 1.3325
2.69658 1.332
2.70058 1.3315
2.70458 1.331
2.70858 1.3305
2.71258 1.33
2.71658 1.3295
2.72058 1.329
2.72458 1.3285
2.72858 1.328
2.73258 1.3275
2.73658 1.327
2.74058 1.3265
2.74458 1.326
2.74858 1.3255
2.75258 1.325
2.75658 1.3245
2.76058 1.324
2.76458 1.3235
2.76858 1.323
2.77258 1.3225
2.77658 1.322
2.78058 1.3215
2.78458 1.321
2.78858 1.3205
2.79258 1.32
2.79658 1.3195
2.80058 1.319
2.80458 1.3185
2.80858 1.318
2.81258 1.3175
2.81658 1.317
2.82058 1.3165
2.82458 1.316
2.82858 1.3155
2.83258 1.315
2.83658 1.3145
2.84058 1.314
2.84458 1.3135
2.84858 1.313
2.85258 1.3125
2.85658 1.312
2.86058 1.3115
2.86458 1.311
2.86858 1.3105
2.87258 1.31
2.87658 1.3095
2.88058 1.309
2.88458 1.3085
2.88858 1.308
2.89258 1.3075
2.89658 1.307
2.90058 1.3065
2.90458 1.306
2.90858 1.3055
2.91258 1.305
2.91658 1.3045
2.92058 1.304
2.92458 1.3035
2.92858 1.303
2.93258 1.3025
2.93658 1.302
2.94058 1.3015
2.94458 1.301
2.94858 1.3005
2.95258 1.3
2.95658 1.2995
2.96058 1.299
2.96458 1.2985
2.96858 1.298
2.97258 1.2975
2.97658 1.297
2.98058 1.2965
2.98458 1.296
2.98858 1.2955
2.99258 1.295
2.99658 1.2945
3.00058 1.294
3.00458 1.2935
3.00858 1.293
3.01258 1.2925
3.01658 1.292
3.02058 1.2915
3.02458 1.291
3.02858 1.2905
3.03258 1.29
3.03658 1.2895
3.04058 1.289
3.04458 1.2885
3.04858 1.288
3.05258 1.2875
3.05658 1.287
3.06058 1.2865
3.06458 1.286
3.06858 1.2855
3.07258 1.285
3.07658 1.2845
3.08058 1.284
3.08458 1.2835
3.08858 1.283
3.09258 1.2825
3.09658 1.282
3.10058 1.2815
3.10458 1.281
3.10858 1.2805
3.11258 1.28
3.11658 1.2795
3.12058 1.279
3.12458 1.2785
3.12858 1.278
3.13258 1.2775
3.13658 1.277
3.14058 1.2765
3.14458 1.276
3.14858 1.2755
3.15258 1.275
3.15658 1.2745
3.16058 1.274
3.16458 1.2735
3.16858 1.273
3.17258 1.2725
3.17658 1.272
3.18058 1.2715
3.18458 1.271
3.18858 1.2705
3.19258 1.27
3.19658 1.2695
3.20058 1.269
3.20458 1.2685
3.20858 1.268
3.21258 1.2675
3.21658 1.267
3.22058 1.2665
3.22458 1.266
3.22858 1.2655
3.23258 1.265
3.23658 1.2645
3.24058 1.264
3.24458 1.2635
3.24858 1.263
3.25258 1.2625
3.25658 1.262
3.26058 1.2615
3.26458 1.261
3.26858 1.2605
3.27258 1.26
3.27658 1.2595
3.28058 1.259
3.28458 1.2585
3.28858 1.258
3.29258 1.2575
3.29658 1.257
3.30058 1.2565
3.30458 1.256
3.30858 1.2555
3.31258 1.255
3.31658 1.2545
3.32058 1.254
3.32458 1.2535
3.32858 1.253
3.33258 1.2525
3.33658 1.252
3.34058 1.2515
3.34458 1.251
3.34858 1.2505
3.35258 1.25
3.35658 1.2495
3.36058 1.249
3.36458 1.2485
3.36858 1.248
3.37258 1.2475
3.37658 1.247
3.38058 1.2465
3.38458 1.246
3.38858 1.2455
3.39258 1.245
3.39658 1.2445
3.40058 1.244
3.40458 1.2435
3.40858 1.243
3.41258 1.2425
3.41658 1.242
3.42058 1.2415
3.42458 1.241
3.42858 1.2405
3.43258 1.24
3.43658 1.2395
3.44058 1.239
3.44458 1.2385
3.44858 1.238
3.45258 1.2375
3.45658 1.237
3.46058 1.2365
3.46458 1.236
3.46858 1.2355
3.47258 1.235
3.47658 1.2345
3.48058 1.234
3.48458 1.2335
3.48858 1.233
3.49258 1.2325
3.49658 1.232
3.50058 1.2315
3.50458 1.231
3.50858 1.2305
3.51258 1.23
3.51658 1.2295
3.52058 1.229
3.52458 1.2285
3.52858 1.228
3.53258 1.2275
3.53658 1.227
3.54058 1.2265
3.54458 1.226
3.54858 1.2255
3.55258 1.225
3.55658 1.2245
3.56058 1.224
3.56458 1.2235
3.56858 1.223
3.57258 1.2225
3.57658 1.222
3.58058 1.2215
3.58458 1.221
3.58858 1.2205
3.59258 1.22
3.59658 1.2195
3.60058 1.219
3.60458 1.2185
3.60858 1.218
3.61258 1.2175
3.61658 1.217
3.62058 1.2165
3.62458 1.216
3.62858 1.2155
3.63258 1.215
3.63658 1.2145
3.64058 1.214
3.64458 1.2135
3.64858 1.213
3.65258 1.2125
3.65658 1.212
3.66058 1.2115
3.66458 1.211
3.66858 1.2105
3.67258 1.21
3.67658 1.2095
3.68058 1.209
3.68458 1.2085
3.68858 1.208
3.69258 1.2075
3.69658 1.207
3.70058 1.2065
3.70458 1.206
3.70858 1.2055
3.71258 1.205
3.71658 1.2045
3.72058 1.204
3.72458 1.2035
3.72858 1.203
3.73258 1.2025
3.73658 1.202
3.74058 1.2015
3.74458 1.201
3.74858 1.2005
3.75258 1.2
3.75658 1.1995
3.76058 1.199
3.76458 1.1985
3.76858 1.198
3.77258 1.1975
3.77658 1.197
3.78058 1.1965
3.78458 1.196
3.78858 1.1955
3.79258 1.195
3.79658 1.1945
3.80058 1.194
3.80458 1.1935
3.80858 1.193
3.81258 1.1925
3.81658 1.192
3.82058 1.1915
3.82458 1.191
3.82858 1.1905
3.83258 1.19
3.83658 1.1895
3.84058 1.189
3.84458 1.1885
3.84858 1.188
3.85258 1.1875
3.85658 1.187
3.86058 1.1865
3.86458 1.186
3.86858 1.1855
3.87258 1.185
3.87658 1.1845
3.88058 1.184
3.88458 1.1835
3.88858 1.183
3.89258 1.1825
3.89658 1.182
3.90058 1.1815
3.90458 1.181
3.90858 1.1805
3.91258 1.18
3.91658 1.1795
3.92058 1.179
3.92458 1.1785
3.92858 1.178
3.93258 1.1775
3.93658 1.177
3.94058 1.1765
3.94458 1.176
3.94858 1.1755
3.95258 1.175
3.95658 1.1745
3.96058 1.174
3.96458 1.1735
3.96858 1.173
3.97258 1.1725
3.97658 1.172
3.98058 1.1715
3.98458 1.171
3.98858 1.1705
3.99258 1.17
3.99658 1.1695
4.00058 1.169
4.00458 1.1685
4.00858 1.168
4.01258 1.1675
4.01658 1.167
4.02058 1.1665
4.02458 1.166
4.02858 1.1655
4.03258 1.165
4.03658 1.1645
4.04058 1.164
4.04458 1.1635
4.04858 1.163
4.05258 1.1625
4.05658 1.162
4.06058 1.1615
4.06458 1.161
4.06858 1.1605
4.07258 1.16
4.07658 1.1595
4.08058 1.159
4.08458 1.1585
4.08858 1.158
4.09258 1.1575
4.09658 1.157
4.10058 1.1565
4.10458 1.156
4.10858 1.1555
4.11258 1.155
4.11658 1.1545
4.12058 1.154
4.12458 1.1535
4.12858 1.153
4.13258 1.1525
4.13658 1.152
4.14058 1.1515
4.14458 1.151
4.14858 1.1505
4.15258 1.15
4.15658 1.1495
4.16058 1.149
4.16458 1.1485
4.16858 1.148
4.17258 1.1475
4.17658 1.147
4.18058 1.1465
4.18458 1.146
4.18858 1.1455
4.19258 1.145
4.19658 1.1445
4.20058 1.144
4.20458 1.1435
4.20858 1.143
4.21258 1.1425
4.21658 1.142
4.22058 1.1415
4.22458 1.141
4.22858 1.1405
4.23258 1.14
4.23658 1.1395
4.24058 1.139
4.24458 1.1385
4.24858 1.138
4.25258 1.1375
4.25658 1.137
4.26058 1.1365
4.26458 1.136
4.26858 1.1355
4.27258 1.135
4.27658 1.1345
4.28058 1.134
4.28458 1.1335
4.28858 1.133
4.29258 1.1325
4.29658 1.132
4.30058 1.1315
4.30458 1.131
4.30858 1.1305
4.31258 1.13
4.31658 1.1295
4.32058 1.129
4.32458 1.1285
4.32858 1.128
4.33258 1.1275
4.33658 1.127
4.34058 1.1265
4.34458 1.126
4.34858 1.1255
4.35258 1.125
4.35658 1.1245
4.36058 1.124
4.36458 1.1235
4.36858 1.123
4.37258 1.1225
4.37658 1.122
4.38058 1.1215
4.38458 1.121
4.38858 1.1205
4.39258 1.12
4.39658 1.1195
4.40058 1.119
4.40458 1.1185
4.40858 1.118
4.41258 1.1175
4.41658 1.117
4.42058 1.1165
4.42458 1.116
4.42858 1.1155
4.43258 1.115
4.43658 1.1145
4.44058 1.114
4.44458 1.1135
4.44858 1.113
4.45258 1.1125
4.45658 1.112
4.46058 1.1115
4.46458 1.111
4.46858 1.1105
4.47258 1.11
4.47658 1.1095
4.48058 1.109
4.48458 1.1085
4.48858 1.108
4.49258 1.1075
4.49658 1.107
4.50058 1.1065
4.50458 1.106
4.50858 1.1055
4.51258 1.105
4.51658 1.1045
4.52058 1.104
4.52458 1.1035
4.52858 1.103
4.53258 1.1025
4.53658 1.102
4.54058 1.1015
4.54458 1.101
4.54858 1.1005
4.55258 1.1
4.55658 1.0995
4.56058 1.099
4.56458 1.0985
4.56858 1.098
4.57258 1.0975
4.57658 1.097
4.58058 1.0965
4.58458 1.096
4.58858 1.0955
4.59258 1.095
4.59658 1.0945
4.60058 1.094
4.60458 1.0935
4.60858 1.093
4.61258 1.0925
4.61658 1.092
4.62058 1.0915
4.62458 1.091
4.62858 1.0905
4.63258 1.09
4.63658 1.0895
4.64058 1.089
4.64458 1.0885
4.64858 1.088
4.65258 1.0875
4.65658 1.087
4.66058 1.0865
4.66458 1.086
4.66858 1.0855
4.67258 1.085
4.67658 1.0845
4.68058 1.084
4.68458 1.0835
4.68858 1.083
4.69258 1.0825
4.69658 1.082
4.70058 1.0815
4.70458 1.081
4.70858 1.0805
4.71258 1.08
4.71658 1.0795
4.72058 1.079
4.72458 1.0785
4.72858 1.078
4.73258 1.0775
4.73658 1.077
4.74058 1.0765
4.74458 1.076
4.74858 1.0755
4.75258 1.075
4.75658 1.0745
4.76058 1.074
4.76458 1.0735
4.76858 1.073
4.77258 1.0725
4.77658 1.072
4.78058 1.0715
4.78458 1.071
4.78858 1.0705
4.79258 1.07
4.79658 1.0695
4.80058 1.069
4.80458 1.0685
4.80858 1.068
4.81258 1.0675
4.81658 1.067
4.82058 1.0665
4.82458 1.066
4.82858 1.0655
4.83258 1.065
4.83658 1.0645
4.84058 1.064
4.84458 1.0635
4.84858 1.063
4.85258 1.0625
4.85658 1.062
4.86058 1.0615
4.86458 1.061
4.86858 1.0605
4.87258 1.06
4.87658 1.0595
4.88058 1.059
4.88458 1.0585
4.88858 1.058
4.89258 1.0575
4.89658 1.057
4.90058 1.0565
4.90458 1.056
4.90858 1.0555
4.91258 1.055
4.91658 1.0545
4.92058 1.054
4.92458 1.0535
4.92858 1.053
4.93258 1.0525
4.93658 1.052
4.94058 1.0515
4.94458 1.051
4.94858 1.0505
4.95258 1.05
4.95658 1.0495
4.96058 1.049
4.96458 1.0485
4.96858 1.048
4.97258 1.0475
4.97658 1.047
4.98058 1.0465
4.98458 1.046
4.98858 1.0455
4.99258 1.045
4.99658 1.0445
5.00058 1.044
5.00458 1.0435
5.00858 1.043
5.01258 1.0425
5.01658 1.042
5.02058 1.0415
5.02458 1.041
5.02858 1.0405
5.03258 1.04
5.03658 1.0395
5.04058 1.039
5.04458 1.0385
5.04858 1.038
5.05258 1.0375
5.05658 1.037
5.06058 1.0365
5.06458 1.036
5.06858 1.0355
5.07258 1.035
5.07658 1.0345
5.08058 1.034
5.08458 1.0335
5.08858 1.033
5.09258 1.0325
5.09658 1.032
5.10058 1.0315
5.10458 1.031
5.10858 1.0305
5.11258 1.03
5.11658 1.0295
5.12058 1.029
5.12458 1.0285
5.12858 1.028
5.13258 1.0275
5.13658 1.027
5.14058 1.0265
5.14458 1.026
5.14858 1.0255
5.15258 1.025
5.15658 1.0245
5.16058 1.024
5.16458 1.0235
5.16858 1.023
5.17258 1.0225
5.17658 1.022
5.18058 1.0215
5.18458 1.021
5.18858 1.0205
5.19258 1.02
5.19658 1.0195
5.20058 1.019
5.20458 1.0185
5.20858 1.018
5.21258 1.0175
5.21658 1.017
5.22058 1.0165
5.22458 1.016
5.22858 1.0155
5.23258 1.015
5.23658 1.0145
5.24058 1.014
5.24458 1.0135
5.24858 1.013
5.25258 1.0125
5.25658 1.012
5.26058 1.0115
5.26458 1.011
5.26858 1.0105
5.27258 1.01
5.27658 1.0095
5.28058 1.009
5.28458 1.0085
5.28858 1.008
5.29258 1.0075
5.29658 1.007
5.30058 1.0065
5.30458 1.006
5.30858 1.0055
5.31258 1.005
5.31658 1.0045
5.32058 1.004
5.32458 1.0035
5.32858 1.003
5.33258 1.0025
5.33658 1.002
5.34058 1.0015
5.34458 1.001
5.34558 1.0005
5.34658 1
