Man
0 0
0 0.001
0 0.002
0 0.003
0 0.004
0 0.005
0 0.006
0 0.007
0 0.008
0 0.009
0 0.01
0 0.011
0 0.012
0 0.013
0 0.014
0 0.015
0 0.016
0 0.017
-0.000139453 0.018
-0.000348632 0.019
-0.000557811 0.02
-0.00076699 0.021
-0.00097617 0.022
-0.00118535 0.023
-0.00139453 0.024
-0.00160371 0.025
-0.00181289 0.026
-0.00202207 0.027
-0.00167343 0.028
-0.00118535 0.029
-0.000627538 0.03
-6.97264e-05 0.031
0.000488085 0.032
0.0010459 0.033
0.00160371 0.034
0.00216152 0.035
0.00271933 0.036
0.00327714 0.037
-0.00732127 0.038
-0.0195931 0.039
-0.031865 0.04
-0.0441368 0.041
-0.0564087 0.042
-0.0686805 0.043
-0.0809523 0.044
-0.0932242 0.045
-0.105496 0.046
-0.117768 0.047
-0.13004 0.048
-0.131713 0.049
-0.132271 0.05
-0.132829 0.051
-0.133387 0.052
-0.133944 0.053
-0.134502 0.054
-0.13506 0.055
-0.135618 0.056
-0.136455 0.057
-0.13757 0.058
-0.139523 0.059
-0.141196 0.06
-0.142869 0.061
-0.144264 0.062
-0.14538 0.063
-0.145937 0.064
-0.145937 0.065
-0.14538 0.066
-0.144264 0.067
-0.141754 0.068
-0.137849 0.069
-0.131992 0.07
-0.124741 0.071
-0.128645 0.072
-0.132829 0.073
-0.137291 0.074
-0.142312 0.075
-0.14789 0.076
-0.154026 0.077
-0.160719 0.078
-0.168529 0.079
-0.177454 0.08
-0.187494 0.081
-0.198651 0.082
-0.207575 0.083
-0.2165 0.084
-0.225425 0.085
-0.23435 0.086
-0.243275 0.087
-0.2522 0.088
-0.261125 0.089
-0.27005 0.09
-0.283438 0.091
-0.296825 0.092
-0.310213 0.093
-0.314675 0.094
-0.319138 0.095
-0.3236 0.096
-0.328063 0.097
-0.332525 0.098
-0.336988 0.099
-0.34145 0.1
-0.350375 0.101
-0.354838 0.102
-0.3593 0.103
-0.363763 0.104
-0.368225 0.105
-0.372688 0.106
-0.381613 0.107
-0.390538 0.108
-0.399463 0.109
-0.408388 0.11
-0.417313 0.111
-0.421775 0.112
-0.426237 0.113
-0.4307 0.114
-0.435162 0.115
-0.439625 0.116
-0.446319 0.117
-0.44855 0.118
-0.450781 0.119
-0.455244 0.12
-0.459706 0.121
-0.464169 0.122
-0.468631 0.123
-0.473094 0.124
-0.477556 0.125
-0.482019 0.126
-0.486481 0.127
-0.490944 0.128
-0.495406 0.129
-0.499869 0.13
-0.5021 0.131
-0.504331 0.132
-0.508794 0.133
-0.513256 0.134
-0.517719 0.135
-0.522181 0.136
-0.526643 0.137
-0.531106 0.138
-0.533337 0.139
-0.5378 0.14
-0.542262 0.141
-0.546725 0.142
-0.551187 0.143
-0.553418 0.144
-0.557881 0.145
-0.562343 0.146
-0.566806 0.147
-0.571268 0.148
-0.575731 0.149
-0.580193 0.15
-0.582425 0.151
-0.586887 0.152
-0.59135 0.153
-0.595812 0.154
-0.600275 0.155
-0.602506 0.156
-0.606968 0.157
-0.611431 0.158
-0.615893 0.159
-0.620356 0.16
-0.624818 0.161
-0.629281 0.162
-0.631512 0.163
-0.635974 0.164
-0.640437 0.165
-0.644899 0.166
-0.649362 0.167
-0.651593 0.168
-0.653824 0.169
-0.658287 0.17
-0.662749 0.171
-0.667212 0.172
-0.671674 0.173
-0.676137 0.174
-0.678368 0.175
-0.682831 0.176
-0.687293 0.177
-0.691756 0.178
-0.696218 0.179
-0.700681 0.18
-0.702912 0.181
-0.707374 0.182
-0.711837 0.183
-0.716299 0.184
-0.720762 0.185
-0.725224 0.186
-0.727456 0.187
-0.731918 0.188
-0.736381 0.189
-0.740843 0.19
-0.745305 0.191
-0.749768 0.192
-0.751999 0.193
-0.756462 0.194
-0.760924 0.195
-0.765387 0.196
-0.769849 0.197
-0.774312 0.198
-0.776543 0.199
-0.781005 0.2
-0.785468 0.201
-0.78993 0.202
-0.794393 0.203
-0.798855 0.204
-0.803318 0.205
-0.80778 0.206
-0.812243 0.207
-0.816705 0.208
-0.821168 0.209
-0.82563 0.21
-0.828977 0.211
-0.832324 0.212
-0.835671 0.213
-0.839018 0.214
-0.842365 0.215
-0.844038 0.216
-0.845711 0.217
-0.847385 0.218
-0.849058 0.219
-0.850732 0.22
-0.852405 0.221
-0.853242 0.222
-0.854079 0.223
-0.854915 0.224
-0.855752 0.225
-0.856589 0.226
-0.857007 0.227
-0.857426 0.228
-0.857844 0.229
-0.858262 0.23
-0.858681 0.231
-0.859099 0.232
-0.859308 0.233
-0.859517 0.234
-0.859727 0.235
-0.859936 0.236
-0.860145 0.237
-0.860249 0.238
-0.860354 0.239
-0.860459 0.24
-0.860563 0.241
-0.860668 0.242
-0.860772 0.243
-0.860825 0.244
-0.860877 0.245
-0.860929 0.246
-0.860982 0.247
-0.861034 0.248
-0.86106 0.249
-0.861086 0.25
-0.861112 0.251
-0.861138 0.252
-0.861165 0.253
-0.861191 0.254
-0.861204 0.255
-0.861217 0.256
-0.86123 0.257
-0.861243 0.258
-0.861256 0.259
-0.861263 0.26
-0.861269 0.261
-0.861276 0.262
-0.861282 0.263
-0.861289 0.264
-0.861295 0.265
-0.861299 0.266
-0.861302 0.267
-0.861305 0.268
-0.861308 0.269
-0.861312 0.27
-0.861313 0.271
-0.861315 0.272
-0.861317 0.273
-0.861318 0.274
-0.86132 0.275
-0.861321 0.276
-0.861322 0.277
-0.861323 0.278
-0.861324 0.279
-0.861325 0.28
-0.861326 0.281
-0.861326 0.282
-0.861326 0.283
-0.861327 0.284
-0.861327 0.285
-0.861328 0.286
-0.861328 0.287
-0.861328 0.288
-0.861328 0.289
-0.861329 0.29
-0.861329 0.291
-0.861329 0.292
-0.861329 0.293
-0.861329 0.294
-0.861329 0.295
-0.861329 0.296
-0.86133 0.297
-0.86133 0.298
-0.86133 0.299
-0.86133 0.3
-0.86133 0.301
-0.86133 0.302
-0.86133 0.303
-0.86133 0.304
-0.86133 0.305
-0.86133 0.306
-0.86133 0.307
-0.86133 0.308
-0.86133 0.309
-0.86133 0.31
-0.86133 0.311
-0.86133 0.312
-0.86133 0.313
-0.86133 0.314
-0.86133 0.315
-0.86133 0.316
-0.86133 0.317
-0.86133 0.318
-0.86133 0.319
-0.86133 0.32
-0.86133 0.321
-0.86133 0.322
-0.86133 0.323
-0.86133 0.324
-0.86133 0.325
-0.86133 0.326
-0.86133 0.327
-0.86133 0.328
-0.86133 0.329
-0.86133 0.33
-0.86133 0.331
-0.86133 0.332
-0.86133 0.333
-0.86133 0.334
-0.86133 0.335
-0.86133 0.336
-0.86133 0.337
-0.86133 0.338
-0.86133 0.339
-0.86133 0.34
-0.86133 0.341
-0.86133 0.342
-0.86133 0.343
-0.86133 0.344
-0.86133 0.345
-0.86133 0.346
-0.86133 0.347
-0.86133 0.348
-0.86133 0.349
-0.86133 0.35
-0.86133 0.351
-0.86133 0.352
-0.86133 0.353
-0.86133 0.354
-0.86133 0.355
-0.86133 0.356
-0.86133 0.357
-0.86133 0.358
-0.86133 0.359
-0.86133 0.36
-0.86133 0.361
-0.86133 0.362
-0.86133 0.363
-0.86133 0.364
-0.86133 0.365
-0.86133 0.366
-0.86133 0.367
-0.86133 0.368
-0.86133 0.369
-0.86133 0.37
-0.86133 0.371
-0.86133 0.372
-0.86133 0.373
-0.86133 0.374
-0.86133 0.375
-0.86133 0.376
-0.86133 0.377
-0.86133 0.378
-0.86133 0.379
-0.86133 0.38
-0.86133 0.381
-0.86133 0.382
-0.86133 0.383
-0.86133 0.384
-0.86133 0.385
-0.86133 0.386
-0.86133 0.387
-0.86133 0.388
-0.86133 0.389
-0.86133 0.39
-0.86133 0.391
-0.86133 0.392
-0.86133 0.393
-0.86133 0.394
-0.86133 0.395
-0.86133 0.396
-0.86133 0.397
-0.86133 0.398
-0.86133 0.399
-0.86133 0.4
-0.86133 0.401
-0.86133 0.402
-0.86133 0.403
-0.86133 0.404
-0.86133 0.405
-0.86133 0.406
-0.86133 0.407
-0.86133 0.408
-0.86133 0.409
-0.86133 0.41
-0.86133 0.411
-0.86133 0.412
-0.86133 0.413
-0.86133 0.414
-0.86133 0.415
-0.86133 0.416
-0.86133 0.417
-0.86133 0.418
-0.86133 0.419
-0.86133 0.42
-0.86133 0.421
-0.86133 0.422
-0.86133 0.423
-0.86133 0.424
-0.86133 0.425
-0.86133 0.426
-0.86133 0.427
-0.86133 0.428
-0.86133 0.429
-0.86133 0.43
-0.86133 0.431
-0.86133 0.432
-0.86133 0.433
-0.86133 0.434
-0.86133 0.435
-0.86133 0.436
-0.86133 0.437
-0.86133 0.438
-0.86133 0.439
-0.86133 0.44
-0.86133 0.441
-0.86133 0.442
-0.86133 0.443
-0.86133 0.444
-0.86133 0.445
-0.86133 0.446
-0.86133 0.447
-0.86133 0.448
-0.86133 0.449
-0.86133 0.45
-0.86133 0.451
-0.86133 0.452
-0.86133 0.453
-0.86133 0.454
-0.86133 0.455
-0.86133 0.456
-0.86133 0.457
-0.86133 0.458
-0.86133 0.459
-0.86133 0.46
-0.86133 0.461
-0.86133 0.462
-0.86133 0.463
-0.86133 0.464
-0.86133 0.465
-0.86133 0.466
-0.86133 0.467
-0.86133 0.468
-0.86133 0.469
-0.86133 0.47
-0.86133 0.471
-0.86133 0.472
-0.86133 0.473
-0.86133 0.474
-0.86133 0.475
-0.86133 0.476
-0.86133 0.477
-0.86133 0.478
-0.86133 0.479
-0.86133 0.48
-0.86133 0.481
-0.86133 0.482
-0.86133 0.483
-0.86133 0.484
-0.86133 0.485
-0.86133 0.486
-0.86133 0.487
-0.86133 0.488
-0.86133 0.489
-0.86133 0.49
-0.86133 0.491
-0.86133 0.492
-0.86133 0.493
-0.86133 0.494
-0.86133 0.495
-0.86133 0.496
-0.86133 0.497
-0.86133 0.498
-0.86133 0.499
-0.86133 0.5
-0.86133 0.501
-0.86133 0.502
-0.86133 0.503
-0.86133 0.504
-0.86133 0.505
-0.86133 0.506
-0.86133 0.507
-0.86133 0.508
-0.86133 0.509
-0.86133 0.51
-0.86133 0.511
-0.86133 0.512
-0.86133 0.513
-0.86133 0.514
-0.86133 0.515
-0.86133 0.516
-0.86133 0.517
-0.86133 0.518
-0.86133 0.519
-0.86133 0.52
-0.86133 0.521
-0.86133 0.522
-0.86133 0.523
-0.86133 0.524
-0.86133 0.525
-0.86133 0.526
-0.86133 0.527
-0.86133 0.528
-0.86133 0.529
-0.86133 0.53
-0.86133 0.531
-0.86133 0.532
-0.86133 0.533
-0.86133 0.534
-0.86133 0.535
-0.86133 0.536
-0.86133 0.537
-0.86133 0.538
-0.86133 0.539
-0.86133 0.54
-0.86133 0.541
-0.86133 0.542
-0.86133 0.543
-0.86133 0.544
-0.86133 0.545
-0.86133 0.546
-0.86133 0.547
-0.86133 0.548
-0.86133 0.549
-0.86133 0.55
-0.86133 0.551
-0.86133 0.552
-0.86133 0.553
-0.86133 0.554
-0.86133 0.555
-0.86133 0.556
-0.86133 0.557
-0.86133 0.558
-0.86133 0.559
-0.86133 0.56
-0.86133 0.561
-0.86133 0.562
-0.86133 0.563
-0.86133 0.564
-0.86133 0.565
-0.86133 0.566
-0.86133 0.567
-0.86133 0.568
-0.86133 0.569
-0.86133 0.57
-0.86133 0.571
-0.86133 0.572
-0.86133 0.573
-0.86133 0.574
-0.86133 0.575
-0.86133 0.576
-0.86133 0.577
-0.86133 0.578
-0.86133 0.579
-0.86133 0.58
-0.86133 0.581
-0.86133 0.582
-0.86133 0.583
-0.86133 0.584
-0.86133 0.585
-0.86133 0.586
-0.86133 0.587
-0.86133 0.588
-0.86133 0.589
-0.86133 0.59
-0.86133 0.591
-0.86133 0.592
-0.86133 0.593
-0.86133 0.594
-0.86133 0.595
-0.86133 0.596
-0.86133 0.597
-0.86133 0.598
-0.86133 0.599
-0.86133 0.6
-0.86133 0.601
-0.86133 0.602
-0.86133 0.603
-0.86133 0.604
-0.86133 0.605
-0.86133 0.606
-0.86133 0.607
-0.86133 0.608
-0.86133 0.609
-0.86133 0.61
-0.86133 0.611
-0.86133 0.612
-0.86133 0.613
-0.86133 0.614
-0.86133 0.615
-0.86133 0.616
-0.86133 0.617
-0.86133 0.618
-0.86133 0.619
-0.86133 0.62
-0.86133 0.621
-0.86133 0.622
-0.86133 0.623
-0.86133 0.624
-0.86133 0.625
-0.86133 0.626
-0.86133 0.627
-0.86133 0.628
-0.86133 0.629
-0.86133 0.63
-0.86133 0.631
-0.86133 0.632
-0.86133 0.633
-0.86133 0.634
-0.86133 0.635
-0.86133 0.636
-0.86133 0.637
-0.86133 0.638
-0.86133 0.639
-0.86133 0.64
-0.86133 0.641
-0.86133 0.642
-0.86133 0.643
-0.86133 0.644
-0.86133 0.645
-0.86133 0.646
-0.86133 0.647
-0.86133 0.648
-0.86133 0.649
-0.86133 0.65
-0.86133 0.651
-0.86133 0.652
-0.86133 0.653
-0.86133 0.654
-0.86133 0.655
-0.86133 0.656
-0.86133 0.657
-0.86133 0.658
-0.86133 0.659
-0.86133 0.66
-0.86133 0.661
-0.86133 0.662
-0.86133 0.663
-0.86133 0.664
-0.86133 0.665
-0.86133 0.666
-0.86133 0.667
-0.86133 0.668
-0.86133 0.669
-0.86133 0.67
-0.86133 0.671
-0.86133 0.672
-0.86133 0.673
-0.86133 0.674
-0.86133 0.675
-0.86133 0.676
-0.86133 0.677
-0.86133 0.678
-0.86133 0.679
-0.86133 0.68
-0.86133 0.681
-0.86133 0.682
-0.86133 0.683
-0.86133 0.684
-0.86133 0.685
-0.86133 0.686
-0.86133 0.687
-0.86133 0.688
-0.86133 0.689
-0.86133 0.69
-0.86133 0.691
-0.86133 0.692
-0.86133 0.693
-0.86133 0.694
-0.86133 0.695
-0.86133 0.696
-0.86133 0.697
-0.86133 0.698
-0.86133 0.699
-0.86133 0.7
-0.86133 0.701
-0.86133 0.702
-0.86133 0.703
-0.86133 0.704
-0.86133 0.705
-0.86133 0.706
-0.86133 0.707
-0.86133 0.708
-0.86133 0.709
-0.86133 0.71
-0.86133 0.711
-0.86133 0.712
-0.86133 0.713
-0.86133 0.714
-0.86133 0.715
-0.86133 0.716
-0.86133 0.717
-0.86133 0.718
-0.86133 0.719
-0.86133 0.72
-0.86133 0.721
-0.86133 0.722
-0.86133 0.723
-0.86133 0.724
-0.86133 0.725
-0.86133 0.726
-0.86133 0.727
-0.86133 0.728
-0.86133 0.729
-0.86133 0.73
-0.86133 0.731
-0.86133 0.732
-0.86133 0.733
-0.86133 0.734
-0.86133 0.735
-0.86133 0.736
-0.86133 0.737
-0.86133 0.738
-0.86133 0.739
-0.86133 0.74
-0.86133 0.741
-0.86133 0.742
-0.86133 0.743
-0.86133 0.744
-0.86133 0.745
-0.86133 0.746
-0.86133 0.747
-0.86133 0.748
-0.86133 0.749
-0.86133 0.75
-0.86133 0.751
-0.86133 0.752
-0.86133 0.753
-0.86133 0.754
-0.86133 0.755
-0.86133 0.756
-0.86133 0.757
-0.86133 0.758
-0.86133 0.759
-0.86133 0.76
-0.86133 0.761
-0.86133 0.762
-0.86133 0.763
-0.86133 0.764
-0.86133 0.765
-0.86133 0.766
-0.86133 0.767
-0.86133 0.768
-0.86133 0.769
-0.86133 0.77
-0.86133 0.771
-0.86133 0.772
-0.86133 0.773
-0.86133 0.774
-0.86133 0.775
-0.86133 0.776
-0.86133 0.777
-0.86133 0.778
-0.86133 0.779
-0.86133 0.78
-0.86133 0.781
-0.86133 0.782
-0.86133 0.783
-0.86133 0.784
-0.86133 0.785
-0.86133 0.786
-0.86133 0.787
-0.86133 0.788
-0.86133 0.789
-0.86133 0.79
-0.86133 0.791
-0.86133 0.792
-0.86133 0.793
-0.86133 0.794
-0.86133 0.795
-0.86133 0.796
-0.86133 0.797
-0.86133 0.798
-0.86133 0.799
-0.86133 0.8
-0.86133 0.801
-0.86133 0.802
-0.86133 0.803
-0.86133 0.804
-0.86133 0.805
-0.86133 0.806
-0.86133 0.807
-0.86133 0.808
-0.86133 0.809
-0.86133 0.81
-0.86133 0.811
-0.86133 0.812
-0.86133 0.813
-0.86133 0.814
-0.86133 0.815
-0.86133 0.816
-0.86133 0.817
-0.86133 0.818
-0.86133 0.819
-0.86133 0.82
-0.86133 0.821
-0.86133 0.822
-0.86133 0.823
-0.86133 0.824
-0.86133 0.825
-0.86133 0.826
-0.86133 0.827
-0.86133 0.828
-0.86133 0.829
-0.86133 0.83
-0.86133 0.831
-0.86133 0.832
-0.86133 0.833
-0.86133 0.834
-0.86133 0.835
-0.86133 0.836
-0.86133 0.837
-0.86133 0.838
-0.86133 0.839
-0.86133 0.84
-0.86133 0.841
-0.86133 0.842
-0.86133 0.843
-0.86133 0.844
-0.86133 0.845
-0.86133 0.846
-0.86133 0.847
-0.86133 0.848
-0.86133 0.849
-0.86133 0.85
-0.86133 0.851
-0.86133 0.852
-0.86133 0.853
-0.86133 0.854
-0.86133 0.855
-0.86133 0.856
-0.86133 0.857
-0.86133 0.858
-0.86133 0.859
-0.86133 0.86
-0.86133 0.861
-0.86133 0.862
-0.86133 0.863
-0.86133 0.864
-0.86133 0.865
-0.86133 0.866
-0.86133 0.867
-0.86133 0.868
-0.86133 0.869
-0.86133 0.87
-0.86133 0.871
-0.86133 0.872
-0.86133 0.873
-0.86133 0.874
-0.86133 0.875
-0.86133 0.876
-0.86133 0.877
-0.86133 0.878
-0.86133 0.879
-0.86133 0.88
-0.86133 0.881
-0.86133 0.882
-0.86133 0.883
-0.86133 0.884
-0.86133 0.885
-0.86133 0.886
-0.86133 0.887
-0.86133 0.888
-0.86133 0.889
-0.86133 0.89
-0.86133 0.891
-0.86133 0.892
-0.86133 0.893
-0.86133 0.894
-0.86133 0.895
-0.86133 0.896
-0.86133 0.897
-0.86133 0.898
-0.86133 0.899
-0.86133 0.9
-0.86133 0.901
-0.86133 0.902
-0.86133 0.903
-0.86133 0.904
-0.86133 0.905
-0.86133 0.906
-0.86133 0.907
-0.86133 0.908
-0.86133 0.909
-0.86133 0.91
-0.86133 0.911
-0.86133 0.912
-0.86133 0.913
-0.86133 0.914
-0.86133 0.915
-0.86133 0.916
-0.86133 0.917
-0.86133 0.918
-0.86133 0.919
-0.86133 0.92
-0.86133 0.921
-0.86133 0.922
-0.86133 0.923
-0.86133 0.924
-0.86133 0.925
-0.86133 0.926
-0.86133 0.927
-0.86133 0.928
-0.86133 0.929
-0.86133 0.93
-0.86133 0.931
-0.86133 0.932
-0.86133 0.933
-0.86133 0.934
-0.86133 0.935
-0.86133 0.936
-0.86133 0.937
-0.86133 0.938
-0.86133 0.939
-0.86133 0.94
-0.86133 0.941
-0.86133 0.942
-0.86133 0.943
-0.86133 0.944
-0.86133 0.945
-0.86133 0.946
-0.86133 0.947
-0.86133 0.948
-0.86133 0.949
-0.86133 0.95
-0.86133 0.951
-0.86133 0.952
-0.86133 0.953
-0.86133 0.954
-0.86133 0.955
-0.86133 0.956
-0.86133 0.957
-0.86133 0.958
-0.86133 0.959
-0.86133 0.96
-0.86133 0.961
-0.86133 0.962
-0.86133 0.963
-0.86133 0.964
-0.86133 0.965
-0.86133 0.966
-0.86133 0.967
-0.86133 0.968
-0.86133 0.969
-0.86133 0.97
-0.86133 0.971
-0.86133 0.972
-0.86133 0.973
-0.86133 0.974
-0.86133 0.975
-0.86133 0.976
-0.86133 0.977
-0.86133 0.978
-0.86133 0.979
-0.86133 0.98
-0.86133 0.981
-0.86133 0.982
-0.86133 0.983
-0.86133 0.984
-0.86133 0.985
-0.86133 0.986
-0.86133 0.987
-0.86133 0.988
-0.86133 0.989
-0.78993 0.99
-0.71853 0.991
-0.647131 0.992
-0.575731 0.993
-0.504331 0.994
-0.432931 0.995
-0.361531 0.996
-0.290132 0.997
-0.218732 0.998
-0.147332 0.999
-0.075932 1


Shark
3.14159 1.5
3.13759 1.4995
3.13359 1.499
3.12959 1.4985
3.12559 1.498
3.12159 1.4975
3.11759 1.497
3.11359 1.4965
3.10959 1.496
3.10559 1.4955
3.10159 1.495
3.09759 1.4945
3.09359 1.494
3.08959 1.4935
3.08559 1.493
3.08159 1.4925
3.07759 1.492
3.07359 1.4915
3.06959 1.491
3.06559 1.4905
3.06159 1.49
3.05759 1.4895
3.05359 1.489
3.04959 1.4885
3.04559 1.488
3.04159 1.4875
3.03759 1.487
3.03359 1.4865
3.02959 1.486
3.02559 1.4855
3.02159 1.485
3.01759 1.4845
3.01359 1.484
3.00959 1.4835
3.00559 1.483
3.00159 1.4825
2.99759 1.482
2.99359 1.4815
2.98952 1.481
2.98523 1.4805
2.98093 1.48
2.97661 1.4795
2.97227 1.479
2.96792 1.4785
2.96356 1.478
2.95918 1.4775
2.95478 1.477
2.95037 1.4765
2.94594 1.476
2.94193 1.4755
2.93793 1.475
2.93393 1.4745
2.92993 1.474
2.92593 1.4735
2.92193 1.473
2.91792 1.4725
2.91392 1.472
2.90992 1.4715
2.90592 1.471
2.90191 1.4705
2.8979 1.47
2.89389 1.4695
2.88988 1.469
2.88588 1.4685
2.88188 1.468
2.87788 1.4675
2.87387 1.467
2.86984 1.4665
2.86584 1.466
2.86183 1.4655
2.85774 1.465
2.85332 1.4645
2.8493 1.464
2.84528 1.4635
2.84127 1.463
2.83727 1.4625
2.83327 1.462
2.82926 1.4615
2.82503 1.461
2.8209 1.4605
2.81683 1.46
2.81282 1.4595
2.80741 1.459
2.80244 1.4585
2.79745 1.458
2.79244 1.4575
2.78741 1.457
2.78236 1.4565
2.77728 1.456
2.77219 1.4555
2.76707 1.455
2.76275 1.4545
2.75843 1.454
2.75411 1.4535
2.74977 1.453
2.74543 1.4525
2.74108 1.452
2.73673 1.4515
2.73237 1.451
2.728 1.4505
2.72362 1.45
2.71962 1.4495
2.71523 1.449
2.71083 1.4485
2.70642 1.448
2.70201 1.4475
2.69759 1.447
2.69359 1.4465
2.68959 1.446
2.68559 1.4455
2.68159 1.445
2.67759 1.4445
2.67312 1.444
2.66865 1.4435
2.66416 1.443
2.65967 1.4425
2.65517 1.442
2.65104 1.4415
2.6469 1.441
2.64276 1.4405
2.63876 1.44
2.63476 1.4395
2.63076 1.439
2.62676 1.4385
2.62276 1.438
2.61876 1.4375
2.61476 1.437
2.61076 1.4365
2.60676 1.436
2.60276 1.4355
2.59876 1.435
2.5946 1.4345
2.59043 1.434
2.58643 1.4335
2.58243 1.433
2.57843 1.4325
2.57443 1.432
2.57043 1.4315
2.56643 1.431
2.56224 1.4305
2.55824 1.43
2.55424 1.4295
2.55024 1.429
2.54624 1.4285
2.54204 1.428
2.53804 1.4275
2.53404 1.427
2.53004 1.4265
2.52604 1.426
2.52204 1.4255
2.51804 1.425
2.51382 1.4245
2.50982 1.424
2.50582 1.4235
2.50182 1.423
2.49782 1.4225
2.49359 1.422
2.48959 1.4215
2.48559 1.421
2.48159 1.4205
2.47759 1.42
2.47359 1.4195
2.46959 1.419
2.46533 1.4185
2.46133 1.418
2.45733 1.4175
2.45333 1.417
2.44933 1.4165
2.44506 1.416
2.44079 1.4155
2.43679 1.415
2.43279 1.4145
2.42879 1.414
2.42479 1.4135
2.42079 1.413
2.4165 1.4125
2.4125 1.412
2.4085 1.4115
2.4045 1.411
2.4005 1.4105
2.3965 1.41
2.39219 1.4095
2.38819 1.409
2.38419 1.4085
2.38019 1.408
2.37619 1.4075
2.37219 1.407
2.36785 1.4065
2.36385 1.406
2.35985 1.4055
2.35585 1.405
2.35185 1.4045
2.34785 1.404
2.3435 1.4035
2.3395 1.403
2.3355 1.4025
2.3315 1.402
2.3275 1.4015
2.3235 1.401
2.31913 1.4005
2.31513 1.4
2.31113 1.3995
2.30713 1.399
2.30313 1.3985
2.29913 1.398
2.29513 1.3975
2.29113 1.397
2.28713 1.3965
2.28313 1.396
2.27913 1.3955
2.27513 1.395
2.27102 1.3945
2.26691 1.394
2.2628 1.3935
2.25868 1.393
2.25457 1.3925
2.25054 1.392
2.24651 1.3915
2.24248 1.391
2.23845 1.3905
2.23442 1.39
2.23039 1.3895
2.22639 1.389
2.22238 1.3885
2.21837 1.388
2.21436 1.3875
2.21036 1.387
2.20635 1.3865
2.20235 1.386
2.19835 1.3855
2.19435 1.385
2.19035 1.3845
2.18634 1.384
2.18234 1.3835
2.17834 1.383
2.17434 1.3825
2.17034 1.382
2.16634 1.3815
2.16234 1.381
2.15834 1.3805
2.15434 1.38
2.15034 1.3795
2.14634 1.379
2.14234 1.3785
2.13834 1.378
2.13434 1.3775
2.13034 1.377
2.12634 1.3765
2.12234 1.376
2.11834 1.3755
2.11434 1.375
2.11034 1.3745
2.10634 1.374
2.10234 1.3735
2.09834 1.373
2.09434 1.3725
2.09034 1.372
2.08634 1.3715
2.08234 1.371
2.07834 1.3705
2.07434 1.37
2.07034 1.3695
2.06634 1.369
2.06234 1.3685
2.05834 1.368
2.05434 1.3675
2.05034 1.367
2.04634 1.3665
2.04234 1.366
2.03834 1.3655
2.03434 1.365
2.03034 1.3645
2.02634 1.364
2.02234 1.3635
2.01834 1.363
2.01434 1.3625
2.01034 1.362
2.00634 1.3615
2.00234 1.361
1.99834 1.3605
1.99434 1.36
1.99034 1.3595
1.98634 1.359
1.98234 1.3585
1.97834 1.358
1.97434 1.3575
1.97034 1.357
1.96634 1.3565
1.96234 1.356
1.95834 1.3555
1.95434 1.355
1.95034 1.3545
1.94634 1.354
1.94234 1.3535
1.93834 1.353
1.93434 1.3525
1.93034 1.352
1.92634 1.3515
1.92234 1.351
1.91834 1.3505
1.91434 1.35
1.91034 1.3495
1.90634 1.349
1.90234 1.3485
1.89834 1.348
1.89434 1.3475
1.89034 1.347
1.88634 1.3465
1.88234 1.346
1.87834 1.3455
1.87434 1.345
1.87034 1.3445
1.86634 1.344
1.86234 1.3435
1.85834 1.343
1.85434 1.3425
1.85034 1.342
1.84634 1.3415
1.84234 1.341
1.83834 1.3405
1.83434 1.34
1.83034 1.3395
1.82634 1.339
1.82234 1.3385
1.81834 1.338
1.81434 1.3375
1.81034 1.337
1.80634 1.3365
1.80234 1.336
1.79834 1.3355
1.79434 1.335
1.79034 1.3345
1.78634 1.334
1.78234 1.3335
1.77834 1.333
1.77434 1.3325
1.77034 1.332
1.76634 1.3315
1.76234 1.331
1.75834 1.3305
1.75434 1.33
1.75034 1.3295
1.74634 1.329
1.74234 1.3285
1.73834 1.328
1.73434 1.3275
1.73034 1.327
1.72634 1.3265
1.72234 1.326
1.71834 1.3255
1.71434 1.325
1.71034 1.3245
1.70634 1.324
1.70234 1.3235
1.69834 1.323
1.69434 1.3225
1.69034 1.322
1.68634 1.3215
1.68234 1.321
1.67834 1.3205
1.67434 1.32
1.67034 1.3195
1.66634 1.319
1.66234 1.3185
1.65834 1.318
1.65434 1.3175
1.65034 1.317
1.64634 1.3165
1.64234 1.316
1.63834 1.3155
1.63434 1.315
1.63034 1.3145
1.62634 1.314
1.62234 1.3135
1.61834 1.313
1.61434 1.3125
1.61034 1.312
1.60634 1.3115
1.60234 1.311
1.59834 1.3105
1.59434 1.31
1.59034 1.3095
1.58634 1.309
1.58234 1.3085
1.57834 1.308
1.57434 1.3075
1.57034 1.307
1.56634 1.3065
1.56234 1.306
1.55834 1.3055
1.55434 1.305
1.55034 1.3045
1.54634 1.304
1.54234 1.3035
1.53834 1.303
1.53434 1.3025
1.53034 1.302
1.52634 1.3015
1.52234 1.301
1.51834 1.3005
1.51434 1.3
1.51034 1.2995
1.50634 1.299
1.50234 1.2985
1.49834 1.298
1.49434 1.2975
1.49034 1.297
1.48634 1.2965
1.48234 1.296
1.47834 1.2955
1.47434 1.295
1.47034 1.2945
1.46634 1.294
1.46234 1.2935
1.45834 1.293
1.45434 1.2925
1.45034 1.292
1.44634 1.2915
1.44234 1.291
1.43834 1.2905
1.43434 1.29
1.43034 1.2895
1.42634 1.289
1.42234 1.2885
1.41834 1.288
1.41434 1.2875
1.41034 1.287
1.40634 1.2865
1.40234 1.286
1.39834 1.2855
1.39434 1.285
1.39034 1.2845
1.38634 1.284
1.38234 1.2835
1.37834 1.283
1.37434 1.2825
1.37034 1.282
1.36634 1.2815
1.36234 1.281
1.35834 1.2805
1.35434 1.28
1.35034 1.2795
1.34634 1.279
1.34234 1.2785
1.33834 1.278
1.33434 1.2775
1.33034 1.277
1.32634 1.2765
1.32234 1.276
1.31834 1.2755
1.31434 1.275
1.31034 1.2745
1.30634 1.274
1.30234 1.2735
1.29834 1.273
1.29434 1.2725
1.29034 1.272
1.28634 1.2715
1.28234 1.271
1.27834 1.2705
1.27434 1.27
1.27034 1.2695
1.26634 1.269
1.26234 1.2685
1.25834 1.268
1.25434 1.2675
1.25034 1.267
1.24634 1.2665
1.24234 1.266
1.23834 1.2655
1.23434 1.265
1.23034 1.2645
1.22634 1.264
1.22234 1.2635
1.21834 1.263
1.21434 1.2625
1.21034 1.262
1.20634 1.2615
1.20234 1.261
1.19834 1.2605
1.19434 1.26
1.19034 1.2595
1.18634 1.259
1.18234 1.2585
1.17834 1.258
1.17434 1.2575
1.17034 1.257
1.16634 1.2565
1.16234 1.256
1.15834 1.2555
1.15434 1.255
1.15034 1.2545
1.14634 1.254
1.14234 1.2535
1.13834 1.253
1.13434 1.2525
1.13034 1.252
1.12634 1.2515
1.12234 1.251
1.11834 1.2505
1.11434 1.25
1.11034 1.2495
1.10634 1.249
1.10234 1.2485
1.09834 1.248
1.09434 1.2475
1.09034 1.247
1.08634 1.2465
1.08234 1.246
1.07834 1.2455
1.07434 1.245
1.07034 1.2445
1.06634 1.244
1.06234 1.2435
1.05834 1.243
1.05434 1.2425
1.05034 1.242
1.04634 1.2415
1.04234 1.241
1.03834 1.2405
1.03434 1.24
1.03034 1.2395
1.02634 1.239
1.02234 1.2385
1.01834 1.238
1.01434 1.2375
1.01034 1.237
1.00634 1.2365
1.00234 1.236
0.99834 1.2355
0.99434 1.235
0.99034 1.2345
0.98634 1.234
0.98234 1.2335
0.97834 1.233
0.97434 1.2325
0.97034 1.232
0.96634 1.2315
0.96234 1.231
0.95834 1.2305
0.95434 1.23
0.95034 1.2295
0.94634 1.229
0.94234 1.2285
0.93834 1.228
0.93434 1.2275
0.93034 1.227
0.92634 1.2265
0.92234 1.226
0.91834 1.2255
0.91434 1.225
0.91034 1.2245
0.90634 1.224
0.90234 1.2235
0.89834 1.223
0.89434 1.2225
0.89034 1.222
0.88634 1.2215
0.88234 1.221
0.87834 1.2205
0.87434 1.22
0.87034 1.2195
0.86634 1.219
0.86234 1.2185
0.85834 1.218
0.85434 1.2175
0.85034 1.217
0.84634 1.2165
0.84234 1.216
0.83834 1.2155
0.83434 1.215
0.83034 1.2145
0.82634 1.214
0.82234 1.2135
0.81834 1.213
0.81434 1.2125
0.81034 1.212
0.80634 1.2115
0.80234 1.211
0.79834 1.2105
0.79434 1.21
0.79034 1.2095
0.78634 1.209
0.78234 1.2085
0.77834 1.208
0.77434 1.2075
0.77034 1.207
0.76634 1.2065
0.76234 1.206
0.75834 1.2055
0.75434 1.205
0.75034 1.2045
0.74634 1.204
0.74234 1.2035
0.73834 1.203
0.73434 1.2025
0.73034 1.202
0.72634 1.2015
0.72234 1.201
0.71834 1.2005
0.71434 1.2
0.71034 1.1995
0.70634 1.199
0.70234 1.1985
0.69834 1.198
0.69434 1.1975
0.69034 1.197
0.68634 1.1965
0.68234 1.196
0.67834 1.1955
0.67434 1.195
0.67034 1.1945
0.66634 1.194
0.66234 1.1935
0.65834 1.193
0.65434 1.1925
0.65034 1.192
0.64634 1.1915
0.64234 1.191
0.63834 1.1905
0.63434 1.19
0.63034 1.1895
0.62634 1.189
0.62234 1.1885
0.61834 1.188
0.61434 1.1875
0.61034 1.187
0.60634 1.1865
0.60234 1.186
0.59834 1.1855
0.59434 1.185
0.59034 1.1845
0.58634 1.184
0.58234 1.1835
0.57834 1.183
0.57434 1.1825
0.57034 1.182
0.56634 1.1815
0.56234 1.181
0.55834 1.1805
0.55434 1.18
0.55034 1.1795
0.54634 1.179
0.54234 1.1785
0.53834 1.178
0.53434 1.1775
0.53034 1.177
0.52634 1.1765
0.52234 1.176
0.51834 1.1755
0.51434 1.175
0.51034 1.1745
0.50634 1.174
0.50234 1.1735
0.49834 1.173
0.49434 1.1725
0.49034 1.172
0.48634 1.1715
0.48234 1.171
0.47834 1.1705
0.47434 1.17
0.47034 1.1695
0.46634 1.169
0.46234 1.1685
0.45834 1.168
0.45434 1.1675
0.45034 1.167
0.44634 1.1665
0.44234 1.166
0.43834 1.1655
0.43434 1.165
0.43034 1.1645
0.42634 1.164
0.42234 1.1635
0.41834 1.163
0.41434 1.1625
0.41034 1.162
0.40634 1.1615
0.40234 1.161
0.39834 1.1605
0.39434 1.16
0.39034 1.1595
0.38634 1.159
0.38234 1.1585
0.37834 1.158
0.37434 1.1575
0.37034 1.157
0.36634 1.1565
0.36234 1.156
0.35834 1.1555
0.35434 1.155
0.35034 1.1545
0.34634 1.154
0.34234 1.1535
0.33834 1.153
0.33434 1.1525
0.33034 1.152
0.32634 1.1515
0.32234 1.151
0.31834 1.1505
0.31434 1.15
0.31034 1.1495
0.30634 1.149
0.30234 1.1485
0.29834 1.148
0.29434 1.1475
0.29034 1.147
0.28634 1.1465
0.28234 1.146
0.27834 1.1455
0.27434 1.145
0.27034 1.1445
0.26634 1.144
0.26234 1.1435
0.25834 1.143
0.25434 1.1425
0.25034 1.142
0.24634 1.1415
0.24234 1.141
0.23834 1.1405
0.23434 1.14
0.23034 1.1395
0.22634 1.139
0.22234 1.1385
0.21834 1.138
0.21434 1.1375
0.21034 1.137
0.20634 1.1365
0.20234 1.136
0.19834 1.1355
0.19434 1.135
0.19034 1.1345
0.18634 1.134
0.18234 1.1335
0.17834 1.133
0.17434 1.1325
0.17034 1.132
0.16634 1.1315
0.16234 1.131
0.15834 1.1305
0.15434 1.13
0.15034 1.1295
0.14634 1.129
0.14234 1.1285
0.13834 1.128
0.13434 1.1275
0.13034 1.127
0.12634 1.1265
0.12234 1.126
0.11834 1.1255
0.11434 1.125
0.11034 1.1245
0.10634 1.124
0.10234 1.1235
0.09834 1.123
0.09434 1.1225
0.09034 1.122
0.08634 1.1215
0.08234 1.121
0.07834 1.1205
0.07434 1.12
0.07034 1.1195
0.06634 1.119
0.06234 1.1185
0.05834 1.118
0.05434 1.1175
0.05034 1.117
0.04634 1.1165
0.04234 1.116
0.03834 1.1155
0.03434 1.115
0.03034 1.1145
0.02634 1.114
0.02234 1.1135
0.01834 1.113
0.01434 1.1125
0.01034 1.112
0.00633996 1.1115
0.00233996 1.111
-0.00166004 1.1105
-0.00566004 1.11
-0.00966004 1.1095
-0.01366 1.109
-0.01766 1.1085
-0.02166 1.108
-0.02566 1.1075
-0.02966 1.107
-0.03366 1.1065
-0.03766 1.106
-0.04166 1.1055
-0.04566 1.105
-0.04966 1.1045
-0.05366 1.104
-0.05766 1.1035
-0.06166 1.103
-0.06566 1.1025
-0.06966 1.102
-0.07366 1.1015
-0.07766 1.101
-0.08166 1.1005
-0.08566 1.1
-0.08966 1.0995
-0.09366 1.099
-0.09766 1.0985
-0.10166 1.098
-0.10566 1.0975
-0.10966 1.097
-0.11366 1.0965
-0.11766 1.096
-0.12166 1.0955
-0.12566 1.095
-0.12966 1.0945
-0.13366 1.094
-0.13766 1.0935
-0.14166 1.093
-0.14566 1.0925
-0.14966 1.092
-0.15366 1.0915
-0.15766 1.091
-0.16166 1.0905
-0.16566 1.09
-0.16966 1.0895
-0.17366 1.089
-0.17766 1.0885
-0.18166 1.088
-0.18566 1.0875
-0.18966 1.087
-0.19366 1.0865
-0.19766 1.086
-0.20166 1.0855
-0.20566 1.085
-0.20966 1.0845
-0.21366 1.084
-0.21766 1.0835
-0.22166 1.083
-0.22566 1.0825
-0.22966 1.082
-0.23366 1.0815
-0.23766 1.081
-0.24166 1.0805
-0.24566 1.08
-0.24966 1.0795
-0.25366 1.079
-0.25766 1.0785
-0.26166 1.078
-0.26566 1.0775
-0.26966 1.077
-0.27366 1.0765
-0.27766 1.076
-0.28166 1.0755
-0.28566 1.075
-0.28966 1.0745
-0.29366 1.074
-0.29766 1.0735
-0.30166 1.073
-0.30566 1.0725
-0.30966 1.072
-0.31366 1.0715
-0.31766 1.071
-0.32166 1.0705
-0.32566 1.07
-0.32966 1.0695
-0.33366 1.069
-0.33766 1.0685
-0.34166 1.068
-0.34566 1.0675
-0.34966 1.067
-0.35366 1.0665
-0.35766 1.066
-0.36166 1.0655
-0.36566 1.065
-0.36966 1.0645
-0.37366 1.064
-0.37766 1.0635
-0.38166 1.063
-0.38566 1.0625
-0.38966 1.062
-0.39366 1.0615
-0.39766 1.061
-0.40166 1.0605
-0.40566 1.06
-0.40966 1.0595
-0.41366 1.059
-0.41766 1.0585
-0.42166 1.058
-0.42566 1.0575
-0.42966 1.057
-0.43366 1.0565
-0.43766 1.056
-0.44166 1.0555
-0.44566 1.055
-0.44966 1.0545
-0.45366 1.054
-0.45766 1.0535
-0.46166 1.053
-0.46566 1.0525
-0.46966 1.052
-0.47366 1.0515
-0.47766 1.051
-0.48166 1.0505
-0.48566 1.05
-0.48966 1.0495
-0.49366 1.049
-0.49766 1.0485
-0.50166 1.048
-0.50566 1.0475
-0.50966 1.047
-0.51366 1.0465
-0.51766 1.046
-0.52166 1.0455
-0.52566 1.045
-0.52966 1.0445
-0.53366 1.044
-0.53766 1.0435
-0.54166 1.043
-0.54566 1.0425
-0.54966 1.042
-0.55366 1.0415
-0.55766 1.041
-0.56166 1.0405
-0.56566 1.04
-0.56966 1.0395
-0.57366 1.039
-0.57766 1.0385
-0.58166 1.038
-0.58566 1.0375
-0.58966 1.037
-0.59366 1.0365
-0.59766 1.036
-0.60166 1.0355
-0.60566 1.035
-0.60966 1.0345
-0.61366 1.034
-0.61766 1.0335
-0.62166 1.033
-0.62566 1.0325
-0.62966 1.032
-0.63366 1.0315
-0.63766 1.031
-0.64166 1.0305
-0.64566 1.03
-0.64966 1.0295
-0.65366 1.029
-0.65766 1.0285
-0.66166 1.028
-0.66566 1.0275
-0.66966 1.027
-0.67366 1.0265
-0.67766 1.026
-0.68166 1.0255
-0.68566 1.025
-0.68966 1.0245
-0.69366 1.024
-0.69766 1.0235
-0.70166 1.023
-0.70566 1.0225
-0.70966 1.022
-0.71366 1.0215
-0.71766 1.021
-0.72166 1.0205
-0.72566 1.02
-0.72966 1.0195
-0.73366 1.019
-0.73766 1.0185
-0.74166 1.018
-0.74566 1.0175
-0.74966 1.017
-0.75366 1.0165
-0.75766 1.016
-0.76166 1.0155
-0.76566 1.015
-0.76966 1.0145
-0.77366 1.014
-0.77766 1.0135
-0.78166 1.013
-0.78566 1.0125
-0.78966 1.012
-0.79366 1.0115
-0.79766 1.011
-0.80166 1.0105
-0.80566 1.01
-0.80966 1.0095
-0.81366 1.009
-0.81766 1.0085
-0.82166 1.008
-0.82566 1.0075
-0.82966 1.007
-0.83366 1.0065
-0.83766 1.006
-0.84166 1.0055
-0.83766 1.005
-0.83366 1.0045
-0.82966 1.004
-0.82566 1.0035
-0.82166 1.003
-0.81766 1.0025
-0.81366 1.002
-0.80966 1.0015
-0.80566 1.001
-0.80166 1.0005
-0.075932 1
