Man
0 0
0 0.001
0 0.002
0 0.003
0 0.004
0 0.005
0 0.006
0 0.007
0 0.008
0 0.009
0 0.01
0 0.011
0 0.012
0 0.013
0 0.014
0 0.015
0 0.016
0 0.017
0 0.018
0 0.019
0 0.02
0 0.021
0 0.022
0 0.023
0 0.024
0 0.025
0 0.026
0 0.027
0 0.028
0 0.029
0 0.03
0 0.031
0 0.032
0 0.033
0 0.034
0 0.035
0 0.036
0 0.037
0 0.038
0 0.039
0 0.04
0 0.041
0 0.042
0 0.043
0 0.044
0 0.045
0 0.046
0 0.047
0 0.048
0 0.049
0 0.05
0 0.051
0 0.052
0 0.053
0 0.054
0 0.055
0 0.056
0 0.057
0 0.058
0 0.059
0 0.06
0 0.061
0 0.062
0 0.063
0 0.064
0 0.065
0 0.066
0 0.067
0 0.068
0 0.069
0 0.07
0 0.071
0 0.072
0 0.073
0 0.074
0 0.075
0 0.076
0 0.077
0 0.078
0 0.079
0 0.08
0 0.081
0 0.082
0 0.083
0 0.084
0 0.085
0 0.086
0 0.087
0 0.088
0 0.089
0 0.09
0 0.091
0 0.092
0 0.093
0 0.094
0 0.095
0 0.096
0 0.097
0 0.098
-0.392699 0.099
-0.392699 0.1
-0.392699 0.101
-0.392699 0.102
-0.392699 0.103
-0.392699 0.104
-0.392699 0.105
-0.392699 0.106
-0.392699 0.107
-0.392699 0.108
-0.392699 0.109
-0.392699 0.11
-0.392699 0.111
-0.392699 0.112
-0.392699 0.113
-0.392699 0.114
-0.392699 0.115
-0.392699 0.116
-0.392699 0.117
-0.392699 0.118
-0.392699 0.119
-0.392699 0.12
-0.392699 0.121
-0.392699 0.122
-0.392699 0.123
-0.392699 0.124
-0.392699 0.125
-0.392699 0.126
-0.392699 0.127
-0.392699 0.128
-0.392699 0.129
-0.392699 0.13
-0.392699 0.131
-0.392699 0.132
-0.392699 0.133
-0.392699 0.134
-0.392699 0.135
-0.392699 0.136
-0.392699 0.137
-0.392699 0.138
-0.392699 0.139
-0.392699 0.14
-0.392699 0.141
-0.392699 0.142
-0.392699 0.143
-0.392699 0.144
-0.392699 0.145
-0.392699 0.146
-0.392699 0.147
-0.392699 0.148
-0.392699 0.149
-0.392699 0.15
-0.392699 0.151
-0.392699 0.152
-0.392699 0.153
-0.392699 0.154
-0.392699 0.155
-0.392699 0.156
-0.392699 0.157
-0.392699 0.158
-0.392699 0.159
0 0.16
0.19635 0.161
0.19635 0.162
0.19635 0.163
0.19635 0.164
0.19635 0.165
0.392699 0.166
0.295534 0.167
0.197359 0.168
0.246447 0.169
0.295534 0.17
0.295534 0.171
0.295534 0.172
0.295534 0.173
0.344621 0.174
0.344621 0.175
0.344621 0.176
0.344621 0.177
0.295534 0.178
0.320078 0.179
0.344621 0.18
0.369165 0.181
0.369165 0.182
0.344621 0.183
0.344621 0.184
0.369165 0.185
0.369165 0.186
0.344621 0.187
0.344621 0.188
0.369165 0.189
0.369165 0.19
0.344621 0.191
0.344621 0.192
0.369165 0.193
0.369165 0.194
0.344621 0.195
0.344621 0.196
0.369165 0.197
0.369165 0.198
0.344621 0.199
0.356893 0.2
0.369165 0.201
0.381437 0.202
0.393229 0.203
0.404615 0.204
0.416887 0.205
0.404615 0.206
0.416887 0.207
0.404615 0.208
0.411997 0.209
0.424269 0.21
0.418323 0.211
0.406051 0.212
0.412393 0.213
0.424665 0.214
0.419104 0.215
0.413625 0.216
0.413625 0.217
0.413625 0.218
0.413625 0.219
0.413625 0.22
0.413625 0.221
0.413625 0.222
0.413625 0.223
0.413625 0.224
0.413625 0.225
0.413625 0.226
0.413625 0.227
0.413625 0.228
0.413625 0.229
0.413625 0.23
0.413625 0.231
0.413625 0.232
0.413625 0.233
0.413625 0.234
0.413625 0.235
0.413625 0.236
0.413625 0.237
0.413625 0.238
0.413625 0.239
0.413625 0.24
0.413625 0.241
0.413625 0.242
0.413625 0.243
0.413625 0.244
0.413625 0.245
0.413625 0.246
0.413625 0.247
0.413625 0.248
0.413625 0.249
0.413625 0.25
0.413625 0.251
0.413625 0.252
0.413625 0.253
0.413625 0.254
0.413625 0.255
0.413625 0.256
0.413625 0.257
0.413625 0.258
0.413625 0.259
0.413625 0.26
0.413625 0.261
0.413625 0.262
0.413625 0.263
0.413625 0.264
0.413625 0.265
0.413625 0.266
0.413625 0.267
0.413625 0.268
0.413625 0.269
0.413625 0.27
0.413625 0.271
0.413625 0.272
0.413625 0.273
0.413625 0.274
0.413625 0.275
0.413625 0.276
0.413625 0.277
0.413625 0.278
0.413625 0.279
0.413625 0.28
0.413625 0.281
0.413625 0.282
0.413625 0.283
0.413625 0.284
0.413625 0.285
0.413625 0.286
0.413625 0.287
0.413625 0.288
0.413625 0.289
0.413625 0.29
0.413625 0.291
0.413625 0.292
0.413625 0.293
0.413625 0.294
0.413625 0.295
0.413625 0.296
0.413625 0.297
0.413625 0.298
0.413625 0.299
0.413625 0.3
0.413625 0.301
0.413625 0.302
0.413625 0.303
0.413625 0.304
0.413625 0.305
0.413625 0.306
0.413625 0.307
0.413625 0.308
0.413625 0.309
0.413625 0.31
0.413625 0.311
0.413625 0.312
0.413625 0.313
0.413625 0.314
0.413625 0.315
0.413625 0.316
0.413625 0.317
0.413625 0.318
0.413625 0.319
0.413625 0.32
0.413625 0.321
0.413625 0.322
0.413625 0.323
0.413625 0.324
0.413625 0.325
0.413625 0.326
0.413625 0.327
0.413625 0.328
0.413625 0.329
0.413625 0.33
0.413625 0.331
0.413625 0.332
0.413625 0.333
0.413625 0.334
0.413625 0.335
0.413625 0.336
0.413625 0.337
0.413625 0.338
0.413625 0.339
0.413625 0.34
0.413625 0.341
0.413625 0.342
0.413625 0.343
0.413625 0.344
0.413625 0.345
0.413625 0.346
0.413625 0.347
0.413625 0.348
0.413625 0.349
0.413625 0.35
0.413625 0.351
0.413625 0.352
0.413625 0.353
0.413625 0.354
0.413625 0.355
0.413625 0.356
0.413625 0.357
0.413625 0.358
0.413625 0.359
0.413625 0.36
0.413625 0.361
0.413625 0.362
0.413625 0.363
0.413625 0.364
0.413625 0.365
0.413625 0.366
0.413625 0.367
0.413625 0.368
0.413625 0.369
0.413625 0.37
0.413625 0.371
0.413625 0.372
0.413625 0.373
0.413625 0.374
0.413625 0.375
0.413625 0.376
0.413625 0.377
0.413625 0.378
0.413625 0.379
0.413625 0.38
0.413625 0.381
0.413625 0.382
0.413625 0.383
0.413625 0.384
0.413625 0.385
0.413625 0.386
0.413625 0.387
0.413625 0.388
0.413625 0.389
0.413625 0.39
0.413625 0.391
0.413625 0.392
0.413625 0.393
0.413625 0.394
0.413625 0.395
0.413625 0.396
0.413625 0.397
0.413625 0.398
0.413625 0.399
0.413625 0.4
0.413625 0.401
0.413625 0.402
0.413625 0.403
0.413625 0.404
0.413625 0.405
0.413625 0.406
0.413625 0.407
0.413625 0.408
0.413625 0.409
0.413625 0.41
0.413625 0.411
0.413625 0.412
0.413625 0.413
0.413625 0.414
0.413625 0.415
0.413625 0.416
0.413625 0.417
0.413625 0.418
0.413625 0.419
0.413625 0.42
0.413625 0.421
0.413625 0.422
0.413625 0.423
0.413625 0.424
0.413625 0.425
0.413625 0.426
0.413625 0.427
0.413625 0.428
0.413625 0.429
0.413625 0.43
0.413625 0.431
0.413625 0.432
0.413625 0.433
0.413625 0.434
0.413625 0.435
0.413625 0.436
0.413625 0.437
0.413625 0.438
0.413625 0.439
0.413625 0.44
0.413625 0.441
0.413625 0.442
0.413625 0.443
0.413625 0.444
0.413625 0.445
0.413625 0.446
0.413625 0.447
0.413625 0.448
0.413625 0.449
0.413625 0.45
0.413625 0.451
0.413625 0.452
0.413625 0.453
0.413625 0.454
0.413625 0.455
0.413625 0.456
0.413625 0.457
0.413625 0.458
0.413625 0.459
0.413625 0.46
0.413625 0.461
0.413625 0.462
0.413625 0.463
0.413625 0.464
0.413625 0.465
0.413625 0.466
0.413625 0.467
0.413625 0.468
0.413625 0.469
0.413625 0.47
0.413625 0.471
0.413625 0.472
0.413625 0.473
0.413625 0.474
0.413625 0.475
0.413625 0.476
0.413625 0.477
0.413625 0.478
0.413625 0.479
0.413625 0.48
0.413625 0.481
0.413625 0.482
0.413625 0.483
0.413625 0.484
0.413625 0.485
0.413625 0.486
0.413625 0.487
0.413625 0.488
0.413625 0.489
0.413625 0.49
0.413625 0.491
0.413625 0.492
0.413625 0.493
0.413625 0.494
0.413625 0.495
0.413625 0.496
0.413625 0.497
0.413625 0.498
0.413625 0.499
0.413625 0.5
0.413625 0.501
0.413625 0.502
0.413625 0.503
0.413625 0.504
0.413625 0.505
0.413625 0.506
0.413625 0.507
0.413625 0.508
0.413625 0.509
0.413625 0.51
0.413625 0.511
0.413625 0.512
0.413625 0.513
0.413625 0.514
0.413625 0.515
0.413625 0.516
0.413625 0.517
0.413625 0.518
0.413625 0.519
0.413625 0.52
0.413625 0.521
0.413625 0.522
0.413625 0.523
0.413625 0.524
0.413625 0.525
0.413625 0.526
0.413625 0.527
0.413625 0.528
0.413625 0.529
0.413625 0.53
0.413625 0.531
0.413625 0.532
0.413625 0.533
0.413625 0.534
0.413625 0.535
0.413625 0.536
0.413625 0.537
0.413625 0.538
0.413625 0.539
0.413625 0.54
0.413625 0.541
0.413625 0.542
0.413625 0.543
0.413625 0.544
0.413625 0.545
0.413625 0.546
0.413625 0.547
0.413625 0.548
0.413625 0.549
0.413625 0.55
0.413625 0.551
0.413625 0.552
0.413625 0.553
0.413625 0.554
0.413625 0.555
0.413625 0.556
0.413625 0.557
0.413625 0.558
0.413625 0.559
0.413625 0.56
0.413625 0.561
0.413625 0.562
0.413625 0.563
0.413625 0.564
0.413625 0.565
0.413625 0.566
0.413625 0.567
0.413625 0.568
0.413625 0.569
0.413625 0.57
0.413625 0.571
0.413625 0.572
0.413625 0.573
0.413625 0.574
0.413625 0.575
0.413625 0.576
0.413625 0.577
0.413625 0.578
0.413625 0.579
0.413625 0.58
0.413625 0.581
0.413625 0.582
0.413625 0.583
0.413625 0.584
0.413625 0.585
0.413625 0.586
0.413625 0.587
0.413625 0.588
0.413625 0.589
0.413625 0.59
0.413625 0.591
0.413625 0.592
0.413625 0.593
0.413625 0.594
0.413625 0.595
0.413625 0.596
0.413625 0.597
0.413625 0.598
0.413625 0.599
0.413625 0.6
0.413625 0.601
0.413625 0.602
0.413625 0.603
0.413625 0.604
0.413625 0.605
0.413625 0.606
0.413625 0.607
0.413625 0.608
0.413625 0.609
0.413625 0.61
0.413625 0.611
0.413625 0.612
0.413625 0.613
0.413625 0.614
0.413625 0.615
0.413625 0.616
0.413625 0.617
0.413625 0.618
0.413625 0.619
0.413625 0.62
0.413625 0.621
0.413625 0.622
0.413625 0.623
0.413625 0.624
0.413625 0.625
0.413625 0.626
0.413625 0.627
0.413625 0.628
0.413625 0.629
0.413625 0.63
0.413625 0.631
0.413625 0.632
0.413625 0.633
0.413625 0.634
0.413625 0.635
0.413625 0.636
0.413625 0.637
0.413625 0.638
0.413625 0.639
0.413625 0.64
0.413625 0.641
0.413625 0.642
0.413625 0.643
0.413625 0.644
0.413625 0.645
0.413625 0.646
0.413625 0.647
0.413625 0.648
0.413625 0.649
0.413625 0.65
0.413625 0.651
0.413625 0.652
0.413625 0.653
0.413625 0.654
0.413625 0.655
0.413625 0.656
0.413625 0.657
0.413625 0.658
0.413625 0.659
0.413625 0.66
0.413625 0.661
0.413625 0.662
0.413625 0.663
0.413625 0.664
0.413625 0.665
0.413625 0.666
0.413625 0.667
0.413625 0.668
0.413625 0.669
0.413625 0.67
0.413625 0.671
0.413625 0.672
0.413625 0.673
0.413625 0.674
0.413625 0.675
0.413625 0.676
0.413625 0.677
0.413625 0.678
0.413625 0.679
0.413625 0.68
0.413625 0.681
0.413625 0.682
0.413625 0.683
0.413625 0.684
0.413625 0.685
0.413625 0.686
0.413625 0.687
0.413625 0.688
0.413625 0.689
0.413625 0.69
0.413625 0.691
0.413625 0.692
0.413625 0.693
0.413625 0.694
0.413625 0.695
0.413625 0.696
0.413625 0.697
0.413625 0.698
0.413625 0.699
0.413625 0.7
0.413625 0.701
0.413625 0.702
0.413625 0.703
0.413625 0.704
0.413625 0.705
0.413625 0.706
0.413625 0.707
0.413625 0.708
0.413625 0.709
0.413625 0.71
0.413625 0.711
0.413625 0.712
0.413625 0.713
0.413625 0.714
0.413625 0.715
0.413625 0.716
0.413625 0.717
0.413625 0.718
0.413625 0.719
0.413625 0.72
0.413625 0.721
0.413625 0.722
0.413625 0.723
0.413625 0.724
0.413625 0.725
0.413625 0.726
0.413625 0.727
0.413625 0.728
0.413625 0.729
0.413625 0.73
0.413625 0.731
0.413625 0.732
0.413625 0.733
0.413625 0.734
0.413625 0.735
0.413625 0.736
0.413625 0.737
0.413625 0.738
0.413625 0.739
0.413625 0.74
0.413625 0.741
0.413625 0.742
0.413625 0.743
0.413625 0.744
0.413625 0.745
0.413625 0.746
0.413625 0.747
0.413625 0.748
0.413625 0.749
0.413625 0.75
0.413625 0.751
0.413625 0.752
0.413625 0.753
0.413625 0.754
0.413625 0.755
0.413625 0.756
0.413625 0.757
0.413625 0.758
0.413625 0.759
0.413625 0.76
0.413625 0.761
0.413625 0.762
0.413625 0.763
0.413625 0.764
0.413625 0.765
0.413625 0.766
0.413625 0.767
0.413625 0.768
0.413625 0.769
0.413625 0.77
0.413625 0.771
0.413625 0.772
0.413625 0.773
0.413625 0.774
0.413625 0.775
0.413625 0.776
0.413625 0.777
0.413625 0.778
0.413625 0.779
0.413625 0.78
0.413625 0.781
0.413625 0.782
0.413625 0.783
0.413625 0.784
0.413625 0.785
0.413625 0.786
0.413625 0.787
0.413625 0.788
0.413625 0.789
0.413625 0.79
0.413625 0.791
0.413625 0.792
0.413625 0.793
0.413625 0.794
0.413625 0.795
0.413625 0.796
0.413625 0.797
0.413625 0.798
0.413625 0.799
0.413625 0.8
0.413625 0.801
0.413625 0.802
0.413625 0.803
0.413625 0.804
0.413625 0.805
0.413625 0.806
0.413625 0.807
0.413625 0.808
0.413625 0.809
0.413625 0.81
0.413625 0.811
0.413625 0.812
0.413625 0.813
0.413625 0.814
0.413625 0.815
0.413625 0.816
0.413625 0.817
0.413625 0.818
0.413625 0.819
0.413625 0.82
0.413625 0.821
0.413625 0.822
0.413625 0.823
0.413625 0.824
0.413625 0.825
0.413625 0.826
0.413625 0.827
0.413625 0.828
0.413625 0.829
0.413625 0.83
0.413625 0.831
0.413625 0.832
0.413625 0.833
0.413625 0.834
0.413625 0.835
0.413625 0.836
0.413625 0.837
0.413625 0.838
0.413625 0.839
0.413625 0.84
0.413625 0.841
0.413625 0.842
0.413625 0.843
0.413625 0.844
0.413625 0.845
0.413625 0.846
0.413625 0.847
0.413625 0.848
0.413625 0.849
0.413625 0.85
0.413625 0.851
0.413625 0.852
0.413625 0.853
0.413625 0.854
0.413625 0.855
0.413625 0.856
0.413625 0.857
0.413625 0.858
0.413625 0.859
0.413625 0.86
0.413625 0.861
0.413625 0.862
0.413625 0.863
0.413625 0.864
0.413625 0.865
0.413625 0.866
0.413625 0.867
0.413625 0.868
0.413625 0.869
0.413625 0.87
0.413625 0.871
0.413625 0.872
0.413625 0.873
0.413625 0.874
0.413625 0.875
0.413625 0.876
0.413625 0.877
0.413625 0.878
0.413625 0.879
0.413625 0.88
0.413625 0.881
0.413625 0.882
0.413625 0.883
0.413625 0.884
0.413625 0.885
0.413625 0.886
0.413625 0.887
0.413625 0.888
0.413625 0.889
0.413625 0.89
0.413625 0.891
0.413625 0.892
0.413625 0.893
0.413625 0.894
0.413625 0.895
0.413625 0.896
0.413625 0.897
0.413625 0.898
0.413625 0.899
0.413625 0.9
0.413625 0.901
0.413625 0.902
0.413625 0.903
0.413625 0.904
0.413625 0.905
0.413625 0.906
0.413625 0.907
0.413625 0.908
0.413625 0.909
0.413625 0.91
0.413625 0.911
0.413625 0.912
0.413625 0.913
0.413625 0.914
0.413625 0.915
0.413625 0.916
0.413625 0.917
0.413625 0.918
0.413625 0.919
0.413625 0.92
0.413625 0.921
0.413625 0.922
0.413625 0.923
0.413625 0.924
0.413625 0.925
0.413625 0.926
0.413625 0.927
0.413625 0.928
0.413625 0.929
0.413625 0.93
0.413625 0.931
0.413625 0.932
0.413625 0.933
0.413625 0.934
0.413625 0.935
0.413625 0.936
0.413625 0.937
0.413625 0.938
0.413625 0.939
0.413625 0.94
0.413625 0.941
0.413625 0.942
0.413625 0.943
0.413625 0.944
0.413625 0.945
0.413625 0.946
0.413625 0.947
0.413625 0.948
0.413625 0.949
0.413625 0.95
0.413625 0.951
0.413625 0.952
0.413625 0.953
0.413625 0.954
0.413625 0.955
0.413625 0.956
0.413625 0.957
0.413625 0.958
0.413625 0.959
0.413625 0.96
0.413625 0.961
0.413625 0.962
0.413625 0.963
0.413625 0.964
0.413625 0.965
0.413625 0.966
0.413625 0.967
0.413625 0.968
0.413625 0.969
0.413625 0.97
0.413625 0.971
0.413625 0.972
0.413625 0.973
0.413625 0.974
0.413625 0.975
0.413625 0.976
0.413625 0.977
0.413625 0.978
0.413625 0.979
0.413625 0.98
0.413625 0.981
0.413625 0.982
0.413625 0.983
0.413625 0.984
0.413625 0.985
0.413625 0.986
0.413625 0.987
0.413625 0.988
0.413625 0.989
0.413625 0.99
0.413625 0.991
0.413625 0.992
0.413625 0.993
0.413625 0.994
0.413625 0.995
0.413625 0.996
0.413625 0.997
0.413625 0.998
0.413625 0.999
0.414625 1


Shark
3.14159 1.5
3.13759 1.4995
3.13359 1.499
3.12959 1.4985
3.12559 1.498
3.12159 1.4975
3.11759 1.497
3.11359 1.4965
3.10959 1.496
3.10559 1.4955
3.10159 1.495
3.09759 1.4945
3.09359 1.494
3.08959 1.4935
3.08559 1.493
3.08159 1.4925
3.07759 1.492
3.07359 1.4915
3.06959 1.491
3.06559 1.4905
3.06159 1.49
3.05759 1.4895
3.05359 1.489
3.04959 1.4885
3.04559 1.488
3.04159 1.4875
3.03759 1.487
3.03359 1.4865
3.02959 1.486
3.02559 1.4855
3.02159 1.485
3.01759 1.4845
3.01359 1.484
3.00959 1.4835
3.00559 1.483
3.00159 1.4825
2.99759 1.482
2.99359 1.4815
2.98959 1.481
2.98559 1.4805
2.98159 1.48
2.97759 1.4795
2.97359 1.479
2.96959 1.4785
2.96559 1.478
2.96159 1.4775
2.95759 1.477
2.95359 1.4765
2.94959 1.476
2.94559 1.4755
2.94159 1.475
2.93759 1.4745
2.93359 1.474
2.92959 1.4735
2.92559 1.473
2.92159 1.4725
2.91759 1.472
2.91359 1.4715
2.90959 1.471
2.90559 1.4705
2.90159 1.47
2.89759 1.4695
2.89359 1.469
2.88959 1.4685
2.88559 1.468
2.88159 1.4675
2.87759 1.467
2.87359 1.4665
2.86959 1.466
2.86559 1.4655
2.86159 1.465
2.85759 1.4645
2.85359 1.464
2.84959 1.4635
2.84559 1.463
2.84159 1.4625
2.83759 1.462
2.83359 1.4615
2.82959 1.461
2.82559 1.4605
2.82159 1.46
2.81759 1.4595
2.81359 1.459
2.80959 1.4585
2.80559 1.458
2.80159 1.4575
2.79759 1.457
2.79359 1.4565
2.78959 1.456
2.78559 1.4555
2.78159 1.455
2.77759 1.4545
2.77359 1.454
2.76959 1.4535
2.76559 1.453
2.76159 1.4525
2.75759 1.452
2.75359 1.4515
2.74959 1.451
2.90337 1.4505
2.90737 1.45
2.91137 1.4495
2.91537 1.449
2.91937 1.4485
2.92337 1.448
2.92737 1.4475
2.93137 1.447
2.93537 1.4465
2.93937 1.446
2.94337 1.4455
2.94737 1.445
2.95137 1.4445
2.95537 1.444
2.95937 1.4435
2.96337 1.443
2.96737 1.4425
2.97137 1.442
2.97537 1.4415
2.97937 1.441
2.98337 1.4405
2.98737 1.44
2.99137 1.4395
2.99537 1.439
2.99937 1.4385
3.00337 1.438
3.00737 1.4375
3.01137 1.437
3.01537 1.4365
3.01937 1.436
3.02337 1.4355
3.02737 1.435
3.03137 1.4345
3.03537 1.434
3.03937 1.4335
3.04337 1.433
3.04737 1.4325
3.05137 1.432
3.05537 1.4315
3.05937 1.431
3.06337 1.4305
3.06737 1.43
3.07137 1.4295
3.07537 1.429
3.07937 1.4285
3.08337 1.428
3.08737 1.4275
3.09137 1.427
3.09537 1.4265
3.09937 1.426
3.10337 1.4255
3.10737 1.425
3.11137 1.4245
3.11537 1.424
3.11937 1.4235
3.12337 1.423
3.12737 1.4225
3.13137 1.422
3.13537 1.4215
3.13937 1.421
3.14337 1.4205
3.39234 1.42
3.51826 1.4195
3.52226 1.419
3.52626 1.4185
3.53026 1.418
3.53426 1.4175
3.40442 1.417
3.33961 1.4165
3.40548 1.416
3.43881 1.4155
3.47232 1.415
3.47632 1.4145
3.48032 1.414
3.48432 1.4135
3.45003 1.413
3.44603 1.4125
3.44203 1.412
3.43803 1.4115
3.4731 1.411
3.49108 1.4105
3.50915 1.41
3.49098 1.4095
3.48698 1.409
3.50534 1.4085
3.50934 1.408
3.49079 1.4075
3.48679 1.407
3.50553 1.4065
3.50953 1.406
3.4906 1.4055
3.4866 1.405
3.50572 1.4045
3.50972 1.404
3.49041 1.4035
3.48641 1.403
3.50592 1.4025
3.50992 1.402
3.49021 1.4015
3.48621 1.401
3.50611 1.4005
3.51669 1.4
3.52731 1.3995
3.53798 1.399
3.54833 1.3985
3.55843 1.398
3.54762 1.3975
3.55847 1.397
3.54758 1.3965
3.55852 1.396
3.56586 1.3955
3.55483 1.395
3.54842 1.3945
3.55955 1.394
3.56626 1.3935
3.55504 1.393
3.54881 1.3925
3.54262 1.392
3.53862 1.3915
3.53462 1.391
3.53062 1.3905
3.52662 1.39
3.52262 1.3895
3.51862 1.389
3.51462 1.3885
3.51062 1.388
3.50662 1.3875
3.50262 1.387
3.49862 1.3865
3.49462 1.386
3.49062 1.3855
3.48662 1.385
3.48262 1.3845
3.47862 1.384
3.47462 1.3835
3.47062 1.383
3.46662 1.3825
3.46262 1.382
3.45862 1.3815
3.45462 1.381
3.45062 1.3805
3.44662 1.38
3.44262 1.3795
3.43862 1.379
3.43462 1.3785
3.43062 1.378
3.42662 1.3775
3.42262 1.377
3.41862 1.3765
3.41462 1.376
3.41062 1.3755
3.40662 1.375
3.40262 1.3745
3.39862 1.374
3.39462 1.3735
3.39062 1.373
3.38662 1.3725
3.38262 1.372
3.37862 1.3715
3.37462 1.371
3.37062 1.3705
3.36662 1.37
3.36262 1.3695
3.35862 1.369
3.35462 1.3685
3.35062 1.368
3.34662 1.3675
3.34262 1.367
3.33862 1.3665
3.33462 1.366
3.33062 1.3655
3.32662 1.365
3.32262 1.3645
3.31862 1.364
3.31462 1.3635
3.31062 1.363
3.30662 1.3625
3.30262 1.362
3.29862 1.3615
3.29462 1.361
3.29062 1.3605
3.28662 1.36
3.28262 1.3595
3.27862 1.359
3.27462 1.3585
3.27062 1.358
3.26662 1.3575
3.26262 1.357
3.25862 1.3565
3.25462 1.356
3.25062 1.3555
3.24662 1.355
3.24262 1.3545
3.23862 1.354
3.23462 1.3535
3.23062 1.353
3.22662 1.3525
3.22262 1.352
3.21862 1.3515
3.21462 1.351
3.21062 1.3505
3.20662 1.35
3.20262 1.3495
3.19862 1.349
3.19462 1.3485
3.19062 1.348
3.18662 1.3475
3.18262 1.347
3.17862 1.3465
3.17462 1.346
3.17062 1.3455
3.16662 1.345
3.16262 1.3445
3.15862 1.344
3.15462 1.3435
3.15062 1.343
3.14662 1.3425
3.14262 1.342
3.13862 1.3415
3.13462 1.341
3.13062 1.3405
3.12662 1.34
3.12262 1.3395
3.11862 1.339
3.11462 1.3385
3.11062 1.338
3.10662 1.3375
3.10262 1.337
3.09862 1.3365
3.09462 1.336
3.09062 1.3355
3.08662 1.335
3.08262 1.3345
3.07862 1.334
3.07462 1.3335
3.07062 1.333
3.06662 1.3325
3.06262 1.332
3.05862 1.3315
3.05462 1.331
3.05062 1.3305
3.04662 1.33
3.04262 1.3295
3.03862 1.329
3.03462 1.3285
3.03062 1.328
3.02662 1.3275
3.02262 1.327
3.01862 1.3265
3.01462 1.326
3.01062 1.3255
3.00662 1.325
3.00262 1.3245
2.99862 1.324
2.99462 1.3235
2.99062 1.323
2.98662 1.3225
2.98262 1.322
2.97862 1.3215
2.97462 1.321
2.97062 1.3205
2.96662 1.32
2.96262 1.3195
2.95862 1.319
2.95462 1.3185
2.95062 1.318
2.94662 1.3175
2.94262 1.317
2.93862 1.3165
2.93462 1.316
2.93062 1.3155
2.92662 1.315
2.92262 1.3145
2.91862 1.314
2.91462 1.3135
2.91062 1.313
2.90662 1.3125
2.90262 1.312
2.89862 1.3115
2.89462 1.311
2.89062 1.3105
2.88662 1.31
2.88262 1.3095
2.87862 1.309
2.87462 1.3085
2.87062 1.308
2.86662 1.3075
2.86262 1.307
2.85862 1.3065
2.85462 1.306
2.85062 1.3055
2.84662 1.305
2.84262 1.3045
2.83862 1.304
2.83462 1.3035
2.83062 1.303
2.82662 1.3025
2.82262 1.302
2.81862 1.3015
2.81462 1.301
2.81062 1.3005
2.80662 1.3
2.80262 1.2995
2.79862 1.299
2.79462 1.2985
2.79062 1.298
2.78662 1.2975
2.78262 1.297
2.77862 1.2965
2.77462 1.296
2.77062 1.2955
2.76662 1.295
2.76262 1.2945
2.75862 1.294
2.75462 1.2935
2.75062 1.293
2.74662 1.2925
2.74262 1.292
2.73862 1.2915
2.73462 1.291
2.73062 1.2905
2.72662 1.29
2.72262 1.2895
2.71862 1.289
2.71462 1.2885
2.71062 1.288
2.70662 1.2875
2.70262 1.287
2.69862 1.2865
2.69462 1.286
2.69062 1.2855
2.68662 1.285
2.68262 1.2845
2.67862 1.284
2.67462 1.2835
2.67062 1.283
2.66662 1.2825
2.66262 1.282
2.65862 1.2815
2.65462 1.281
2.65062 1.2805
2.64662 1.28
2.64262 1.2795
2.63862 1.279
2.63462 1.2785
2.63062 1.278
2.62662 1.2775
2.62262 1.277
2.61862 1.2765
2.61462 1.276
2.61062 1.2755
2.60662 1.275
2.60262 1.2745
2.59862 1.274
2.59462 1.2735
2.59062 1.273
2.58662 1.2725
2.58262 1.272
2.57862 1.2715
2.57462 1.271
2.57062 1.2705
2.56662 1.27
2.56262 1.2695
2.55862 1.269
2.55462 1.2685
2.55062 1.268
2.54662 1.2675
2.54262 1.267
2.53862 1.2665
2.53462 1.266
2.53062 1.2655
2.52662 1.265
2.52262 1.2645
2.51862 1.264
2.51462 1.2635
2.51062 1.263
2.50662 1.2625
2.50262 1.262
2.49862 1.2615
2.49462 1.261
2.49062 1.2605
2.48662 1.26
2.48262 1.2595
2.47862 1.259
2.47462 1.2585
2.47062 1.258
2.46662 1.2575
2.46262 1.257
2.45862 1.2565
2.45462 1.256
2.45062 1.2555
2.44662 1.255
2.44262 1.2545
2.43862 1.254
2.43462 1.2535
2.43062 1.253
2.42662 1.2525
2.42262 1.252
2.41862 1.2515
2.41462 1.251
2.41062 1.2505
2.40662 1.25
2.40262 1.2495
2.39862 1.249
2.39462 1.2485
2.39062 1.248
2.38662 1.2475
2.38262 1.247
2.37862 1.2465
2.37462 1.246
2.37062 1.2455
2.36662 1.245
2.36262 1.2445
2.35862 1.244
2.35462 1.2435
2.35062 1.243
2.34662 1.2425
2.34262 1.242
2.33862 1.2415
2.33462 1.241
2.33062 1.2405
2.32662 1.24
2.32262 1.2395
2.31862 1.239
2.31462 1.2385
2.31062 1.238
2.30662 1.2375
2.30262 1.237
2.29862 1.2365
2.29462 1.236
2.29062 1.2355
2.28662 1.235
2.28262 1.2345
2.27862 1.234
2.27462 1.2335
2.27062 1.233
2.26662 1.2325
2.26262 1.232
2.25862 1.2315
2.25462 1.231
2.25062 1.2305
2.24662 1.23
2.24262 1.2295
2.23862 1.229
2.23462 1.2285
2.23062 1.228
2.22662 1.2275
2.22262 1.227
2.21862 1.2265
2.21462 1.226
2.21062 1.2255
2.20662 1.225
2.20262 1.2245
2.19862 1.224
2.19462 1.2235
2.19062 1.223
2.18662 1.2225
2.18262 1.222
2.17862 1.2215
2.17462 1.221
2.17062 1.2205
2.16662 1.22
2.16262 1.2195
2.15862 1.219
2.15462 1.2185
2.15062 1.218
2.14662 1.2175
2.14262 1.217
2.13862 1.2165
2.13462 1.216
2.13062 1.2155
2.12662 1.215
2.12262 1.2145
2.11862 1.214
2.11462 1.2135
2.11062 1.213
2.10662 1.2125
2.10262 1.212
2.09862 1.2115
2.09462 1.211
2.09062 1.2105
2.08662 1.21
2.08262 1.2095
2.07862 1.209
2.07462 1.2085
2.07062 1.208
2.06662 1.2075
2.06262 1.207
2.05862 1.2065
2.05462 1.206
2.05062 1.2055
2.04662 1.205
2.04262 1.2045
2.03862 1.204
2.03462 1.2035
2.03062 1.203
2.02662 1.2025
2.02262 1.202
2.01862 1.2015
2.01462 1.201
2.01062 1.2005
2.00662 1.2
2.00262 1.1995
1.99862 1.199
1.99462 1.1985
1.99062 1.198
1.98662 1.1975
1.98262 1.197
1.97862 1.1965
1.97462 1.196
1.97062 1.1955
1.96662 1.195
1.96262 1.1945
1.95862 1.194
1.95462 1.1935
1.95062 1.193
1.94662 1.1925
1.94262 1.192
1.93862 1.1915
1.93462 1.191
1.93062 1.1905
1.92662 1.19
1.92262 1.1895
1.91862 1.189
1.91462 1.1885
1.91062 1.188
1.90662 1.1875
1.90262 1.187
1.89862 1.1865
1.89462 1.186
1.89062 1.1855
1.88662 1.185
1.88262 1.1845
1.87862 1.184
1.87462 1.1835
1.87062 1.183
1.86662 1.1825
1.86262 1.182
1.85862 1.1815
1.85462 1.181
1.85062 1.1805
1.84662 1.18
1.84262 1.1795
1.83862 1.179
1.83462 1.1785
1.83062 1.178
1.82662 1.1775
1.82262 1.177
1.81862 1.1765
1.81462 1.176
1.81062 1.1755
1.80662 1.175
1.80262 1.1745
1.79862 1.174
1.79462 1.1735
1.79062 1.173
1.78662 1.1725
1.78262 1.172
1.77862 1.1715
1.77462 1.171
1.77062 1.1705
1.76662 1.17
1.76262 1.1695
1.75862 1.169
1.75462 1.1685
1.75062 1.168
1.74662 1.1675
1.74262 1.167
1.73862 1.1665
1.73462 1.166
1.73062 1.1655
1.72662 1.165
1.72262 1.1645
1.71862 1.164
1.71462 1.1635
1.71062 1.163
1.70662 1.1625
1.70262 1.162
1.69862 1.1615
1.69462 1.161
1.69062 1.1605
1.68662 1.16
1.68262 1.1595
1.67862 1.159
1.67462 1.1585
1.67062 1.158
1.66662 1.1575
1.66262 1.157
1.65862 1.1565
1.65462 1.156
1.65062 1.1555
1.64662 1.155
1.64262 1.1545
1.63862 1.154
1.63462 1.1535
1.63062 1.153
1.62662 1.1525
1.62262 1.152
1.61862 1.1515
1.61462 1.151
1.61062 1.1505
1.60662 1.15
1.60262 1.1495
1.59862 1.149
1.59462 1.1485
1.59062 1.148
1.58662 1.1475
1.58262 1.147
1.57862 1.1465
1.57462 1.146
1.57062 1.1455
1.56662 1.145
1.56262 1.1445
1.55862 1.144
1.55462 1.1435
1.55062 1.143
1.54662 1.1425
1.54262 1.142
1.53862 1.1415
1.53462 1.141
1.53062 1.1405
1.52662 1.14
1.52262 1.1395
1.51862 1.139
1.51462 1.1385
1.51062 1.138
1.50662 1.1375
1.50262 1.137
1.49862 1.1365
1.49462 1.136
1.49062 1.1355
1.48662 1.135
1.48262 1.1345
1.47862 1.134
1.47462 1.1335
1.47062 1.133
1.46662 1.1325
1.46262 1.132
1.45862 1.1315
1.45462 1.131
1.45062 1.1305
1.44662 1.13
1.44262 1.1295
1.43862 1.129
1.43462 1.1285
1.43062 1.128
1.42662 1.1275
1.42262 1.127
1.41862 1.1265
1.41462 1.126
1.41062 1.1255
1.40662 1.125
1.40262 1.1245
1.39862 1.124
1.39462 1.1235
1.39062 1.123
1.38662 1.1225
1.38262 1.122
1.37862 1.1215
1.37462 1.121
1.37062 1.1205
1.36662 1.12
1.36262 1.1195
1.35862 1.119
1.35462 1.1185
1.35062 1.118
1.34662 1.1175
1.34262 1.117
1.33862 1.1165
1.33462 1.116
1.33062 1.1155
1.32662 1.115
1.32262 1.1145
1.31862 1.114
1.31462 1.1135
1.31062 1.113
1.30662 1.1125
1.30262 1.112
1.29862 1.1115
1.29462 1.111
1.29062 1.1105
1.28662 1.11
1.28262 1.1095
1.27862 1.109
1.27462 1.1085
1.27062 1.108
1.26662 1.1075
1.26262 1.107
1.25862 1.1065
1.25462 1.106
1.25062 1.1055
1.24662 1.105
1.24262 1.1045
1.23862 1.104
1.23462 1.1035
1.23062 1.103
1.22662 1.1025
1.22262 1.102
1.21862 1.1015
1.21462 1.101
1.21062 1.1005
1.20662 1.1
1.20262 1.0995
1.19862 1.099
1.19462 1.0985
1.19062 1.098
1.18662 1.0975
1.18262 1.097
1.17862 1.0965
1.17462 1.096
1.17062 1.0955
1.16662 1.095
1.16262 1.0945
1.15862 1.094
1.15462 1.0935
1.15062 1.093
1.14662 1.0925
1.14262 1.092
1.13862 1.0915
1.13462 1.091
1.13062 1.0905
1.12662 1.09
1.12262 1.0895
1.11862 1.089
1.11462 1.0885
1.11062 1.088
1.10662 1.0875
1.10262 1.087
1.09862 1.0865
1.09462 1.086
1.09062 1.0855
1.08662 1.085
1.08262 1.0845
1.07862 1.084
1.07462 1.0835
1.07062 1.083
1.06662 1.0825
1.06262 1.082
1.05862 1.0815
1.05462 1.081
1.05062 1.0805
1.04662 1.08
1.04262 1.0795
1.03862 1.079
1.03462 1.0785
1.03062 1.078
1.02662 1.0775
1.02262 1.077
1.01862 1.0765
1.01462 1.076
1.01062 1.0755
1.00662 1.075
1.00262 1.0745
0.998625 1.074
0.994625 1.0735
0.990625 1.073
0.986625 1.0725
0.982625 1.072
0.978625 1.0715
0.974625 1.071
0.970625 1.0705
0.966625 1.07
0.962625 1.0695
0.958625 1.069
0.954625 1.0685
0.950625 1.068
0.946625 1.0675
0.942625 1.067
0.938625 1.0665
0.934625 1.066
0.930625 1.0655
0.926625 1.065
0.922625 1.0645
0.918625 1.064
0.914625 1.0635
0.910625 1.063
0.906625 1.0625
0.902625 1.062
0.898625 1.0615
0.894625 1.061
0.890625 1.0605
0.886625 1.06
0.882625 1.0595
0.878625 1.059
0.874625 1.0585
0.870625 1.058
0.866625 1.0575
0.862625 1.057
0.858625 1.0565
0.854625 1.056
0.850625 1.0555
0.846625 1.055
0.842625 1.0545
0.838625 1.054
0.834625 1.0535
0.830625 1.053
0.826625 1.0525
0.822625 1.052
0.818625 1.0515
0.814625 1.051
0.810625 1.0505
0.806625 1.05
0.802625 1.0495
0.798625 1.049
0.794625 1.0485
0.790625 1.048
0.786625 1.0475
0.782625 1.047
0.778625 1.0465
0.774625 1.046
0.770625 1.0455
0.766625 1.045
0.762625 1.0445
0.758625 1.044
0.754625 1.0435
0.750625 1.043
0.746625 1.0425
0.742625 1.042
0.738625 1.0415
0.734625 1.041
0.730625 1.0405
0.726625 1.04
0.722625 1.0395
0.718625 1.039
0.714625 1.0385
0.710625 1.038
0.706625 1.0375
0.702625 1.037
0.698625 1.0365
0.694625 1.036
0.690625 1.0355
0.686625 1.035
0.682625 1.0345
0.678625 1.034
0.674625 1.0335
0.670625 1.033
0.666625 1.0325
0.662625 1.032
0.658625 1.0315
0.654625 1.031
0.650625 1.0305
0.646625 1.03
0.642625 1.0295
0.638625 1.029
0.634625 1.0285
0.630625 1.028
0.626625 1.0275
0.622625 1.027
0.618625 1.0265
0.614625 1.026
0.610625 1.0255
0.606625 1.025
0.602625 1.0245
0.598625 1.024
0.594625 1.0235
0.590625 1.023
0.586625 1.0225
0.582625 1.022
0.578625 1.0215
0.574625 1.021
0.570625 1.0205
0.566625 1.02
0.562625 1.0195
0.558625 1.019
0.554625 1.0185
0.550625 1.018
0.546625 1.0175
0.542625 1.017
0.538625 1.0165
0.534625 1.016
0.530625 1.0155
0.526625 1.015
0.522625 1.0145
0.518625 1.014
0.514625 1.0135
0.510625 1.013
0.506625 1.0125
0.502625 1.012
0.498625 1.0115
0.494625 1.011
0.490625 1.0105
0.486625 1.01
0.482625 1.0095
0.478625 1.009
0.474625 1.0085
0.470625 1.008
0.466625 1.0075
0.462625 1.007
0.458625 1.0065
0.454625 1.006
0.450625 1.0055
0.446625 1.005
0.442625 1.0045
0.438625 1.004
0.434625 1.0035
0.430625 1.003
0.426625 1.0025
0.422625 1.002
0.418625 1.0015
0.414625 1.001
0.413625 1.0005
0.414625 1
