Man
0 0
0 0.001
0 0.002
0 0.003
0 0.004
0 0.005
0 0.006
0 0.007
0 0.008
0 0.009
0 0.01
0 0.011
0 0.012
0 0.013
0 0.014
0 0.015
0 0.016
0 0.017
0 0.018
0 0.019
0 0.02
0 0.021
0 0.022
0 0.023
0 0.024
0 0.025
0 0.026
0 0.027
0 0.028
0 0.029
0 0.03
0 0.031
0 0.032
0 0.033
0 0.034
0 0.035
0 0.036
0 0.037
0 0.038
0 0.039
0 0.04
0 0.041
0 0.042
0 0.043
0 0.044
0 0.045
0 0.046
0 0.047
0 0.048
0 0.049
0 0.05
0 0.051
0 0.052
0 0.053
0 0.054
0 0.055
0 0.056
0 0.057
0 0.058
0 0.059
0 0.06
0 0.061
0 0.062
0 0.063
0 0.064
0 0.065
0 0.066
0 0.067
0 0.068
0 0.069
0 0.07
0 0.071
0 0.072
0 0.073
0 0.074
0 0.075
0 0.076
0 0.077
0 0.078
0 0.079
0 0.08
0 0.081
0 0.082
0 0.083
0 0.084
0 0.085
0 0.086
-0.392699 0.087
-0.392699 0.088
-0.392699 0.089
-0.392699 0.09
-0.392699 0.091
-0.392699 0.092
-0.392699 0.093
-0.392699 0.094
-0.392699 0.095
-0.392699 0.096
-0.589049 0.097
-0.589049 0.098
-0.589049 0.099
-0.687031 0.1
-0.687031 0.101
-0.687031 0.102
-0.687031 0.103
-0.687031 0.104
-0.687031 0.105
-0.687031 0.106
-0.687031 0.107
-0.687031 0.108
-0.687031 0.109
-0.687031 0.11
-0.687031 0.111
-0.785206 0.112
-0.736118 0.113
-0.736118 0.114
-0.736118 0.115
-0.736118 0.116
-0.736118 0.117
-0.736118 0.118
-0.711574 0.119
-0.687031 0.12
-0.687031 0.121
-0.662487 0.122
-0.637943 0.123
-0.637943 0.124
-0.637943 0.125
-0.6134 0.126
-0.6134 0.127
-0.6134 0.128
-0.637943 0.129
-0.637943 0.13
-0.637943 0.131
-0.6134 0.132
-0.6134 0.133
-0.6134 0.134
-0.588856 0.135
-0.588856 0.136
-0.588856 0.137
-0.564736 0.138
-0.552464 0.139
-0.540192 0.14
-0.540192 0.141
-0.52792 0.142
-0.521784 0.143
-0.515648 0.144
-0.509512 0.145
-0.503376 0.146
-0.497241 0.147
-0.491105 0.148
-0.484969 0.149
-0.478833 0.15
-0.478833 0.151
-0.478833 0.152
-0.478833 0.153
-0.478833 0.154
-0.478833 0.155
-0.478833 0.156
-0.478833 0.157
-0.478833 0.158
-0.478833 0.159
-0.478833 0.16
-0.478833 0.161
-0.478833 0.162
-0.478833 0.163
-0.478833 0.164
-0.478833 0.165
-0.478833 0.166
-0.478833 0.167
-0.478833 0.168
-0.478833 0.169
-0.478833 0.17
-0.478833 0.171
-0.478833 0.172
-0.478833 0.173
-0.478833 0.174
-0.478833 0.175
-0.478833 0.176
-0.478833 0.177
-0.478833 0.178
-0.478833 0.179
-0.478833 0.18
-0.478833 0.181
-0.478833 0.182
-0.478833 0.183
-0.478833 0.184
-0.478833 0.185
-0.478833 0.186
-0.478833 0.187
-0.478833 0.188
-0.478833 0.189
-0.478833 0.19
-0.478833 0.191
-0.478833 0.192
-0.478833 0.193
-0.478833 0.194
-0.478833 0.195
-0.478833 0.196
-0.478833 0.197
-0.478833 0.198
-0.478833 0.199
-0.478833 0.2
-0.478833 0.201
-0.478833 0.202
-0.478833 0.203
-0.478833 0.204
-0.478833 0.205
-0.478833 0.206
-0.478833 0.207
-0.478833 0.208
-0.478833 0.209
-0.478833 0.21
-0.478833 0.211
-0.478833 0.212
-0.478833 0.213
-0.478833 0.214
-0.478833 0.215
-0.478833 0.216
-0.478833 0.217
-0.478833 0.218
-0.478833 0.219
-0.478833 0.22
-0.478833 0.221
-0.478833 0.222
-0.478833 0.223
-0.478833 0.224
-0.478833 0.225
-0.478833 0.226
-0.478833 0.227
-0.478833 0.228
-0.478833 0.229
-0.478833 0.23
-0.478833 0.231
-0.478833 0.232
-0.478833 0.233
-0.478833 0.234
-0.478833 0.235
-0.478833 0.236
-0.478833 0.237
-0.478833 0.238
-0.478833 0.239
-0.478833 0.24
-0.478833 0.241
-0.478833 0.242
-0.478833 0.243
-0.478833 0.244
-0.478833 0.245
-0.478833 0.246
-0.478833 0.247
-0.478833 0.248
-0.478833 0.249
-0.478833 0.25
-0.478833 0.251
-0.478833 0.252
-0.478833 0.253
-0.478833 0.254
-0.478833 0.255
-0.478833 0.256
-0.478833 0.257
-0.478833 0.258
-0.478833 0.259
-0.478833 0.26
-0.478833 0.261
-0.478833 0.262
-0.478833 0.263
-0.478833 0.264
-0.478833 0.265
-0.478833 0.266
-0.478833 0.267
-0.478833 0.268
-0.478833 0.269
-0.478833 0.27
-0.478833 0.271
-0.478833 0.272
-0.478833 0.273
-0.478833 0.274
-0.478833 0.275
-0.478833 0.276
-0.478833 0.277
-0.478833 0.278
-0.478833 0.279
-0.478833 0.28
-0.478833 0.281
-0.478833 0.282
-0.478833 0.283
-0.478833 0.284
-0.478833 0.285
-0.478833 0.286
-0.478833 0.287
-0.478833 0.288
-0.478833 0.289
-0.478833 0.29
-0.478833 0.291
-0.478833 0.292
-0.478833 0.293
-0.478833 0.294
-0.478833 0.295
-0.478833 0.296
-0.478833 0.297
-0.478833 0.298
-0.478833 0.299
-0.478833 0.3
-0.478833 0.301
-0.478833 0.302
-0.478833 0.303
-0.478833 0.304
-0.478833 0.305
-0.478833 0.306
-0.478833 0.307
-0.478833 0.308
-0.478833 0.309
-0.478833 0.31
-0.478833 0.311
-0.478833 0.312
-0.478833 0.313
-0.478833 0.314
-0.478833 0.315
-0.478833 0.316
-0.478833 0.317
-0.478833 0.318
-0.478833 0.319
-0.478833 0.32
-0.478833 0.321
-0.478833 0.322
-0.478833 0.323
-0.478833 0.324
-0.478833 0.325
-0.478833 0.326
-0.478833 0.327
-0.478833 0.328
-0.478833 0.329
-0.478833 0.33
-0.478833 0.331
-0.478833 0.332
-0.478833 0.333
-0.478833 0.334
-0.478833 0.335
-0.478833 0.336
-0.478833 0.337
-0.478833 0.338
-0.478833 0.339
-0.478833 0.34
-0.478833 0.341
-0.478833 0.342
-0.478833 0.343
-0.478833 0.344
-0.478833 0.345
-0.478833 0.346
-0.478833 0.347
-0.478833 0.348
-0.478833 0.349
-0.478833 0.35
-0.478833 0.351
-0.478833 0.352
-0.478833 0.353
-0.478833 0.354
-0.478833 0.355
-0.478833 0.356
-0.478833 0.357
-0.478833 0.358
-0.478833 0.359
-0.478833 0.36
-0.478833 0.361
-0.478833 0.362
-0.478833 0.363
-0.478833 0.364
-0.478833 0.365
-0.478833 0.366
-0.478833 0.367
-0.478833 0.368
-0.478833 0.369
-0.478833 0.37
-0.478833 0.371
-0.478833 0.372
-0.478833 0.373
-0.478833 0.374
-0.478833 0.375
-0.478833 0.376
-0.478833 0.377
-0.478833 0.378
-0.478833 0.379
-0.478833 0.38
-0.478833 0.381
-0.478833 0.382
-0.478833 0.383
-0.478833 0.384
-0.478833 0.385
-0.478833 0.386
-0.478833 0.387
-0.478833 0.388
-0.478833 0.389
-0.478833 0.39
-0.478833 0.391
-0.478833 0.392
-0.478833 0.393
-0.478833 0.394
-0.478833 0.395
-0.478833 0.396
-0.478833 0.397
-0.478833 0.398
-0.478833 0.399
-0.478833 0.4
-0.478833 0.401
-0.478833 0.402
-0.478833 0.403
-0.478833 0.404
-0.478833 0.405
-0.478833 0.406
-0.478833 0.407
-0.478833 0.408
-0.478833 0.409
-0.478833 0.41
-0.478833 0.411
-0.478833 0.412
-0.478833 0.413
-0.478833 0.414
-0.478833 0.415
-0.478833 0.416
-0.478833 0.417
-0.478833 0.418
-0.478833 0.419
-0.478833 0.42
-0.478833 0.421
-0.478833 0.422
-0.478833 0.423
-0.478833 0.424
-0.478833 0.425
-0.478833 0.426
-0.478833 0.427
-0.478833 0.428
-0.478833 0.429
-0.478833 0.43
-0.478833 0.431
-0.478833 0.432
-0.478833 0.433
-0.478833 0.434
-0.478833 0.435
-0.478833 0.436
-0.478833 0.437
-0.478833 0.438
-0.478833 0.439
-0.478833 0.44
-0.478833 0.441
-0.478833 0.442
-0.478833 0.443
-0.478833 0.444
-0.478833 0.445
-0.478833 0.446
-0.478833 0.447
-0.478833 0.448
-0.478833 0.449
-0.478833 0.45
-0.478833 0.451
-0.478833 0.452
-0.478833 0.453
-0.478833 0.454
-0.478833 0.455
-0.478833 0.456
-0.478833 0.457
-0.478833 0.458
-0.478833 0.459
-0.478833 0.46
-0.478833 0.461
-0.478833 0.462
-0.478833 0.463
-0.478833 0.464
-0.478833 0.465
-0.478833 0.466
-0.478833 0.467
-0.478833 0.468
-0.478833 0.469
-0.478833 0.47
-0.478833 0.471
-0.478833 0.472
-0.478833 0.473
-0.478833 0.474
-0.478833 0.475
-0.478833 0.476
-0.478833 0.477
-0.478833 0.478
-0.478833 0.479
-0.478833 0.48
-0.478833 0.481
-0.478833 0.482
-0.478833 0.483
-0.478833 0.484
-0.478833 0.485
-0.478833 0.486
-0.478833 0.487
-0.478833 0.488
-0.478833 0.489
-0.478833 0.49
-0.478833 0.491
-0.478833 0.492
-0.478833 0.493
-0.478833 0.494
-0.478833 0.495
-0.478833 0.496
-0.478833 0.497
-0.478833 0.498
-0.478833 0.499
-0.478833 0.5
-0.478833 0.501
-0.478833 0.502
-0.478833 0.503
-0.478833 0.504
-0.478833 0.505
-0.478833 0.506
-0.478833 0.507
-0.478833 0.508
-0.478833 0.509
-0.478833 0.51
-0.478833 0.511
-0.478833 0.512
-0.478833 0.513
-0.478833 0.514
-0.478833 0.515
-0.478833 0.516
-0.478833 0.517
-0.478833 0.518
-0.478833 0.519
-0.478833 0.52
-0.478833 0.521
-0.478833 0.522
-0.478833 0.523
-0.478833 0.524
-0.478833 0.525
-0.478833 0.526
-0.478833 0.527
-0.478833 0.528
-0.478833 0.529
-0.478833 0.53
-0.478833 0.531
-0.478833 0.532
-0.478833 0.533
-0.478833 0.534
-0.478833 0.535
-0.478833 0.536
-0.478833 0.537
-0.478833 0.538
-0.478833 0.539
-0.478833 0.54
-0.478833 0.541
-0.478833 0.542
-0.478833 0.543
-0.478833 0.544
-0.478833 0.545
-0.478833 0.546
-0.478833 0.547
-0.478833 0.548
-0.478833 0.549
-0.478833 0.55
-0.478833 0.551
-0.478833 0.552
-0.478833 0.553
-0.478833 0.554
-0.478833 0.555
-0.478833 0.556
-0.478833 0.557
-0.478833 0.558
-0.478833 0.559
-0.478833 0.56
-0.478833 0.561
-0.478833 0.562
-0.478833 0.563
-0.478833 0.564
-0.478833 0.565
-0.478833 0.566
-0.478833 0.567
-0.478833 0.568
-0.478833 0.569
-0.478833 0.57
-0.478833 0.571
-0.478833 0.572
-0.478833 0.573
-0.478833 0.574
-0.478833 0.575
-0.478833 0.576
-0.478833 0.577
-0.478833 0.578
-0.478833 0.579
-0.478833 0.58
-0.478833 0.581
-0.478833 0.582
-0.478833 0.583
-0.478833 0.584
-0.478833 0.585
-0.478833 0.586
-0.478833 0.587
-0.478833 0.588
-0.478833 0.589
-0.478833 0.59
-0.478833 0.591
-0.478833 0.592
-0.478833 0.593
-0.478833 0.594
-0.478833 0.595
-0.478833 0.596
-0.478833 0.597
-0.478833 0.598
-0.478833 0.599
-0.478833 0.6
-0.478833 0.601
-0.478833 0.602
-0.478833 0.603
-0.478833 0.604
-0.478833 0.605
-0.478833 0.606
-0.478833 0.607
-0.478833 0.608
-0.478833 0.609
-0.478833 0.61
-0.478833 0.611
-0.478833 0.612
-0.478833 0.613
-0.478833 0.614
-0.478833 0.615
-0.478833 0.616
-0.478833 0.617
-0.478833 0.618
-0.478833 0.619
-0.478833 0.62
-0.478833 0.621
-0.478833 0.622
-0.478833 0.623
-0.478833 0.624
-0.478833 0.625
-0.478833 0.626
-0.478833 0.627
-0.478833 0.628
-0.478833 0.629
-0.478833 0.63
-0.478833 0.631
-0.478833 0.632
-0.478833 0.633
-0.478833 0.634
-0.478833 0.635
-0.478833 0.636
-0.478833 0.637
-0.478833 0.638
-0.478833 0.639
-0.478833 0.64
-0.478833 0.641
-0.478833 0.642
-0.478833 0.643
-0.478833 0.644
-0.478833 0.645
-0.478833 0.646
-0.478833 0.647
-0.478833 0.648
-0.478833 0.649
-0.478833 0.65
-0.478833 0.651
-0.478833 0.652
-0.478833 0.653
-0.478833 0.654
-0.478833 0.655
-0.478833 0.656
-0.478833 0.657
-0.478833 0.658
-0.478833 0.659
-0.478833 0.66
-0.478833 0.661
-0.478833 0.662
-0.478833 0.663
-0.478833 0.664
-0.478833 0.665
-0.478833 0.666
-0.478833 0.667
-0.478833 0.668
-0.478833 0.669
-0.478833 0.67
-0.478833 0.671
-0.478833 0.672
-0.478833 0.673
-0.478833 0.674
-0.478833 0.675
-0.478833 0.676
-0.478833 0.677
-0.478833 0.678
-0.478833 0.679
-0.478833 0.68
-0.478833 0.681
-0.478833 0.682
-0.478833 0.683
-0.478833 0.684
-0.478833 0.685
-0.478833 0.686
-0.478833 0.687
-0.478833 0.688
-0.478833 0.689
-0.478833 0.69
-0.478833 0.691
-0.478833 0.692
-0.478833 0.693
-0.478833 0.694
-0.478833 0.695
-0.478833 0.696
-0.478833 0.697
-0.478833 0.698
-0.478833 0.699
-0.478833 0.7
-0.478833 0.701
-0.478833 0.702
-0.478833 0.703
-0.478833 0.704
-0.478833 0.705
-0.478833 0.706
-0.478833 0.707
-0.478833 0.708
-0.478833 0.709
-0.478833 0.71
-0.478833 0.711
-0.478833 0.712
-0.478833 0.713
-0.478833 0.714
-0.478833 0.715
-0.478833 0.716
-0.478833 0.717
-0.478833 0.718
-0.478833 0.719
-0.478833 0.72
-0.478833 0.721
-0.478833 0.722
-0.478833 0.723
-0.478833 0.724
-0.478833 0.725
-0.478833 0.726
-0.478833 0.727
-0.478833 0.728
-0.478833 0.729
-0.478833 0.73
-0.478833 0.731
-0.478833 0.732
-0.478833 0.733
-0.478833 0.734
-0.478833 0.735
-0.478833 0.736
-0.478833 0.737
-0.478833 0.738
-0.478833 0.739
-0.478833 0.74
-0.478833 0.741
-0.478833 0.742
-0.478833 0.743
-0.478833 0.744
-0.478833 0.745
-0.478833 0.746
-0.478833 0.747
-0.478833 0.748
-0.478833 0.749
-0.478833 0.75
-0.478833 0.751
-0.478833 0.752
-0.478833 0.753
-0.478833 0.754
-0.478833 0.755
-0.478833 0.756
-0.478833 0.757
-0.478833 0.758
-0.478833 0.759
-0.478833 0.76
-0.478833 0.761
-0.478833 0.762
-0.478833 0.763
-0.478833 0.764
-0.478833 0.765
-0.478833 0.766
-0.478833 0.767
-0.478833 0.768
-0.478833 0.769
-0.478833 0.77
-0.478833 0.771
-0.478833 0.772
-0.478833 0.773
-0.478833 0.774
-0.478833 0.775
-0.478833 0.776
-0.478833 0.777
-0.478833 0.778
-0.478833 0.779
-0.478833 0.78
-0.478833 0.781
-0.478833 0.782
-0.478833 0.783
-0.478833 0.784
-0.478833 0.785
-0.478833 0.786
-0.478833 0.787
-0.478833 0.788
-0.478833 0.789
-0.478833 0.79
-0.478833 0.791
-0.478833 0.792
-0.478833 0.793
-0.478833 0.794
-0.478833 0.795
-0.478833 0.796
-0.478833 0.797
-0.478833 0.798
-0.478833 0.799
-0.478833 0.8
-0.478833 0.801
-0.478833 0.802
-0.478833 0.803
-0.478833 0.804
-0.478833 0.805
-0.478833 0.806
-0.478833 0.807
-0.478833 0.808
-0.478833 0.809
-0.478833 0.81
-0.478833 0.811
-0.478833 0.812
-0.478833 0.813
-0.478833 0.814
-0.478833 0.815
-0.478833 0.816
-0.478833 0.817
-0.478833 0.818
-0.478833 0.819
-0.478833 0.82
-0.478833 0.821
-0.478833 0.822
-0.478833 0.823
-0.478833 0.824
-0.478833 0.825
-0.478833 0.826
-0.478833 0.827
-0.478833 0.828
-0.478833 0.829
-0.478833 0.83
-0.478833 0.831
-0.479833 0.832
-0.480833 0.833
-0.481833 0.834
-0.482833 0.835
-0.483833 0.836
-0.484833 0.837
-0.485833 0.838
-0.486833 0.839
-0.487833 0.84
-0.488833 0.841
-0.489833 0.842
-0.490833 0.843
-0.491833 0.844
-0.492833 0.845
-0.493833 0.846
-0.494833 0.847
-0.495833 0.848
-0.496833 0.849
-0.497833 0.85
-0.498833 0.851
-0.499833 0.852
-0.500833 0.853
-0.501833 0.854
-0.502833 0.855
-0.503833 0.856
-0.504833 0.857
-0.505833 0.858
-0.506834 0.859
-0.507834 0.86
-0.508834 0.861
-0.509834 0.862
-0.510834 0.863
-0.511834 0.864
-0.512834 0.865
-0.513834 0.866
-0.514834 0.867
-0.515834 0.868
-0.516834 0.869
-0.517834 0.87
-0.518834 0.871
-0.519834 0.872
-0.520834 0.873
-0.521834 0.874
-0.522834 0.875
-0.523834 0.876
-0.524834 0.877
-0.525834 0.878
-0.526834 0.879
-0.527834 0.88
-0.528834 0.881
-0.529834 0.882
-0.530834 0.883
-0.531834 0.884
-0.532834 0.885
-0.533834 0.886
-0.534834 0.887
-0.535834 0.888
-0.536834 0.889
-0.537834 0.89
-0.538834 0.891
-0.539834 0.892
-0.540834 0.893
-0.541834 0.894
-0.542835 0.895
-0.543835 0.896
-0.544835 0.897
-0.545835 0.898
-0.546835 0.899
-0.547835 0.9
-0.548835 0.901
-0.549835 0.902
-0.550835 0.903
-0.551835 0.904
-0.552835 0.905
-0.553835 0.906
-0.554835 0.907
-0.555835 0.908
-0.556835 0.909
-0.557835 0.91
-0.558835 0.911
-0.559835 0.912
-0.560835 0.913
-0.561835 0.914
-0.562835 0.915
-0.563835 0.916
-0.564835 0.917
-0.565835 0.918
-0.566835 0.919
-0.567835 0.92
-0.568835 0.921
-0.569835 0.922
-0.570835 0.923
-0.571835 0.924
-0.572835 0.925
-0.573835 0.926
-0.574835 0.927
-0.575835 0.928
-0.576835 0.929
-0.577835 0.93
-0.578835 0.931
-0.579836 0.932
-0.580836 0.933
-0.581836 0.934
-0.582836 0.935
-0.583836 0.936
-0.584836 0.937
-0.585836 0.938
-0.586836 0.939
-0.587836 0.94
-0.588836 0.941
-0.589836 0.942
-0.590836 0.943
-0.591836 0.944
-0.592836 0.945
-0.593836 0.946
-0.594836 0.947
-0.595836 0.948
-0.596836 0.949
-0.597836 0.95
-0.598836 0.951
-0.599836 0.952
-0.600836 0.953
-0.601836 0.954
-0.602836 0.955
-0.603836 0.956
-0.604836 0.957
-0.605836 0.958
-0.606836 0.959
-0.607836 0.96
-0.608836 0.961
-0.609836 0.962
-0.610836 0.963
-0.611836 0.964
-0.612836 0.965
-0.613836 0.966
-0.614836 0.967
-0.615837 0.968
-0.616837 0.969
-0.617837 0.97
-0.618837 0.971
-0.619837 0.972
-0.620837 0.973
-0.621837 0.974
-0.622837 0.975
-0.623837 0.976
-0.624837 0.977
-0.625837 0.978
-0.626837 0.979
-0.627837 0.98
-0.628837 0.981
-0.629837 0.982
-0.630837 0.983
-0.631837 0.984
-0.632837 0.985
-0.633837 0.986
-0.634837 0.987
-0.635837 0.988
-0.636837 0.989
-0.637837 0.99
-0.638837 0.991
-0.639837 0.992
-0.640837 0.993
-0.641837 0.994
-0.642837 0.995
-0.643837 0.996
-0.644837 0.997
-0.645837 0.998
-0.646837 0.999
-0.645837 1


Shark
3.14159 1.5
3.13699 1.4995
3.13239 1.499
3.12779 1.4985
3.12319 1.498
3.11859 1.4975
3.11399 1.497
3.10939 1.4965
3.10479 1.496
3.10019 1.4955
3.09559 1.495
3.09099 1.4945
3.08639 1.494
3.08179 1.4935
3.07719 1.493
3.07259 1.4925
3.06799 1.492
3.06339 1.4915
3.05879 1.491
3.05419 1.4905
3.04959 1.49
3.04499 1.4895
3.04039 1.489
3.03579 1.4885
3.03119 1.488
3.02659 1.4875
3.02199 1.487
3.01739 1.4865
3.01279 1.486
3.00819 1.4855
3.00359 1.485
2.99899 1.4845
2.99439 1.484
2.98979 1.4835
2.98519 1.483
2.98059 1.4825
2.97599 1.482
2.97139 1.4815
2.96679 1.481
2.96219 1.4805
2.95759 1.48
2.95299 1.4795
2.94839 1.479
2.94379 1.4785
2.93919 1.478
2.93459 1.4775
2.92999 1.477
2.92539 1.4765
2.92079 1.476
2.91619 1.4755
2.91159 1.475
2.90699 1.4745
2.90239 1.474
2.89779 1.4735
2.89319 1.473
2.88859 1.4725
2.88399 1.472
2.87939 1.4715
2.87479 1.471
2.87019 1.4705
2.86559 1.47
2.86099 1.4695
2.85639 1.469
2.85179 1.4685
2.84719 1.468
2.84259 1.4675
2.83799 1.467
2.83339 1.4665
2.82879 1.466
2.82419 1.4655
2.81959 1.465
2.81499 1.4645
2.81039 1.464
2.80579 1.4635
2.80119 1.463
2.79659 1.4625
2.79199 1.462
2.78739 1.4615
2.78279 1.461
2.77819 1.4605
2.77359 1.46
2.76899 1.4595
2.76439 1.459
2.75979 1.4585
2.75519 1.458
2.75059 1.4575
2.74599 1.457
2.59067 1.4565
2.58607 1.456
2.58147 1.4555
2.57687 1.455
2.57227 1.4545
2.56767 1.454
2.56307 1.4535
2.55847 1.453
2.55387 1.4525
2.54927 1.452
2.46213 1.4515
2.45753 1.451
2.45293 1.4505
2.40787 1.45
2.40327 1.4495
2.39867 1.449
2.39407 1.4485
2.38947 1.448
2.38487 1.4475
2.38027 1.447
2.37567 1.4465
2.37107 1.446
2.36647 1.4455
2.36187 1.445
2.35727 1.4445
2.40781 1.444
2.43363 1.4435
2.43823 1.443
2.44283 1.4425
2.44743 1.442
2.45203 1.4415
2.45663 1.441
2.47077 1.4405
2.48503 1.44
2.48963 1.4395
2.5041 1.439
2.51867 1.4385
2.52327 1.438
2.52787 1.4375
2.51297 1.437
2.50837 1.4365
2.50377 1.436
2.51899 1.4355
2.52359 1.435
2.52819 1.4345
2.54374 1.434
2.54834 1.4335
2.55294 1.433
2.5688 1.4325
2.5734 1.432
2.578 1.4315
2.59394 1.431
2.60301 1.4305
2.61213 1.43
2.61673 1.4295
2.62594 1.429
2.63205 1.4285
2.63818 1.428
2.64433 1.4275
2.6505 1.427
2.65668 1.4265
2.66289 1.426
2.66911 1.4255
2.67535 1.425
2.67995 1.4245
2.68455 1.424
2.68915 1.4235
2.69375 1.423
2.69835 1.4225
2.70295 1.422
2.70755 1.4215
2.71215 1.421
2.71675 1.4205
2.72135 1.42
2.72595 1.4195
2.73055 1.419
2.73515 1.4185
2.73975 1.418
2.74435 1.4175
2.74895 1.417
2.75355 1.4165
2.75815 1.416
2.76275 1.4155
2.76735 1.415
2.77195 1.4145
2.77655 1.414
2.78115 1.4135
2.78575 1.413
2.79035 1.4125
2.79495 1.412
2.79955 1.4115
2.80415 1.411
2.80875 1.4105
2.81335 1.41
2.81795 1.4095
2.82255 1.409
2.82715 1.4085
2.83175 1.408
2.83635 1.4075
2.84095 1.407
2.84555 1.4065
2.85015 1.406
2.85475 1.4055
2.85935 1.405
2.86395 1.4045
2.86855 1.404
2.87315 1.4035
2.87775 1.403
2.88235 1.4025
2.88695 1.402
2.89155 1.4015
2.89615 1.401
2.90075 1.4005
2.90535 1.4
2.90995 1.3995
2.91455 1.399
2.91915 1.3985
2.92375 1.398
2.92835 1.3975
2.93295 1.397
2.93755 1.3965
2.94215 1.396
2.94675 1.3955
2.95135 1.395
2.95595 1.3945
2.96055 1.394
2.96515 1.3935
2.96975 1.393
2.97435 1.3925
2.97895 1.392
2.98355 1.3915
2.98815 1.391
2.99275 1.3905
2.99735 1.39
3.00195 1.3895
3.00655 1.389
3.01115 1.3885
3.01575 1.388
3.02035 1.3875
3.02495 1.387
3.02955 1.3865
3.03415 1.386
3.03875 1.3855
3.04335 1.385
3.04795 1.3845
3.05255 1.384
3.05715 1.3835
3.06175 1.383
3.06635 1.3825
3.07095 1.382
3.07555 1.3815
3.08015 1.381
3.08475 1.3805
3.08935 1.38
3.09395 1.3795
3.09855 1.379
3.10315 1.3785
3.10775 1.378
3.11235 1.3775
3.11695 1.377
3.12155 1.3765
3.12615 1.376
3.13075 1.3755
3.13535 1.375
3.13995 1.3745
3.14455 1.374
3.14915 1.3735
3.15375 1.373
3.15835 1.3725
3.16295 1.372
3.16755 1.3715
3.17215 1.371
3.17675 1.3705
3.18135 1.37
3.18595 1.3695
3.19055 1.369
3.19515 1.3685
3.19975 1.368
3.20435 1.3675
3.20895 1.367
3.21355 1.3665
3.21815 1.366
3.22275 1.3655
3.22735 1.365
3.23195 1.3645
3.23655 1.364
3.24115 1.3635
3.24575 1.363
3.25035 1.3625
3.25495 1.362
3.25955 1.3615
3.26415 1.361
3.26875 1.3605
3.27335 1.36
3.27795 1.3595
3.28255 1.359
3.28715 1.3585
3.29175 1.358
3.29635 1.3575
3.30095 1.357
3.30555 1.3565
3.31015 1.356
3.31475 1.3555
3.31935 1.355
3.32395 1.3545
3.32855 1.354
3.33315 1.3535
3.33775 1.353
3.34235 1.3525
3.34695 1.352
3.35155 1.3515
3.35615 1.351
3.36075 1.3505
3.36535 1.35
3.36995 1.3495
3.37455 1.349
3.37915 1.3485
3.38375 1.348
3.38835 1.3475
3.39295 1.347
3.39755 1.3465
3.40215 1.346
3.40675 1.3455
3.41135 1.345
3.41595 1.3445
3.42055 1.344
3.42515 1.3435
3.42975 1.343
3.43435 1.3425
3.43895 1.342
3.44355 1.3415
3.44815 1.341
3.45275 1.3405
3.45735 1.34
3.46195 1.3395
3.46655 1.339
3.47115 1.3385
3.47575 1.338
3.48035 1.3375
3.48495 1.337
3.48955 1.3365
3.49415 1.336
3.49875 1.3355
3.50335 1.335
3.50795 1.3345
3.51255 1.334
3.51715 1.3335
3.52175 1.333
3.52635 1.3325
3.53095 1.332
3.53555 1.3315
3.54015 1.331
3.54475 1.3305
3.54935 1.33
3.55395 1.3295
3.55855 1.329
3.56315 1.3285
3.56775 1.328
3.57235 1.3275
3.57695 1.327
3.58155 1.3265
3.58615 1.326
3.59075 1.3255
3.59535 1.325
3.59995 1.3245
3.60455 1.324
3.60915 1.3235
3.61375 1.323
3.61835 1.3225
3.62295 1.322
3.62755 1.3215
3.63215 1.321
3.63675 1.3205
3.64135 1.32
3.64595 1.3195
3.65055 1.319
3.65515 1.3185
3.65975 1.318
3.66435 1.3175
3.66895 1.317
3.67355 1.3165
3.67815 1.316
3.68275 1.3155
3.68735 1.315
3.69195 1.3145
3.69655 1.314
3.70115 1.3135
3.70575 1.313
3.71035 1.3125
3.71495 1.312
3.71955 1.3115
3.72415 1.311
3.72875 1.3105
3.73335 1.31
3.73795 1.3095
3.74255 1.309
3.74715 1.3085
3.75175 1.308
3.75635 1.3075
3.76095 1.307
3.76555 1.3065
3.77015 1.306
3.77475 1.3055
3.77935 1.305
3.78395 1.3045
3.78855 1.304
3.79315 1.3035
3.79775 1.303
3.80235 1.3025
3.80695 1.302
3.81155 1.3015
3.81615 1.301
3.82075 1.3005
3.82535 1.3
3.82995 1.2995
3.83455 1.299
3.83915 1.2985
3.84375 1.298
3.84835 1.2975
3.85295 1.297
3.85755 1.2965
3.86215 1.296
3.86675 1.2955
3.87135 1.295
3.87595 1.2945
3.88055 1.294
3.88515 1.2935
3.88975 1.293
3.89435 1.2925
3.89895 1.292
3.90355 1.2915
3.90815 1.291
3.91275 1.2905
3.91735 1.29
3.92195 1.2895
3.92655 1.289
3.93115 1.2885
3.93575 1.288
3.94035 1.2875
3.94495 1.287
3.94955 1.2865
3.95415 1.286
3.95875 1.2855
3.96335 1.285
3.96795 1.2845
3.97255 1.284
3.97715 1.2835
3.98175 1.283
3.98635 1.2825
3.99095 1.282
3.99555 1.2815
4.00015 1.281
4.00475 1.2805
4.00935 1.28
4.01395 1.2795
4.01855 1.279
4.02315 1.2785
4.02775 1.278
4.03235 1.2775
4.03695 1.277
4.04155 1.2765
4.04615 1.276
4.05075 1.2755
4.05535 1.275
4.05995 1.2745
4.06455 1.274
4.06915 1.2735
4.07375 1.273
4.07835 1.2725
4.08295 1.272
4.08755 1.2715
4.09215 1.271
4.09675 1.2705
4.10135 1.27
4.10595 1.2695
4.11055 1.269
4.11515 1.2685
4.11975 1.268
4.12435 1.2675
4.12895 1.267
4.13355 1.2665
4.13815 1.266
4.14275 1.2655
4.14735 1.265
4.15195 1.2645
4.15655 1.264
4.16115 1.2635
4.16575 1.263
4.17035 1.2625
4.17495 1.262
4.17955 1.2615
4.18415 1.261
4.18875 1.2605
4.19335 1.26
4.19795 1.2595
4.20255 1.259
4.20715 1.2585
4.21175 1.258
4.21635 1.2575
4.22095 1.257
4.22555 1.2565
4.23015 1.256
4.23475 1.2555
4.23935 1.255
4.24395 1.2545
4.24855 1.254
4.25315 1.2535
4.25775 1.253
4.26235 1.2525
4.26695 1.252
4.27155 1.2515
4.27615 1.251
4.28075 1.2505
4.28535 1.25
4.28995 1.2495
4.29455 1.249
4.29915 1.2485
4.30375 1.248
4.30835 1.2475
4.31295 1.247
4.31755 1.2465
4.32215 1.246
4.32675 1.2455
4.33135 1.245
4.33595 1.2445
4.34055 1.244
4.34515 1.2435
4.34975 1.243
4.35435 1.2425
4.35895 1.242
4.36355 1.2415
4.36815 1.241
4.37275 1.2405
4.37735 1.24
4.38195 1.2395
4.38655 1.239
4.39115 1.2385
4.39575 1.238
4.40035 1.2375
4.40495 1.237
4.40955 1.2365
4.41415 1.236
4.41875 1.2355
4.42335 1.235
4.42795 1.2345
4.43255 1.234
4.43715 1.2335
4.44175 1.233
4.44635 1.2325
4.45095 1.232
4.45555 1.2315
4.46015 1.231
4.46475 1.2305
4.46935 1.23
4.47395 1.2295
4.47855 1.229
4.48315 1.2285
4.48775 1.228
4.49235 1.2275
4.49695 1.227
4.50155 1.2265
4.50615 1.226
4.51075 1.2255
4.51535 1.225
4.51995 1.2245
4.52455 1.224
4.52915 1.2235
4.53375 1.223
4.53835 1.2225
4.54295 1.222
4.54755 1.2215
4.55215 1.221
4.55675 1.2205
4.56135 1.22
4.56595 1.2195
4.57055 1.219
4.57515 1.2185
4.57975 1.218
4.58435 1.2175
4.58895 1.217
4.59355 1.2165
4.59815 1.216
4.60275 1.2155
4.60735 1.215
4.61195 1.2145
4.61655 1.214
4.62115 1.2135
4.62575 1.213
4.63035 1.2125
4.63495 1.212
4.63955 1.2115
4.64415 1.211
4.64875 1.2105
4.65335 1.21
4.65795 1.2095
4.66255 1.209
4.66715 1.2085
4.67175 1.208
4.67635 1.2075
4.68095 1.207
4.68555 1.2065
4.69015 1.206
4.69475 1.2055
4.69935 1.205
4.70395 1.2045
4.70855 1.204
4.71315 1.2035
4.71775 1.203
4.72235 1.2025
4.72695 1.202
4.73155 1.2015
4.73615 1.201
4.74075 1.2005
4.74535 1.2
4.74995 1.1995
4.75455 1.199
4.75915 1.1985
4.76375 1.198
4.76835 1.1975
4.77295 1.197
4.77755 1.1965
4.78215 1.196
4.78675 1.1955
4.79135 1.195
4.79595 1.1945
4.80055 1.194
4.80515 1.1935
4.80975 1.193
4.81435 1.1925
4.81895 1.192
4.82355 1.1915
4.82815 1.191
4.83275 1.1905
4.83735 1.19
4.84195 1.1895
4.84655 1.189
4.85115 1.1885
4.85575 1.188
4.86035 1.1875
4.86495 1.187
4.86955 1.1865
4.87415 1.186
4.87875 1.1855
4.88335 1.185
4.88795 1.1845
4.89255 1.184
4.89715 1.1835
4.90175 1.183
4.90635 1.1825
4.91095 1.182
4.91555 1.1815
4.92015 1.181
4.92475 1.1805
4.92935 1.18
4.93395 1.1795
4.93855 1.179
4.94315 1.1785
4.94775 1.178
4.95235 1.1775
4.95695 1.177
4.96155 1.1765
4.96615 1.176
4.97075 1.1755
4.97535 1.175
4.97995 1.1745
4.98455 1.174
4.98915 1.1735
4.99375 1.173
4.99835 1.1725
5.00295 1.172
5.00755 1.1715
5.01215 1.171
5.01675 1.1705
5.02135 1.17
5.02595 1.1695
5.03055 1.169
5.03515 1.1685
5.03975 1.168
5.04435 1.1675
5.04895 1.167
5.05355 1.1665
5.05815 1.166
5.06275 1.1655
5.06735 1.165
5.07195 1.1645
5.07655 1.164
5.08115 1.1635
5.08575 1.163
5.09035 1.1625
5.09495 1.162
5.09955 1.1615
5.10415 1.161
5.10875 1.1605
5.11335 1.16
5.11795 1.1595
5.12255 1.159
5.12715 1.1585
5.13175 1.158
5.13635 1.1575
5.14095 1.157
5.14555 1.1565
5.15015 1.156
5.15475 1.1555
5.15935 1.155
5.16395 1.1545
5.16855 1.154
5.17315 1.1535
5.17775 1.153
5.18235 1.1525
5.18695 1.152
5.19155 1.1515
5.19615 1.151
5.20075 1.1505
5.20535 1.15
5.20995 1.1495
5.21455 1.149
5.21915 1.1485
5.22375 1.148
5.22835 1.1475
5.23295 1.147
5.23755 1.1465
5.24215 1.146
5.24675 1.1455
5.25135 1.145
5.25595 1.1445
5.26055 1.144
5.26515 1.1435
5.26975 1.143
5.27435 1.1425
5.27895 1.142
5.28355 1.1415
5.28815 1.141
5.29275 1.1405
5.29735 1.14
5.30195 1.1395
5.30655 1.139
5.31115 1.1385
5.31575 1.138
5.32035 1.1375
5.32495 1.137
5.32955 1.1365
5.33415 1.136
5.33875 1.1355
5.34335 1.135
5.34795 1.1345
5.35255 1.134
5.35715 1.1335
5.36175 1.133
5.36635 1.1325
5.37095 1.132
5.37555 1.1315
5.38015 1.131
5.38475 1.1305
5.38935 1.13
5.39395 1.1295
5.39855 1.129
5.40315 1.1285
5.40775 1.128
5.41235 1.1275
5.41695 1.127
5.42155 1.1265
5.42615 1.126
5.43075 1.1255
5.43535 1.125
5.43995 1.1245
5.44455 1.124
5.44915 1.1235
5.45375 1.123
5.45835 1.1225
5.46295 1.122
5.46755 1.1215
5.47215 1.121
5.47675 1.1205
5.48135 1.12
5.48595 1.1195
5.49055 1.119
5.49515 1.1185
5.49975 1.118
5.50435 1.1175
5.50895 1.117
5.51355 1.1165
5.51815 1.116
5.52275 1.1155
5.52735 1.115
5.53195 1.1145
5.53655 1.114
5.54115 1.1135
5.54575 1.113
5.55035 1.1125
5.55495 1.112
5.55955 1.1115
5.56415 1.111
5.56875 1.1105
5.57335 1.11
5.57795 1.1095
5.58255 1.109
5.58715 1.1085
5.59175 1.108
5.59635 1.1075
5.60095 1.107
5.60555 1.1065
5.61015 1.106
5.61475 1.1055
5.61935 1.105
5.62395 1.1045
5.62855 1.104
5.63315 1.1035
5.63775 1.103
5.64235 1.1025
5.64695 1.102
5.65155 1.1015
5.65615 1.101
5.66075 1.1005
5.66535 1.1
5.66995 1.0995
5.67455 1.099
5.67915 1.0985
5.68375 1.098
5.68835 1.0975
5.69295 1.097
5.69755 1.0965
5.70215 1.096
5.70675 1.0955
5.71135 1.095
5.71595 1.0945
5.72055 1.094
5.72515 1.0935
5.72975 1.093
5.73435 1.0925
5.73895 1.092
5.74355 1.0915
5.74815 1.091
5.75275 1.0905
5.75735 1.09
5.76195 1.0895
5.76655 1.089
5.77115 1.0885
5.77575 1.088
5.78035 1.0875
5.78495 1.087
5.78955 1.0865
5.79415 1.086
5.79875 1.0855
5.80335 1.085
5.80435 1.0845
5.80335 1.084
5.80235 1.0835
5.80135 1.083
5.80035 1.0825
5.79935 1.082
5.79835 1.0815
5.79735 1.081
5.79635 1.0805
5.79535 1.08
5.79435 1.0795
5.79335 1.079
5.79235 1.0785
5.79135 1.078
5.79035 1.0775
5.78935 1.077
5.78835 1.0765
5.78735 1.076
5.78635 1.0755
5.78535 1.075
5.78435 1.0745
5.78335 1.074
5.78235 1.0735
5.78135 1.073
5.78035 1.0725
5.77935 1.072
5.77835 1.0715
5.77735 1.071
5.77635 1.0705
5.77535 1.07
5.77435 1.0695
5.77335 1.069
5.77235 1.0685
5.77135 1.068
5.77035 1.0675
5.76935 1.067
5.76835 1.0665
5.76735 1.066
5.76635 1.0655
5.76535 1.065
5.76435 1.0645
5.76335 1.064
5.76235 1.0635
5.76135 1.063
5.76035 1.0625
5.75935 1.062
5.75835 1.0615
5.75735 1.061
5.75635 1.0605
5.75535 1.06
5.75435 1.0595
5.75335 1.059
5.75235 1.0585
5.75135 1.058
5.75035 1.0575
5.74935 1.057
5.74835 1.0565
5.74735 1.056
5.74635 1.0555
5.74535 1.055
5.74435 1.0545
5.74335 1.054
5.74235 1.0535
5.74135 1.053
5.74035 1.0525
5.73935 1.052
5.73835 1.0515
5.73735 1.051
5.73635 1.0505
5.73535 1.05
5.73435 1.0495
5.73335 1.049
5.73235 1.0485
5.73135 1.048
5.73035 1.0475
5.72935 1.047
5.72835 1.0465
5.72735 1.046
5.72635 1.0455
5.72535 1.045
5.72435 1.0445
5.72335 1.044
5.72235 1.0435
5.72135 1.043
5.72035 1.0425
5.71935 1.042
5.71835 1.0415
5.71735 1.041
5.71635 1.0405
5.71535 1.04
5.71435 1.0395
5.71335 1.039
5.71235 1.0385
5.71135 1.038
5.71035 1.0375
5.70935 1.037
5.70835 1.0365
5.70735 1.036
5.70635 1.0355
5.70535 1.035
5.70435 1.0345
5.70335 1.034
5.70235 1.0335
5.70135 1.033
5.70035 1.0325
5.69935 1.032
5.69835 1.0315
5.69735 1.031
5.69635 1.0305
5.69535 1.03
5.69435 1.0295
5.69335 1.029
5.69235 1.0285
5.69135 1.028
5.69035 1.0275
5.68935 1.027
5.68835 1.0265
5.68735 1.026
5.68635 1.0255
5.68535 1.025
5.68435 1.0245
5.68335 1.024
5.68235 1.0235
5.68135 1.023
5.68035 1.0225
5.67935 1.022
5.67835 1.0215
5.67735 1.021
5.67635 1.0205
5.67535 1.02
5.67435 1.0195
5.67335 1.019
5.67235 1.0185
5.67135 1.018
5.67035 1.0175
5.66935 1.017
5.66835 1.0165
5.66735 1.016
5.66635 1.0155
5.66535 1.015
5.66435 1.0145
5.66335 1.014
5.66235 1.0135
5.66135 1.013
5.66035 1.0125
5.65935 1.012
5.65835 1.0115
5.65735 1.011
5.65635 1.0105
5.65535 1.01
5.65435 1.0095
5.65335 1.009
5.65235 1.0085
5.65135 1.008
5.65035 1.0075
5.64935 1.007
5.64835 1.0065
5.64735 1.006
5.64635 1.0055
5.64535 1.005
5.64435 1.0045
5.64335 1.004
5.64235 1.0035
5.64135 1.003
5.64035 1.0025
5.63935 1.002
5.63835 1.0015
5.63735 1.001
5.63635 1.0005
5.63735 1
