Man
0 0
0 0.001
0 0.002
0 0.003
0 0.004
0 0.005
0 0.006
0 0.007
0 0.008
0 0.009
0 0.01
0 0.011
0 0.012
0 0.013
0 0.014
0 0.015
0 0.016
0 0.017
0 0.018
0 0.019
0 0.02
0 0.021
0 0.022
0 0.023
0 0.024
0 0.025
0 0.026
0 0.027
0 0.028
0 0.029
0 0.03
0 0.031
0 0.032
0 0.033
0 0.034
0 0.035
0 0.036
0 0.037
0 0.038
0 0.039
0 0.04
0 0.041
0 0.042
0 0.043
0 0.044
0 0.045
0 0.046
0 0.047
0 0.048
0 0.049
0 0.05
0 0.051
0 0.052
0 0.053
0 0.054
0 0.055
0 0.056
0 0.057
0 0.058
0 0.059
0 0.06
0 0.061
0 0.062
0 0.063
0 0.064
0 0.065
0 0.066
0 0.067
0 0.068
0 0.069
0 0.07
0 0.071
0 0.072
0 0.073
0 0.074
0 0.075
0 0.076
0 0.077
0 0.078
0 0.079
0 0.08
-0.392 0.081
-0.392 0.082
-0.392 0.083
-0.392 0.084
-0.392 0.085
-0.392 0.086
-0.392 0.087
-0.392 0.088
-0.392 0.089
-0.392 0.09
-0.19565 0.091
-0.19565 0.092
-0.19565 0.093
-0.0974757 0.094
-0.0852039 0.095
-0.0852039 0.096
-0.0852039 0.097
-0.0852039 0.098
-0.0852039 0.099
-0.0852039 0.1
-0.0852039 0.101
-0.0852039 0.102
-0.0852039 0.103
-0.0852039 0.104
-0.0852039 0.105
-0.0361165 0.106
0.0129709 0.107
0.0129709 0.108
0.0129709 0.109
0.0129709 0.11
0.0129709 0.111
0.0375146 0.112
0.0620583 0.113
0.0743301 0.114
0.0743301 0.115
0.0743301 0.116
0.0743301 0.117
0.0988738 0.118
0.123418 0.119
0.123418 0.12
0.135689 0.121
0.135689 0.122
0.135689 0.123
0.147961 0.124
0.160233 0.125
0.172505 0.126
0.184777 0.127
0.197049 0.128
0.20932 0.129
0.221592 0.13
0.221592 0.131
0.233864 0.132
0.246136 0.133
0.258408 0.134
0.27068 0.135
0.27068 0.136
0.282952 0.137
0.295087 0.138
0.306808 0.139
0.318157 0.14
0.318157 0.141
0.328799 0.142
0.328799 0.143
0.328799 0.144
0.328799 0.145
0.328799 0.146
0.328799 0.147
0.328799 0.148
0.328799 0.149
0.328799 0.15
0.328799 0.151
0.328799 0.152
0.328799 0.153
0.328799 0.154
0.328799 0.155
0.328799 0.156
0.328799 0.157
0.328799 0.158
0.328799 0.159
0.328799 0.16
0.328799 0.161
0.328799 0.162
0.328799 0.163
0.328799 0.164
0.328799 0.165
0.328799 0.166
0.328799 0.167
0.328799 0.168
0.328799 0.169
0.328799 0.17
0.328799 0.171
0.328799 0.172
0.328799 0.173
0.328799 0.174
0.328799 0.175
0.328799 0.176
0.328799 0.177
0.328799 0.178
0.328799 0.179
0.328799 0.18
0.328799 0.181
0.328799 0.182
0.328799 0.183
0.328799 0.184
0.328799 0.185
0.328799 0.186
0.328799 0.187
0.328799 0.188
0.328799 0.189
0.328799 0.19
0.328799 0.191
0.328799 0.192
0.328799 0.193
0.328799 0.194
0.328799 0.195
0.328799 0.196
0.328799 0.197
0.328799 0.198
0.328799 0.199
0.328799 0.2
0.328799 0.201
0.328799 0.202
0.328799 0.203
0.328799 0.204
0.328799 0.205
0.328799 0.206
0.328799 0.207
0.328799 0.208
0.328799 0.209
0.328799 0.21
0.328799 0.211
0.328799 0.212
0.328799 0.213
0.328799 0.214
0.328799 0.215
0.328799 0.216
0.328799 0.217
0.328799 0.218
0.328799 0.219
0.328799 0.22
0.328799 0.221
0.328799 0.222
0.328799 0.223
0.328799 0.224
0.328799 0.225
0.328799 0.226
0.328799 0.227
0.328799 0.228
0.328799 0.229
0.328799 0.23
0.328799 0.231
0.328799 0.232
0.328799 0.233
0.328799 0.234
0.328799 0.235
0.328799 0.236
0.328799 0.237
0.328799 0.238
0.328799 0.239
0.328799 0.24
0.328799 0.241
0.328799 0.242
0.328799 0.243
0.328799 0.244
0.328799 0.245
0.328799 0.246
0.328799 0.247
0.328799 0.248
0.328799 0.249
0.328799 0.25
0.328799 0.251
0.328799 0.252
0.328799 0.253
0.328799 0.254
0.328799 0.255
0.328799 0.256
0.328799 0.257
0.328799 0.258
0.328799 0.259
0.328799 0.26
0.328799 0.261
0.328799 0.262
0.328799 0.263
0.328799 0.264
0.328799 0.265
0.328799 0.266
0.328799 0.267
0.328799 0.268
0.328799 0.269
0.328799 0.27
0.328799 0.271
0.328799 0.272
0.328799 0.273
0.328799 0.274
0.328799 0.275
0.328799 0.276
0.328799 0.277
0.328799 0.278
0.328799 0.279
0.328799 0.28
0.328799 0.281
0.328799 0.282
0.328799 0.283
0.328799 0.284
0.328799 0.285
0.328799 0.286
0.328799 0.287
0.328799 0.288
0.328799 0.289
0.328799 0.29
0.328799 0.291
0.328799 0.292
0.328799 0.293
0.328799 0.294
0.328799 0.295
0.328799 0.296
0.328799 0.297
0.328799 0.298
0.328799 0.299
0.328799 0.3
0.328799 0.301
0.328799 0.302
0.328799 0.303
0.328799 0.304
0.328799 0.305
0.328799 0.306
0.328799 0.307
0.328799 0.308
0.328799 0.309
0.328799 0.31
0.328799 0.311
0.328799 0.312
0.328799 0.313
0.328799 0.314
0.328799 0.315
0.328799 0.316
0.328799 0.317
0.328799 0.318
0.328799 0.319
0.328799 0.32
0.328799 0.321
0.328799 0.322
0.328799 0.323
0.328799 0.324
0.328799 0.325
0.328799 0.326
0.328799 0.327
0.328799 0.328
0.328799 0.329
0.328799 0.33
0.328799 0.331
0.328799 0.332
0.328799 0.333
0.328799 0.334
0.328799 0.335
0.328799 0.336
0.328799 0.337
0.328799 0.338
0.328799 0.339
0.328799 0.34
0.328799 0.341
0.328799 0.342
0.328799 0.343
0.328799 0.344
0.328799 0.345
0.328799 0.346
0.328799 0.347
0.328799 0.348
0.328799 0.349
0.328799 0.35
0.328799 0.351
0.328799 0.352
0.328799 0.353
0.328799 0.354
0.328799 0.355
0.328799 0.356
0.328799 0.357
0.328799 0.358
0.328799 0.359
0.328799 0.36
0.328799 0.361
0.328799 0.362
0.328799 0.363
0.328799 0.364
0.328799 0.365
0.328799 0.366
0.328799 0.367
0.328799 0.368
0.328799 0.369
0.328799 0.37
0.328799 0.371
0.328799 0.372
0.328799 0.373
0.328799 0.374
0.328799 0.375
0.328799 0.376
0.328799 0.377
0.328799 0.378
0.328799 0.379
0.328799 0.38
0.328799 0.381
0.328799 0.382
0.328799 0.383
0.328799 0.384
0.328799 0.385
0.328799 0.386
0.328799 0.387
0.328799 0.388
0.328799 0.389
0.328799 0.39
0.328799 0.391
0.328799 0.392
0.328799 0.393
0.328799 0.394
0.328799 0.395
0.328799 0.396
0.328799 0.397
0.328799 0.398
0.328799 0.399
0.328799 0.4
0.328799 0.401
0.328799 0.402
0.328799 0.403
0.328799 0.404
0.328799 0.405
0.328799 0.406
0.328799 0.407
0.328799 0.408
0.328799 0.409
0.328799 0.41
0.328799 0.411
0.328799 0.412
0.328799 0.413
0.328799 0.414
0.328799 0.415
0.328799 0.416
0.328799 0.417
0.328799 0.418
0.328799 0.419
0.328799 0.42
0.328799 0.421
0.328799 0.422
0.328799 0.423
0.328799 0.424
0.328799 0.425
0.328799 0.426
0.328799 0.427
0.328799 0.428
0.328799 0.429
0.328799 0.43
0.328799 0.431
0.328799 0.432
0.328799 0.433
0.328799 0.434
0.328799 0.435
0.328799 0.436
0.328799 0.437
0.328799 0.438
0.328799 0.439
0.328799 0.44
0.328799 0.441
0.328799 0.442
0.328799 0.443
0.328799 0.444
0.328799 0.445
0.328799 0.446
0.328799 0.447
0.328799 0.448
0.328799 0.449
0.328799 0.45
0.328799 0.451
0.328799 0.452
0.328799 0.453
0.328799 0.454
0.328799 0.455
0.328799 0.456
0.328799 0.457
0.328799 0.458
0.328799 0.459
0.328799 0.46
0.328799 0.461
0.328799 0.462
0.328799 0.463
0.328799 0.464
0.328799 0.465
0.328799 0.466
0.328799 0.467
0.328799 0.468
0.328799 0.469
0.328799 0.47
0.328799 0.471
0.328799 0.472
0.328799 0.473
0.328799 0.474
0.328799 0.475
0.328799 0.476
0.328799 0.477
0.328799 0.478
0.328799 0.479
0.328799 0.48
0.328799 0.481
0.328799 0.482
0.328799 0.483
0.328799 0.484
0.328799 0.485
0.328799 0.486
0.328799 0.487
0.328799 0.488
0.328799 0.489
0.328799 0.49
0.328799 0.491
0.328799 0.492
0.328799 0.493
0.328799 0.494
0.328799 0.495
0.328799 0.496
0.328799 0.497
0.328799 0.498
0.328799 0.499
0.328799 0.5
0.328799 0.501
0.328799 0.502
0.328799 0.503
0.328799 0.504
0.328799 0.505
0.328799 0.506
0.328799 0.507
0.328799 0.508
0.328799 0.509
0.328799 0.51
0.328799 0.511
0.328799 0.512
0.328799 0.513
0.328799 0.514
0.328799 0.515
0.328799 0.516
0.328799 0.517
0.328799 0.518
0.328799 0.519
0.328799 0.52
0.328799 0.521
0.328799 0.522
0.328799 0.523
0.328799 0.524
0.328799 0.525
0.328799 0.526
0.328799 0.527
0.328799 0.528
0.328799 0.529
0.328799 0.53
0.328799 0.531
0.328799 0.532
0.328799 0.533
0.328799 0.534
0.328799 0.535
0.328799 0.536
0.328799 0.537
0.328799 0.538
0.328799 0.539
0.328799 0.54
0.328799 0.541
0.328799 0.542
0.328799 0.543
0.328799 0.544
0.328799 0.545
0.328799 0.546
0.328799 0.547
0.328799 0.548
0.328799 0.549
0.328799 0.55
0.328799 0.551
0.328799 0.552
0.328799 0.553
0.328799 0.554
0.328799 0.555
0.328799 0.556
0.328799 0.557
0.328799 0.558
0.328799 0.559
0.328799 0.56
0.328799 0.561
0.328799 0.562
0.328799 0.563
0.328799 0.564
0.328799 0.565
0.328799 0.566
0.328799 0.567
0.328799 0.568
0.328799 0.569
0.328799 0.57
0.328799 0.571
0.328799 0.572
0.328799 0.573
0.328799 0.574
0.328799 0.575
0.328799 0.576
0.328799 0.577
0.328799 0.578
0.328799 0.579
0.328799 0.58
0.328799 0.581
0.328799 0.582
0.328799 0.583
0.328799 0.584
0.328799 0.585
0.328799 0.586
0.328799 0.587
0.328799 0.588
0.328799 0.589
0.328799 0.59
0.328799 0.591
0.328799 0.592
0.328799 0.593
0.328799 0.594
0.328799 0.595
0.328799 0.596
0.328799 0.597
0.328799 0.598
0.328799 0.599
0.328799 0.6
0.328799 0.601
0.328799 0.602
0.328799 0.603
0.328799 0.604
0.328799 0.605
0.328799 0.606
0.328799 0.607
0.328799 0.608
0.328799 0.609
0.328799 0.61
0.328799 0.611
0.328799 0.612
0.328799 0.613
0.328799 0.614
0.328799 0.615
0.328799 0.616
0.328799 0.617
0.328799 0.618
0.328799 0.619
0.328799 0.62
0.328799 0.621
0.328799 0.622
0.328799 0.623
0.328799 0.624
0.328799 0.625
0.328799 0.626
0.328799 0.627
0.328799 0.628
0.328799 0.629
0.328799 0.63
0.328799 0.631
0.328799 0.632
0.328799 0.633
0.328799 0.634
0.328799 0.635
0.328799 0.636
0.328799 0.637
0.328799 0.638
0.328799 0.639
0.328799 0.64
0.328799 0.641
0.328799 0.642
0.328799 0.643
0.328799 0.644
0.328799 0.645
0.328799 0.646
0.328799 0.647
0.328799 0.648
0.328799 0.649
0.328799 0.65
0.328799 0.651
0.328799 0.652
0.328799 0.653
0.328799 0.654
0.328799 0.655
0.328799 0.656
0.328799 0.657
0.328799 0.658
0.328799 0.659
0.328799 0.66
0.328799 0.661
0.328799 0.662
0.328799 0.663
0.328799 0.664
0.328799 0.665
0.328799 0.666
0.328799 0.667
0.328799 0.668
0.328799 0.669
0.328799 0.67
0.328799 0.671
0.328799 0.672
0.328799 0.673
0.328799 0.674
0.328799 0.675
0.328799 0.676
0.328799 0.677
0.328799 0.678
0.328799 0.679
0.328799 0.68
0.328799 0.681
0.328799 0.682
0.328799 0.683
0.328799 0.684
0.328799 0.685
0.328799 0.686
0.328799 0.687
0.328799 0.688
0.328799 0.689
0.328799 0.69
0.328799 0.691
0.328799 0.692
0.328799 0.693
0.328799 0.694
0.328799 0.695
0.328799 0.696
0.328799 0.697
0.328799 0.698
0.328799 0.699
0.328799 0.7
0.328799 0.701
0.328799 0.702
0.328799 0.703
0.328799 0.704
0.328799 0.705
0.328799 0.706
0.328799 0.707
0.328799 0.708
0.328799 0.709
0.328799 0.71
0.328799 0.711
0.328799 0.712
0.328799 0.713
0.328799 0.714
0.328799 0.715
0.328799 0.716
0.328799 0.717
0.328799 0.718
0.328799 0.719
0.328799 0.72
0.328799 0.721
0.328799 0.722
0.328799 0.723
0.328799 0.724
0.328799 0.725
0.328799 0.726
0.328799 0.727
0.328799 0.728
0.328799 0.729
0.328799 0.73
0.328799 0.731
0.328799 0.732
0.328799 0.733
0.328799 0.734
0.328799 0.735
0.328799 0.736
0.328799 0.737
0.328799 0.738
0.328799 0.739
0.328799 0.74
0.328799 0.741
0.328799 0.742
0.328799 0.743
0.328799 0.744
0.328799 0.745
0.328799 0.746
0.328799 0.747
0.328799 0.748
0.328799 0.749
0.328799 0.75
0.328799 0.751
0.328799 0.752
0.328799 0.753
0.328799 0.754
0.328799 0.755
0.328799 0.756
0.328799 0.757
0.328799 0.758
0.328799 0.759
0.328799 0.76
0.328799 0.761
0.328799 0.762
0.328799 0.763
0.328799 0.764
0.328799 0.765
0.328799 0.766
0.328799 0.767
0.328799 0.768
0.328799 0.769
0.328799 0.77
0.328799 0.771
0.328799 0.772
0.328799 0.773
0.328799 0.774
0.328799 0.775
0.328799 0.776
0.328799 0.777
0.328799 0.778
0.328799 0.779
0.328799 0.78
0.328799 0.781
0.327799 0.782
0.326799 0.783
0.325799 0.784
0.324799 0.785
0.323799 0.786
0.322799 0.787
0.321799 0.788
0.320799 0.789
0.319799 0.79
0.318798 0.791
0.317798 0.792
0.316798 0.793
0.315798 0.794
0.314798 0.795
0.313798 0.796
0.312798 0.797
0.311798 0.798
0.310798 0.799
0.309798 0.8
0.308798 0.801
0.307798 0.802
0.306798 0.803
0.305798 0.804
0.304798 0.805
0.303798 0.806
0.302798 0.807
0.301798 0.808
0.300798 0.809
0.299798 0.81
0.298798 0.811
0.297798 0.812
0.296798 0.813
0.295798 0.814
0.294798 0.815
0.293798 0.816
0.292798 0.817
0.291798 0.818
0.290798 0.819
0.289798 0.82
0.288798 0.821
0.287798 0.822
0.286798 0.823
0.285798 0.824
0.284798 0.825
0.283798 0.826
0.282798 0.827
0.281797 0.828
0.280797 0.829
0.279797 0.83
0.278797 0.831
0.277797 0.832
0.276797 0.833
0.275797 0.834
0.274797 0.835
0.273797 0.836
0.272797 0.837
0.271797 0.838
0.270797 0.839
0.269797 0.84
0.268797 0.841
0.267797 0.842
0.266797 0.843
0.265797 0.844
0.264797 0.845
0.263797 0.846
0.262797 0.847
0.261797 0.848
0.260797 0.849
0.259797 0.85
0.258797 0.851
0.257797 0.852
0.256797 0.853
0.255797 0.854
0.254797 0.855
0.253797 0.856
0.252797 0.857
0.251797 0.858
0.250797 0.859
0.249797 0.86
0.248797 0.861
0.247797 0.862
0.246797 0.863
0.245796 0.864
0.244796 0.865
0.243796 0.866
0.242796 0.867
0.241796 0.868
0.240796 0.869
0.239796 0.87
0.238796 0.871
0.237796 0.872
0.236796 0.873
0.235796 0.874
0.234796 0.875
0.233796 0.876
0.232796 0.877
0.231796 0.878
0.230796 0.879
0.229796 0.88
0.228796 0.881
0.227796 0.882
0.226796 0.883
0.225796 0.884
0.224796 0.885
0.223796 0.886
0.222796 0.887
0.221796 0.888
0.220796 0.889
0.219796 0.89
0.218796 0.891
0.217796 0.892
0.216796 0.893
0.215796 0.894
0.214796 0.895
0.213796 0.896
0.212796 0.897
0.211796 0.898
0.210796 0.899
0.209796 0.9
0.208795 0.901
0.207795 0.902
0.206795 0.903
0.205795 0.904
0.204795 0.905
0.203795 0.906
0.202795 0.907
0.201795 0.908
0.200795 0.909
0.199795 0.91
0.198795 0.911
0.197795 0.912
0.196795 0.913
0.195795 0.914
0.194795 0.915
0.193795 0.916
0.192795 0.917
0.191795 0.918
0.190795 0.919
0.189795 0.92
0.188795 0.921
0.187795 0.922
0.186795 0.923
0.185795 0.924
0.184795 0.925
0.183795 0.926
0.182795 0.927
0.181795 0.928
0.180795 0.929
0.179795 0.93
0.178795 0.931
0.177795 0.932
0.176795 0.933
0.175795 0.934
0.174795 0.935
0.173795 0.936
0.172794 0.937
0.171794 0.938
0.170794 0.939
0.169794 0.94
0.168794 0.941
0.167794 0.942
0.166794 0.943
0.165794 0.944
0.164794 0.945
0.163794 0.946
0.162794 0.947
0.161794 0.948
0.160794 0.949
0.159794 0.95
0.158794 0.951
0.157794 0.952
0.156794 0.953
0.155794 0.954
0.154794 0.955
0.153794 0.956
0.152794 0.957
0.151794 0.958
0.150794 0.959
0.149794 0.96
0.148794 0.961
0.147794 0.962
0.146794 0.963
0.145794 0.964
0.144794 0.965
0.143794 0.966
0.142794 0.967
0.141794 0.968
0.140794 0.969
0.139794 0.97
0.138794 0.971
0.137794 0.972
0.136794 0.973
0.135793 0.974
0.134793 0.975
0.133793 0.976
0.132793 0.977
0.131793 0.978
0.130793 0.979
0.129793 0.98
0.128793 0.981
0.127793 0.982
0.126793 0.983
0.125793 0.984
0.124793 0.985
0.123793 0.986
0.122793 0.987
0.121793 0.988
0.120793 0.989
0.119793 0.99
0.118793 0.991
0.117793 0.992
0.116793 0.993
0.115793 0.994
0.114793 0.995
0.113793 0.996
0.112793 0.997
0.111793 0.998
0.110793 0.999
0.111793 1


Shark
3.14159 1.5
3.13669 1.4995
3.13179 1.499
3.12689 1.4985
3.12199 1.498
3.11709 1.4975
3.11219 1.497
3.10729 1.4965
3.10239 1.496
3.09749 1.4955
3.09259 1.495
3.08769 1.4945
3.08279 1.494
3.07789 1.4935
3.07299 1.493
3.06809 1.4925
3.06319 1.492
3.05829 1.4915
3.05339 1.491
3.04849 1.4905
3.04359 1.49
3.03869 1.4895
3.03379 1.489
3.02889 1.4885
3.02399 1.488
3.01909 1.4875
3.01419 1.487
3.00929 1.4865
3.00439 1.486
2.99949 1.4855
2.99459 1.485
2.98969 1.4845
2.98479 1.484
2.97989 1.4835
2.97499 1.483
2.97009 1.4825
2.96519 1.482
2.96029 1.4815
2.95539 1.481
2.95049 1.4805
2.94559 1.48
2.94069 1.4795
2.93579 1.479
2.93089 1.4785
2.92599 1.478
2.92109 1.4775
2.91619 1.477
2.91129 1.4765
2.90639 1.476
2.90149 1.4755
2.89659 1.475
2.89169 1.4745
2.88679 1.474
2.88189 1.4735
2.87699 1.473
2.87209 1.4725
2.86719 1.472
2.86229 1.4715
2.85739 1.471
2.85249 1.4705
2.84759 1.47
2.84269 1.4695
2.83779 1.469
2.83289 1.4685
2.82799 1.468
2.82309 1.4675
2.81819 1.467
2.81329 1.4665
2.80839 1.466
2.80349 1.4655
2.79859 1.465
2.79369 1.4645
2.78879 1.464
2.78389 1.4635
2.77899 1.463
2.77409 1.4625
2.76919 1.462
2.76429 1.4615
2.75939 1.461
2.75449 1.4605
2.74959 1.46
2.9033 1.4595
2.9082 1.459
2.9131 1.4585
2.918 1.458
2.9229 1.4575
2.9278 1.457
2.9327 1.4565
2.9376 1.456
2.9425 1.4555
2.9474 1.455
3.03447 1.4545
3.03937 1.454
3.04427 1.4535
3.0895 1.453
3.097 1.4525
3.1019 1.452
3.1068 1.4515
3.1117 1.451
3.1166 1.4505
3.1215 1.45
3.1264 1.4495
3.1313 1.449
3.1362 1.4485
3.1411 1.448
3.146 1.4475
3.17184 1.447
3.19792 1.4465
3.20282 1.446
3.20772 1.4455
3.21262 1.445
3.21752 1.4445
3.2318 1.444
3.24619 1.4435
3.25459 1.443
3.25949 1.4425
3.26439 1.442
3.26929 1.4415
3.28424 1.441
3.29931 1.4405
3.30421 1.44
3.31296 1.4395
3.31786 1.439
3.32276 1.4385
3.33166 1.438
3.34061 1.4375
3.3496 1.437
3.35865 1.4365
3.36775 1.436
3.3769 1.4355
3.3861 1.435
3.391 1.4345
3.4003 1.434
3.40966 1.4335
3.41906 1.433
3.42852 1.4325
3.43342 1.432
3.44298 1.4315
3.45251 1.431
3.46185 1.4305
3.47103 1.43
3.47593 1.4295
3.48478 1.429
3.48968 1.4285
3.49458 1.428
3.49948 1.4275
3.50438 1.427
3.50928 1.4265
3.51418 1.426
3.51908 1.4255
3.52398 1.425
3.52888 1.4245
3.53378 1.424
3.53868 1.4235
3.54358 1.423
3.54848 1.4225
3.55338 1.422
3.55828 1.4215
3.56318 1.421
3.56808 1.4205
3.57298 1.42
3.57788 1.4195
3.58278 1.419
3.58768 1.4185
3.59258 1.418
3.59748 1.4175
3.60238 1.417
3.60728 1.4165
3.61218 1.416
3.61708 1.4155
3.62198 1.415
3.62688 1.4145
3.63178 1.414
3.63668 1.4135
3.64158 1.413
3.64648 1.4125
3.65138 1.412
3.65628 1.4115
3.66118 1.411
3.66608 1.4105
3.67098 1.41
3.67588 1.4095
3.68078 1.409
3.68568 1.4085
3.69058 1.408
3.69548 1.4075
3.70038 1.407
3.70528 1.4065
3.71018 1.406
3.71508 1.4055
3.71998 1.405
3.72488 1.4045
3.72978 1.404
3.73468 1.4035
3.73958 1.403
3.74448 1.4025
3.74938 1.402
3.75428 1.4015
3.75918 1.401
3.76408 1.4005
3.76898 1.4
3.77388 1.3995
3.77878 1.399
3.78368 1.3985
3.78858 1.398
3.79348 1.3975
3.79838 1.397
3.80328 1.3965
3.80818 1.396
3.81308 1.3955
3.81798 1.395
3.82288 1.3945
3.82778 1.394
3.83268 1.3935
3.83758 1.393
3.84248 1.3925
3.84738 1.392
3.85228 1.3915
3.85718 1.391
3.86208 1.3905
3.86698 1.39
3.87188 1.3895
3.87678 1.389
3.88168 1.3885
3.88658 1.388
3.89148 1.3875
3.89638 1.387
3.90128 1.3865
3.90618 1.386
3.91108 1.3855
3.91598 1.385
3.92088 1.3845
3.92578 1.384
3.93068 1.3835
3.93558 1.383
3.94048 1.3825
3.94538 1.382
3.95028 1.3815
3.95518 1.381
3.96008 1.3805
3.96498 1.38
3.96988 1.3795
3.97478 1.379
3.97968 1.3785
3.98458 1.378
3.98948 1.3775
3.99438 1.377
3.99928 1.3765
4.00418 1.376
4.00908 1.3755
4.01398 1.375
4.01888 1.3745
4.02378 1.374
4.02868 1.3735
4.03358 1.373
4.03848 1.3725
4.04338 1.372
4.04828 1.3715
4.05318 1.371
4.05808 1.3705
4.06298 1.37
4.06788 1.3695
4.07278 1.369
4.07768 1.3685
4.08258 1.368
4.08748 1.3675
4.09238 1.367
4.09728 1.3665
4.10218 1.366
4.10708 1.3655
4.11198 1.365
4.11688 1.3645
4.12178 1.364
4.12668 1.3635
4.13158 1.363
4.13648 1.3625
4.14138 1.362
4.14628 1.3615
4.15118 1.361
4.15608 1.3605
4.16098 1.36
4.16588 1.3595
4.17078 1.359
4.17568 1.3585
4.18058 1.358
4.18548 1.3575
4.19038 1.357
4.19528 1.3565
4.20018 1.356
4.20508 1.3555
4.20998 1.355
4.21488 1.3545
4.21978 1.354
4.22468 1.3535
4.22958 1.353
4.23448 1.3525
4.23938 1.352
4.24428 1.3515
4.24918 1.351
4.25408 1.3505
4.25898 1.35
4.26388 1.3495
4.26878 1.349
4.27368 1.3485
4.27858 1.348
4.28348 1.3475
4.28838 1.347
4.29328 1.3465
4.29818 1.346
4.30308 1.3455
4.30798 1.345
4.31288 1.3445
4.31778 1.344
4.32268 1.3435
4.32758 1.343
4.33248 1.3425
4.33738 1.342
4.34228 1.3415
4.34718 1.341
4.35208 1.3405
4.35698 1.34
4.36188 1.3395
4.36678 1.339
4.37168 1.3385
4.37658 1.338
4.38148 1.3375
4.38638 1.337
4.39128 1.3365
4.39618 1.336
4.40108 1.3355
4.40598 1.335
4.41088 1.3345
4.41578 1.334
4.42068 1.3335
4.42558 1.333
4.43048 1.3325
4.43538 1.332
4.44028 1.3315
4.44518 1.331
4.45008 1.3305
4.45498 1.33
4.45988 1.3295
4.46478 1.329
4.46968 1.3285
4.47458 1.328
4.47948 1.3275
4.48438 1.327
4.48928 1.3265
4.49418 1.326
4.49908 1.3255
4.50398 1.325
4.50888 1.3245
4.51378 1.324
4.51868 1.3235
4.52358 1.323
4.52848 1.3225
4.53338 1.322
4.53828 1.3215
4.54318 1.321
4.54808 1.3205
4.55298 1.32
4.55788 1.3195
4.56278 1.319
4.56768 1.3185
4.57258 1.318
4.57748 1.3175
4.58238 1.317
4.58728 1.3165
4.59218 1.316
4.59708 1.3155
4.60198 1.315
4.60688 1.3145
4.61178 1.314
4.61668 1.3135
4.62158 1.313
4.62648 1.3125
4.63138 1.312
4.63628 1.3115
4.64118 1.311
4.64608 1.3105
4.65098 1.31
4.65588 1.3095
4.66078 1.309
4.66568 1.3085
4.67058 1.308
4.67548 1.3075
4.68038 1.307
4.68528 1.3065
4.69018 1.306
4.69508 1.3055
4.69998 1.305
4.70488 1.3045
4.70978 1.304
4.71468 1.3035
4.71958 1.303
4.72448 1.3025
4.72938 1.302
4.73428 1.3015
4.73918 1.301
4.74408 1.3005
4.74898 1.3
4.75388 1.2995
4.75878 1.299
4.76368 1.2985
4.76858 1.298
4.77348 1.2975
4.77838 1.297
4.78328 1.2965
4.78818 1.296
4.79308 1.2955
4.79798 1.295
4.80288 1.2945
4.80778 1.294
4.81268 1.2935
4.81758 1.293
4.82248 1.2925
4.82738 1.292
4.83228 1.2915
4.83718 1.291
4.84208 1.2905
4.84698 1.29
4.85188 1.2895
4.85678 1.289
4.86168 1.2885
4.86658 1.288
4.87148 1.2875
4.87638 1.287
4.88128 1.2865
4.88618 1.286
4.89108 1.2855
4.89598 1.285
4.90088 1.2845
4.90578 1.284
4.91068 1.2835
4.91558 1.283
4.92048 1.2825
4.92538 1.282
4.93028 1.2815
4.93518 1.281
4.94008 1.2805
4.94498 1.28
4.94988 1.2795
4.95478 1.279
4.95968 1.2785
4.96458 1.278
4.96948 1.2775
4.97438 1.277
4.97928 1.2765
4.98418 1.276
4.98908 1.2755
4.99398 1.275
4.99888 1.2745
5.00378 1.274
5.00868 1.2735
5.01358 1.273
5.01848 1.2725
5.02338 1.272
5.02828 1.2715
5.03318 1.271
5.03808 1.2705
5.04298 1.27
5.04788 1.2695
5.05278 1.269
5.05768 1.2685
5.06258 1.268
5.06748 1.2675
5.07238 1.267
5.07728 1.2665
5.08218 1.266
5.08708 1.2655
5.09198 1.265
5.09688 1.2645
5.10178 1.264
5.10668 1.2635
5.11158 1.263
5.11648 1.2625
5.12138 1.262
5.12628 1.2615
5.13118 1.261
5.13608 1.2605
5.14098 1.26
5.14588 1.2595
5.15078 1.259
5.15568 1.2585
5.16058 1.258
5.16548 1.2575
5.17038 1.257
5.17528 1.2565
5.18018 1.256
5.18508 1.2555
5.18998 1.255
5.19488 1.2545
5.19978 1.254
5.20468 1.2535
5.20958 1.253
5.21448 1.2525
5.21938 1.252
5.22428 1.2515
5.22918 1.251
5.23408 1.2505
5.23898 1.25
5.24388 1.2495
5.24878 1.249
5.25368 1.2485
5.25858 1.248
5.26348 1.2475
5.26838 1.247
5.27328 1.2465
5.27818 1.246
5.28308 1.2455
5.28798 1.245
5.29288 1.2445
5.29778 1.244
5.30268 1.2435
5.30758 1.243
5.31248 1.2425
5.31738 1.242
5.32228 1.2415
5.32718 1.241
5.33208 1.2405
5.33698 1.24
5.34188 1.2395
5.34678 1.239
5.35168 1.2385
5.35658 1.238
5.36148 1.2375
5.36638 1.237
5.37128 1.2365
5.37618 1.236
5.38108 1.2355
5.38598 1.235
5.39088 1.2345
5.39578 1.234
5.40068 1.2335
5.40558 1.233
5.41048 1.2325
5.41538 1.232
5.42028 1.2315
5.42518 1.231
5.43008 1.2305
5.43498 1.23
5.43988 1.2295
5.44478 1.229
5.44968 1.2285
5.45458 1.228
5.45948 1.2275
5.46438 1.227
5.46928 1.2265
5.47418 1.226
5.47908 1.2255
5.48398 1.225
5.48888 1.2245
5.49378 1.224
5.49868 1.2235
5.50358 1.223
5.50848 1.2225
5.51338 1.222
5.51828 1.2215
5.52318 1.221
5.52808 1.2205
5.53298 1.22
5.53788 1.2195
5.54278 1.219
5.54768 1.2185
5.55258 1.218
5.55748 1.2175
5.56238 1.217
5.56728 1.2165
5.57218 1.216
5.57708 1.2155
5.58198 1.215
5.58688 1.2145
5.59178 1.214
5.59668 1.2135
5.60158 1.213
5.60648 1.2125
5.61138 1.212
5.61628 1.2115
5.62118 1.211
5.62608 1.2105
5.63098 1.21
5.63588 1.2095
5.64078 1.209
5.64568 1.2085
5.65058 1.208
5.65548 1.2075
5.66038 1.207
5.66528 1.2065
5.67018 1.206
5.67508 1.2055
5.67998 1.205
5.68488 1.2045
5.68978 1.204
5.69468 1.2035
5.69958 1.203
5.70448 1.2025
5.70938 1.202
5.71428 1.2015
5.71918 1.201
5.72408 1.2005
5.72898 1.2
5.73388 1.1995
5.73878 1.199
5.74368 1.1985
5.74858 1.198
5.75348 1.1975
5.75838 1.197
5.76328 1.1965
5.76818 1.196
5.77308 1.1955
5.77798 1.195
5.78288 1.1945
5.78778 1.194
5.79268 1.1935
5.79758 1.193
5.80248 1.1925
5.80738 1.192
5.81228 1.1915
5.81718 1.191
5.82208 1.1905
5.82698 1.19
5.83188 1.1895
5.83678 1.189
5.84168 1.1885
5.84658 1.188
5.85148 1.1875
5.85638 1.187
5.86128 1.1865
5.86618 1.186
5.87108 1.1855
5.87598 1.185
5.88088 1.1845
5.88578 1.184
5.89068 1.1835
5.89558 1.183
5.90048 1.1825
5.90538 1.182
5.91028 1.1815
5.91518 1.181
5.92008 1.1805
5.92498 1.18
5.92988 1.1795
5.93478 1.179
5.93968 1.1785
5.94458 1.178
5.94948 1.1775
5.95438 1.177
5.95928 1.1765
5.96418 1.176
5.96908 1.1755
5.97398 1.175
5.97888 1.1745
5.98378 1.174
5.98868 1.1735
5.99358 1.173
5.99848 1.1725
6.00338 1.172
6.00828 1.1715
6.01318 1.171
6.01808 1.1705
6.02298 1.17
6.02788 1.1695
6.03278 1.169
6.03768 1.1685
6.04258 1.168
6.04748 1.1675
6.05238 1.167
6.05728 1.1665
6.06218 1.166
6.06708 1.1655
6.07198 1.165
6.07688 1.1645
6.08178 1.164
6.08668 1.1635
6.09158 1.163
6.09648 1.1625
6.10138 1.162
6.10628 1.1615
6.11118 1.161
6.11608 1.1605
6.12098 1.16
6.12588 1.1595
6.13078 1.159
6.13568 1.1585
6.14058 1.158
6.14548 1.1575
6.15038 1.157
6.15528 1.1565
6.16018 1.156
6.16508 1.1555
6.16998 1.155
6.17488 1.1545
6.17978 1.154
6.18468 1.1535
6.18958 1.153
6.19448 1.1525
6.19938 1.152
6.20428 1.1515
6.20918 1.151
6.21408 1.1505
6.21898 1.15
6.22388 1.1495
6.22878 1.149
6.23368 1.1485
6.23858 1.148
6.24348 1.1475
6.24838 1.147
6.25328 1.1465
6.25818 1.146
6.26308 1.1455
6.26798 1.145
6.27288 1.1445
6.27778 1.144
6.28268 1.1435
6.28758 1.143
6.29248 1.1425
6.29738 1.142
6.30228 1.1415
6.30718 1.141
6.31208 1.1405
6.31698 1.14
6.32188 1.1395
6.32678 1.139
6.33168 1.1385
6.33658 1.138
6.34148 1.1375
6.34638 1.137
6.35128 1.1365
6.35618 1.136
6.36108 1.1355
6.36598 1.135
6.37088 1.1345
6.37578 1.134
6.38068 1.1335
6.38558 1.133
6.39048 1.1325
6.39538 1.132
6.40028 1.1315
6.40518 1.131
6.41008 1.1305
6.41498 1.13
6.41988 1.1295
6.42478 1.129
6.42968 1.1285
6.43458 1.128
6.43948 1.1275
6.44438 1.127
6.44928 1.1265
6.45418 1.126
6.45908 1.1255
6.46398 1.125
6.46888 1.1245
6.47378 1.124
6.47868 1.1235
6.48358 1.123
6.48848 1.1225
6.49338 1.122
6.49828 1.1215
6.50318 1.121
6.50808 1.1205
6.51298 1.12
6.51788 1.1195
6.52278 1.119
6.52768 1.1185
6.53258 1.118
6.53748 1.1175
6.54238 1.117
6.54728 1.1165
6.55218 1.116
6.55708 1.1155
6.56198 1.115
6.56688 1.1145
6.57178 1.114
6.57668 1.1135
6.58158 1.113
6.58648 1.1125
6.59138 1.112
6.59628 1.1115
6.60118 1.111
6.60608 1.1105
6.61098 1.11
6.61198 1.1095
6.61098 1.109
6.60998 1.1085
6.60898 1.108
6.60798 1.1075
6.60698 1.107
6.60598 1.1065
6.60498 1.106
6.60398 1.1055
6.60298 1.105
6.60198 1.1045
6.60098 1.104
6.59998 1.1035
6.59898 1.103
6.59798 1.1025
6.59698 1.102
6.59598 1.1015
6.59498 1.101
6.59398 1.1005
6.59298 1.1
6.59198 1.0995
6.59098 1.099
6.58998 1.0985
6.58898 1.098
6.58798 1.0975
6.58698 1.097
6.58598 1.0965
6.58498 1.096
6.58398 1.0955
6.58298 1.095
6.58198 1.0945
6.58098 1.094
6.57998 1.0935
6.57898 1.093
6.57798 1.0925
6.57698 1.092
6.57598 1.0915
6.57498 1.091
6.57398 1.0905
6.57298 1.09
6.57198 1.0895
6.57098 1.089
6.56998 1.0885
6.56898 1.088
6.56798 1.0875
6.56698 1.087
6.56598 1.0865
6.56498 1.086
6.56398 1.0855
6.56298 1.085
6.56198 1.0845
6.56098 1.084
6.55998 1.0835
6.55898 1.083
6.55798 1.0825
6.55698 1.082
6.55598 1.0815
6.55498 1.081
6.55398 1.0805
6.55298 1.08
6.55198 1.0795
6.55098 1.079
6.54998 1.0785
6.54898 1.078
6.54798 1.0775
6.54698 1.077
6.54598 1.0765
6.54498 1.076
6.54398 1.0755
6.54298 1.075
6.54198 1.0745
6.54098 1.074
6.53998 1.0735
6.53898 1.073
6.53798 1.0725
6.53698 1.072
6.53598 1.0715
6.53498 1.071
6.53398 1.0705
6.53298 1.07
6.53198 1.0695
6.53098 1.069
6.52998 1.0685
6.52898 1.068
6.52798 1.0675
6.52698 1.067
6.52598 1.0665
6.52498 1.066
6.52398 1.0655
6.52298 1.065
6.52198 1.0645
6.52098 1.064
6.51998 1.0635
6.51898 1.063
6.51798 1.0625
6.51698 1.062
6.51598 1.0615
6.51498 1.061
6.51398 1.0605
6.51298 1.06
6.51198 1.0595
6.51098 1.059
6.50998 1.0585
6.50898 1.058
6.50798 1.0575
6.50698 1.057
6.50598 1.0565
6.50498 1.056
6.50398 1.0555
6.50298 1.055
6.50198 1.0545
6.50098 1.054
6.49998 1.0535
6.49898 1.053
6.49798 1.0525
6.49698 1.052
6.49598 1.0515
6.49498 1.051
6.49398 1.0505
6.49298 1.05
6.49198 1.0495
6.49098 1.049
6.48998 1.0485
6.48898 1.048
6.48798 1.0475
6.48698 1.047
6.48598 1.0465
6.48498 1.046
6.48398 1.0455
6.48298 1.045
6.48198 1.0445
6.48098 1.044
6.47998 1.0435
6.47898 1.043
6.47798 1.0425
6.47698 1.042
6.47598 1.0415
6.47498 1.041
6.47398 1.0405
6.47298 1.04
6.47198 1.0395
6.47098 1.039
6.46998 1.0385
6.46898 1.038
6.46798 1.0375
6.46698 1.037
6.46598 1.0365
6.46498 1.036
6.46398 1.0355
6.46298 1.035
6.46198 1.0345
6.46098 1.034
6.45998 1.0335
6.45898 1.033
6.45798 1.0325
6.45698 1.032
6.45598 1.0315
6.45498 1.031
6.45398 1.0305
6.45298 1.03
6.45198 1.0295
6.45098 1.029
6.44998 1.0285
6.44898 1.028
6.44798 1.0275
6.44698 1.027
6.44598 1.0265
6.44498 1.026
6.44398 1.0255
6.44298 1.025
6.44198 1.0245
6.44098 1.024
6.43998 1.0235
6.43898 1.023
6.43798 1.0225
6.43698 1.022
6.43598 1.0215
6.43498 1.021
6.43398 1.0205
6.43298 1.02
6.43198 1.0195
6.43098 1.019
6.42998 1.0185
6.42898 1.018
6.42798 1.0175
6.42698 1.017
6.42598 1.0165
6.42498 1.016
6.42398 1.0155
6.42298 1.015
6.42198 1.0145
6.42098 1.014
6.41998 1.0135
6.41898 1.013
6.41798 1.0125
6.41698 1.012
6.41598 1.0115
6.41498 1.011
6.41398 1.0105
6.41298 1.01
6.41198 1.0095
6.41098 1.009
6.40998 1.0085
6.40898 1.008
6.40798 1.0075
6.40698 1.007
6.40598 1.0065
6.40498 1.006
6.40398 1.0055
6.40298 1.005
6.40198 1.0045
6.40098 1.004
6.39998 1.0035
6.39898 1.003
6.39798 1.0025
6.39698 1.002
6.39598 1.0015
6.39498 1.001
6.39398 1.0005
6.39498 1
