Man
0 0
0 0.001
0 0.002
0 0.003
0 0.004
0 0.005
0 0.006
0 0.007
0 0.008
0 0.009
0 0.01
0 0.011
0 0.012
0 0.013
0 0.014
0 0.015
0 0.016
0 0.017
0 0.018
0 0.019
0 0.02
0 0.021
0 0.022
0 0.023
0 0.024
0 0.025
0 0.026
0 0.027
0 0.028
0 0.029
0 0.03
0 0.031
0 0.032
0 0.033
0 0.034
0 0.035
0 0.036
0 0.037
0 0.038
0 0.039
0 0.04
0 0.041
0 0.042
0 0.043
0 0.044
0 0.045
0 0.046
0 0.047
0 0.048
0 0.049
0 0.05
0 0.051
0 0.052
0 0.053
0 0.054
0 0.055
0 0.056
0 0.057
0 0.058
0 0.059
0 0.06
0 0.061
0 0.062
0 0.063
0 0.064
0 0.065
0 0.066
0 0.067
0 0.068
0 0.069
0 0.07
0 0.071
0 0.072
0 0.073
0 0.074
0 0.075
0 0.076
0 0.077
0 0.078
0 0.079
0 0.08
0 0.081
0 0.082
0 0.083
0 0.084
0 0.085
0 0.086
0 0.087
0 0.088
0 0.089
0 0.09
0 0.091
0 0.092
0 0.093
0 0.094
-0.392699 0.095
-0.392699 0.096
-0.392699 0.097
-0.392699 0.098
-0.392699 0.099
-0.392699 0.1
-0.392699 0.101
-0.392699 0.102
-0.392699 0.103
-0.392699 0.104
-0.392699 0.105
-0.588794 0.106
-0.588794 0.107
-0.588794 0.108
-0.686969 0.109
-0.686969 0.11
-0.686969 0.111
-0.686969 0.112
-0.686969 0.113
-0.686969 0.114
-0.686969 0.115
-0.686969 0.116
-0.686969 0.117
-0.686969 0.118
-0.686969 0.119
-0.686969 0.12
-0.686969 0.121
-0.686969 0.122
-0.613337 0.123
-0.56425 0.124
-0.539706 0.125
-0.539706 0.126
-0.539706 0.127
-0.539706 0.128
-0.539706 0.129
-0.515163 0.13
-0.515163 0.131
-0.515163 0.132
-0.515163 0.133
-0.515163 0.134
-0.515163 0.135
-0.515163 0.136
-0.490619 0.137
-0.466075 0.138
-0.466075 0.139
-0.441532 0.14
-0.416988 0.141
-0.416988 0.142
-0.416988 0.143
-0.392444 0.144
-0.392444 0.145
-0.392444 0.146
-0.367901 0.147
-0.367901 0.148
-0.367901 0.149
-0.343357 0.15
-0.343357 0.151
-0.343357 0.152
-0.31941 0.153
-0.301002 0.154
-0.294866 0.155
-0.28873 0.156
-0.276458 0.157
-0.264186 0.158
-0.258051 0.159
-0.251915 0.16
-0.245779 0.161
-0.239643 0.162
-0.233507 0.163
-0.227371 0.164
-0.221235 0.165
-0.215099 0.166
-0.208963 0.167
-0.202827 0.168
-0.196691 0.169
-0.190555 0.17
-0.184419 0.171
-0.178284 0.172
-0.172148 0.173
-0.166012 0.174
-0.159876 0.175
-0.15374 0.176
-0.147604 0.177
-0.141468 0.178
-0.135332 0.179
-0.129196 0.18
-0.12306 0.181
-0.116924 0.182
-0.110788 0.183
-0.104652 0.184
-0.104652 0.185
-0.104652 0.186
-0.104652 0.187
-0.104652 0.188
-0.104652 0.189
-0.104652 0.19
-0.104652 0.191
-0.104652 0.192
-0.104652 0.193
-0.104652 0.194
-0.104652 0.195
-0.104652 0.196
-0.104652 0.197
-0.104652 0.198
-0.104652 0.199
-0.104652 0.2
-0.104652 0.201
-0.104652 0.202
-0.104652 0.203
-0.104652 0.204
-0.104652 0.205
-0.104652 0.206
-0.104652 0.207
-0.104652 0.208
-0.104652 0.209
-0.104652 0.21
-0.104652 0.211
-0.104652 0.212
-0.104652 0.213
-0.104652 0.214
-0.104652 0.215
-0.104652 0.216
-0.104652 0.217
-0.104652 0.218
-0.104652 0.219
-0.104652 0.22
-0.104652 0.221
-0.104652 0.222
-0.104652 0.223
-0.104652 0.224
-0.104652 0.225
-0.104652 0.226
-0.104652 0.227
-0.104652 0.228
-0.104652 0.229
-0.104652 0.23
-0.104652 0.231
-0.104652 0.232
-0.104652 0.233
-0.104652 0.234
-0.104652 0.235
-0.104652 0.236
-0.104652 0.237
-0.104652 0.238
-0.104652 0.239
-0.104652 0.24
-0.104652 0.241
-0.104652 0.242
-0.104652 0.243
-0.104652 0.244
-0.104652 0.245
-0.104652 0.246
-0.104652 0.247
-0.104652 0.248
-0.104652 0.249
-0.104652 0.25
-0.104652 0.251
-0.104652 0.252
-0.104652 0.253
-0.104652 0.254
-0.104652 0.255
-0.104652 0.256
-0.104652 0.257
-0.104652 0.258
-0.104652 0.259
-0.104652 0.26
-0.104652 0.261
-0.104652 0.262
-0.104652 0.263
-0.104652 0.264
-0.104652 0.265
-0.104652 0.266
-0.104652 0.267
-0.104652 0.268
-0.104652 0.269
-0.104652 0.27
-0.104652 0.271
-0.104652 0.272
-0.104652 0.273
-0.104652 0.274
-0.104652 0.275
-0.104652 0.276
-0.104652 0.277
-0.104652 0.278
-0.104652 0.279
-0.104652 0.28
-0.104652 0.281
-0.104652 0.282
-0.104652 0.283
-0.104652 0.284
-0.104652 0.285
-0.104652 0.286
-0.104652 0.287
-0.104652 0.288
-0.104652 0.289
-0.104652 0.29
-0.104652 0.291
-0.104652 0.292
-0.104652 0.293
-0.104652 0.294
-0.104652 0.295
-0.104652 0.296
-0.104652 0.297
-0.104652 0.298
-0.104652 0.299
-0.104652 0.3
-0.104652 0.301
-0.104652 0.302
-0.104652 0.303
-0.104652 0.304
-0.104652 0.305
-0.104652 0.306
-0.104652 0.307
-0.104652 0.308
-0.104652 0.309
-0.104652 0.31
-0.104652 0.311
-0.104652 0.312
-0.104652 0.313
-0.104652 0.314
-0.104652 0.315
-0.104652 0.316
-0.104652 0.317
-0.104652 0.318
-0.104652 0.319
-0.104652 0.32
-0.104652 0.321
-0.104652 0.322
-0.104652 0.323
-0.104652 0.324
-0.104652 0.325
-0.104652 0.326
-0.104652 0.327
-0.104652 0.328
-0.104652 0.329
-0.104652 0.33
-0.104652 0.331
-0.104652 0.332
-0.104652 0.333
-0.104652 0.334
-0.104652 0.335
-0.104652 0.336
-0.104652 0.337
-0.104652 0.338
-0.104652 0.339
-0.104652 0.34
-0.104652 0.341
-0.104652 0.342
-0.104652 0.343
-0.104652 0.344
-0.104652 0.345
-0.104652 0.346
-0.104652 0.347
-0.104652 0.348
-0.104652 0.349
-0.104652 0.35
-0.104652 0.351
-0.104652 0.352
-0.104652 0.353
-0.104652 0.354
-0.104652 0.355
-0.104652 0.356
-0.104652 0.357
-0.104652 0.358
-0.104652 0.359
-0.104652 0.36
-0.104652 0.361
-0.104652 0.362
-0.104652 0.363
-0.104652 0.364
-0.104652 0.365
-0.104652 0.366
-0.104652 0.367
-0.104652 0.368
-0.104652 0.369
-0.104652 0.37
-0.104652 0.371
-0.104652 0.372
-0.104652 0.373
-0.104652 0.374
-0.104652 0.375
-0.104652 0.376
-0.104652 0.377
-0.104652 0.378
-0.104652 0.379
-0.104652 0.38
-0.104652 0.381
-0.104652 0.382
-0.104652 0.383
-0.104652 0.384
-0.104652 0.385
-0.104652 0.386
-0.104652 0.387
-0.104652 0.388
-0.104652 0.389
-0.104652 0.39
-0.104652 0.391
-0.104652 0.392
-0.104652 0.393
-0.104652 0.394
-0.104652 0.395
-0.104652 0.396
-0.104652 0.397
-0.104652 0.398
-0.104652 0.399
-0.104652 0.4
-0.104652 0.401
-0.104652 0.402
-0.104652 0.403
-0.104652 0.404
-0.104652 0.405
-0.104652 0.406
-0.104652 0.407
-0.104652 0.408
-0.104652 0.409
-0.104652 0.41
-0.104652 0.411
-0.104652 0.412
-0.104652 0.413
-0.104652 0.414
-0.104652 0.415
-0.104652 0.416
-0.104652 0.417
-0.104652 0.418
-0.104652 0.419
-0.104652 0.42
-0.104652 0.421
-0.104652 0.422
-0.104652 0.423
-0.104652 0.424
-0.104652 0.425
-0.104652 0.426
-0.104652 0.427
-0.104652 0.428
-0.104652 0.429
-0.104652 0.43
-0.104652 0.431
-0.104652 0.432
-0.104652 0.433
-0.104652 0.434
-0.104652 0.435
-0.104652 0.436
-0.104652 0.437
-0.104652 0.438
-0.104652 0.439
-0.104652 0.44
-0.104652 0.441
-0.104652 0.442
-0.104652 0.443
-0.104652 0.444
-0.104652 0.445
-0.104652 0.446
-0.104652 0.447
-0.104652 0.448
-0.104652 0.449
-0.104652 0.45
-0.104652 0.451
-0.104652 0.452
-0.104652 0.453
-0.104652 0.454
-0.104652 0.455
-0.104652 0.456
-0.104652 0.457
-0.104652 0.458
-0.104652 0.459
-0.104652 0.46
-0.104652 0.461
-0.104652 0.462
-0.104652 0.463
-0.104652 0.464
-0.104652 0.465
-0.104652 0.466
-0.104652 0.467
-0.104652 0.468
-0.104652 0.469
-0.104652 0.47
-0.104652 0.471
-0.104652 0.472
-0.104652 0.473
-0.104652 0.474
-0.104652 0.475
-0.104652 0.476
-0.104652 0.477
-0.104652 0.478
-0.104652 0.479
-0.104652 0.48
-0.104652 0.481
-0.104652 0.482
-0.104652 0.483
-0.104652 0.484
-0.104652 0.485
-0.104652 0.486
-0.104652 0.487
-0.104652 0.488
-0.104652 0.489
-0.104652 0.49
-0.104652 0.491
-0.104652 0.492
-0.104652 0.493
-0.104652 0.494
-0.104652 0.495
-0.104652 0.496
-0.104652 0.497
-0.104652 0.498
-0.104652 0.499
-0.104652 0.5
-0.104652 0.501
-0.104652 0.502
-0.104652 0.503
-0.104652 0.504
-0.104652 0.505
-0.104652 0.506
-0.104652 0.507
-0.104652 0.508
-0.104652 0.509
-0.104652 0.51
-0.104652 0.511
-0.104652 0.512
-0.104652 0.513
-0.104652 0.514
-0.104652 0.515
-0.104652 0.516
-0.104652 0.517
-0.104652 0.518
-0.104652 0.519
-0.104652 0.52
-0.104652 0.521
-0.104652 0.522
-0.104652 0.523
-0.104652 0.524
-0.104652 0.525
-0.104652 0.526
-0.104652 0.527
-0.104652 0.528
-0.104652 0.529
-0.104652 0.53
-0.104652 0.531
-0.104652 0.532
-0.104652 0.533
-0.104652 0.534
-0.104652 0.535
-0.104652 0.536
-0.104652 0.537
-0.104652 0.538
-0.104652 0.539
-0.104652 0.54
-0.104652 0.541
-0.104652 0.542
-0.104652 0.543
-0.104652 0.544
-0.104652 0.545
-0.104652 0.546
-0.104652 0.547
-0.104652 0.548
-0.104652 0.549
-0.104652 0.55
-0.104652 0.551
-0.104652 0.552
-0.104652 0.553
-0.104652 0.554
-0.104652 0.555
-0.104652 0.556
-0.104652 0.557
-0.104652 0.558
-0.104652 0.559
-0.104652 0.56
-0.104652 0.561
-0.104652 0.562
-0.104652 0.563
-0.104652 0.564
-0.104652 0.565
-0.104652 0.566
-0.104652 0.567
-0.104652 0.568
-0.104652 0.569
-0.104652 0.57
-0.104652 0.571
-0.104652 0.572
-0.104652 0.573
-0.104652 0.574
-0.104652 0.575
-0.104652 0.576
-0.104652 0.577
-0.104652 0.578
-0.104652 0.579
-0.104652 0.58
-0.104652 0.581
-0.104652 0.582
-0.104652 0.583
-0.104652 0.584
-0.104652 0.585
-0.104652 0.586
-0.104652 0.587
-0.104652 0.588
-0.104652 0.589
-0.104652 0.59
-0.104652 0.591
-0.104652 0.592
-0.104652 0.593
-0.104652 0.594
-0.104652 0.595
-0.104652 0.596
-0.104652 0.597
-0.104652 0.598
-0.104652 0.599
-0.104652 0.6
-0.104652 0.601
-0.104652 0.602
-0.104652 0.603
-0.104652 0.604
-0.104652 0.605
-0.104652 0.606
-0.104652 0.607
-0.104652 0.608
-0.104652 0.609
-0.104652 0.61
-0.104652 0.611
-0.104652 0.612
-0.104652 0.613
-0.104652 0.614
-0.104652 0.615
-0.104652 0.616
-0.104652 0.617
-0.104652 0.618
-0.104652 0.619
-0.104652 0.62
-0.104652 0.621
-0.104652 0.622
-0.104652 0.623
-0.104652 0.624
-0.104652 0.625
-0.104652 0.626
-0.104652 0.627
-0.104652 0.628
-0.104652 0.629
-0.104652 0.63
-0.104652 0.631
-0.104652 0.632
-0.104652 0.633
-0.104652 0.634
-0.104652 0.635
-0.104652 0.636
-0.104652 0.637
-0.104652 0.638
-0.104652 0.639
-0.104652 0.64
-0.104652 0.641
-0.104652 0.642
-0.104652 0.643
-0.104652 0.644
-0.104652 0.645
-0.104652 0.646
-0.104652 0.647
-0.104652 0.648
-0.104652 0.649
-0.104652 0.65
-0.104652 0.651
-0.104652 0.652
-0.104652 0.653
-0.104652 0.654
-0.104652 0.655
-0.104652 0.656
-0.104652 0.657
-0.104652 0.658
-0.104652 0.659
-0.104652 0.66
-0.104652 0.661
-0.104652 0.662
-0.104652 0.663
-0.104652 0.664
-0.104652 0.665
-0.104652 0.666
-0.104652 0.667
-0.104652 0.668
-0.104652 0.669
-0.104652 0.67
-0.104652 0.671
-0.104652 0.672
-0.104652 0.673
-0.104652 0.674
-0.104652 0.675
-0.104652 0.676
-0.104652 0.677
-0.104652 0.678
-0.104652 0.679
-0.104652 0.68
-0.104652 0.681
-0.104652 0.682
-0.104652 0.683
-0.104652 0.684
-0.104652 0.685
-0.104652 0.686
-0.104652 0.687
-0.104652 0.688
-0.104652 0.689
-0.104652 0.69
-0.104652 0.691
-0.104652 0.692
-0.104652 0.693
-0.104652 0.694
-0.104652 0.695
-0.104652 0.696
-0.104652 0.697
-0.104652 0.698
-0.104652 0.699
-0.104652 0.7
-0.104652 0.701
-0.104652 0.702
-0.104652 0.703
-0.104652 0.704
-0.104652 0.705
-0.104652 0.706
-0.104652 0.707
-0.104652 0.708
-0.104652 0.709
-0.104652 0.71
-0.104652 0.711
-0.104652 0.712
-0.104652 0.713
-0.104652 0.714
-0.104652 0.715
-0.104652 0.716
-0.104652 0.717
-0.104652 0.718
-0.104652 0.719
-0.104652 0.72
-0.104652 0.721
-0.104652 0.722
-0.104652 0.723
-0.104652 0.724
-0.104652 0.725
-0.104652 0.726
-0.104652 0.727
-0.104652 0.728
-0.104652 0.729
-0.104652 0.73
-0.104652 0.731
-0.104652 0.732
-0.104652 0.733
-0.104652 0.734
-0.104652 0.735
-0.104652 0.736
-0.104652 0.737
-0.104652 0.738
-0.104652 0.739
-0.104652 0.74
-0.104652 0.741
-0.104652 0.742
-0.104652 0.743
-0.104652 0.744
-0.104652 0.745
-0.104652 0.746
-0.104652 0.747
-0.104652 0.748
-0.104652 0.749
-0.104652 0.75
-0.104652 0.751
-0.104652 0.752
-0.104652 0.753
-0.104652 0.754
-0.104652 0.755
-0.104652 0.756
-0.104652 0.757
-0.104652 0.758
-0.104652 0.759
-0.104652 0.76
-0.104652 0.761
-0.104652 0.762
-0.104652 0.763
-0.104652 0.764
-0.104652 0.765
-0.104652 0.766
-0.104652 0.767
-0.104652 0.768
-0.104652 0.769
-0.104652 0.77
-0.104652 0.771
-0.104652 0.772
-0.104652 0.773
-0.104652 0.774
-0.104652 0.775
-0.104652 0.776
-0.104652 0.777
-0.104652 0.778
-0.104652 0.779
-0.104652 0.78
-0.104652 0.781
-0.104652 0.782
-0.104652 0.783
-0.104652 0.784
-0.104652 0.785
-0.104652 0.786
-0.104652 0.787
-0.104652 0.788
-0.104652 0.789
-0.104652 0.79
-0.104652 0.791
-0.104652 0.792
-0.104652 0.793
-0.104652 0.794
-0.104652 0.795
-0.104652 0.796
-0.104652 0.797
-0.104652 0.798
-0.104652 0.799
-0.104652 0.8
-0.104652 0.801
-0.104652 0.802
-0.104652 0.803
-0.104652 0.804
-0.104652 0.805
-0.104652 0.806
-0.104652 0.807
-0.104652 0.808
-0.104652 0.809
-0.104652 0.81
-0.104652 0.811
-0.104652 0.812
-0.104652 0.813
-0.104652 0.814
-0.104652 0.815
-0.104652 0.816
-0.104652 0.817
-0.104652 0.818
-0.104652 0.819
-0.104652 0.82
-0.104652 0.821
-0.104652 0.822
-0.104652 0.823
-0.104652 0.824
-0.104652 0.825
-0.104652 0.826
-0.104652 0.827
-0.104652 0.828
-0.104652 0.829
-0.104652 0.83
-0.104652 0.831
-0.104652 0.832
-0.104652 0.833
-0.104652 0.834
-0.104652 0.835
-0.104652 0.836
-0.104652 0.837
-0.104652 0.838
-0.104652 0.839
-0.104652 0.84
-0.104652 0.841
-0.104652 0.842
-0.104652 0.843
-0.104652 0.844
-0.104652 0.845
-0.104652 0.846
-0.104652 0.847
-0.104652 0.848
-0.104652 0.849
-0.104652 0.85
-0.104652 0.851
-0.104652 0.852
-0.104652 0.853
-0.104652 0.854
-0.104652 0.855
-0.104652 0.856
-0.104652 0.857
-0.104652 0.858
-0.104652 0.859
-0.104652 0.86
-0.104652 0.861
-0.104652 0.862
-0.104652 0.863
-0.104652 0.864
-0.104652 0.865
-0.104652 0.866
-0.104652 0.867
-0.104652 0.868
-0.104652 0.869
-0.104652 0.87
-0.104652 0.871
-0.104652 0.872
-0.104652 0.873
-0.104652 0.874
-0.104652 0.875
-0.104652 0.876
-0.104652 0.877
-0.104652 0.878
-0.104652 0.879
-0.104652 0.88
-0.104652 0.881
-0.104652 0.882
-0.104652 0.883
-0.104652 0.884
-0.104652 0.885
-0.104652 0.886
-0.104652 0.887
-0.104652 0.888
-0.104652 0.889
-0.104652 0.89
-0.104652 0.891
-0.104652 0.892
-0.104652 0.893
-0.104652 0.894
-0.104652 0.895
-0.104652 0.896
-0.104652 0.897
-0.104652 0.898
-0.104652 0.899
-0.104652 0.9
-0.104652 0.901
-0.104652 0.902
-0.104652 0.903
-0.104652 0.904
-0.104652 0.905
-0.104652 0.906
-0.104652 0.907
-0.104652 0.908
-0.104652 0.909
-0.104652 0.91
-0.104652 0.911
-0.104652 0.912
-0.104652 0.913
-0.104652 0.914
-0.104652 0.915
-0.104652 0.916
-0.104652 0.917
-0.104652 0.918
-0.104652 0.919
-0.104652 0.92
-0.104652 0.921
-0.104652 0.922
-0.104652 0.923
-0.104652 0.924
-0.104652 0.925
-0.104652 0.926
-0.104652 0.927
-0.104652 0.928
-0.104652 0.929
-0.104652 0.93
-0.105653 0.931
-0.106653 0.932
-0.107653 0.933
-0.108653 0.934
-0.109653 0.935
-0.110653 0.936
-0.111653 0.937
-0.112653 0.938
-0.113653 0.939
-0.114653 0.94
-0.115653 0.941
-0.116653 0.942
-0.117653 0.943
-0.118653 0.944
-0.119653 0.945
-0.120653 0.946
-0.121653 0.947
-0.122653 0.948
-0.123653 0.949
-0.124653 0.95
-0.125653 0.951
-0.126653 0.952
-0.127653 0.953
-0.128653 0.954
-0.129653 0.955
-0.130653 0.956
-0.131653 0.957
-0.132653 0.958
-0.133653 0.959
-0.134653 0.96
-0.135653 0.961
-0.136653 0.962
-0.137653 0.963
-0.138653 0.964
-0.139653 0.965
-0.140653 0.966
-0.141653 0.967
-0.142654 0.968
-0.143654 0.969
-0.144654 0.97
-0.145654 0.971
-0.146654 0.972
-0.147654 0.973
-0.148654 0.974
-0.149654 0.975
-0.150654 0.976
-0.151654 0.977
-0.152654 0.978
-0.153654 0.979
-0.154654 0.98
-0.155654 0.981
-0.156654 0.982
-0.157654 0.983
-0.158654 0.984
-0.159654 0.985
-0.160654 0.986
-0.161654 0.987
-0.162654 0.988
-0.163654 0.989
-0.164654 0.99
-0.165654 0.991
-0.166654 0.992
-0.167654 0.993
-0.168654 0.994
-0.169654 0.995
-0.170654 0.996
-0.171654 0.997
-0.172654 0.998
-0.173654 0.999
-0.172654 1


Shark
3.14159 1.5
3.13739 1.4995
3.13319 1.499
3.12899 1.4985
3.12479 1.498
3.12059 1.4975
3.11639 1.497
3.11219 1.4965
3.10799 1.496
3.10379 1.4955
3.09959 1.495
3.09539 1.4945
3.09119 1.494
3.08699 1.4935
3.08279 1.493
3.07859 1.4925
3.07439 1.492
3.07019 1.4915
3.06599 1.491
3.06179 1.4905
3.05759 1.49
3.05339 1.4895
3.04919 1.489
3.04499 1.4885
3.04079 1.488
3.03659 1.4875
3.03239 1.487
3.02819 1.4865
3.02399 1.486
3.01979 1.4855
3.01559 1.485
3.01139 1.4845
3.00719 1.484
3.00299 1.4835
2.99879 1.483
2.99459 1.4825
2.99039 1.482
2.98619 1.4815
2.98199 1.481
2.97779 1.4805
2.97359 1.48
2.96939 1.4795
2.96519 1.479
2.96099 1.4785
2.95679 1.478
2.95259 1.4775
2.94839 1.477
2.94419 1.4765
2.93999 1.476
2.93579 1.4755
2.93159 1.475
2.92739 1.4745
2.92319 1.474
2.91899 1.4735
2.91479 1.473
2.91059 1.4725
2.90639 1.472
2.90219 1.4715
2.89799 1.471
2.89379 1.4705
2.88959 1.47
2.88539 1.4695
2.88119 1.469
2.87699 1.4685
2.87279 1.468
2.86859 1.4675
2.86439 1.467
2.86019 1.4665
2.85599 1.466
2.85179 1.4655
2.84759 1.465
2.84339 1.4645
2.83919 1.464
2.83499 1.4635
2.83079 1.463
2.82659 1.4625
2.82239 1.462
2.81819 1.4615
2.81399 1.461
2.80979 1.4605
2.80559 1.46
2.80139 1.4595
2.79719 1.459
2.79299 1.4585
2.78879 1.458
2.78459 1.4575
2.78039 1.457
2.77619 1.4565
2.77199 1.456
2.76779 1.4555
2.76359 1.455
2.75939 1.4545
2.75519 1.454
2.75099 1.4535
2.74679 1.453
2.59188 1.4525
2.58768 1.452
2.58348 1.4515
2.57928 1.451
2.57508 1.4505
2.57088 1.45
2.56668 1.4495
2.56248 1.449
2.55828 1.4485
2.55408 1.448
2.54988 1.4475
2.46302 1.447
2.45882 1.4465
2.45462 1.446
2.49954 1.4455
2.50374 1.445
2.50794 1.4445
2.51214 1.444
2.51634 1.4435
2.52054 1.443
2.52474 1.4425
2.52894 1.442
2.53314 1.4415
2.53734 1.441
2.54154 1.4405
2.54574 1.44
2.54994 1.4395
2.55414 1.439
2.59225 1.4385
2.61805 1.438
2.63155 1.4375
2.63575 1.437
2.63995 1.4365
2.64415 1.436
2.64835 1.4355
2.66235 1.435
2.66655 1.4345
2.67075 1.434
2.67495 1.4335
2.67915 1.433
2.68335 1.4325
2.68755 1.432
2.70223 1.4315
2.71701 1.431
2.72121 1.4305
2.73619 1.43
2.75127 1.4295
2.75547 1.429
2.75967 1.4285
2.77505 1.428
2.77925 1.4275
2.78345 1.427
2.79913 1.4265
2.80333 1.426
2.80753 1.4255
2.8235 1.425
2.8277 1.4245
2.8319 1.424
2.8478 1.4235
2.86039 1.423
2.86618 1.4225
2.87198 1.422
2.88108 1.4215
2.89022 1.421
2.89607 1.4205
2.90195 1.42
2.90785 1.4195
2.91376 1.419
2.91969 1.4185
2.92564 1.418
2.93161 1.4175
2.93759 1.417
2.9436 1.4165
2.94962 1.416
2.95566 1.4155
2.96172 1.415
2.9678 1.4145
2.9739 1.414
2.98001 1.4135
2.98615 1.413
2.9923 1.4125
2.99847 1.412
3.00466 1.4115
3.01087 1.411
3.0171 1.4105
3.02335 1.41
3.02962 1.4095
3.0359 1.409
3.04221 1.4085
3.04853 1.408
3.05273 1.4075
3.05693 1.407
3.06113 1.4065
3.06533 1.406
3.06953 1.4055
3.07373 1.405
3.07793 1.4045
3.08213 1.404
3.08633 1.4035
3.09053 1.403
3.09473 1.4025
3.09893 1.402
3.10313 1.4015
3.10733 1.401
3.11153 1.4005
3.11573 1.4
3.11993 1.3995
3.12413 1.399
3.12833 1.3985
3.13253 1.398
3.13673 1.3975
3.14093 1.397
3.14513 1.3965
3.14933 1.396
3.15353 1.3955
3.15773 1.395
3.16193 1.3945
3.16613 1.394
3.17033 1.3935
3.17453 1.393
3.17873 1.3925
3.18293 1.392
3.18713 1.3915
3.19133 1.391
3.19553 1.3905
3.19973 1.39
3.20393 1.3895
3.20813 1.389
3.21233 1.3885
3.21653 1.388
3.22073 1.3875
3.22493 1.387
3.22913 1.3865
3.23333 1.386
3.23753 1.3855
3.24173 1.385
3.24593 1.3845
3.25013 1.384
3.25433 1.3835
3.25853 1.383
3.26273 1.3825
3.26693 1.382
3.27113 1.3815
3.27533 1.381
3.27953 1.3805
3.28373 1.38
3.28793 1.3795
3.29213 1.379
3.29633 1.3785
3.30053 1.378
3.30473 1.3775
3.30893 1.377
3.31313 1.3765
3.31733 1.376
3.32153 1.3755
3.32573 1.375
3.32993 1.3745
3.33413 1.374
3.33833 1.3735
3.34253 1.373
3.34673 1.3725
3.35093 1.372
3.35513 1.3715
3.35933 1.371
3.36353 1.3705
3.36773 1.37
3.37193 1.3695
3.37613 1.369
3.38033 1.3685
3.38453 1.368
3.38873 1.3675
3.39293 1.367
3.39713 1.3665
3.40133 1.366
3.40553 1.3655
3.40973 1.365
3.41393 1.3645
3.41813 1.364
3.42233 1.3635
3.42653 1.363
3.43073 1.3625
3.43493 1.362
3.43913 1.3615
3.44333 1.361
3.44753 1.3605
3.45173 1.36
3.45593 1.3595
3.46013 1.359
3.46433 1.3585
3.46853 1.358
3.47273 1.3575
3.47693 1.357
3.48113 1.3565
3.48533 1.356
3.48953 1.3555
3.49373 1.355
3.49793 1.3545
3.50213 1.354
3.50633 1.3535
3.51053 1.353
3.51473 1.3525
3.51893 1.352
3.52313 1.3515
3.52733 1.351
3.53153 1.3505
3.53573 1.35
3.53993 1.3495
3.54413 1.349
3.54833 1.3485
3.55253 1.348
3.55673 1.3475
3.56093 1.347
3.56513 1.3465
3.56933 1.346
3.57353 1.3455
3.57773 1.345
3.58193 1.3445
3.58613 1.344
3.59033 1.3435
3.59453 1.343
3.59873 1.3425
3.60293 1.342
3.60713 1.3415
3.61133 1.341
3.61553 1.3405
3.61973 1.34
3.62393 1.3395
3.62813 1.339
3.63233 1.3385
3.63653 1.338
3.64073 1.3375
3.64493 1.337
3.64913 1.3365
3.65333 1.336
3.65753 1.3355
3.66173 1.335
3.66593 1.3345
3.67013 1.334
3.67433 1.3335
3.67853 1.333
3.68273 1.3325
3.68693 1.332
3.69113 1.3315
3.69533 1.331
3.69953 1.3305
3.70373 1.33
3.70793 1.3295
3.71213 1.329
3.71633 1.3285
3.72053 1.328
3.72473 1.3275
3.72893 1.327
3.73313 1.3265
3.73733 1.326
3.74153 1.3255
3.74573 1.325
3.74993 1.3245
3.75413 1.324
3.75833 1.3235
3.76253 1.323
3.76673 1.3225
3.77093 1.322
3.77513 1.3215
3.77933 1.321
3.78353 1.3205
3.78773 1.32
3.79193 1.3195
3.79613 1.319
3.80033 1.3185
3.80453 1.318
3.80873 1.3175
3.81293 1.317
3.81713 1.3165
3.82133 1.316
3.82553 1.3155
3.82973 1.315
3.83393 1.3145
3.83813 1.314
3.84233 1.3135
3.84653 1.313
3.85073 1.3125
3.85493 1.312
3.85913 1.3115
3.86333 1.311
3.86753 1.3105
3.87173 1.31
3.87593 1.3095
3.88013 1.309
3.88433 1.3085
3.88853 1.308
3.89273 1.3075
3.89693 1.307
3.90113 1.3065
3.90533 1.306
3.90953 1.3055
3.91373 1.305
3.91793 1.3045
3.92213 1.304
3.92633 1.3035
3.93053 1.303
3.93473 1.3025
3.93893 1.302
3.94313 1.3015
3.94733 1.301
3.95153 1.3005
3.95573 1.3
3.95993 1.2995
3.96413 1.299
3.96833 1.2985
3.97253 1.298
3.97673 1.2975
3.98093 1.297
3.98513 1.2965
3.98933 1.296
3.99353 1.2955
3.99773 1.295
4.00193 1.2945
4.00613 1.294
4.01033 1.2935
4.01453 1.293
4.01873 1.2925
4.02293 1.292
4.02713 1.2915
4.03133 1.291
4.03553 1.2905
4.03973 1.29
4.04393 1.2895
4.04813 1.289
4.05233 1.2885
4.05653 1.288
4.06073 1.2875
4.06493 1.287
4.06913 1.2865
4.07333 1.286
4.07753 1.2855
4.08173 1.285
4.08593 1.2845
4.09013 1.284
4.09433 1.2835
4.09853 1.283
4.10273 1.2825
4.10693 1.282
4.11113 1.2815
4.11533 1.281
4.11953 1.2805
4.12373 1.28
4.12793 1.2795
4.13213 1.279
4.13633 1.2785
4.14053 1.278
4.14473 1.2775
4.14893 1.277
4.15313 1.2765
4.15733 1.276
4.16153 1.2755
4.16573 1.275
4.16993 1.2745
4.17413 1.274
4.17833 1.2735
4.18253 1.273
4.18673 1.2725
4.19093 1.272
4.19513 1.2715
4.19933 1.271
4.20353 1.2705
4.20773 1.27
4.21193 1.2695
4.21613 1.269
4.22033 1.2685
4.22453 1.268
4.22873 1.2675
4.23293 1.267
4.23713 1.2665
4.24133 1.266
4.24553 1.2655
4.24973 1.265
4.25393 1.2645
4.25813 1.264
4.26233 1.2635
4.26653 1.263
4.27073 1.2625
4.27493 1.262
4.27913 1.2615
4.28333 1.261
4.28753 1.2605
4.29173 1.26
4.29593 1.2595
4.30013 1.259
4.30433 1.2585
4.30853 1.258
4.31273 1.2575
4.31693 1.257
4.32113 1.2565
4.32533 1.256
4.32953 1.2555
4.33373 1.255
4.33793 1.2545
4.34213 1.254
4.34633 1.2535
4.35053 1.253
4.35473 1.2525
4.35893 1.252
4.36313 1.2515
4.36733 1.251
4.37153 1.2505
4.37573 1.25
4.37993 1.2495
4.38413 1.249
4.38833 1.2485
4.39253 1.248
4.39673 1.2475
4.40093 1.247
4.40513 1.2465
4.40933 1.246
4.41353 1.2455
4.41773 1.245
4.42193 1.2445
4.42613 1.244
4.43033 1.2435
4.43453 1.243
4.43873 1.2425
4.44293 1.242
4.44713 1.2415
4.45133 1.241
4.45553 1.2405
4.45973 1.24
4.46393 1.2395
4.46813 1.239
4.47233 1.2385
4.47653 1.238
4.48073 1.2375
4.48493 1.237
4.48913 1.2365
4.49333 1.236
4.49753 1.2355
4.50173 1.235
4.50593 1.2345
4.51013 1.234
4.51433 1.2335
4.51853 1.233
4.52273 1.2325
4.52693 1.232
4.53113 1.2315
4.53533 1.231
4.53953 1.2305
4.54373 1.23
4.54793 1.2295
4.55213 1.229
4.55633 1.2285
4.56053 1.228
4.56473 1.2275
4.56893 1.227
4.57313 1.2265
4.57733 1.226
4.58153 1.2255
4.58573 1.225
4.58993 1.2245
4.59413 1.224
4.59833 1.2235
4.60253 1.223
4.60673 1.2225
4.61093 1.222
4.61513 1.2215
4.61933 1.221
4.62353 1.2205
4.62773 1.22
4.63193 1.2195
4.63613 1.219
4.64033 1.2185
4.64453 1.218
4.64873 1.2175
4.65293 1.217
4.65713 1.2165
4.66133 1.216
4.66553 1.2155
4.66973 1.215
4.67393 1.2145
4.67813 1.214
4.68233 1.2135
4.68653 1.213
4.69073 1.2125
4.69493 1.212
4.69913 1.2115
4.70333 1.211
4.70753 1.2105
4.71173 1.21
4.71593 1.2095
4.72013 1.209
4.72433 1.2085
4.72853 1.208
4.73273 1.2075
4.73693 1.207
4.74113 1.2065
4.74533 1.206
4.74953 1.2055
4.75373 1.205
4.75793 1.2045
4.76213 1.204
4.76633 1.2035
4.77053 1.203
4.77473 1.2025
4.77893 1.202
4.78313 1.2015
4.78733 1.201
4.79153 1.2005
4.79573 1.2
4.79993 1.1995
4.80413 1.199
4.80833 1.1985
4.81253 1.198
4.81673 1.1975
4.82093 1.197
4.82513 1.1965
4.82933 1.196
4.83353 1.1955
4.83773 1.195
4.84193 1.1945
4.84613 1.194
4.85033 1.1935
4.85453 1.193
4.85873 1.1925
4.86293 1.192
4.86713 1.1915
4.87133 1.191
4.87553 1.1905
4.87973 1.19
4.88393 1.1895
4.88813 1.189
4.89233 1.1885
4.89653 1.188
4.90073 1.1875
4.90493 1.187
4.90913 1.1865
4.91333 1.186
4.91753 1.1855
4.92173 1.185
4.92593 1.1845
4.93013 1.184
4.93433 1.1835
4.93853 1.183
4.94273 1.1825
4.94693 1.182
4.95113 1.1815
4.95533 1.181
4.95953 1.1805
4.96373 1.18
4.96793 1.1795
4.97213 1.179
4.97633 1.1785
4.98053 1.178
4.98473 1.1775
4.98893 1.177
4.99313 1.1765
4.99733 1.176
5.00153 1.1755
5.00573 1.175
5.00993 1.1745
5.01413 1.174
5.01833 1.1735
5.02253 1.173
5.02673 1.1725
5.03093 1.172
5.03513 1.1715
5.03933 1.171
5.04353 1.1705
5.04773 1.17
5.05193 1.1695
5.05613 1.169
5.06033 1.1685
5.06453 1.168
5.06873 1.1675
5.07293 1.167
5.07713 1.1665
5.08133 1.166
5.08553 1.1655
5.08973 1.165
5.09393 1.1645
5.09813 1.164
5.10233 1.1635
5.10653 1.163
5.11073 1.1625
5.11493 1.162
5.11913 1.1615
5.12333 1.161
5.12753 1.1605
5.13173 1.16
5.13593 1.1595
5.14013 1.159
5.14433 1.1585
5.14853 1.158
5.15273 1.1575
5.15693 1.157
5.16113 1.1565
5.16533 1.156
5.16953 1.1555
5.17373 1.155
5.17793 1.1545
5.18213 1.154
5.18633 1.1535
5.19053 1.153
5.19473 1.1525
5.19893 1.152
5.20313 1.1515
5.20733 1.151
5.21153 1.1505
5.21573 1.15
5.21993 1.1495
5.22413 1.149
5.22833 1.1485
5.23253 1.148
5.23673 1.1475
5.24093 1.147
5.24513 1.1465
5.24933 1.146
5.25353 1.1455
5.25773 1.145
5.26193 1.1445
5.26613 1.144
5.27033 1.1435
5.27453 1.143
5.27873 1.1425
5.28293 1.142
5.28713 1.1415
5.29133 1.141
5.29553 1.1405
5.29973 1.14
5.30393 1.1395
5.30813 1.139
5.31233 1.1385
5.31653 1.138
5.32073 1.1375
5.32493 1.137
5.32913 1.1365
5.33333 1.136
5.33753 1.1355
5.34173 1.135
5.34593 1.1345
5.35013 1.134
5.35433 1.1335
5.35853 1.133
5.36273 1.1325
5.36693 1.132
5.37113 1.1315
5.37533 1.131
5.37953 1.1305
5.38373 1.13
5.38793 1.1295
5.39213 1.129
5.39633 1.1285
5.40053 1.128
5.40473 1.1275
5.40893 1.127
5.41313 1.1265
5.41733 1.126
5.42153 1.1255
5.42573 1.125
5.42993 1.1245
5.43413 1.124
5.43833 1.1235
5.44253 1.123
5.44673 1.1225
5.45093 1.122
5.45513 1.1215
5.45933 1.121
5.46353 1.1205
5.46773 1.12
5.47193 1.1195
5.47613 1.119
5.48033 1.1185
5.48453 1.118
5.48873 1.1175
5.49293 1.117
5.49713 1.1165
5.50133 1.116
5.50553 1.1155
5.50973 1.115
5.51393 1.1145
5.51813 1.114
5.52233 1.1135
5.52653 1.113
5.53073 1.1125
5.53493 1.112
5.53913 1.1115
5.54333 1.111
5.54753 1.1105
5.55173 1.11
5.55593 1.1095
5.56013 1.109
5.56433 1.1085
5.56853 1.108
5.57273 1.1075
5.57693 1.107
5.58113 1.1065
5.58533 1.106
5.58953 1.1055
5.59373 1.105
5.59793 1.1045
5.60213 1.104
5.60633 1.1035
5.61053 1.103
5.61473 1.1025
5.61893 1.102
5.62313 1.1015
5.62733 1.101
5.63153 1.1005
5.63573 1.1
5.63993 1.0995
5.64413 1.099
5.64833 1.0985
5.65253 1.098
5.65673 1.0975
5.66093 1.097
5.66513 1.0965
5.66933 1.096
5.67353 1.0955
5.67773 1.095
5.68193 1.0945
5.68613 1.094
5.69033 1.0935
5.69453 1.093
5.69873 1.0925
5.70293 1.092
5.70713 1.0915
5.71133 1.091
5.71553 1.0905
5.71973 1.09
5.72393 1.0895
5.72813 1.089
5.73233 1.0885
5.73653 1.088
5.74073 1.0875
5.74493 1.087
5.74913 1.0865
5.75333 1.086
5.75753 1.0855
5.76173 1.085
5.76593 1.0845
5.77013 1.084
5.77433 1.0835
5.77853 1.083
5.78273 1.0825
5.78693 1.082
5.79113 1.0815
5.79533 1.081
5.79953 1.0805
5.80373 1.08
5.80793 1.0795
5.81213 1.079
5.81633 1.0785
5.82053 1.078
5.82473 1.0775
5.82893 1.077
5.83313 1.0765
5.83733 1.076
5.84153 1.0755
5.84573 1.075
5.84993 1.0745
5.85413 1.074
5.85833 1.0735
5.86253 1.073
5.86673 1.0725
5.87093 1.072
5.87513 1.0715
5.87933 1.071
5.88353 1.0705
5.88773 1.07
5.89193 1.0695
5.89613 1.069
5.90033 1.0685
5.90453 1.068
5.90873 1.0675
5.91293 1.067
5.91713 1.0665
5.92133 1.066
5.92553 1.0655
5.92973 1.065
5.93393 1.0645
5.93813 1.064
5.94233 1.0635
5.94653 1.063
5.95073 1.0625
5.95493 1.062
5.95913 1.0615
5.96333 1.061
5.96753 1.0605
5.97173 1.06
5.97593 1.0595
5.98013 1.059
5.98433 1.0585
5.98853 1.058
5.99273 1.0575
5.99693 1.057
6.00113 1.0565
6.00533 1.056
6.00953 1.0555
6.01373 1.055
6.01793 1.0545
6.02213 1.054
6.02633 1.0535
6.03053 1.053
6.03473 1.0525
6.03893 1.052
6.04313 1.0515
6.04733 1.051
6.05153 1.0505
6.05573 1.05
6.05993 1.0495
6.06413 1.049
6.06833 1.0485
6.07253 1.048
6.07673 1.0475
6.08093 1.047
6.08513 1.0465
6.08933 1.046
6.09353 1.0455
6.09773 1.045
6.10193 1.0445
6.10613 1.044
6.11033 1.0435
6.11453 1.043
6.11873 1.0425
6.12293 1.042
6.12713 1.0415
6.13133 1.041
6.13553 1.0405
6.13973 1.04
6.14393 1.0395
6.14813 1.039
6.15233 1.0385
6.15653 1.038
6.16073 1.0375
6.16493 1.037
6.16913 1.0365
6.17333 1.036
6.17753 1.0355
6.17853 1.035
6.17753 1.0345
6.17653 1.034
6.17553 1.0335
6.17453 1.033
6.17353 1.0325
6.17253 1.032
6.17153 1.0315
6.17053 1.031
6.16953 1.0305
6.16853 1.03
6.16753 1.0295
6.16653 1.029
6.16553 1.0285
6.16453 1.028
6.16353 1.0275
6.16253 1.027
6.16153 1.0265
6.16053 1.026
6.15953 1.0255
6.15853 1.025
6.15753 1.0245
6.15653 1.024
6.15553 1.0235
6.15453 1.023
6.15353 1.0225
6.15253 1.022
6.15153 1.0215
6.15053 1.021
6.14953 1.0205
6.14853 1.02
6.14753 1.0195
6.14653 1.019
6.14553 1.0185
6.14453 1.018
6.14353 1.0175
6.14253 1.017
6.14153 1.0165
6.14053 1.016
6.13953 1.0155
6.13853 1.015
6.13753 1.0145
6.13653 1.014
6.13553 1.0135
6.13453 1.013
6.13353 1.0125
6.13253 1.012
6.13153 1.0115
6.13053 1.011
6.12953 1.0105
6.12853 1.01
6.12753 1.0095
6.12653 1.009
6.12553 1.0085
6.12453 1.008
6.12353 1.0075
6.12253 1.007
6.12153 1.0065
6.12053 1.006
6.11953 1.0055
6.11853 1.005
6.11753 1.0045
6.11653 1.004
6.11553 1.0035
6.11453 1.003
6.11353 1.0025
6.11253 1.002
6.11153 1.0015
6.11053 1.001
6.10953 1.0005
6.11053 1
