Man
0 0
0.000566966 0.00025
0.000128971 0.0005
0.00212479 0.00075
-0.000478155 0.001
-0.00107776 0.00125
-0.00210868 0.0015
-0.00112707 0.00175
-0.00297562 0.002
-0.00251235 0.00225
-0.00553165 0.0025
-0.00838994 0.00275
-0.0101701 0.003
-0.0115758 0.00325
-0.010727 0.0035
-0.010524 0.00375
-0.0121672 0.004
-0.0143647 0.00425
-0.013728 0.0045
-0.0154818 0.00475
-0.0157906 0.005
-0.0162954 0.00525
-0.0158949 0.0055
-0.0170395 0.00575
-0.0165551 0.006
-0.0168384 0.00625
-0.0176529 0.0065
-0.0175337 0.00675
-0.017785 0.007
-0.018379 0.00725
-0.0200991 0.0075
-0.0213369 0.00775
-0.0203685 0.008
-0.0200003 0.00825
-0.0226541 0.0085
-0.0216789 0.00875
-0.027528 0.009
-0.0291835 0.00925
-0.0304698 0.0095
-0.0311776 0.00975
-0.031721 0.01
-0.0322873 0.01025
-0.0318818 0.0105
-0.0306365 0.01075
-0.0315579 0.011
-0.0347555 0.01125
-0.0356513 0.0115
-0.0384146 0.01175
-0.0386137 0.012
-0.0391054 0.01225
-0.0402964 0.0125
-0.040761 0.01275
-0.039959 0.013
-0.0427569 0.01325
-0.0459159 0.0135
-0.0471587 0.01375
-0.0501267 0.014
-0.049301 0.01425
-0.0505162 0.0145
-0.0506599 0.01475
-0.048994 0.015
-0.0486059 0.01525
-0.0492334 0.0155
-0.0496789 0.01575
-0.0493602 0.016
-0.0524429 0.01625
-0.0512108 0.0165
-0.0575075 0.01675
-0.0595936 0.017
-0.0581091 0.01725
-0.0604257 0.0175
-0.0596114 0.01775
-0.0610232 0.018
-0.0630426 0.01825
-0.0622888 0.0185
-0.0640857 0.01875
-0.0633842 0.019
-0.0640684 0.01925
-0.065442 0.0195
-0.0682329 0.01975
-0.0697304 0.02
-0.0691579 0.02025
-0.069593 0.0205
-0.0711666 0.02075
-0.0694439 0.021
-0.0705765 0.02125
-0.0711174 0.0215
-0.0755883 0.02175
-0.0775355 0.022
-0.078268 0.02225
-0.077351 0.0225
-0.079607 0.02275
-0.0817215 0.023
-0.080686 0.02325
-0.0814296 0.0235
-0.0825825 0.02375
-0.0837969 0.024
-0.0812275 0.02425
-0.0838242 0.0245
-0.0843812 0.02475
-0.0858221 0.025
-0.0882242 0.02525
-0.091599 0.0255
-0.0946195 0.02575
-0.0947253 0.026
-0.0960299 0.02625
-0.097139 0.0265
-0.0972579 0.02675
-0.100579 0.027
-0.104807 0.02725
-0.105465 0.0275
-0.106409 0.02775
-0.105662 0.028
-0.105124 0.02825
-0.104457 0.0285
-0.106519 0.02875
-0.106339 0.029
-0.108852 0.02925
-0.11258 0.0295
-0.114623 0.02975
-0.117401 0.03
-0.11927 0.03025
-0.121191 0.0305
-0.119493 0.03075
-0.120107 0.031
-0.122862 0.03125
-0.122401 0.0315
-0.12157 0.03175
-0.12335 0.032
-0.124387 0.03225
-0.122473 0.0325
-0.124429 0.03275
-0.12555 0.033
-0.124697 0.03325
-0.125463 0.0335
-0.124687 0.03375
-0.126167 0.034
-0.128215 0.03425
-0.128515 0.0345
-0.127559 0.03475
-0.130456 0.035
-0.130807 0.03525
-0.129986 0.0355
-0.131053 0.03575
-0.132557 0.036
-0.13196 0.03625
-0.130579 0.0365
-0.129883 0.03675
-0.130356 0.037
-0.129094 0.03725
-0.129655 0.0375
-0.133077 0.03775
-0.135538 0.038
-0.1388 0.03825
-0.139019 0.0385
-0.140411 0.03875
-0.142605 0.039
-0.144427 0.03925
-0.145039 0.0395
-0.145005 0.03975
-0.146468 0.04
-0.149172 0.04025
-0.15141 0.0405
-0.153658 0.04075
-0.153254 0.041
-0.153599 0.04125
-0.154641 0.0415
-0.156086 0.04175
-0.155867 0.042
-0.158664 0.04225
-0.158404 0.0425
-0.159668 0.04275
-0.159049 0.043
-0.159645 0.04325
-0.159852 0.0435
-0.161328 0.04375
-0.161912 0.044
-0.16296 0.04425
-0.16625 0.0445
-0.166358 0.04475
-0.169681 0.045
-0.172818 0.04525
-0.174273 0.0455
-0.179052 0.04575
-0.181283 0.046
-0.184039 0.04625
-0.184045 0.0465
-0.181671 0.04675
-0.183942 0.047
-0.183328 0.04725
-0.18389 0.0475
-0.185983 0.04775
-0.187016 0.048
-0.188651 0.04825
-0.186433 0.0485
-0.185471 0.04875
-0.18403 0.049
-0.184241 0.04925
-0.183072 0.0495
-0.1857 0.04975
-0.187617 0.05
-0.187063 0.05025
-0.186493 0.0505
-0.187166 0.05075
-0.185827 0.051
-0.187366 0.05125
-0.190345 0.0515
-0.190297 0.05175
-0.191164 0.052
-0.192784 0.05225
-0.192055 0.0525
-0.19369 0.05275
-0.192738 0.053
-0.19503 0.05325
-0.195318 0.0535
-0.198211 0.05375
-0.197269 0.054
-0.199634 0.05425
-0.199629 0.0545
-0.20151 0.05475
-0.204027 0.055
-0.20943 0.05525
-0.211255 0.0555
-0.215486 0.05575
-0.214287 0.056
-0.213941 0.05625
-0.214252 0.0565
-0.2132 0.05675
-0.217704 0.057
-0.218725 0.05725
-0.218525 0.0575
-0.220199 0.05775
-0.225005 0.058
-0.223506 0.05825
-0.224009 0.0585
-0.222665 0.05875
-0.226703 0.059
-0.22588 0.05925
-0.227454 0.0595
-0.228254 0.05975
-0.227936 0.06
-0.231404 0.06025
-0.232151 0.0605
-0.234742 0.06075
-0.23738 0.061
-0.239294 0.06125
-0.242226 0.0615
-0.24601 0.06175
-0.244836 0.062
-0.245983 0.06225
-0.246373 0.0625
-0.247633 0.06275
-0.250898 0.063
-0.248565 0.06325
-0.248595 0.0635
-0.247985 0.06375
-0.255613 0.064
-0.259034 0.06425
-0.259405 0.0645
-0.261021 0.06475
-0.264528 0.065
-0.268302 0.06525
-0.270326 0.0655
-0.27399 0.06575
-0.275952 0.066
-0.273774 0.06625
-0.273572 0.0665
-0.274901 0.06675
-0.273459 0.067
-0.272595 0.06725
-0.276417 0.0675
-0.276934 0.06775
-0.276522 0.068
-0.27759 0.06825
-0.283921 0.0685
-0.285086 0.06875
-0.285576 0.069
-0.290007 0.06925
-0.287687 0.0695
-0.289149 0.06975
-0.289205 0.07
-0.289899 0.07025
-0.290205 0.0705
-0.289811 0.07075
-0.292415 0.071
-0.291568 0.07125
-0.29672 0.0715
-0.299029 0.07175
-0.301754 0.072
-0.303058 0.07225
-0.303918 0.0725
-0.303441 0.07275
-0.304992 0.073
-0.303098 0.07325
-0.304866 0.0735
-0.303662 0.07375
-0.304195 0.074
-0.306165 0.07425
-0.309515 0.0745
-0.307837 0.07475
-0.308322 0.075
-0.307492 0.07525
-0.311838 0.0755
-0.313275 0.07575
-0.314568 0.076
-0.317422 0.07625
-0.318335 0.0765
-0.320551 0.07675
-0.321827 0.077
-0.322523 0.07725
-0.323843 0.0775
-0.327853 0.07775
-0.330403 0.078
-0.330615 0.07825
-0.327372 0.0785
-0.328855 0.07875
-0.331771 0.079
-0.33073 0.07925
-0.330516 0.0795
-0.332148 0.07975
-0.335733 0.08
-0.337176 0.08025
-0.338721 0.0805
-0.342171 0.08075
-0.340458 0.081
-0.339827 0.08125
-0.344552 0.0815
-0.34723 0.08175
-0.348302 0.082
-0.352152 0.08225
-0.353563 0.0825
-0.353266 0.08275
-0.354097 0.083
-0.353568 0.08325
-0.355369 0.0835
-0.357517 0.08375
-0.359515 0.084
-0.359107 0.08425
-0.357565 0.0845
-0.359092 0.08475
-0.361067 0.085
-0.364059 0.08525
-0.365287 0.0855
-0.364813 0.08575
-0.367678 0.086
-0.36935 0.08625
-0.372629 0.0865
-0.371639 0.08675
-0.371593 0.087
-0.371831 0.08725
-0.37646 0.0875
-0.37603 0.08775
-0.376037 0.088
-0.379177 0.08825
-0.381786 0.0885
-0.381357 0.08875
-0.384449 0.089
-0.383437 0.08925
-0.383814 0.0895
-0.385104 0.08975
-0.386269 0.09
-0.385276 0.09025
-0.385055 0.0905
-0.385271 0.09075
-0.386589 0.091
-0.388325 0.09125
-0.390103 0.0915
-0.390791 0.09175
-0.392987 0.092
-0.394445 0.09225
-0.396808 0.0925
-0.396732 0.09275
-0.39909 0.093
-0.400436 0.09325
-0.399162 0.0935
-0.400384 0.09375
-0.40134 0.094
-0.400907 0.09425
-0.40206 0.0945
-0.405154 0.09475
-0.407233 0.095
-0.407426 0.09525
-0.411169 0.0955
-0.414678 0.09575
-0.417441 0.096
-0.417456 0.09625
-0.415973 0.0965
-0.416236 0.09675
-0.416106 0.097
-0.417049 0.09725
-0.41897 0.0975
-0.417707 0.09775
-0.418509 0.098
-0.418967 0.09825
-0.421793 0.0985
-0.422474 0.09875
-0.42285 0.099
-0.42263 0.09925
-0.423678 0.0995
-0.426963 0.09975
-0.426401 0.1
-0.425768 0.10025
-0.427327 0.1005
-0.4294 0.10075
-0.431067 0.101
-0.433224 0.10125
-0.433217 0.1015
-0.434372 0.10175
-0.434135 0.102
-0.438441 0.10225
-0.439201 0.1025
-0.441018 0.10275
-0.441588 0.103
-0.441857 0.10325
-0.445239 0.1035
-0.444563 0.10375
-0.449505 0.104
-0.451735 0.10425
-0.453597 0.1045
-0.456594 0.10475
-0.458103 0.105
-0.460959 0.10525
-0.46188 0.1055
-0.462243 0.10575
-0.465205 0.106
-0.463871 0.10625
-0.46466 0.1065
-0.46639 0.10675
-0.468604 0.107
-0.470145 0.10725
-0.470777 0.1075
-0.472599 0.10775
-0.474196 0.108
-0.476165 0.10825
-0.47671 0.1085
-0.477268 0.10875
-0.478278 0.109
-0.480753 0.10925
-0.480741 0.1095
-0.483521 0.10975
-0.486885 0.11
-0.485074 0.11025
-0.486064 0.1105
-0.487088 0.11075
-0.48815 0.111
-0.489075 0.11125
-0.490548 0.1115
-0.491078 0.11175
-0.492931 0.112
-0.494166 0.11225
-0.494324 0.1125
-0.49394 0.11275
-0.495018 0.113
-0.49667 0.11325
-0.497812 0.1135
-0.499843 0.11375
-0.501814 0.114
-0.502992 0.11425
-0.504603 0.1145
-0.504717 0.11475
-0.505747 0.115
-0.507573 0.11525
-0.508921 0.1155
-0.5102 0.11575
-0.50631 0.116
-0.509666 0.11625
-0.510804 0.1165
-0.511204 0.11675
-0.512183 0.117
-0.514032 0.11725
-0.515112 0.1175
-0.516591 0.11775
-0.517979 0.118
-0.519283 0.11825
-0.52181 0.1185
-0.523142 0.11875
-0.524876 0.119
-0.52653 0.11925
-0.52792 0.1195
-0.529144 0.11975
-0.530014 0.12
-0.531081 0.12025
-0.532242 0.1205
-0.533668 0.12075
-0.53498 0.121
-0.536568 0.12125
-0.538498 0.1215
-0.539765 0.12175
-0.54096 0.122
-0.542032 0.12225
-0.543211 0.1225
-0.544762 0.12275
-0.545971 0.123
-0.547891 0.12325
-0.54923 0.1235
-0.550409 0.12375
-0.55095 0.124
-0.551763 0.12425
-0.55333 0.1245
-0.554695 0.12475
-0.555106 0.125
-0.556627 0.12525
-0.557971 0.1255
-0.558956 0.12575
-0.559836 0.126
-0.560752 0.12625
-0.56147 0.1265
-0.562443 0.12675
-0.563553 0.127
-0.564134 0.12725
-0.56548 0.1275
-0.566391 0.12775
-0.567262 0.128
-0.568458 0.12825
-0.569728 0.1285
-0.570892 0.12875
-0.572069 0.129
-0.572348 0.12925
-0.573228 0.1295
-0.574248 0.12975
-0.575331 0.13
-0.576005 0.13025
-0.577271 0.1305
-0.578504 0.13075
-0.579679 0.131
-0.580953 0.13125
-0.581602 0.1315
-0.583294 0.13175
-0.584662 0.132
-0.585747 0.13225
-0.586694 0.1325
-0.587525 0.13275
-0.589183 0.133
-0.590071 0.13325
-0.589755 0.1335
-0.590914 0.13375
-0.592125 0.134
-0.593807 0.13425
-0.594578 0.1345
-0.595346 0.13475
-0.596195 0.135
-0.597486 0.13525
-0.597901 0.1355
-0.598788 0.13575
-0.600945 0.136
-0.601492 0.13625
-0.602342 0.1365
-0.603781 0.13675
-0.604607 0.137
-0.6055 0.13725
-0.606419 0.1375
-0.607426 0.13775
-0.608278 0.138
-0.609446 0.13825
-0.610243 0.1385
-0.611545 0.13875
-0.612627 0.139
-0.613347 0.13925
-0.614415 0.1395
-0.614946 0.13975
-0.615678 0.14
-0.616786 0.14025
-0.617681 0.1405
-0.618246 0.14075
-0.619986 0.141
-0.621014 0.14125
-0.621739 0.1415
-0.623056 0.14175
-0.623968 0.142
-0.625027 0.14225
-0.625722 0.1425
-0.626649 0.14275
-0.62725 0.143
-0.627761 0.14325
-0.628784 0.1435
-0.629484 0.14375
-0.630549 0.144
-0.631358 0.14425
-0.632018 0.1445
-0.632741 0.14475
-0.633592 0.145
-0.634469 0.14525
-0.635447 0.1455
-0.636549 0.14575
-0.637447 0.146
-0.638494 0.14625
-0.639455 0.1465
-0.640213 0.14675
-0.641431 0.147
-0.642278 0.14725
-0.642521 0.1475
-0.643133 0.14775
-0.643793 0.148
-0.64459 0.14825
-0.645604 0.1485
-0.64629 0.14875
-0.647068 0.149
-0.647635 0.14925
-0.648624 0.1495
-0.649557 0.14975
-0.649966 0.15
-0.651391 0.15025
-0.652147 0.1505
-0.652827 0.15075
-0.653365 0.151
-0.654788 0.15125
-0.65546 0.1515
-0.656176 0.15175
-0.657021 0.152
-0.657957 0.15225
-0.658883 0.1525
-0.659542 0.15275
-0.660241 0.153
-0.660767 0.15325
-0.661649 0.1535
-0.66283 0.15375
-0.663551 0.154
-0.664466 0.15425
-0.665198 0.1545
-0.666257 0.15475
-0.664853 0.155
-0.665349 0.15525
-0.665851 0.1555
-0.666401 0.15575
-0.666883 0.156
-0.667555 0.15625
-0.668505 0.1565
-0.669601 0.15675
-0.670146 0.157
-0.670974 0.15725
-0.671822 0.1575
-0.672247 0.15775
-0.672855 0.158
-0.673229 0.15825
-0.673701 0.1585
-0.674248 0.15875
-0.674611 0.159
-0.675347 0.15925
-0.675982 0.1595
-0.676491 0.15975
-0.677246 0.16
-0.677791 0.16025
-0.678655 0.1605
-0.6794 0.16075
-0.680174 0.161
-0.680767 0.16125
-0.681102 0.1615
-0.680541 0.16175
-0.681039 0.162
-0.681733 0.16225
-0.682554 0.1625
-0.683239 0.16275
-0.683522 0.163
-0.684085 0.16325
-0.684609 0.1635
-0.685228 0.16375
-0.68573 0.164
-0.686317 0.16425
-0.68706 0.1645
-0.687469 0.16475
-0.688192 0.165
-0.688886 0.16525
-0.689438 0.1655
-0.690182 0.16575
-0.690725 0.166
-0.691568 0.16625
-0.692162 0.1665
-0.692722 0.16675
-0.693295 0.167
-0.69411 0.16725
-0.694738 0.1675
-0.695278 0.16775
-0.695701 0.168
-0.696083 0.16825
-0.696585 0.1685
-0.697117 0.16875
-0.698007 0.169
-0.698416 0.16925
-0.69902 0.1695
-0.699624 0.16975
-0.700083 0.17
-0.700701 0.17025
-0.701279 0.1705
-0.70178 0.17075
-0.702272 0.171
-0.702678 0.17125
-0.703126 0.1715
-0.703881 0.17175
-0.704277 0.172
-0.704855 0.17225
-0.705442 0.1725
-0.706035 0.17275
-0.706601 0.173
-0.707405 0.17325
-0.707755 0.1735
-0.708555 0.17375
-0.70925 0.174
-0.710022 0.17425
-0.710653 0.1745
-0.71115 0.17475
-0.711664 0.175
-0.712196 0.17525
-0.712814 0.1755
-0.713325 0.17575
-0.713922 0.176
-0.714549 0.17625
-0.715024 0.1765
-0.71561 0.17675
-0.716246 0.177
-0.716705 0.17725
-0.717189 0.1775
-0.717649 0.17775
-0.717406 0.178
-0.717617 0.17825
-0.718301 0.1785
-0.718726 0.17875
-0.719317 0.179
-0.719667 0.17925
-0.720345 0.1795
-0.720742 0.17975
-0.721398 0.18
-0.722011 0.18025
-0.722309 0.1805
-0.722775 0.18075
-0.723504 0.181
-0.723942 0.18125
-0.724411 0.1815
-0.724751 0.18175
-0.725372 0.182
-0.725845 0.18225
-0.726361 0.1825
-0.726985 0.18275
-0.727705 0.183
-0.728056 0.18325
-0.7287 0.1835
-0.729395 0.18375
-0.729678 0.184
-0.729935 0.18425
-0.730252 0.1845
-0.730548 0.18475
-0.730883 0.185
-0.731394 0.18525
-0.731728 0.1855
-0.732182 0.18575
-0.732561 0.186
-0.733177 0.18625
-0.73371 0.1865
-0.734174 0.18675
-0.734719 0.187
-0.735036 0.18725
-0.735471 0.1875
-0.735914 0.18775
-0.736528 0.188
-0.7368 0.18825
-0.73709 0.1885
-0.737374 0.18875
-0.737917 0.189
-0.738199 0.18925
-0.738566 0.1895
-0.739236 0.18975
-0.739488 0.19
-0.73982 0.19025
-0.740495 0.1905
-0.740924 0.19075
-0.741252 0.191
-0.741663 0.19125
-0.741998 0.1915
-0.742422 0.19175
-0.742856 0.192
-0.74335 0.19225
-0.743493 0.1925
-0.743751 0.19275
-0.744254 0.193
-0.744653 0.19325
-0.745205 0.1935
-0.745642 0.19375
-0.746062 0.194
-0.746273 0.19425
-0.746708 0.1945
-0.747145 0.19475
-0.747427 0.195
-0.747732 0.19525
-0.748146 0.1955
-0.748441 0.19575
-0.748968 0.196
-0.749339 0.19625
-0.749828 0.1965
-0.750227 0.19675
-0.750631 0.197
-0.75105 0.19725
-0.751618 0.1975
-0.752026 0.19775
-0.752707 0.198
-0.753145 0.19825
-0.753496 0.1985
-0.754029 0.19875
-0.75444 0.199
-0.754856 0.19925
-0.75532 0.1995
-0.75568 0.19975
-0.755983 0.2
-0.756471 0.20025
-0.75669 0.2005
-0.757214 0.20075
-0.7575 0.201
-0.757952 0.20125
-0.75845 0.2015
-0.758857 0.20175
-0.759246 0.202
-0.759462 0.20225
-0.759906 0.2025
-0.760364 0.20275
-0.760816 0.203
-0.761055 0.20325
-0.761572 0.2035
-0.762054 0.20375
-0.762437 0.204
-0.762817 0.20425
-0.762491 0.2045
-0.762893 0.20475
-0.763147 0.205
-0.763354 0.20525
-0.763629 0.2055
-0.763938 0.20575
-0.764339 0.206
-0.764657 0.20625
-0.764998 0.2065
-0.765271 0.20675
-0.765623 0.207
-0.766162 0.20725
-0.766428 0.2075
-0.766726 0.20775
-0.76714 0.208
-0.767552 0.20825
-0.768143 0.2085
-0.768331 0.20875
-0.76878 0.209
-0.769072 0.20925
-0.76949 0.2095
-0.769928 0.20975
-0.770287 0.21
-0.770646 0.21025
-0.771152 0.2105
-0.771448 0.21075
-0.77179 0.211
-0.77225 0.21125
-0.772729 0.2115
-0.772924 0.21175
-0.773284 0.212
-0.77379 0.21225
-0.774037 0.2125
-0.774317 0.21275
-0.774512 0.213
-0.774862 0.21325
-0.775207 0.2135
-0.775436 0.21375
-0.775813 0.214
-0.776042 0.21425
-0.77633 0.2145
-0.776558 0.21475
-0.777009 0.215
-0.777262 0.21525
-0.777626 0.2155
-0.778054 0.21575
-0.778454 0.216
-0.778798 0.21625
-0.779268 0.2165
-0.779708 0.21675
-0.780007 0.217
-0.780453 0.21725
-0.78081 0.2175
-0.78134 0.21775
-0.781706 0.218
-0.782043 0.21825
-0.782404 0.2185
-0.782825 0.21875
-0.783183 0.219
-0.783572 0.21925
-0.783769 0.2195
-0.784035 0.21975
-0.784296 0.22
-0.784887 0.22025
-0.785026 0.2205
-0.785191 0.22075
-0.785597 0.221
-0.785873 0.22125
-0.786112 0.2215
-0.78643 0.22175
-0.786924 0.222
-0.787233 0.22225
-0.787483 0.2225
-0.787713 0.22275
-0.788105 0.223
-0.788265 0.22325
-0.788483 0.2235
-0.788691 0.22375
-0.789052 0.224
-0.789387 0.22425
-0.789771 0.2245
-0.789941 0.22475
-0.790261 0.225
-0.790629 0.22525
-0.790933 0.2255
-0.791157 0.22575
-0.791458 0.226
-0.791735 0.22625
-0.792168 0.2265
-0.792374 0.22675
-0.792716 0.227
-0.792881 0.22725
-0.79328 0.2275
-0.793656 0.22775
-0.793908 0.228
-0.794084 0.22825
-0.794358 0.2285
-0.794546 0.22875
-0.794806 0.229
-0.79505 0.22925
-0.795281 0.2295
-0.795577 0.22975
-0.795788 0.23
-0.796126 0.23025
-0.796436 0.2305
-0.796795 0.23075
-0.796966 0.231
-0.7972 0.23125
-0.797467 0.2315
-0.797662 0.23175
-0.798153 0.232
-0.798382 0.23225
-0.796728 0.2325
-0.796997 0.23275
-0.797437 0.233
-0.797805 0.23325
-0.798192 0.2335
-0.79833 0.23375
-0.798784 0.234
-0.798994 0.23425
-0.799133 0.2345
-0.799313 0.23475
-0.799658 0.235
-0.79974 0.23525
-0.799941 0.2355
-0.800117 0.23575
-0.800259 0.236
-0.800544 0.23625
-0.800843 0.2365
-0.801288 0.23675
-0.801582 0.237
-0.801853 0.23725
-0.802158 0.2375
-0.802415 0.23775
-0.802769 0.238
-0.803078 0.23825
-0.803327 0.2385
-0.803784 0.23875
-0.804115 0.239
-0.804471 0.23925
-0.804748 0.2395
-0.805112 0.23975
-0.805501 0.24
-0.805693 0.24025
-0.805787 0.2405
-0.806165 0.24075
-0.8064 0.241
-0.806629 0.24125
-0.806894 0.2415
-0.807193 0.24175
-0.807409 0.242
-0.807601 0.24225
-0.807978 0.2425
-0.808314 0.24275
-0.808679 0.243
-0.808798 0.24325
-0.808935 0.2435
-0.80894 0.24375
-0.809195 0.244
-0.809481 0.24425
-0.809615 0.2445
-0.809893 0.24475
-0.810106 0.245
-0.810244 0.24525
-0.810558 0.2455
-0.810675 0.24575
-0.811022 0.246
-0.811302 0.24625
-0.811625 0.2465
-0.812078 0.24675
-0.812209 0.247
-0.812465 0.24725
-0.812642 0.2475
-0.813007 0.24775
-0.81336 0.248
-0.813654 0.24825
-0.814012 0.2485
-0.814108 0.24875
-0.814442 0.249
-0.814563 0.24925
-0.81481 0.2495
-0.81507 0.24975
-0.815307 0.25
-0.815734 0.25075
-0.816829 0.2515
-0.817742 0.25225
-0.818572 0.253
-0.819666 0.25375
-0.820466 0.2545
-0.820987 0.25525
-0.821751 0.256
-0.82293 0.25675
-0.823774 0.2575
-0.824315 0.25825
-0.824951 0.259
-0.825516 0.25975
-0.826255 0.2605
-0.827069 0.26125
-0.827593 0.262
-0.828247 0.26275
-0.828692 0.2635
-0.829419 0.26425
-0.830035 0.265
-0.830733 0.26575
-0.831344 0.2665
-0.832143 0.26725
-0.83304 0.268
-0.833639 0.26875
-0.834233 0.2695
-0.83507 0.27025
-0.835842 0.271
-0.836294 0.27175
-0.836883 0.2725
-0.837381 0.27325
-0.837939 0.274
-0.838622 0.27475
-0.839218 0.2755
-0.839931 0.27625
-0.840452 0.277
-0.841123 0.27775
-0.841761 0.2785
-0.842267 0.27925
-0.842808 0.28
-0.843635 0.28075
-0.843995 0.2815
-0.844579 0.28225
-0.845155 0.283
-0.845595 0.28375
-0.84628 0.2845
-0.846986 0.28525
-0.847516 0.286
-0.848068 0.28675
-0.848741 0.2875
-0.849273 0.28825
-0.849762 0.289
-0.850213 0.28975
-0.850974 0.2905
-0.851719 0.29125
-0.85244 0.292
-0.852994 0.29275
-0.853549 0.2935
-0.853951 0.29425
-0.854545 0.295
-0.8538 0.29575
-0.85433 0.2965
-0.854843 0.29725
-0.855525 0.298
-0.855873 0.29875
-0.856448 0.2995
-0.856641 0.30025
-0.857048 0.301
-0.857398 0.30175
-0.857922 0.3025
-0.858379 0.30325
-0.858933 0.304
-0.859581 0.30475
-0.860203 0.3055
-0.860622 0.30625
-0.861038 0.307
-0.861798 0.30775
-0.862351 0.3085
-0.862838 0.30925
-0.863291 0.31
-0.863682 0.31075
-0.864442 0.3115
-0.864826 0.31225
-0.865342 0.313
-0.865884 0.31375
-0.866412 0.3145
-0.866742 0.31525
-0.867193 0.316
-0.86768 0.31675
-0.868041 0.3175
-0.868434 0.31825
-0.868853 0.319
-0.869214 0.31975
-0.869803 0.3205
-0.870141 0.32125
-0.870761 0.322
-0.871248 0.32275
-0.87185 0.3235
-0.872371 0.32425
-0.872865 0.325
-0.873217 0.32575
-0.873527 0.3265
-0.873876 0.32725
-0.874476 0.328
-0.875061 0.32875
-0.875448 0.3295
-0.876016 0.33025
-0.876366 0.331
-0.876746 0.33175
-0.877022 0.3325
-0.877635 0.33325
-0.878088 0.334
-0.878708 0.33475
-0.879287 0.3355
-0.879633 0.33625
-0.880078 0.337
-0.880409 0.33775
-0.880759 0.3385
-0.881042 0.33925
-0.881477 0.34
-0.88186 0.34075
-0.88226 0.3415
-0.882656 0.34225
-0.883088 0.343
-0.883417 0.34375
-0.883547 0.3445
-0.883843 0.34525
-0.883634 0.346
-0.884019 0.34675
-0.884358 0.3475
-0.884535 0.34825
-0.884946 0.349
-0.885201 0.34975
-0.885578 0.3505
-0.885873 0.35125
-0.886343 0.352
-0.886707 0.35275
-0.886913 0.3535
-0.887231 0.35425
-0.887637 0.355
-0.887973 0.35575
-0.888399 0.3565
-0.888785 0.35725
-0.889094 0.358
-0.889427 0.35875
-0.889863 0.3595
-0.890117 0.36025
-0.890332 0.361
-0.890637 0.36175
-0.890973 0.3625
-0.89117 0.36325
-0.891567 0.364
-0.891847 0.36475
-0.89242 0.3655
-0.892818 0.36625
-0.89307 0.367
-0.893487 0.36775
-0.893738 0.3685
-0.893978 0.36925
-0.894349 0.37
-0.894752 0.37075
-0.895017 0.3715
-0.89517 0.37225
-0.895564 0.373
-0.895861 0.37375
-0.896189 0.3745
-0.896596 0.37525
-0.897133 0.376
-0.897353 0.37675
-0.897858 0.3775
-0.898266 0.37825
-0.898635 0.379
-0.898982 0.37975
-0.899167 0.3805
-0.899501 0.38125
-0.899972 0.382
-0.900355 0.38275
-0.900633 0.3835
-0.900931 0.38425
-0.901079 0.385
-0.901312 0.38575
-0.901579 0.3865
-0.901881 0.38725
-0.902138 0.388
-0.902482 0.38875
-0.902771 0.3895
-0.902817 0.39025
-0.90298 0.391
-0.903267 0.39175
-0.903564 0.3925
-0.903735 0.39325
-0.903932 0.394
-0.904311 0.39475
-0.904454 0.3955
-0.904829 0.39625
-0.905075 0.397
-0.905358 0.39775
-0.905852 0.3985
-0.906063 0.39925
-0.904865 0.4
-0.905105 0.40075
-0.9053 0.4015
-0.905575 0.40225
-0.905871 0.403
-0.906175 0.40375
-0.906462 0.4045
-0.906857 0.40525
-0.906924 0.406
-0.907302 0.40675
-0.907534 0.4075
-0.907741 0.40825
-0.908056 0.409
-0.90824 0.40975
-0.908547 0.4105
-0.908949 0.41125
-0.909234 0.412
-0.909525 0.41275
-0.909833 0.4135
-0.910112 0.41425
-0.91027 0.415
-0.91053 0.41575
-0.910762 0.4165
-0.910994 0.41725
-0.911313 0.418
-0.911353 0.41875
-0.911538 0.4195
-0.911783 0.42025
-0.912098 0.421
-0.912418 0.42175
-0.912756 0.4225
-0.913086 0.42325
-0.913426 0.424
-0.913703 0.42475
-0.913936 0.4255
-0.914034 0.42625
-0.91436 0.427
-0.914515 0.42775
-0.914834 0.4285
-0.914973 0.42925
-0.915043 0.43
-0.915195 0.43075
-0.915402 0.4315
-0.91568 0.43225
-0.915961 0.433
-0.916101 0.43375
-0.916357 0.4345
-0.916557 0.43525
-0.9169 0.436
-0.916958 0.43675
-0.917363 0.4375
-0.917596 0.43825
-0.917789 0.439
-0.918131 0.43975
-0.918367 0.4405
-0.918697 0.44125
-0.918883 0.442
-0.918992 0.44275
-0.919198 0.4435
-0.919401 0.44425
-0.919508 0.445
-0.919745 0.44575
-0.919923 0.4465
-0.920049 0.44725
-0.92016 0.448
-0.920507 0.44875
-0.920678 0.4495
-0.920862 0.45025
-0.921061 0.451
-0.921212 0.45175
-0.921421 0.4525
-0.921647 0.45325
-0.921884 0.454
-0.922043 0.45475
-0.922253 0.4555
-0.922459 0.45625
-0.922472 0.457
-0.922634 0.45775
-0.922867 0.4585
-0.923277 0.45925
-0.923471 0.46
-0.923634 0.46075
-0.923775 0.4615
-0.924013 0.46225
-0.924332 0.463
-0.924529 0.46375
-0.924758 0.4645
-0.924919 0.46525
-0.925096 0.466
-0.925245 0.46675
-0.9256 0.4675
-0.925728 0.46825
-0.925858 0.469
-0.926105 0.46975
-0.926385 0.4705
-0.926633 0.47125
-0.926908 0.472
-0.927089 0.47275
-0.927345 0.4735
-0.927535 0.47425
-0.927747 0.475
-0.92772 0.47575
-0.927979 0.4765
-0.928253 0.47725
-0.928491 0.478
-0.928504 0.47875
-0.928728 0.4795
-0.928831 0.48025
-0.92897 0.481
-0.929169 0.48175
-0.929457 0.4825
-0.929643 0.48325
-0.929829 0.484
-0.930004 0.48475
-0.930032 0.4855
-0.930188 0.48625
-0.930403 0.487
-0.930495 0.48775
-0.930605 0.4885
-0.930883 0.48925
-0.931187 0.49
-0.93135 0.49075
-0.931469 0.4915
-0.931546 0.49225
-0.931733 0.493
-0.930398 0.49375
-0.930622 0.4945
-0.930858 0.49525
-0.93106 0.496
-0.931144 0.49675
-0.931333 0.4975
-0.931594 0.49825
-0.931803 0.499
-0.93179 0.49975
-0.931947 0.5005
-0.931966 0.50125
-0.932047 0.502
-0.932116 0.50275
-0.932268 0.5035
-0.932452 0.50425
-0.931669 0.505
-0.931833 0.50575
-0.931928 0.5065
-0.93209 0.50725
-0.932176 0.508
-0.932368 0.50875
-0.932616 0.5095
-0.93278 0.51025
-0.93301 0.511
-0.93312 0.51175
-0.933343 0.5125
-0.933474 0.51325
-0.933568 0.514
-0.933715 0.51475
-0.933818 0.5155
-0.933998 0.51625
-0.934244 0.517
-0.934455 0.51775
-0.934709 0.5185
-0.934925 0.51925
-0.935132 0.52
-0.935186 0.52075
-0.935336 0.5215
-0.935527 0.52225
-0.935615 0.523
-0.935879 0.52375
-0.936081 0.5245
-0.93624 0.52525
-0.936316 0.526
-0.936459 0.52675
-0.936646 0.5275
-0.936896 0.52825
-0.937095 0.529
-0.937269 0.52975
-0.937416 0.5305
-0.937454 0.53125
-0.937583 0.532
-0.937774 0.53275
-0.937845 0.5335
-0.937984 0.53425
-0.93808 0.535
-0.938215 0.53575
-0.938368 0.5365
-0.938514 0.53725
-0.938502 0.538
-0.938634 0.53875
-0.938787 0.5395
-0.938878 0.54025
-0.93905 0.541
-0.93919 0.54175
-0.939321 0.5425
-0.939533 0.54325
-0.939704 0.544
-0.939825 0.54475
-0.93985 0.5455
-0.940009 0.54625
-0.940129 0.547
-0.940243 0.54775
-0.940424 0.5485
-0.94059 0.54925
-0.940824 0.55
-0.940925 0.55075
-0.941131 0.5515
-0.941191 0.55225
-0.9414 0.553
-0.941556 0.55375
-0.941638 0.5545
-0.941845 0.55525
-0.941971 0.556
-0.942078 0.55675
-0.942265 0.5575
-0.942389 0.55825
-0.942483 0.559
-0.942617 0.55975
-0.942869 0.5605
-0.942931 0.56125
-0.943076 0.562
-0.943112 0.56275
-0.943184 0.5635
-0.943321 0.56425
-0.943527 0.565
-0.943665 0.56575
-0.943768 0.5665
-0.943932 0.56725
-0.944067 0.568
-0.944272 0.56875
-0.944411 0.5695
-0.944513 0.57025
-0.944641 0.571
-0.944639 0.57175
-0.94482 0.5725
-0.944916 0.57325
-0.944977 0.574
-0.945152 0.57475
-0.945265 0.5755
-0.945339 0.57625
-0.945584 0.577
-0.945765 0.57775
-0.945883 0.5785
-0.945966 0.57925
-0.946018 0.58
-0.946129 0.58075
-0.94623 0.5815
-0.946318 0.58225
-0.946462 0.583
-0.946623 0.58375
-0.946707 0.5845
-0.946833 0.58525
-0.947006 0.586
-0.947116 0.58675
-0.947175 0.5875
-0.947279 0.58825
-0.947443 0.589
-0.947372 0.58975
-0.947548 0.5905
-0.947666 0.59125
-0.947962 0.592
-0.948098 0.59275
-0.9483 0.5935
-0.948391 0.59425
-0.948442 0.595
-0.948648 0.59575
-0.94873 0.5965
-0.949 0.59725
-0.949168 0.598
-0.94922 0.59875
-0.949341 0.5995
-0.949449 0.60025
-0.94959 0.601
-0.949736 0.60175
-0.949796 0.6025
-0.949848 0.60325
-0.949919 0.604
-0.950001 0.60475
-0.950101 0.6055
-0.950261 0.60625
-0.950517 0.607
-0.950632 0.60775
-0.950756 0.6085
-0.950744 0.60925
-0.950909 0.61
-0.951084 0.61075
-0.95128 0.6115
-0.951395 0.61225
-0.951591 0.613
-0.951798 0.61375
-0.951807 0.6145
-0.951965 0.61525
-0.952061 0.616
-0.952191 0.61675
-0.952295 0.6175
-0.952529 0.61825
-0.952665 0.619
-0.952783 0.61975
-0.952858 0.6205
-0.953015 0.62125
-0.953163 0.622
-0.953164 0.62275
-0.953364 0.6235
-0.953535 0.62425
-0.953672 0.625
-0.953855 0.62575
-0.953987 0.6265
-0.95413 0.62725
-0.954185 0.628
-0.954374 0.62875
-0.954305 0.6295
-0.954487 0.63025
-0.954578 0.631
-0.95476 0.63175
-0.954876 0.6325
-0.954976 0.63325
-0.955031 0.634
-0.955128 0.63475
-0.955197 0.6355
-0.955385 0.63625
-0.955448 0.637
-0.955545 0.63775
-0.955627 0.6385
-0.955766 0.63925
-0.955987 0.64
-0.956127 0.64075
-0.956328 0.6415
-0.956444 0.64225
-0.956529 0.643
-0.956535 0.64375
-0.956631 0.6445
-0.956736 0.64525
-0.956795 0.646
-0.95695 0.64675
-0.957054 0.6475
-0.957113 0.64825
-0.957226 0.649
-0.957356 0.64975
-0.957447 0.6505
-0.957626 0.65125
-0.957404 0.652
-0.957524 0.65275
-0.957513 0.6535
-0.957663 0.65425
-0.957674 0.655
-0.957869 0.65575
-0.957935 0.6565
-0.958009 0.65725
-0.958049 0.658
-0.958168 0.65875
-0.958225 0.6595
-0.958356 0.66025
-0.958457 0.661
-0.958497 0.66175
-0.958493 0.6625
-0.958546 0.66325
-0.958582 0.664
-0.958615 0.66475
-0.958723 0.6655
-0.958821 0.66625
-0.958844 0.667
-0.958818 0.66775
-0.958905 0.6685
-0.959024 0.66925
-0.959128 0.67
-0.959166 0.67075
-0.959226 0.6715
-0.959317 0.67225
-0.959397 0.673
-0.959476 0.67375
-0.959578 0.6745
-0.959655 0.67525
-0.959734 0.676
-0.959785 0.67675
-0.959933 0.6775
-0.960023 0.67825
-0.960143 0.679
-0.960203 0.67975
-0.960328 0.6805
-0.960435 0.68125
-0.960521 0.682
-0.960603 0.68275
-0.96064 0.6835
-0.960848 0.68425
-0.961007 0.685
-0.961097 0.68575
-0.961142 0.6865
-0.961223 0.68725
-0.961342 0.688
-0.961372 0.68875
-0.961384 0.6895
-0.961446 0.69025
-0.961427 0.691
-0.961543 0.69175
-0.961542 0.6925
-0.961647 0.69325
-0.961825 0.694
-0.961949 0.69475
-0.962082 0.6955
-0.96219 0.69625
-0.962268 0.697
-0.962362 0.69775
-0.962388 0.6985
-0.962548 0.69925
-0.962651 0.7
-0.96267 0.70075
-0.962779 0.7015
-0.962864 0.70225
-0.962907 0.703
-0.963001 0.70375
-0.963114 0.7045
-0.963291 0.70525
-0.963436 0.706
-0.963561 0.70675
-0.963651 0.7075
-0.963721 0.70825
-0.963743 0.709
-0.963832 0.70975
-0.963924 0.7105
-0.964029 0.71125
-0.964236 0.712
-0.964308 0.71275
-0.964453 0.7135
-0.964539 0.71425
-0.964615 0.715
-0.964752 0.71575
-0.964764 0.7165
-0.964946 0.71725
-0.965026 0.718
-0.965054 0.71875
-0.96515 0.7195
-0.965293 0.72025
-0.965296 0.721
-0.96533 0.72175
-0.965464 0.7225
-0.965522 0.72325
-0.965608 0.724
-0.965743 0.72475
-0.965892 0.7255
-0.96594 0.72625
-0.965976 0.727
-0.96607 0.72775
-0.966248 0.7285
-0.966276 0.72925
-0.966316 0.73
-0.96642 0.73075
-0.966484 0.7315
-0.966569 0.73225
-0.966632 0.733
-0.966709 0.73375
-0.966801 0.7345
-0.966858 0.73525
-0.966957 0.736
-0.967011 0.73675
-0.96711 0.7375
-0.967161 0.73825
-0.967282 0.739
-0.96738 0.73975
-0.96745 0.7405
-0.967576 0.74125
-0.967622 0.742
-0.967687 0.74275
-0.967679 0.7435
-0.967662 0.74425
-0.967725 0.745
-0.967846 0.74575
-0.967965 0.7465
-0.968066 0.74725
-0.968112 0.748
-0.968279 0.74875
-0.968341 0.7495
-0.968397 0.75025
-0.968497 0.751
-0.968547 0.75175
-0.968599 0.7525
-0.968621 0.75325
-0.968752 0.754
-0.968838 0.75475
-0.968928 0.7555
-0.96895 0.75625
-0.969132 0.757
-0.969229 0.75775
-0.969313 0.7585
-0.969407 0.75925
-0.969474 0.76
-0.969585 0.76075
-0.969654 0.7615
-0.969585 0.76225
-0.969655 0.763
-0.969748 0.76375
-0.969786 0.7645
-0.969901 0.76525
-0.969912 0.766
-0.970014 0.76675
-0.970045 0.7675
-0.970097 0.76825
-0.97015 0.769
-0.970271 0.76975
-0.970311 0.7705
-0.970359 0.77125
-0.970442 0.772
-0.970531 0.77275
-0.970597 0.7735
-0.970707 0.77425
-0.970801 0.775
-0.970874 0.77575
-0.970947 0.7765
-0.970684 0.77725
-0.970801 0.778
-0.970924 0.77875
-0.970996 0.7795
-0.971065 0.78025
-0.971107 0.781
-0.971289 0.78175
-0.971387 0.7825
-0.971392 0.78325
-0.971502 0.784
-0.971552 0.78475
-0.97164 0.7855
-0.971693 0.78625
-0.971809 0.787
-0.971901 0.78775
-0.971892 0.7885
-0.971942 0.78925
-0.97199 0.79
-0.972064 0.79075
-0.972147 0.7915
-0.972154 0.79225
-0.972197 0.793
-0.972268 0.79375
-0.972434 0.7945
-0.972465 0.79525
-0.972615 0.796
-0.972689 0.79675
-0.972738 0.7975
-0.972817 0.79825
-0.972926 0.799
-0.973032 0.79975
-0.973123 0.8005
-0.973199 0.80125
-0.973191 0.802
-0.973245 0.80275
-0.973229 0.8035
-0.973218 0.80425
-0.972674 0.805
-0.972872 0.80575
-0.972911 0.8065
-0.97307 0.80725
-0.973179 0.808
-0.973222 0.80875
-0.973282 0.8095
-0.973329 0.81025
-0.973332 0.811
-0.973395 0.81175
-0.973454 0.8125
-0.973495 0.81325
-0.973591 0.814
-0.97271 0.81475
-0.97277 0.8155
-0.97283 0.81625
-0.972838 0.817
-0.972936 0.81775
-0.973002 0.8185
-0.973112 0.81925
-0.9732 0.82
-0.973234 0.82075
-0.973332 0.8215
-0.973384 0.82225
-0.973461 0.823
-0.97354 0.82375
-0.973604 0.8245
-0.97364 0.82525
-0.973685 0.826
-0.973716 0.82675
-0.973816 0.8275
-0.973793 0.82825
-0.973958 0.829
-0.973943 0.82975
-0.974011 0.8305
-0.973975 0.83125
-0.973891 0.832
-0.97391 0.83275
-0.973263 0.8335
-0.973291 0.83425
-0.973378 0.835
-0.973448 0.83575
-0.973482 0.8365
-0.973553 0.83725
-0.973592 0.838
-0.973597 0.83875
-0.973753 0.8395
-0.973844 0.84025
-0.973917 0.841
-0.973977 0.84175
-0.974057 0.8425
-0.974077 0.84325
-0.974146 0.844
-0.974262 0.84475
-0.974339 0.8455
-0.974436 0.84625
-0.974478 0.847
-0.974533 0.84775
-0.974584 0.8485
-0.974571 0.84925
-0.974665 0.85
-0.974752 0.85075
-0.974764 0.8515
-0.974855 0.85225
-0.974865 0.853
-0.974956 0.85375
-0.975073 0.8545
-0.975082 0.85525
-0.975086 0.856
-0.975183 0.85675
-0.975233 0.8575
-0.975312 0.85825
-0.97532 0.859
-0.975296 0.85975
-0.975301 0.8605
-0.975294 0.86125
-0.975361 0.862
-0.975415 0.86275
-0.975482 0.8635
-0.975576 0.86425
-0.97563 0.865
-0.975681 0.86575
-0.975754 0.8665
-0.97586 0.86725
-0.975947 0.868
-0.976016 0.86875
-0.976095 0.8695
-0.976134 0.87025
-0.976192 0.871
-0.97624 0.87175
-0.976285 0.8725
-0.976353 0.87325
-0.976416 0.874
-0.976359 0.87475
-0.97641 0.8755
-0.976497 0.87625
-0.976561 0.877
-0.976655 0.87775
-0.976731 0.8785
-0.976802 0.87925
-0.976819 0.88
-0.976867 0.88075
-0.97692 0.8815
-0.977017 0.88225
-0.977072 0.883
-0.977175 0.88375
-0.977256 0.8845
-0.977339 0.88525
-0.977411 0.886
-0.977509 0.88675
-0.977559 0.8875
-0.977627 0.88825
-0.977667 0.889
-0.977738 0.88975
-0.97777 0.8905
-0.977814 0.89125
-0.977897 0.892
-0.977881 0.89275
-0.977827 0.8935
-0.97788 0.89425
-0.977975 0.895
-0.977976 0.89575
-0.978052 0.8965
-0.978108 0.89725
-0.978185 0.898
-0.978256 0.89875
-0.978299 0.8995
-0.978309 0.90025
-0.978313 0.901
-0.978304 0.90175
-0.978394 0.9025
-0.978452 0.90325
-0.978526 0.904
-0.978595 0.90475
-0.978724 0.9055
-0.978741 0.90625
-0.978753 0.907
-0.978787 0.90775
-0.978834 0.9085
-0.978908 0.90925
-0.97901 0.91
-0.979064 0.91075
-0.979141 0.9115
-0.97919 0.91225
-0.979224 0.913
-0.979282 0.91375
-0.979322 0.9145
-0.979382 0.91525
-0.979497 0.916
-0.979546 0.91675
-0.979629 0.9175
-0.979725 0.91825
-0.979751 0.919
-0.979908 0.91975
-0.979968 0.9205
-0.980059 0.92125
-0.9802 0.922
-0.980237 0.92275
-0.980265 0.9235
-0.980356 0.92425
-0.98043 0.925
-0.98053 0.92575
-0.979917 0.9265
-0.979955 0.92725
-0.97972 0.928
-0.97977 0.92875
-0.979771 0.9295
-0.979812 0.93025
-0.979873 0.931
-0.979924 0.93175
-0.97996 0.9325
-0.979958 0.93325
-0.979995 0.934
-0.980073 0.93475
-0.980161 0.9355
-0.980233 0.93625
-0.981268 0.937
-0.981336 0.93775
-0.981305 0.9385
-0.981314 0.93925
-0.981433 0.94
-0.981503 0.94075
-0.981532 0.9415
-0.981557 0.94225
-0.981611 0.943
-0.981724 0.94375
-0.981787 0.9445
-0.981806 0.94525
-0.981866 0.946
-0.981956 0.94675
-0.982057 0.9475
-0.982091 0.94825
-0.982098 0.949
-0.982148 0.94975
-0.982221 0.9505
-0.982237 0.95125
-0.982349 0.952
-0.982362 0.95275
-0.98242 0.9535
-0.982503 0.95425
-0.982547 0.955
-0.982546 0.95575
-0.9826 0.9565
-0.98269 0.95725
-0.982775 0.958
-0.982889 0.95875
-0.982935 0.9595
-0.982954 0.96025
-0.98299 0.961
-0.983028 0.96175
-0.983058 0.9625
-0.983061 0.96325
-0.983086 0.964
-0.983161 0.96475
-0.983242 0.9655
-0.983319 0.96625
-0.98341 0.967
-0.983481 0.96775
-0.983477 0.9685
-0.983483 0.96925
-0.983526 0.97
-0.983539 0.97075
-0.983539 0.9715
-0.983594 0.97225
-0.983677 0.973
-0.983717 0.97375
-0.983785 0.9745
-0.983774 0.97525
-0.98377 0.976
-0.983808 0.97675
-0.983862 0.9775
-0.98392 0.97825
-0.983943 0.979
-0.984078 0.97975
-0.984096 0.9805
-0.984145 0.98125
-0.984203 0.982
-0.984293 0.98275
-0.984352 0.9835
-0.984405 0.98425
-0.984403 0.985
-0.984406 0.98575
-0.984375 0.9865
-0.984465 0.98725
-0.984552 0.988
-0.984603 0.98875
-0.984674 0.9895
-0.984725 0.99025
-0.984775 0.991
-0.984782 0.99175
-0.98482 0.9925
-0.984893 0.99325
-0.984978 0.994
-0.985013 0.99475
-0.985039 0.9955
-0.985055 0.99625
-0.985125 0.997
-0.985175 0.99775
-0.985256 0.9985
-0.985324 0.99925
-0.985381 1


Shark
3.14159 1.5
3.14059 1.49975
3.13959 1.4995
3.13859 1.49925
3.13759 1.499
3.13659 1.49875
3.13559 1.4985
3.13459 1.49825
3.13359 1.498
3.13259 1.49775
3.13159 1.4975
3.13059 1.49725
3.12959 1.497
3.12859 1.49675
3.12759 1.4965
3.12659 1.49625
3.12559 1.496
3.12459 1.49575
3.12359 1.4955
3.12259 1.49525
3.12159 1.495
3.12059 1.49475
3.11959 1.4945
3.11859 1.49425
3.11759 1.494
3.11659 1.49375
3.11559 1.4935
3.11459 1.49325
3.11359 1.493
3.11259 1.49275
3.11159 1.4925
3.11059 1.49225
3.10959 1.492
3.10859 1.49175
3.10758 1.4915
3.10658 1.49125
3.10556 1.491
3.10456 1.49075
3.10356 1.4905
3.10256 1.49025
3.10156 1.49
3.10056 1.48975
3.09956 1.4895
3.09855 1.48925
3.09755 1.489
3.09654 1.48875
3.09554 1.4885
3.09453 1.48825
3.09353 1.488
3.09253 1.48775
3.09153 1.4875
3.09053 1.48725
3.08953 1.487
3.08852 1.48675
3.08751 1.4865
3.0865 1.48625
3.08549 1.486
3.08449 1.48575
3.08349 1.4855
3.08249 1.48525
3.08148 1.485
3.08048 1.48475
3.07948 1.4845
3.07848 1.48425
3.07748 1.484
3.07646 1.48375
3.07546 1.4835
3.07437 1.48325
3.07336 1.483
3.07236 1.48275
3.07135 1.4825
3.07034 1.48225
3.06934 1.482
3.06833 1.48175
3.06733 1.4815
3.06632 1.48125
3.06532 1.481
3.06432 1.48075
3.06331 1.4805
3.06229 1.48025
3.06128 1.48
3.06028 1.47975
3.05928 1.4795
3.05827 1.47925
3.05726 1.479
3.05625 1.47875
3.05525 1.4785
3.05418 1.47825
3.05317 1.478
3.05216 1.47775
3.05116 1.4775
3.05014 1.47725
3.04912 1.477
3.04812 1.47675
3.04711 1.4765
3.04611 1.47625
3.0451 1.476
3.04407 1.47575
3.04304 1.4755
3.04204 1.47525
3.04103 1.475
3.04 1.47475
3.03894 1.4745
3.0379 1.47425
3.0369 1.474
3.03589 1.47375
3.03488 1.4735
3.03388 1.47325
3.03282 1.473
3.03172 1.47275
3.03072 1.4725
3.02971 1.47225
3.02871 1.472
3.0277 1.47175
3.0267 1.4715
3.02567 1.47125
3.02467 1.471
3.02363 1.47075
3.02254 1.4705
3.02151 1.47025
3.02046 1.47
3.01943 1.46975
3.01841 1.4695
3.01738 1.46925
3.01638 1.469
3.01532 1.46875
3.01432 1.4685
3.01332 1.46825
3.01229 1.468
3.01128 1.46775
3.01025 1.4675
3.00922 1.46725
3.00821 1.467
3.0072 1.46675
3.0062 1.4665
3.00519 1.46625
3.00417 1.466
3.00313 1.46575
3.00213 1.4655
3.00113 1.46525
3.00005 1.465
2.99905 1.46475
2.99804 1.4645
2.99703 1.46425
2.996 1.464
2.995 1.46375
2.99398 1.4635
2.99298 1.46325
2.99197 1.463
2.99096 1.46275
2.98995 1.4625
2.98883 1.46225
2.98776 1.462
2.98664 1.46175
2.98564 1.4615
2.98462 1.46125
2.98356 1.461
2.98252 1.46075
2.98152 1.4605
2.98052 1.46025
2.97949 1.46
2.9784 1.45975
2.97734 1.4595
2.97627 1.45925
2.97527 1.459
2.97427 1.45875
2.97325 1.4585
2.97223 1.45825
2.97123 1.458
2.97012 1.45775
2.96912 1.4575
2.9681 1.45725
2.96709 1.457
2.96609 1.45675
2.96508 1.4565
2.96405 1.45625
2.96305 1.456
2.96203 1.45575
2.96087 1.4555
2.95987 1.45525
2.95871 1.455
2.95756 1.45475
2.95652 1.4545
2.9552 1.45425
2.95412 1.454
2.95299 1.45375
2.95199 1.4535
2.9509 1.45325
2.94981 1.453
2.94881 1.45275
2.9478 1.4525
2.94673 1.45225
2.94571 1.452
2.94466 1.45175
2.94357 1.4515
2.94255 1.45125
2.94151 1.451
2.94051 1.45075
2.93949 1.4505
2.93836 1.45025
2.93729 1.45
2.93628 1.44975
2.93527 1.4495
2.93427 1.44925
2.93323 1.449
2.93218 1.44875
2.93101 1.4485
2.93001 1.44825
2.92899 1.448
2.92794 1.44775
2.92692 1.4475
2.92587 1.44725
2.92485 1.447
2.92373 1.44675
2.92273 1.4465
2.92156 1.44625
2.92054 1.446
2.91941 1.44575
2.91841 1.4455
2.91733 1.44525
2.91619 1.445
2.91463 1.44475
2.91355 1.4445
2.91218 1.44425
2.91115 1.444
2.91014 1.44375
2.90914 1.4435
2.90811 1.44325
2.90668 1.443
2.90565 1.44275
2.90465 1.4425
2.90358 1.44225
2.90209 1.442
2.90103 1.44175
2.90002 1.4415
2.89897 1.44125
2.89759 1.441
2.89657 1.44075
2.8955 1.4405
2.89449 1.44025
2.89348 1.44
2.89218 1.43975
2.89117 1.4395
2.88998 1.43925
2.8888 1.439
2.88769 1.43875
2.88646 1.4385
2.88509 1.43825
2.88405 1.438
2.88301 1.43775
2.88201 1.4375
2.88096 1.43725
2.87966 1.437
2.8785 1.43675
2.8775 1.4365
2.87649 1.43625
2.8743 1.436
2.87297 1.43575
2.87197 1.4355
2.87088 1.43525
2.86953 1.435
2.86813 1.43475
2.867 1.4345
2.86561 1.43425
2.86448 1.434
2.86333 1.43375
2.86233 1.4335
2.86127 1.43325
2.86019 1.433
2.85917 1.43275
2.85773 1.4325
2.85672 1.43225
2.85572 1.432
2.85467 1.43175
2.85268 1.4315
2.85163 1.43125
2.85062 1.431
2.84903 1.43075
2.84785 1.4305
2.84677 1.43025
2.84577 1.43
2.84475 1.42975
2.84374 1.4295
2.84274 1.42925
2.84149 1.429
2.84047 1.42875
2.83869 1.4285
2.83749 1.42825
2.83622 1.428
2.83515 1.42775
2.83412 1.4275
2.83311 1.42725
2.83201 1.427
2.83087 1.42675
2.82974 1.4265
2.82868 1.42625
2.82767 1.426
2.82651 1.42575
2.8251 1.4255
2.82398 1.42525
2.82297 1.425
2.82194 1.42475
2.82029 1.4245
2.8192 1.42425
2.81813 1.424
2.8168 1.42375
2.81576 1.4235
2.81455 1.42325
2.81348 1.423
2.81246 1.42275
2.81138 1.4225
2.80978 1.42225
2.8085 1.422
2.8075 1.42175
2.80607 1.4215
2.80497 1.42125
2.80361 1.421
2.80256 1.42075
2.80156 1.4205
2.80043 1.42025
2.79891 1.42
2.79781 1.41975
2.79669 1.4195
2.7952 1.41925
2.79405 1.419
2.79303 1.41875
2.7912 1.4185
2.78987 1.41825
2.78881 1.418
2.7872 1.41775
2.78609 1.4175
2.78509 1.41725
2.78405 1.417
2.78304 1.41675
2.78187 1.4165
2.78064 1.41625
2.77943 1.416
2.77843 1.41575
2.7773 1.4155
2.77617 1.41525
2.77497 1.415
2.77354 1.41475
2.77246 1.4145
2.77144 1.41425
2.77004 1.414
2.76889 1.41375
2.76737 1.4135
2.76632 1.41325
2.76532 1.413
2.76431 1.41275
2.76241 1.4125
2.7614 1.41225
2.7604 1.412
2.75891 1.41175
2.75755 1.4115
2.75654 1.41125
2.75505 1.411
2.75399 1.41075
2.75298 1.4105
2.75188 1.41025
2.75079 1.41
2.74973 1.40975
2.74873 1.4095
2.74773 1.40925
2.74662 1.409
2.74543 1.40875
2.74424 1.4085
2.74321 1.40825
2.74192 1.408
2.74079 1.40775
2.73946 1.4075
2.73846 1.40725
2.73713 1.407
2.73601 1.40675
2.73491 1.4065
2.73381 1.40625
2.73274 1.406
2.73173 1.40575
2.73064 1.4055
2.7291 1.40525
2.72783 1.405
2.72682 1.40475
2.72508 1.4045
2.72341 1.40425
2.72195 1.404
2.72095 1.40375
2.7198 1.4035
2.71879 1.40325
2.71779 1.403
2.71673 1.40275
2.71548 1.4025
2.71436 1.40225
2.71331 1.402
2.7123 1.40175
2.7108 1.4015
2.70977 1.40125
2.70876 1.401
2.70775 1.40075
2.70667 1.4005
2.70502 1.40025
2.704 1.4
2.70296 1.39975
2.70178 1.3995
2.70048 1.39925
2.69928 1.399
2.69795 1.39875
2.69695 1.3985
2.69585 1.39825
2.69484 1.398
2.69282 1.39775
2.69177 1.3975
2.69052 1.39725
2.6895 1.397
2.68849 1.39675
2.68677 1.3965
2.68573 1.39625
2.68345 1.396
2.68208 1.39575
2.68082 1.3955
2.67921 1.39525
2.67803 1.395
2.67647 1.39475
2.67539 1.3945
2.67438 1.39425
2.67278 1.394
2.67163 1.39375
2.67057 1.3935
2.66933 1.39325
2.66795 1.393
2.66676 1.39275
2.66572 1.3925
2.66445 1.39225
2.66323 1.392
2.66192 1.39175
2.66089 1.3915
2.65986 1.39125
2.65877 1.391
2.6573 1.39075
2.6563 1.3905
2.65472 1.39025
2.65651 1.39
2.65523 1.38975
2.65414 1.3895
2.65304 1.38925
2.65193 1.389
2.65085 1.38875
2.64966 1.3885
2.64863 1.38825
2.64733 1.388
2.64619 1.38775
2.64518 1.3875
2.64417 1.38725
2.64306 1.387
2.64181 1.38675
2.64068 1.3865
2.63932 1.38625
2.63798 1.386
2.63684 1.38575
2.6356 1.3855
2.6346 1.38525
2.63349 1.385
2.63219 1.38475
2.63101 1.3845
2.62985 1.38425
2.62778 1.384
2.62593 1.38375
2.6248 1.3835
2.62378 1.38325
2.62268 1.383
2.62136 1.38275
2.62024 1.3825
2.61902 1.38225
2.61783 1.382
2.61665 1.38175
2.61509 1.3815
2.61391 1.38125
2.61261 1.381
2.61134 1.38075
2.61014 1.3805
2.60898 1.38025
2.6079 1.38
2.60677 1.37975
2.60563 1.3795
2.60441 1.37925
2.60323 1.379
2.60197 1.37875
2.6006 1.3785
2.59942 1.37825
2.59827 1.378
2.59714 1.37775
2.59598 1.3775
2.59473 1.37725
2.59356 1.377
2.59219 1.37675
2.59099 1.3765
2.58983 1.37625
2.58879 1.376
2.58772 1.37575
2.58645 1.3755
2.58524 1.37525
2.58422 1.375
2.58296 1.37475
2.58176 1.3745
2.58064 1.37425
2.57955 1.374
2.57844 1.37375
2.57738 1.3735
2.57627 1.37325
2.57512 1.373
2.57407 1.37275
2.57286 1.3725
2.57176 1.37225
2.57066 1.372
2.56949 1.37175
2.5683 1.3715
2.56713 1.37125
2.56596 1.371
2.56495 1.37075
2.56385 1.3705
2.56272 1.37025
2.56157 1.37
2.56052 1.36975
2.55932 1.3695
2.55813 1.36925
2.55695 1.369
2.55575 1.36875
2.55469 1.3685
2.55335 1.36825
2.55212 1.368
2.55097 1.36775
2.54985 1.3675
2.54876 1.36725
2.54742 1.367
2.54632 1.36675
2.5453 1.3665
2.54413 1.36625
2.54294 1.366
2.54159 1.36575
2.54051 1.3655
2.53942 1.36525
2.53832 1.365
2.53711 1.36475
2.53608 1.3645
2.53497 1.36425
2.53343 1.364
2.53239 1.36375
2.53128 1.3635
2.53001 1.36325
2.52891 1.363
2.5278 1.36275
2.52668 1.3625
2.52554 1.36225
2.52443 1.362
2.52324 1.36175
2.52215 1.3615
2.52092 1.36125
2.51975 1.361
2.51867 1.36075
2.51751 1.3605
2.51646 1.36025
2.51538 1.36
2.51421 1.35975
2.51309 1.3595
2.51204 1.35925
2.51064 1.359
2.50948 1.35875
2.5084 1.3585
2.50715 1.35825
2.50603 1.358
2.50486 1.35775
2.50378 1.3575
2.50265 1.35725
2.5016 1.357
2.50055 1.35675
2.4994 1.3565
2.49832 1.35625
2.49714 1.356
2.49604 1.35575
2.49497 1.3555
2.49389 1.35525
2.49277 1.355
2.49165 1.35475
2.4905 1.3545
2.48931 1.35425
2.48818 1.354
2.48701 1.35375
2.48586 1.3535
2.48477 1.35325
2.48354 1.353
2.48242 1.35275
2.48141 1.3525
2.48035 1.35225
2.47927 1.352
2.47817 1.35175
2.477 1.3515
2.47592 1.35125
2.47482 1.351
2.47376 1.35075
2.4726 1.3505
2.47146 1.35025
2.47043 1.35
2.46911 1.34975
2.46801 1.3495
2.46693 1.34925
2.46588 1.349
2.46456 1.34875
2.46348 1.3485
2.46239 1.34825
2.46127 1.348
2.46012 1.34775
2.45897 1.3475
2.45789 1.34725
2.4568 1.347
2.45575 1.34675
2.45461 1.3465
2.45338 1.34625
2.45228 1.346
2.45114 1.34575
2.45004 1.3455
2.44884 1.34525
2.44752 1.345
2.44647 1.34475
2.44542 1.3445
2.44437 1.34425
2.44332 1.344
2.44224 1.34375
2.44108 1.3435
2.43986 1.34325
2.43881 1.343
2.43768 1.34275
2.43654 1.3425
2.43551 1.34225
2.43444 1.342
2.43341 1.34175
2.43237 1.3415
2.43131 1.34125
2.43028 1.341
2.42918 1.34075
2.4281 1.3405
2.42705 1.34025
2.42594 1.34
2.42488 1.33975
2.42373 1.3395
2.42263 1.33925
2.42151 1.339
2.42044 1.33875
2.41942 1.3385
2.41835 1.33825
2.4173 1.338
2.4162 1.33775
2.41507 1.3375
2.41398 1.33725
2.41296 1.337
2.41189 1.33675
2.41084 1.3365
2.40976 1.33625
2.40871 1.336
2.40763 1.33575
2.40652 1.3355
2.40548 1.33525
2.40438 1.335
2.40328 1.33475
2.40221 1.3345
2.4011 1.33425
2.40003 1.334
2.39889 1.33375
2.39781 1.3335
2.39675 1.33325
2.39567 1.333
2.39454 1.33275
2.39345 1.3325
2.39239 1.33225
2.39135 1.332
2.39032 1.33175
2.38926 1.3315
2.3882 1.33125
2.38703 1.331
2.38599 1.33075
2.38491 1.3305
2.38383 1.33025
2.38278 1.33
2.3817 1.32975
2.38063 1.3295
2.37957 1.32925
2.37851 1.329
2.37748 1.32875
2.37643 1.3285
2.3753 1.32825
2.37427 1.328
2.37319 1.32775
2.37211 1.3275
2.37103 1.32725
2.36996 1.327
2.36881 1.32675
2.36778 1.3265
2.36664 1.32625
2.36553 1.326
2.36439 1.32575
2.3633 1.3255
2.36224 1.32525
2.36118 1.325
2.36011 1.32475
2.35902 1.3245
2.35796 1.32425
2.35688 1.324
2.35578 1.32375
2.35473 1.3235
2.35365 1.32325
2.35255 1.323
2.3515 1.32275
2.35044 1.3225
2.34939 1.32225
2.34837 1.322
2.34736 1.32175
2.34625 1.3215
2.3452 1.32125
2.34412 1.321
2.34309 1.32075
2.34198 1.3205
2.34094 1.32025
2.33983 1.32
2.33874 1.31975
2.33771 1.3195
2.33666 1.31925
2.33553 1.319
2.33448 1.31875
2.33342 1.3185
2.33239 1.31825
2.33129 1.318
2.33024 1.31775
2.32917 1.3175
2.32807 1.31725
2.32694 1.317
2.32591 1.31675
2.3248 1.3165
2.32368 1.31625
2.32266 1.316
2.32164 1.31575
2.32061 1.3155
2.31959 1.31525
2.31856 1.315
2.31749 1.31475
2.31646 1.3145
2.3154 1.31425
2.31436 1.314
2.31326 1.31375
2.31219 1.3135
2.31113 1.31325
2.31005 1.313
2.30902 1.31275
2.30797 1.3125
2.30692 1.31225
2.30582 1.312
2.30479 1.31175
2.30377 1.3115
2.30275 1.31125
2.30167 1.311
2.30065 1.31075
2.29961 1.3105
2.29849 1.31025
2.29747 1.31
2.29644 1.30975
2.29531 1.3095
2.29426 1.30925
2.29323 1.309
2.29218 1.30875
2.29115 1.3085
2.2901 1.30825
2.28904 1.308
2.28797 1.30775
2.28697 1.3075
2.28595 1.30725
2.28487 1.307
2.28383 1.30675
2.28274 1.3065
2.28169 1.30625
2.28063 1.306
2.27962 1.30575
2.27856 1.3055
2.27751 1.30525
2.27648 1.305
2.27546 1.30475
2.27441 1.3045
2.27338 1.30425
2.2723 1.304
2.27126 1.30375
2.27018 1.3035
2.26914 1.30325
2.26809 1.303
2.26703 1.30275
2.26594 1.3025
2.26489 1.30225
2.26375 1.302
2.26269 1.30175
2.26165 1.3015
2.26057 1.30125
2.25952 1.301
2.25846 1.30075
2.2574 1.3005
2.25636 1.30025
2.25533 1.3
2.25425 1.29975
2.25324 1.2995
2.25215 1.29925
2.25113 1.299
2.25006 1.29875
2.24899 1.2985
2.24793 1.29825
2.24689 1.298
2.24587 1.29775
2.24481 1.2975
2.24374 1.29725
2.24268 1.297
2.24166 1.29675
2.24057 1.2965
2.2395 1.29625
2.23845 1.296
2.2374 1.29575
2.23637 1.2955
2.23532 1.29525
2.23429 1.295
2.23328 1.29475
2.23226 1.2945
2.23122 1.29425
2.23017 1.294
2.22914 1.29375
2.2281 1.2935
2.22707 1.29325
2.22603 1.293
2.22494 1.29275
2.22391 1.2925
2.22288 1.29225
2.22182 1.292
2.22077 1.29175
2.21965 1.2915
2.21864 1.29125
2.21757 1.291
2.21654 1.29075
2.21548 1.2905
2.21442 1.29025
2.21337 1.29
2.21233 1.28975
2.21124 1.2895
2.21021 1.28925
2.20917 1.289
2.2081 1.28875
2.20702 1.2885
2.206 1.28825
2.20496 1.288
2.20387 1.28775
2.20285 1.2875
2.20182 1.28725
2.20081 1.287
2.19976 1.28675
2.19872 1.2865
2.1977 1.28625
2.19665 1.286
2.19563 1.28575
2.1946 1.2855
2.19358 1.28525
2.19251 1.285
2.19149 1.28475
2.19044 1.2845
2.18937 1.28425
2.18832 1.284
2.18727 1.28375
2.18619 1.2835
2.18512 1.28325
2.18409 1.283
2.18302 1.28275
2.18197 1.2825
2.18087 1.28225
2.17982 1.282
2.17878 1.28175
2.17773 1.2815
2.17666 1.28125
2.17562 1.281
2.17456 1.28075
2.17354 1.2805
2.17252 1.28025
2.17149 1.28
2.17036 1.27975
2.16936 1.2795
2.16835 1.27925
2.16728 1.279
2.16625 1.27875
2.16523 1.2785
2.16419 1.27825
2.1631 1.278
2.16206 1.27775
2.16104 1.2775
2.16002 1.27725
2.15896 1.277
2.15795 1.27675
2.15693 1.2765
2.15591 1.27625
2.15486 1.276
2.15382 1.27575
2.15276 1.2755
2.15175 1.27525
2.15071 1.275
2.14965 1.27475
2.14862 1.2745
2.1476 1.27425
2.14656 1.274
2.14553 1.27375
2.14446 1.2735
2.14344 1.27325
2.14239 1.273
2.14138 1.27275
2.14032 1.2725
2.13926 1.27225
2.13823 1.272
2.13722 1.27175
2.13619 1.2715
2.13518 1.27125
2.13415 1.271
2.13312 1.27075
2.1321 1.2705
2.13106 1.27025
2.13005 1.27
2.129 1.26975
2.12796 1.2695
2.1269 1.26925
2.12589 1.269
2.12487 1.26875
2.12384 1.2685
2.12282 1.26825
2.12172 1.268
2.1207 1.26775
2.11887 1.2675
2.11784 1.26725
2.11676 1.267
2.1157 1.26675
2.11464 1.2665
2.11363 1.26625
2.11254 1.266
2.11152 1.26575
2.11051 1.2655
2.1095 1.26525
2.10845 1.265
2.10745 1.26475
2.10643 1.2645
2.10541 1.26425
2.1044 1.264
2.10337 1.26375
2.10233 1.2635
2.10125 1.26325
2.10021 1.263
2.09917 1.26275
2.09813 1.2625
2.0971 1.26225
2.09605 1.262
2.09501 1.26175
2.09398 1.2615
2.09289 1.26125
2.09184 1.261
2.09078 1.26075
2.08975 1.2605
2.08869 1.26025
2.08762 1.26
2.0866 1.25975
2.0856 1.2595
2.08454 1.25925
2.08351 1.259
2.08249 1.25875
2.08145 1.2585
2.08041 1.25825
2.07939 1.258
2.07838 1.25775
2.07731 1.2575
2.07626 1.25725
2.0752 1.257
2.07419 1.25675
2.07318 1.2565
2.07218 1.25625
2.07115 1.256
2.07011 1.25575
2.0691 1.2555
2.06807 1.25525
2.06705 1.255
2.06604 1.25475
2.06499 1.2545
2.06398 1.25425
2.06293 1.254
2.06189 1.25375
2.06084 1.2535
2.05975 1.25325
2.05874 1.253
2.05771 1.25275
2.05669 1.2525
2.05563 1.25225
2.05457 1.252
2.05353 1.25175
2.05247 1.2515
2.05146 1.25125
2.05041 1.251
2.0494 1.25075
2.04837 1.2505
2.04734 1.25025
2.04631 1.25
2.04328 1.24975
2.04008 1.2495
2.03695 1.24925
2.03383 1.249
2.03063 1.24875
2.02752 1.2485
2.02448 1.24825
2.02138 1.248
2.01814 1.24775
2.01502 1.2475
2.01197 1.24725
2.0089 1.247
2.00584 1.24675
2.00274 1.2465
1.99962 1.24625
1.99658 1.246
1.9935 1.24575
1.99046 1.2455
1.98736 1.24525
1.98429 1.245
1.9812 1.24475
1.97813 1.2445
1.97502 1.24425
1.97187 1.244
1.9688 1.24375
1.96573 1.2435
1.9626 1.24325
1.95948 1.243
1.95644 1.24275
1.95338 1.2425
1.95033 1.24225
1.94727 1.242
1.94417 1.24175
1.9411 1.2415
1.938 1.24125
1.93495 1.241
1.93185 1.24075
1.92877 1.2405
1.92572 1.24025
1.92266 1.24
1.91952 1.23975
1.91649 1.2395
1.91342 1.23925
1.91035 1.239
1.90731 1.23875
1.90421 1.2385
1.9011 1.23825
1.89804 1.238
1.89498 1.23775
1.89188 1.2375
1.88882 1.23725
1.88577 1.237
1.88272 1.23675
1.87959 1.2365
1.87647 1.23625
1.87335 1.236
1.87029 1.23575
1.86722 1.2355
1.86418 1.23525
1.8611 1.235
1.85797 1.23475
1.85491 1.2345
1.85185 1.23425
1.84874 1.234
1.84571 1.23375
1.84263 1.2335
1.83962 1.23325
1.83658 1.233
1.83355 1.23275
1.83049 1.2325
1.82744 1.23225
1.82436 1.232
1.82126 1.23175
1.81817 1.2315
1.81512 1.23125
1.81208 1.231
1.80894 1.23075
1.80586 1.2305
1.8028 1.23025
1.79975 1.23
1.79671 1.22975
1.79356 1.2295
1.79053 1.22925
1.78746 1.229
1.78438 1.22875
1.78131 1.2285
1.77828 1.22825
1.77523 1.228
1.77216 1.22775
1.76913 1.2275
1.76609 1.22725
1.76304 1.227
1.76001 1.22675
1.75691 1.2265
1.75388 1.22625
1.75078 1.226
1.74771 1.22575
1.74461 1.2255
1.74154 1.22525
1.73847 1.225
1.73543 1.22475
1.73241 1.2245
1.72937 1.22425
1.72627 1.224
1.72317 1.22375
1.72013 1.2235
1.71704 1.22325
1.714 1.223
1.71096 1.22275
1.70794 1.2225
1.70483 1.22225
1.70177 1.222
1.69866 1.22175
1.69556 1.2215
1.69252 1.22125
1.68946 1.221
1.68643 1.22075
1.68339 1.2205
1.68037 1.22025
1.67731 1.22
1.67427 1.21975
1.67122 1.2195
1.66817 1.21925
1.66511 1.219
1.66208 1.21875
1.65907 1.2185
1.65604 1.21825
1.65303 1.218
1.64998 1.21775
1.64695 1.2175
1.64394 1.21725
1.64088 1.217
1.63786 1.21675
1.63482 1.2165
1.63179 1.21625
1.62871 1.216
1.62567 1.21575
1.62266 1.2155
1.61962 1.21525
1.61657 1.215
1.61353 1.21475
1.61047 1.2145
1.60742 1.21425
1.60439 1.214
1.60135 1.21375
1.59829 1.2135
1.59526 1.21325
1.59225 1.213
1.58921 1.21275
1.58618 1.2125
1.58316 1.21225
1.58011 1.212
1.57708 1.21175
1.57396 1.2115
1.57091 1.21125
1.56789 1.211
1.56482 1.21075
1.5618 1.2105
1.55878 1.21025
1.55573 1.21
1.55267 1.20975
1.54965 1.2095
1.54664 1.20925
1.54358 1.209
1.54055 1.20875
1.53751 1.2085
1.53445 1.20825
1.53134 1.208
1.52832 1.20775
1.52523 1.2075
1.52216 1.20725
1.51911 1.207
1.51607 1.20675
1.51305 1.2065
1.51001 1.20625
1.50693 1.206
1.50387 1.20575
1.50084 1.2055
1.4978 1.20525
1.4948 1.205
1.49177 1.20475
1.48875 1.2045
1.48571 1.20425
1.48268 1.204
1.47964 1.20375
1.4766 1.2035
1.4736 1.20325
1.47059 1.203
1.46756 1.20275
1.46452 1.2025
1.46151 1.20225
1.45849 1.202
1.45543 1.20175
1.45243 1.2015
1.44937 1.20125
1.44634 1.201
1.44331 1.20075
1.44021 1.2005
1.43719 1.20025
1.43363 1.2
1.43061 1.19975
1.42759 1.1995
1.42456 1.19925
1.42152 1.199
1.41848 1.19875
1.41544 1.1985
1.41238 1.19825
1.40937 1.198
1.40631 1.19775
1.40329 1.1975
1.40027 1.19725
1.39723 1.197
1.39421 1.19675
1.39117 1.1965
1.3881 1.19625
1.38506 1.196
1.38202 1.19575
1.37898 1.1955
1.37594 1.19525
1.37293 1.195
1.3699 1.19475
1.36688 1.1945
1.36385 1.19425
1.36081 1.194
1.3578 1.19375
1.35479 1.1935
1.35176 1.19325
1.34871 1.193
1.34567 1.19275
1.34261 1.1925
1.33956 1.19225
1.33651 1.192
1.33347 1.19175
1.33044 1.1915
1.32744 1.19125
1.32439 1.191
1.32138 1.19075
1.31833 1.1905
1.31532 1.19025
1.31231 1.19
1.3093 1.18975
1.30628 1.1895
1.30324 1.18925
1.3002 1.189
1.29719 1.18875
1.29416 1.1885
1.29114 1.18825
1.28808 1.188
1.28508 1.18775
1.282 1.1875
1.27897 1.18725
1.27595 1.187
1.27289 1.18675
1.26986 1.1865
1.26681 1.18625
1.26379 1.186
1.26078 1.18575
1.25776 1.1855
1.25474 1.18525
1.25173 1.185
1.2487 1.18475
1.24569 1.1845
1.24268 1.18425
1.23967 1.184
1.23661 1.18375
1.23359 1.1835
1.23057 1.18325
1.22755 1.183
1.22454 1.18275
1.22152 1.1825
1.21849 1.18225
1.21546 1.182
1.21245 1.18175
1.20942 1.1815
1.2064 1.18125
1.2034 1.181
1.20038 1.18075
1.19735 1.1805
1.19426 1.18025
1.19124 1.18
1.18822 1.17975
1.18521 1.1795
1.18218 1.17925
1.17912 1.179
1.1761 1.17875
1.17307 1.1785
1.17006 1.17825
1.16704 1.178
1.16402 1.17775
1.16095 1.1775
1.15794 1.17725
1.15493 1.177
1.1519 1.17675
1.14885 1.1765
1.14581 1.17625
1.14277 1.176
1.13975 1.17575
1.13671 1.1755
1.13369 1.17525
1.13066 1.175
1.12766 1.17475
1.12462 1.1745
1.12158 1.17425
1.11854 1.174
1.11554 1.17375
1.11251 1.1735
1.10951 1.17325
1.10649 1.173
1.10347 1.17275
1.10042 1.1725
1.0974 1.17225
1.09438 1.172
1.09136 1.17175
1.08836 1.1715
1.08534 1.17125
1.08231 1.171
1.07931 1.17075
1.0763 1.1705
1.07325 1.17025
1.07019 1.17
1.06717 1.16975
1.06417 1.1695
1.06116 1.16925
1.05814 1.169
1.05415 1.16875
1.05111 1.1685
1.04808 1.16825
1.04505 1.168
1.04205 1.16775
1.03902 1.1675
1.03598 1.16725
1.03295 1.167
1.02995 1.16675
1.02693 1.1665
1.02393 1.16625
1.02093 1.166
1.01793 1.16575
1.01491 1.1655
1.01189 1.16525
1.0085 1.165
1.00548 1.16475
1.00247 1.1645
0.999454 1.16425
0.996449 1.164
0.993424 1.16375
0.990382 1.1635
0.987363 1.16325
0.984327 1.163
0.981318 1.16275
0.978284 1.1625
0.975272 1.16225
0.972265 1.162
0.96925 1.16175
0.966243 1.1615
0.96322 1.16125
0.960177 1.161
0.957145 1.16075
0.954099 1.1605
0.951066 1.16025
0.948036 1.16
0.945033 1.15975
0.942017 1.1595
0.938991 1.15925
0.935985 1.159
0.932934 1.15875
0.929905 1.1585
0.926886 1.15825
0.923882 1.158
0.920867 1.15775
0.917841 1.1575
0.914795 1.15725
0.911766 1.157
0.908743 1.15675
0.905727 1.1565
0.902726 1.15625
0.899713 1.156
0.896686 1.15575
0.893682 1.1555
0.890668 1.15525
0.887661 1.155
0.884647 1.15475
0.881629 1.1545
0.878613 1.15425
0.875612 1.154
0.872599 1.15375
0.869581 1.1535
0.866574 1.15325
0.863551 1.153
0.860536 1.15275
0.857523 1.1525
0.854487 1.15225
0.851465 1.152
0.848453 1.15175
0.845453 1.1515
0.842433 1.15125
0.839421 1.151
0.836411 1.15075
0.833385 1.1505
0.830362 1.15025
0.827319 1.15
0.82431 1.14975
0.821276 1.1495
0.818273 1.14925
0.815238 1.149
0.812218 1.14875
0.809213 1.1485
0.806178 1.14825
0.803165 1.148
0.800155 1.14775
0.797126 1.1475
0.794114 1.14725
0.791106 1.147
0.788091 1.14675
0.785039 1.1465
0.782036 1.14625
0.779018 1.146
0.776017 1.14575
0.773013 1.1455
0.769997 1.14525
0.766961 1.145
0.763945 1.14475
0.760936 1.1445
0.757913 1.14425
0.754897 1.144
0.751861 1.14375
0.748844 1.1435
0.745836 1.14325
0.742821 1.143
0.739821 1.14275
0.736792 1.1425
0.733784 1.14225
0.730781 1.142
0.727755 1.14175
0.724743 1.1415
0.721738 1.14125
0.718686 1.141
0.715657 1.14075
0.712644 1.1405
0.709638 1.14025
0.706636 1.14
0.703625 1.13975
0.700616 1.1395
0.697609 1.13925
0.69459 1.139
0.691566 1.13875
0.68856 1.1385
0.685545 1.13825
0.682518 1.138
0.679507 1.13775
0.676504 1.1375
0.673494 1.13725
0.670469 1.137
0.667465 1.13675
0.664436 1.1365
0.661423 1.13625
0.658342 1.136
0.655325 1.13575
0.652287 1.1355
0.649279 1.13525
0.646277 1.135
0.643237 1.13475
0.640231 1.1345
0.637162 1.13425
0.634135 1.134
0.631133 1.13375
0.628119 1.1335
0.625107 1.13325
0.622088 1.133
0.619068 1.13275
0.616064 1.1325
0.613062 1.13225
0.610057 1.132
0.60705 1.13175
0.604041 1.1315
0.601016 1.13125
0.597952 1.131
0.594939 1.13075
0.591924 1.1305
0.588924 1.13025
0.585897 1.13
0.582867 1.12975
0.579828 1.1295
0.576815 1.12925
0.573777 1.129
0.570735 1.12875
0.567734 1.1285
0.564709 1.12825
0.5617 1.128
0.558683 1.12775
0.555672 1.1275
0.552617 1.12725
0.549598 1.127
0.546584 1.12675
0.543578 1.1265
0.540553 1.12625
0.53753 1.126
0.53453 1.12575
0.531489 1.1255
0.528459 1.12525
0.525439 1.125
0.522405 1.12475
0.519387 1.1245
0.516366 1.12425
0.513362 1.124
0.510325 1.12375
0.50732 1.1235
0.504285 1.12325
0.501276 1.123
0.498241 1.12275
0.495227 1.1225
0.492216 1.12225
0.489213 1.122
0.486203 1.12175
0.483198 1.1215
0.48016 1.12125
0.477156 1.121
0.474145 1.12075
0.471138 1.1205
0.468117 1.12025
0.465064 1.12
0.462043 1.11975
0.458999 1.1195
0.455984 1.11925
0.452976 1.119
0.449976 1.11875
0.446966 1.1185
0.443954 1.11825
0.44095 1.118
0.437923 1.11775
0.434911 1.1175
0.431907 1.11725
0.428893 1.117
0.425874 1.11675
0.422864 1.1165
0.419829 1.11625
0.416773 1.116
0.413757 1.11575
0.410756 1.1155
0.407731 1.11525
0.404731 1.115
0.401688 1.11475
0.398682 1.1145
0.395676 1.11425
0.392674 1.114
0.389658 1.11375
0.386654 1.1135
0.383634 1.11325
0.380623 1.113
0.377621 1.11275
0.374621 1.1125
0.371617 1.11225
0.368616 1.112
0.365615 1.11175
0.362601 1.1115
0.35959 1.11125
0.356589 1.111
0.353588 1.11075
0.350579 1.1105
0.347562 1.11025
0.344549 1.11
0.341548 1.10975
0.338543 1.1095
0.335533 1.10925
0.332526 1.109
0.329518 1.10875
0.326506 1.1085
0.323498 1.10825
0.320491 1.108
0.317488 1.10775
0.314461 1.1075
0.311451 1.10725
0.308433 1.107
0.305429 1.10675
0.30241 1.1065
0.299396 1.10625
0.296386 1.106
0.293378 1.10575
0.290376 1.1055
0.287323 1.10525
0.284291 1.105
0.281281 1.10475
0.278279 1.1045
0.27527 1.10425
0.272253 1.104
0.269252 1.10375
0.266251 1.1035
0.263247 1.10325
0.260246 1.103
0.257229 1.10275
0.254229 1.1025
0.251215 1.10225
0.248174 1.102
0.245155 1.10175
0.242132 1.1015
0.239117 1.10125
0.236109 1.101
0.233098 1.10075
0.230097 1.1005
0.227064 1.10025
0.22405 1.1
0.221049 1.09975
0.218034 1.0995
0.215024 1.09925
0.212022 1.099
0.20901 1.09875
0.205993 1.0985
0.202952 1.09825
0.199924 1.098
0.196904 1.09775
0.193893 1.0975
0.190886 1.09725
0.187886 1.097
0.184875 1.09675
0.181864 1.0965
0.178849 1.09625
0.175792 1.096
0.172785 1.09575
0.169756 1.0955
0.166746 1.09525
0.163738 1.095
0.160713 1.09475
0.157713 1.0945
0.154668 1.09425
0.151659 1.094
0.148658 1.09375
0.145645 1.0935
0.142617 1.09325
0.139617 1.093
0.136616 1.09275
0.133591 1.0925
0.130586 1.09225
0.127576 1.092
0.12455 1.09175
0.121519 1.0915
0.118516 1.09125
0.115514 1.091
0.112502 1.09075
0.109457 1.0905
0.106456 1.09025
0.103454 1.09
0.100439 1.08975
0.0974328 1.0895
0.0944226 1.08925
0.0914168 1.089
0.0884083 1.08875
0.0853963 1.0885
0.0823916 1.08825
0.0793774 1.088
0.0763732 1.08775
0.0733589 1.0875
0.0703551 1.08725
0.0673341 1.087
0.06432 1.08675
0.0613129 1.0865
0.0582899 1.08625
0.0552867 1.086
0.0522806 1.08575
0.0492805 1.0855
0.0462801 1.08525
0.0432742 1.085
0.0402528 1.08475
0.0372317 1.0845
0.0342167 1.08425
0.0312135 1.084
0.0281722 1.08375
0.0251665 1.0835
0.0221617 1.08325
0.0191469 1.083
0.016143 1.08275
0.0131389 1.0825
0.0101382 1.08225
0.00711233 1.082
0.00410121 1.08175
0.00108894 1.0815
-0.00191181 1.08125
-0.0049616 1.081
-0.00797607 1.08075
-0.0109869 1.0805
-0.0140005 1.08025
-0.0170074 1.08
-0.0200261 1.07975
-0.0230336 1.0795
-0.0260409 1.07925
-0.0290486 1.079
-0.0320618 1.07875
-0.0350641 1.0785
-0.0380846 1.07825
-0.0410848 1.078
-0.044101 1.07775
-0.0471025 1.0775
-0.0501068 1.07725
-0.0531111 1.077
-0.0561341 1.07675
-0.0591367 1.0765
-0.0621403 1.07625
-0.0651514 1.076
-0.0681639 1.07575
-0.0711709 1.0755
-0.07419 1.07525
-0.0772041 1.075
-0.0802126 1.07475
-0.0832211 1.0745
-0.0863298 1.07425
-0.0893516 1.074
-0.0923758 1.07375
-0.0953844 1.0735
-0.098392 1.07325
-0.101395 1.073
-0.104448 1.07275
-0.107464 1.0725
-0.110464 1.07225
-0.113484 1.072
-0.116488 1.07175
-0.1195 1.0715
-0.122505 1.07125
-0.125527 1.071
-0.128541 1.07075
-0.131541 1.0705
-0.134545 1.07025
-0.137549 1.07
-0.140558 1.06975
-0.14357 1.0695
-0.14657 1.06925
-0.149573 1.069
-0.152581 1.06875
-0.155627 1.0685
-0.158629 1.06825
-0.161667 1.068
-0.164676 1.06775
-0.16768 1.0675
-0.170691 1.06725
-0.173711 1.067
-0.17673 1.06675
-0.179744 1.0665
-0.182754 1.06625
-0.185754 1.066
-0.188759 1.06575
-0.191759 1.0655
-0.19476 1.06525
-0.198234 1.065
-0.201302 1.06475
-0.204305 1.0645
-0.207348 1.06425
-0.210369 1.064
-0.213372 1.06375
-0.216378 1.0635
-0.219382 1.06325
-0.222382 1.063
-0.225389 1.06275
-0.228395 1.0625
-0.231398 1.06225
-0.234414 1.062
-0.238565 1.06175
-0.241571 1.0615
-0.244577 1.06125
-0.247578 1.061
-0.250595 1.06075
-0.253603 1.0605
-0.256624 1.06025
-0.259638 1.06
-0.26264 1.05975
-0.265657 1.0595
-0.268662 1.05925
-0.271673 1.059
-0.274684 1.05875
-0.277691 1.0585
-0.280694 1.05825
-0.283697 1.058
-0.286699 1.05775
-0.289717 1.0575
-0.292718 1.05725
-0.295767 1.057
-0.298767 1.05675
-0.301776 1.0565
-0.304778 1.05625
-0.307791 1.056
-0.310792 1.05575
-0.314487 1.0555
-0.317489 1.05525
-0.320503 1.055
-0.323512 1.05475
-0.326514 1.0545
-0.329523 1.05425
-0.332526 1.054
-0.335526 1.05375
-0.338571 1.0535
-0.341587 1.05325
-0.344597 1.053
-0.347604 1.05275
-0.350616 1.0525
-0.353617 1.05225
-0.356626 1.052
-0.359651 1.05175
-0.362662 1.0515
-0.36568 1.05125
-0.368684 1.051
-0.371689 1.05075
-0.374694 1.0505
-0.377695 1.05025
-0.380712 1.05
-0.383726 1.04975
-0.386727 1.0495
-0.389743 1.04925
-0.392743 1.049
-0.395759 1.04875
-0.398785 1.0485
-0.401785 1.04825
-0.404785 1.048
-0.407804 1.04775
-0.410809 1.0475
-0.413821 1.04725
-0.416821 1.047
-0.419822 1.04675
-0.422822 1.0465
-0.425822 1.04625
-0.428831 1.046
-0.431837 1.04575
-0.434846 1.0455
-0.437863 1.04525
-0.440869 1.045
-0.443874 1.04475
-0.446885 1.0445
-0.449908 1.04425
-0.452923 1.044
-0.455932 1.04375
-0.458945 1.0435
-0.461948 1.04325
-0.464955 1.043
-0.467959 1.04275
-0.470964 1.0425
-0.473973 1.04225
-0.476981 1.042
-0.479988 1.04175
-0.482993 1.0415
-0.486008 1.04125
-0.489017 1.041
-0.492035 1.04075
-0.495047 1.0405
-0.498057 1.04025
-0.501058 1.04
-0.504062 1.03975
-0.507068 1.0395
-0.510088 1.03925
-0.513094 1.039
-0.516116 1.03875
-0.51913 1.0385
-0.522144 1.03825
-0.525155 1.038
-0.528175 1.03775
-0.53118 1.0375
-0.53419 1.03725
-0.537193 1.037
-0.540204 1.03675
-0.543206 1.0365
-0.54621 1.03625
-0.549225 1.036
-0.552225 1.03575
-0.555231 1.0355
-0.558238 1.03525
-0.561256 1.035
-0.564256 1.03475
-0.567269 1.0345
-0.570275 1.03425
-0.573288 1.034
-0.576299 1.03375
-0.579303 1.0335
-0.582303 1.03325
-0.585303 1.033
-0.588303 1.03275
-0.591321 1.0325
-0.594328 1.03225
-0.59734 1.032
-0.60035 1.03175
-0.603387 1.0315
-0.606387 1.03125
-0.609388 1.031
-0.61239 1.03075
-0.615395 1.0305
-0.618407 1.03025
-0.62143 1.03
-0.624436 1.02975
-0.62745 1.0295
-0.630455 1.02925
-0.633457 1.029
-0.636465 1.02875
-0.639468 1.0285
-0.642476 1.02825
-0.645506 1.028
-0.648511 1.02775
-0.651526 1.0275
-0.654547 1.02725
-0.657549 1.027
-0.660604 1.02675
-0.663612 1.0265
-0.666631 1.02625
-0.669675 1.026
-0.672678 1.02575
-0.67568 1.0255
-0.678699 1.02525
-0.681711 1.025
-0.684734 1.02475
-0.688496 1.0245
-0.6915 1.02425
-0.694624 1.024
-0.69763 1.02375
-0.70063 1.0235
-0.703634 1.02325
-0.706642 1.023
-0.709648 1.02275
-0.712651 1.0225
-0.715651 1.02225
-0.718654 1.022
-0.721669 1.02175
-0.724687 1.0215
-0.727699 1.02125
-0.7326 1.021
-0.735611 1.02075
-0.738614 1.0205
-0.741614 1.02025
-0.744647 1.02
-0.747659 1.01975
-0.75066 1.0195
-0.753662 1.01925
-0.756669 1.019
-0.759699 1.01875
-0.762708 1.0185
-0.765709 1.01825
-0.768718 1.018
-0.771737 1.01775
-0.774761 1.0175
-0.777764 1.01725
-0.780764 1.017
-0.78377 1.01675
-0.786783 1.0165
-0.789784 1.01625
-0.792814 1.016
-0.795814 1.01575
-0.798823 1.0155
-0.801839 1.01525
-0.804844 1.015
-0.807844 1.01475
-0.810851 1.0145
-0.813871 1.01425
-0.816889 1.014
-0.81992 1.01375
-0.822926 1.0135
-0.825926 1.01325
-0.82893 1.013
-0.831933 1.01275
-0.834935 1.0125
-0.837935 1.01225
-0.840937 1.012
-0.843951 1.01175
-0.846967 1.0115
-0.849981 1.01125
-0.853002 1.011
-0.856015 1.01075
-0.859015 1.0105
-0.862015 1.01025
-0.865019 1.01
-0.86802 1.00975
-0.87102 1.0095
-0.874027 1.00925
-0.877045 1.009
-0.880049 1.00875
-0.883061 1.0085
-0.886061 1.00825
-0.889061 1.008
-0.892065 1.00775
-0.895072 1.0075
-0.898081 1.00725
-0.901082 1.007
-0.904128 1.00675
-0.907129 1.0065
-0.910135 1.00625
-0.913144 1.006
-0.916165 1.00575
-0.919174 1.0055
-0.922181 1.00525
-0.925181 1.005
-0.928181 1.00475
-0.931183 1.0045
-0.934205 1.00425
-0.937224 1.004
-0.940231 1.00375
-0.943244 1.0035
-0.946251 1.00325
-0.949257 1.003
-0.952257 1.00275
-0.955261 1.0025
-0.958275 1.00225
-0.961294 1.002
-0.964298 1.00175
-0.967299 1.0015
-0.9703 1.00125
-0.973313 1.001
-0.97632 1.00075
-0.979337 1.0005
-0.982349 1.00025
-0.985358 1
