Man
0 0
0.00806049 0.001
0.0120117 0.002
0.00790449 0.003
-0.0019946 0.004
-0.00654113 0.005
-0.0007613 0.006
-0.00603785 0.007
-0.0180799 0.008
-0.0198463 0.009
-0.0301833 0.01
-0.0407054 0.011
-0.0421047 0.012
-0.0401603 0.013
-0.0385213 0.014
-0.0483005 0.015
-0.0553043 0.016
-0.0664166 0.017
-0.0674724 0.018
-0.0636406 0.019
-0.0591961 0.02
-0.0608774 0.021
-0.0611784 0.022
-0.072008 0.023
-0.0774391 0.024
-0.0748749 0.025
-0.0718339 0.026
-0.0721145 0.027
-0.0788492 0.028
-0.0931496 0.029
-0.101853 0.03
-0.107674 0.031
-0.101304 0.032
-0.105195 0.033
-0.126127 0.034
-0.135074 0.035
-0.140524 0.036
-0.143306 0.037
-0.14912 0.038
-0.144389 0.039
-0.154727 0.04
-0.150911 0.041
-0.155853 0.042
-0.165737 0.043
-0.177855 0.044
-0.180261 0.045
-0.182577 0.046
-0.186247 0.047
-0.193433 0.048
-0.195958 0.049
-0.192758 0.05
-0.205068 0.051
-0.212512 0.052
-0.216285 0.053
-0.217785 0.054
-0.219152 0.055
-0.227768 0.056
-0.230987 0.057
-0.229024 0.058
-0.23411 0.059
-0.241048 0.06
-0.248189 0.061
-0.248024 0.062
-0.252669 0.063
-0.263211 0.064
-0.262805 0.065
-0.267241 0.066
-0.266473 0.067
-0.271688 0.068
-0.269991 0.069
-0.276926 0.07
-0.292092 0.071
-0.300406 0.072
-0.300763 0.073
-0.302694 0.074
-0.302561 0.075
-0.305482 0.076
-0.310358 0.077
-0.312868 0.078
-0.328795 0.079
-0.323958 0.08
-0.32225 0.081
-0.327949 0.082
-0.328907 0.083
-0.337588 0.084
-0.337007 0.085
-0.347908 0.086
-0.350349 0.087
-0.356401 0.088
-0.362654 0.089
-0.366659 0.09
-0.377736 0.091
-0.38017 0.092
-0.386818 0.093
-0.390409 0.094
-0.388872 0.095
-0.395233 0.096
-0.391818 0.097
-0.399804 0.098
-0.405592 0.099
-0.421001 0.1
-0.430096 0.101
-0.439815 0.102
-0.446927 0.103
-0.449189 0.104
-0.452206 0.105
-0.45646 0.106
-0.465629 0.107
-0.474374 0.108
-0.471803 0.109
-0.487398 0.11
-0.489202 0.111
-0.4945 0.112
-0.494552 0.113
-0.50421 0.114
-0.508689 0.115
-0.516022 0.116
-0.520541 0.117
-0.517696 0.118
-0.525029 0.119
-0.531288 0.12
-0.547457 0.121
-0.55287 0.122
-0.561279 0.123
-0.56798 0.124
-0.572963 0.125
-0.575238 0.126
-0.577194 0.127
-0.592158 0.128
-0.593698 0.129
-0.604097 0.13
-0.613007 0.131
-0.624014 0.132
-0.628733 0.133
-0.633136 0.134
-0.642073 0.135
-0.640712 0.136
-0.652317 0.137
-0.655814 0.138
-0.666301 0.139
-0.675025 0.14
-0.674685 0.141
-0.683433 0.142
-0.690505 0.143
-0.703302 0.144
-0.710915 0.145
-0.72206 0.146
-0.727087 0.147
-0.730755 0.148
-0.733003 0.149
-0.736176 0.15
-0.737547 0.151
-0.744579 0.152
-0.748632 0.153
-0.754218 0.154
-0.763911 0.155
-0.778837 0.156
-0.787016 0.157
-0.792394 0.158
-0.796209 0.159
-0.801049 0.16
-0.805713 0.161
-0.812981 0.162
-0.823653 0.163
-0.828983 0.164
-0.837542 0.165
-0.843533 0.166
-0.848043 0.167
-0.851682 0.168
-0.855899 0.169
-0.860801 0.17
-0.871242 0.171
-0.87851 0.172
-0.882923 0.173
-0.888384 0.174
-0.893682 0.175
-0.896309 0.176
-0.902851 0.177
-0.904389 0.178
-0.908531 0.179
-0.91358 0.18
-0.919099 0.181
-0.923127 0.182
-0.926846 0.183
-0.930896 0.184
-0.935998 0.185
-0.939775 0.186
-0.944202 0.187
-0.948801 0.188
-0.953144 0.189
-0.957804 0.19
-0.962251 0.191
-0.965585 0.192
-0.969441 0.193
-0.972739 0.194
-0.976699 0.195
-0.98066 0.196
-0.983703 0.197
-0.987786 0.198
-0.991124 0.199
-0.994834 0.2
-0.998898 0.201
-1.00208 0.202
-1.00552 0.203
-1.00866 0.204
-1.01177 0.205
-1.01477 0.206
-1.01767 0.207
-1.02057 0.208
-1.02292 0.209
-1.02625 0.21
-1.02938 0.211
-1.03245 0.212
-1.03584 0.213
-1.03853 0.214
-1.04138 0.215
-1.04444 0.216
-1.04717 0.217
-1.04965 0.218
-1.05281 0.219
-1.05563 0.22
-1.05768 0.221
-1.06013 0.222
-1.06242 0.223
-1.06493 0.224
-1.06728 0.225
-1.06985 0.226
-1.07243 0.227
-1.07485 0.228
-1.07734 0.229
-1.08004 0.23
-1.08226 0.231
-1.08489 0.232
-1.08707 0.233
-1.08922 0.234
-1.09142 0.235
-1.09382 0.236
-1.09626 0.237
-1.0983 0.238
-1.10036 0.239
-1.10247 0.24
-1.10443 0.241
-1.10652 0.242
-1.10866 0.243
-1.11063 0.244
-1.11276 0.245
-1.11494 0.246
-1.11678 0.247
-1.1189 0.248
-1.12104 0.249
-1.12296 0.25
-1.12482 0.251
-1.12694 0.252
-1.12849 0.253
-1.13039 0.254
-1.13196 0.255
-1.13369 0.256
-1.1352 0.257
-1.13656 0.258
-1.13842 0.259
-1.14017 0.26
-1.14213 0.261
-1.14397 0.262
-1.14586 0.263
-1.14755 0.264
-1.14944 0.265
-1.15122 0.266
-1.15312 0.267
-1.15501 0.268
-1.15682 0.269
-1.15863 0.27
-1.16036 0.271
-1.16186 0.272
-1.16345 0.273
-1.16511 0.274
-1.1665 0.275
-1.16809 0.276
-1.16962 0.277
-1.17145 0.278
-1.17305 0.279
-1.17446 0.28
-1.17581 0.281
-1.17718 0.282
-1.17838 0.283
-1.1799 0.284
-1.18148 0.285
-1.18301 0.286
-1.18472 0.287
-1.18594 0.288
-1.18703 0.289
-1.1885 0.29
-1.19002 0.291
-1.19109 0.292
-1.19233 0.293
-1.19367 0.294
-1.19497 0.295
-1.19622 0.296
-1.19764 0.297
-1.19909 0.298
-1.20013 0.299
-1.2015 0.3
-1.2025 0.301
-1.2037 0.302
-1.20509 0.303
-1.20636 0.304
-1.20749 0.305
-1.20888 0.306
-1.21005 0.307
-1.21107 0.308
-1.21203 0.309
-1.21313 0.31
-1.2144 0.311
-1.2155 0.312
-1.21687 0.313
-1.21809 0.314
-1.21924 0.315
-1.22034 0.316
-1.22142 0.317
-1.22277 0.318
-1.22389 0.319
-1.22531 0.32
-1.22637 0.321
-1.22737 0.322
-1.22871 0.323
-1.22957 0.324
-1.23077 0.325
-1.23186 0.326
-1.23296 0.327
-1.23396 0.328
-1.23521 0.329
-1.23616 0.33
-1.23713 0.331
-1.23818 0.332
-1.23918 0.333
-1.24032 0.334
-1.24145 0.335
-1.24256 0.336
-1.24362 0.337
-1.24461 0.338
-1.2456 0.339
-1.24655 0.34
-1.24742 0.341
-1.24832 0.342
-1.24943 0.343
-1.2504 0.344
-1.25124 0.345
-1.25197 0.346
-1.25296 0.347
-1.25403 0.348
-1.25488 0.349
-1.25586 0.35
-1.25686 0.351
-1.258 0.352
-1.25873 0.353
-1.25959 0.354
-1.26042 0.355
-1.26126 0.356
-1.26206 0.357
-1.26285 0.358
-1.2637 0.359
-1.26448 0.36
-1.26541 0.361
-1.2663 0.362
-1.26708 0.363
-1.26786 0.364
-1.26846 0.365
-1.26917 0.366
-1.27016 0.367
-1.27094 0.368
-1.27163 0.369
-1.27246 0.37
-1.27329 0.371
-1.27401 0.372
-1.27473 0.373
-1.27536 0.374
-1.27619 0.375
-1.27706 0.376
-1.27786 0.377
-1.27878 0.378
-1.27976 0.379
-1.28045 0.38
-1.28117 0.381
-1.28174 0.382
-1.28244 0.383
-1.28326 0.384
-1.28413 0.385
-1.28499 0.386
-1.28567 0.387
-1.28645 0.388
-1.28718 0.389
-1.28785 0.39
-1.28856 0.391
-1.28926 0.392
-1.29004 0.393
-1.29078 0.394
-1.29146 0.395
-1.29223 0.396
-1.29295 0.397
-1.29356 0.398
-1.29419 0.399
-1.29473 0.4
-1.29533 0.401
-1.29589 0.402
-1.29657 0.403
-1.29715 0.404
-1.29775 0.405
-1.29826 0.406
-1.29894 0.407
-1.29965 0.408
-1.30036 0.409
-1.30088 0.41
-1.30155 0.411
-1.30236 0.412
-1.30289 0.413
-1.30361 0.414
-1.3041 0.415
-1.30475 0.416
-1.3054 0.417
-1.30601 0.418
-1.30655 0.419
-1.30717 0.42
-1.30781 0.421
-1.30843 0.422
-1.30909 0.423
-1.30981 0.424
-1.3103 0.425
-1.31098 0.426
-1.31155 0.427
-1.31205 0.428
-1.31277 0.429
-1.31335 0.43
-1.31404 0.431
-1.31459 0.432
-1.31518 0.433
-1.31579 0.434
-1.31643 0.435
-1.31691 0.436
-1.31746 0.437
-1.31815 0.438
-1.31877 0.439
-1.3193 0.44
-1.32001 0.441
-1.32049 0.442
-1.32103 0.443
-1.3216 0.444
-1.32224 0.445
-1.32275 0.446
-1.32336 0.447
-1.32387 0.448
-1.32445 0.449
-1.32508 0.45
-1.32542 0.451
-1.32597 0.452
-1.32655 0.453
-1.32703 0.454
-1.32751 0.455
-1.32806 0.456
-1.32857 0.457
-1.32889 0.458
-1.3293 0.459
-1.32965 0.46
-1.33018 0.461
-1.3308 0.462
-1.33134 0.463
-1.33169 0.464
-1.33226 0.465
-1.33277 0.466
-1.3334 0.467
-1.33384 0.468
-1.33438 0.469
-1.33493 0.47
-1.33537 0.471
-1.33581 0.472
-1.33626 0.473
-1.33684 0.474
-1.33717 0.475
-1.33769 0.476
-1.33814 0.477
-1.3385 0.478
-1.33898 0.479
-1.33945 0.48
-1.33985 0.481
-1.34032 0.482
-1.34069 0.483
-1.34112 0.484
-1.34142 0.485
-1.34173 0.486
-1.3421 0.487
-1.34252 0.488
-1.34312 0.489
-1.34357 0.49
-1.344 0.491
-1.34452 0.492
-1.34503 0.493
-1.34541 0.494
-1.34582 0.495
-1.3462 0.496
-1.34666 0.497
-1.34723 0.498
-1.34764 0.499
-1.34811 0.5
-1.34845 0.501
-1.34884 0.502
-1.34921 0.503
-1.34968 0.504
-1.3502 0.505
-1.35063 0.506
-1.35094 0.507
-1.35138 0.508
-1.35187 0.509
-1.35221 0.51
-1.35254 0.511
-1.35302 0.512
-1.35334 0.513
-1.35378 0.514
-1.35423 0.515
-1.35471 0.516
-1.35514 0.517
-1.35549 0.518
-1.35595 0.519
-1.35639 0.52
-1.35682 0.521
-1.35714 0.522
-1.3574 0.523
-1.35777 0.524
-1.35802 0.525
-1.35842 0.526
-1.35878 0.527
-1.35923 0.528
-1.35965 0.529
-1.36014 0.53
-1.36055 0.531
-1.36108 0.532
-1.36143 0.533
-1.36182 0.534
-1.3621 0.535
-1.36245 0.536
-1.36287 0.537
-1.36325 0.538
-1.36374 0.539
-1.36414 0.54
-1.36458 0.541
-1.36497 0.542
-1.3654 0.543
-1.36584 0.544
-1.36621 0.545
-1.36656 0.546
-1.36691 0.547
-1.3672 0.548
-1.36743 0.549
-1.36775 0.55
-1.36807 0.551
-1.36833 0.552
-1.36865 0.553
-1.36902 0.554
-1.36943 0.555
-1.36973 0.556
-1.3701 0.557
-1.37037 0.558
-1.37078 0.559
-1.37103 0.56
-1.3713 0.561
-1.37174 0.562
-1.37221 0.563
-1.37258 0.564
-1.37286 0.565
-1.37318 0.566
-1.37348 0.567
-1.37376 0.568
-1.37397 0.569
-1.37428 0.57
-1.37464 0.571
-1.37496 0.572
-1.37529 0.573
-1.37561 0.574
-1.37598 0.575
-1.37639 0.576
-1.37672 0.577
-1.3771 0.578
-1.37746 0.579
-1.37779 0.58
-1.37803 0.581
-1.37838 0.582
-1.37874 0.583
-1.37905 0.584
-1.37939 0.585
-1.37969 0.586
-1.37997 0.587
-1.38026 0.588
-1.38057 0.589
-1.38091 0.59
-1.38128 0.591
-1.38153 0.592
-1.3818 0.593
-1.38213 0.594
-1.38253 0.595
-1.38272 0.596
-1.38302 0.597
-1.38323 0.598
-1.38363 0.599
-1.38389 0.6
-1.38414 0.601
-1.38437 0.602
-1.38462 0.603
-1.38492 0.604
-1.38515 0.605
-1.38544 0.606
-1.38582 0.607
-1.38616 0.608
-1.38645 0.609
-1.38682 0.61
-1.38714 0.611
-1.38735 0.612
-1.38764 0.613
-1.38783 0.614
-1.38816 0.615
-1.38844 0.616
-1.3888 0.617
-1.38904 0.618
-1.38934 0.619
-1.38961 0.62
-1.38987 0.621
-1.39025 0.622
-1.39053 0.623
-1.3909 0.624
-1.39114 0.625
-1.39143 0.626
-1.3916 0.627
-1.3919 0.628
-1.39215 0.629
-1.39231 0.63
-1.39258 0.631
-1.39291 0.632
-1.39323 0.633
-1.3935 0.634
-1.39382 0.635
-1.39414 0.636
-1.39447 0.637
-1.39465 0.638
-1.39483 0.639
-1.3951 0.64
-1.39539 0.641
-1.39558 0.642
-1.39581 0.643
-1.39607 0.644
-1.39632 0.645
-1.39655 0.646
-1.39682 0.647
-1.39706 0.648
-1.39722 0.649
-1.39736 0.65
-1.39753 0.651
-1.39782 0.652
-1.39804 0.653
-1.39828 0.654
-1.39855 0.655
-1.39879 0.656
-1.39896 0.657
-1.39919 0.658
-1.39945 0.659
-1.39968 0.66
-1.39989 0.661
-1.40024 0.662
-1.40052 0.663
-1.40092 0.664
-1.40115 0.665
-1.40129 0.666
-1.40146 0.667
-1.40166 0.668
-1.40192 0.669
-1.4021 0.67
-1.40231 0.671
-1.40257 0.672
-1.40286 0.673
-1.40304 0.674
-1.40328 0.675
-1.40359 0.676
-1.40383 0.677
-1.40419 0.678
-1.40438 0.679
-1.40457 0.68
-1.40483 0.681
-1.40502 0.682
-1.40537 0.683
-1.40557 0.684
-1.40579 0.685
-1.40602 0.686
-1.40632 0.687
-1.40654 0.688
-1.40671 0.689
-1.40685 0.69
-1.407 0.691
-1.40726 0.692
-1.40745 0.693
-1.40764 0.694
-1.40782 0.695
-1.40802 0.696
-1.40821 0.697
-1.40839 0.698
-1.4086 0.699
-1.4088 0.7
-1.40898 0.701
-1.40915 0.702
-1.40889 0.703
-1.4091 0.704
-1.40915 0.705
-1.40937 0.706
-1.40958 0.707
-1.40996 0.708
-1.41021 0.709
-1.41042 0.71
-1.4106 0.711
-1.41081 0.712
-1.41112 0.713
-1.41133 0.714
-1.41153 0.715
-1.41168 0.716
-1.41187 0.717
-1.412 0.718
-1.41227 0.719
-1.41253 0.72
-1.41278 0.721
-1.41298 0.722
-1.41318 0.723
-1.41341 0.724
-1.41367 0.725
-1.41386 0.726
-1.41405 0.727
-1.41436 0.728
-1.41461 0.729
-1.41479 0.73
-1.41495 0.731
-1.41519 0.732
-1.4154 0.733
-1.41564 0.734
-1.4158 0.735
-1.41599 0.736
-1.4161 0.737
-1.41629 0.738
-1.41647 0.739
-1.41664 0.74
-1.41679 0.741
-1.41705 0.742
-1.41727 0.743
-1.41748 0.744
-1.41767 0.745
-1.41781 0.746
-1.41801 0.747
-1.4182 0.748
-1.41843 0.749
-1.41868 0.75
-1.41881 0.751
-1.41898 0.752
-1.41913 0.753
-1.41931 0.754
-1.41956 0.755
-1.41973 0.756
-1.41988 0.757
-1.42007 0.758
-1.4202 0.759
-1.42029 0.76
-1.42049 0.761
-1.4207 0.762
-1.42087 0.763
-1.42102 0.764
-1.42129 0.765
-1.42144 0.766
-1.42166 0.767
-1.42185 0.768
-1.422 0.769
-1.42213 0.77
-1.42237 0.771
-1.42252 0.772
-1.42265 0.773
-1.4228 0.774
-1.42295 0.775
-1.42302 0.776
-1.42318 0.777
-1.42336 0.778
-1.4234 0.779
-1.42356 0.78
-1.42376 0.781
-1.42392 0.782
-1.42421 0.783
-1.42438 0.784
-1.42448 0.785
-1.42462 0.786
-1.4248 0.787
-1.42496 0.788
-1.42512 0.789
-1.42541 0.79
-1.42553 0.791
-1.42563 0.792
-1.42582 0.793
-1.42596 0.794
-1.42609 0.795
-1.42623 0.796
-1.42638 0.797
-1.42655 0.798
-1.42679 0.799
-1.42703 0.8
-1.42725 0.801
-1.42734 0.802
-1.42758 0.803
-1.42774 0.804
-1.42788 0.805
-1.42804 0.806
-1.42819 0.807
-1.42832 0.808
-1.42852 0.809
-1.42864 0.81
-1.42877 0.811
-1.42842 0.812
-1.42856 0.813
-1.42867 0.814
-1.4287 0.815
-1.42889 0.816
-1.42906 0.817
-1.42916 0.818
-1.42939 0.819
-1.42952 0.82
-1.42967 0.821
-1.42985 0.822
-1.42993 0.823
-1.43011 0.824
-1.43029 0.825
-1.43045 0.826
-1.4307 0.827
-1.43087 0.828
-1.43104 0.829
-1.43118 0.83
-1.43136 0.831
-1.4315 0.832
-1.43164 0.833
-1.43178 0.834
-1.43197 0.835
-1.43209 0.836
-1.43227 0.837
-1.43244 0.838
-1.4326 0.839
-1.43274 0.84
-1.43295 0.841
-1.43307 0.842
-1.43323 0.843
-1.43337 0.844
-1.43349 0.845
-1.43372 0.846
-1.43388 0.847
-1.43403 0.848
-1.43417 0.849
-1.43429 0.85
-1.43448 0.851
-1.43462 0.852
-1.43482 0.853
-1.43499 0.854
-1.43515 0.855
-1.43532 0.856
-1.43544 0.857
-1.43547 0.858
-1.4356 0.859
-1.43571 0.86
-1.43586 0.861
-1.43605 0.862
-1.43621 0.863
-1.43638 0.864
-1.43654 0.865
-1.43665 0.866
-1.43676 0.867
-1.4369 0.868
-1.43707 0.869
-1.43715 0.87
-1.4373 0.871
-1.43742 0.872
-1.43751 0.873
-1.4376 0.874
-1.43771 0.875
-1.43786 0.876
-1.43798 0.877
-1.43808 0.878
-1.43826 0.879
-1.43842 0.88
-1.43862 0.881
-1.43884 0.882
-1.43902 0.883
-1.43918 0.884
-1.43937 0.885
-1.43955 0.886
-1.43971 0.887
-1.43982 0.888
-1.43989 0.889
-1.44012 0.89
-1.44014 0.891
-1.44025 0.892
-1.44042 0.893
-1.44058 0.894
-1.44065 0.895
-1.44075 0.896
-1.44093 0.897
-1.44103 0.898
-1.44115 0.899
-1.44125 0.9
-1.4414 0.901
-1.44157 0.902
-1.44165 0.903
-1.44175 0.904
-1.44185 0.905
-1.44194 0.906
-1.44204 0.907
-1.4422 0.908
-1.44234 0.909
-1.4425 0.91
-1.44261 0.911
-1.44271 0.912
-1.44282 0.913
-1.44297 0.914
-1.44301 0.915
-1.44315 0.916
-1.44329 0.917
-1.44339 0.918
-1.44359 0.919
-1.44365 0.92
-1.44386 0.921
-1.44399 0.922
-1.44412 0.923
-1.4442 0.924
-1.44431 0.925
-1.44437 0.926
-1.44447 0.927
-1.44457 0.928
-1.44474 0.929
-1.44491 0.93
-1.44502 0.931
-1.44512 0.932
-1.44522 0.933
-1.44535 0.934
-1.44551 0.935
-1.44568 0.936
-1.44583 0.937
-1.44594 0.938
-1.44603 0.939
-1.44614 0.94
-1.44619 0.941
-1.44632 0.942
-1.44648 0.943
-1.44665 0.944
-1.44675 0.945
-1.44688 0.946
-1.44698 0.947
-1.44715 0.948
-1.44716 0.949
-1.44731 0.95
-1.44744 0.951
-1.4476 0.952
-1.44775 0.953
-1.44786 0.954
-1.44795 0.955
-1.44804 0.956
-1.44821 0.957
-1.44833 0.958
-1.44843 0.959
-1.44853 0.96
-1.44866 0.961
-1.44877 0.962
-1.44887 0.963
-1.44903 0.964
-1.4492 0.965
-1.44928 0.966
-1.44935 0.967
-1.44947 0.968
-1.44954 0.969
-1.44968 0.97
-1.44976 0.971
-1.44989 0.972
-1.45003 0.973
-1.45014 0.974
-1.45027 0.975
-1.45038 0.976
-1.4505 0.977
-1.45064 0.978
-1.45081 0.979
-1.45087 0.98
-1.45092 0.981
-1.45105 0.982
-1.45117 0.983
-1.45126 0.984
-1.45133 0.985
-1.45149 0.986
-1.45163 0.987
-1.45173 0.988
-1.45188 0.989
-1.45199 0.99
-1.45213 0.991
-1.45225 0.992
-1.4523 0.993
-1.45242 0.994
-1.45255 0.995
-1.45262 0.996
-1.45275 0.997
-1.45285 0.998
-1.45294 0.999
-1.45301 1


Shark
3.14159 1.5
3.13729 1.4995
3.13299 1.499
3.12869 1.4985
3.12439 1.498
3.12009 1.4975
3.11579 1.497
3.11148 1.4965
3.10717 1.496
3.10287 1.4955
3.09855 1.495
3.09422 1.4945
3.08992 1.494
3.08562 1.4935
3.08132 1.493
3.07697 1.4925
3.07265 1.492
3.06828 1.4915
3.06398 1.491
3.05967 1.4905
3.05535 1.49
3.05105 1.4895
3.04675 1.489
3.04232 1.4885
3.03799 1.488
3.03368 1.4875
3.02936 1.487
3.02506 1.4865
3.02069 1.486
3.01605 1.4855
3.01161 1.485
3.00724 1.4845
3.00286 1.484
2.99852 1.4835
2.99327 1.483
2.98877 1.4825
2.98439 1.482
2.98007 1.4815
2.97567 1.481
2.9713 1.4805
2.96665 1.48
2.9623 1.4795
2.95791 1.479
2.95325 1.4785
2.94839 1.478
2.94406 1.4775
2.93974 1.477
2.93538 1.4765
2.93083 1.476
2.9265 1.4755
2.92215 1.475
2.91708 1.4745
2.91248 1.474
2.90809 1.4735
2.90378 1.473
2.89947 1.4725
2.8947 1.472
2.89033 1.4715
2.886 1.471
2.88152 1.4705
2.87687 1.47
2.87218 1.4695
2.86788 1.469
2.8634 1.4685
2.85823 1.468
2.85393 1.4675
2.84945 1.467
2.84515 1.4665
2.84059 1.466
2.83626 1.4655
2.83148 1.465
2.82519 1.4645
2.82019 1.464
2.81589 1.4635
2.81154 1.463
2.80724 1.4625
2.80284 1.462
2.79825 1.4615
2.79387 1.461
2.78698 1.4605
2.78238 1.46
2.77804 1.4595
2.7733 1.459
2.76898 1.4585
2.76367 1.458
2.75937 1.4575
2.75349 1.457
2.74909 1.4565
2.74423 1.456
2.73931 1.4555
2.73475 1.455
2.72866 1.4545
2.72425 1.454
2.7192 1.4535
2.71467 1.453
2.71032 1.4525
2.70529 1.452
2.70076 1.4515
2.69531 1.451
2.69037 1.4505
2.68249 1.45
2.67667 1.4495
2.67063 1.449
2.66531 1.4485
2.66089 1.448
2.65638 1.4475
2.65167 1.447
2.64566 1.4465
2.63976 1.446
2.63529 1.4455
2.62678 1.445
2.6224 1.4445
2.61741 1.444
2.61311 1.4435
2.60673 1.443
2.60189 1.4425
2.59626 1.442
2.5914 1.4415
2.58686 1.441
2.58117 1.4405
2.5758 1.44
2.56638 1.4395
2.56123 1.439
2.55506 1.4385
2.54948 1.438
2.54442 1.4375
2.53995 1.437
2.53552 1.4365
2.52626 1.436
2.52187 1.4355
2.51466 1.435
2.50807 1.4345
2.5005 1.434
2.49543 1.4335
2.49044 1.433
2.48372 1.4325
2.47935 1.432
2.47129 1.4315
2.46652 1.431
2.45894 1.4305
2.45216 1.43
2.44786 1.4295
2.44102 1.429
2.43491 1.4285
2.42592 1.428
2.41953 1.4275
2.41133 1.427
2.40599 1.4265
2.40111 1.426
2.39657 1.4255
2.39181 1.425
2.38742 1.4245
2.38114 1.424
2.37608 1.4235
2.37042 1.423
2.36268 1.4225
2.35181 1.422
2.34483 1.4215
2.33919 1.421
2.33417 1.4205
2.32873 1.42
2.32336 1.4195
2.31673 1.419
2.30812 1.4185
2.30242 1.418
2.29499 1.4175
2.28894 1.417
2.28356 1.4165
2.27853 1.416
2.27325 1.4155
2.26766 1.415
2.25888 1.4145
2.25201 1.414
2.2466 1.4135
2.24068 1.413
2.23482 1.4125
2.23009 1.412
2.22352 1.4115
2.21906 1.411
2.21372 1.4105
2.20791 1.41
2.20184 1.4095
2.19652 1.409
2.19132 1.4085
2.18596 1.408
2.18006 1.4075
2.17481 1.407
2.16923 1.4065
2.16355 1.406
2.158 1.4055
2.15226 1.405
2.14662 1.4045
2.14152 1.404
2.13617 1.4035
2.13107 1.403
2.12564 1.4025
2.1202 1.402
2.11519 1.4015
2.10967 1.401
2.10451 1.4005
2.09916 1.4
2.09361 1.3995
2.0885 1.399
2.08326 1.3985
2.07816 1.398
2.07306 1.3975
2.06801 1.397
2.063 1.3965
2.05798 1.396
2.05319 1.3955
2.04795 1.395
2.0428 1.3945
2.03767 1.394
2.03237 1.3935
2.02742 1.393
2.02237 1.3925
2.01723 1.392
2.01223 1.3915
2.00734 1.391
2.00212 1.3905
1.99706 1.39
1.99234 1.3895
1.98745 1.389
1.98262 1.3885
1.97769 1.388
1.97283 1.3875
1.96786 1.387
1.96288 1.3865
1.95798 1.386
1.95303 1.3855
1.94797 1.385
1.94314 1.3845
1.9381 1.384
1.93328 1.3835
1.92847 1.383
1.92363 1.3825
1.91869 1.382
1.91373 1.3815
1.90895 1.381
1.90416 1.3805
1.89934 1.38
1.89459 1.3795
1.88977 1.379
1.88493 1.3785
1.88016 1.378
1.87531 1.3775
1.87043 1.377
1.86571 1.3765
1.86086 1.376
1.85599 1.3755
1.85122 1.375
1.84648 1.3745
1.8416 1.374
1.83699 1.3735
1.83221 1.373
1.82758 1.3725
1.82288 1.372
1.81827 1.3715
1.81371 1.371
1.80894 1.3705
1.80422 1.37
1.79939 1.3695
1.79461 1.369
1.78982 1.3685
1.78511 1.368
1.7803 1.3675
1.77555 1.367
1.77072 1.3665
1.76591 1.366
1.76113 1.3655
1.75635 1.365
1.7516 1.3645
1.74695 1.364
1.74227 1.3635
1.73754 1.363
1.73294 1.3625
1.72825 1.362
1.72358 1.3615
1.71875 1.361
1.71405 1.3605
1.70942 1.36
1.70483 1.3595
1.70022 1.359
1.69568 1.3585
1.691 1.358
1.68628 1.3575
1.68159 1.357
1.6768 1.3565
1.67224 1.356
1.66774 1.3555
1.66306 1.355
1.65836 1.3545
1.65386 1.354
1.64929 1.3535
1.64467 1.353
1.64006 1.3525
1.63547 1.352
1.63081 1.3515
1.62613 1.351
1.62162 1.3505
1.61698 1.35
1.61249 1.3495
1.60791 1.349
1.60325 1.3485
1.59864 1.348
1.59409 1.3475
1.58942 1.347
1.58485 1.3465
1.58035 1.346
1.57586 1.3455
1.57132 1.345
1.5667 1.3445
1.56215 1.344
1.55748 1.3435
1.55287 1.343
1.5483 1.3425
1.54375 1.342
1.5392 1.3415
1.53453 1.341
1.52996 1.3405
1.52524 1.34
1.5207 1.3395
1.51618 1.339
1.5115 1.3385
1.50703 1.338
1.50242 1.3375
1.49786 1.337
1.49329 1.3365
1.48876 1.336
1.48411 1.3355
1.47961 1.335
1.47509 1.3345
1.47054 1.334
1.46601 1.3335
1.46141 1.333
1.45681 1.3325
1.45222 1.332
1.44766 1.3315
1.44312 1.331
1.43859 1.3305
1.43407 1.33
1.42958 1.3295
1.42509 1.329
1.42049 1.3285
1.41595 1.328
1.41148 1.3275
1.40704 1.327
1.4025 1.3265
1.39791 1.326
1.39342 1.3255
1.38888 1.325
1.38432 1.3245
1.37969 1.324
1.37525 1.3235
1.37076 1.323
1.36627 1.3225
1.36179 1.322
1.35732 1.3215
1.35285 1.321
1.34835 1.3205
1.34389 1.32
1.33935 1.3195
1.33483 1.319
1.33037 1.3185
1.3259 1.318
1.32149 1.3175
1.31705 1.317
1.31248 1.3165
1.308 1.316
1.30357 1.3155
1.29907 1.315
1.29457 1.3145
1.29012 1.314
1.28567 1.3135
1.28125 1.313
1.27675 1.3125
1.27222 1.312
1.26773 1.3115
1.26318 1.311
1.25859 1.3105
1.25415 1.31
1.24969 1.3095
1.24529 1.309
1.24084 1.3085
1.23633 1.308
1.2318 1.3075
1.22726 1.307
1.22282 1.3065
1.21833 1.306
1.21386 1.3055
1.20942 1.305
1.20495 1.3045
1.20049 1.304
1.196 1.3035
1.19152 1.303
1.18706 1.3025
1.18257 1.302
1.1781 1.3015
1.17367 1.301
1.16924 1.3005
1.16484 1.3
1.16042 1.2995
1.15601 1.299
1.15155 1.2985
1.14714 1.298
1.14271 1.2975
1.13832 1.297
1.13386 1.2965
1.12938 1.296
1.12491 1.2955
1.12051 1.295
1.11605 1.2945
1.11152 1.294
1.10712 1.2935
1.10263 1.293
1.09824 1.2925
1.09379 1.292
1.08934 1.2915
1.0849 1.291
1.08049 1.2905
1.07605 1.29
1.07159 1.2895
1.06715 1.289
1.06269 1.2885
1.05819 1.288
1.0538 1.2875
1.04932 1.287
1.04489 1.2865
1.0405 1.286
1.036 1.2855
1.03157 1.285
1.02708 1.2845
1.02266 1.284
1.01822 1.2835
1.01377 1.283
1.00931 1.2825
1.00492 1.282
1.0005 1.2815
0.996001 1.281
0.991546 1.2805
0.987131 1.28
0.982629 1.2795
0.978232 1.279
0.973811 1.2785
0.969377 1.278
0.964904 1.2775
0.960497 1.277
0.956039 1.2765
0.951628 1.276
0.947184 1.2755
0.942715 1.275
0.938366 1.2745
0.933936 1.274
0.929488 1.2735
0.925088 1.273
0.920689 1.2725
0.916254 1.272
0.911839 1.2715
0.907494 1.271
0.903117 1.2705
0.898762 1.27
0.894334 1.2695
0.889861 1.269
0.88543 1.2685
0.881074 1.268
0.876625 1.2675
0.872206 1.267
0.867723 1.2665
0.863335 1.266
0.858898 1.2655
0.854458 1.265
0.850065 1.2645
0.845675 1.264
0.841281 1.2635
0.836821 1.263
0.832466 1.2625
0.828038 1.262
0.823641 1.2615
0.819279 1.261
0.814866 1.2605
0.810459 1.26
0.806079 1.2595
0.801669 1.259
0.797302 1.2585
0.792911 1.258
0.788565 1.2575
0.784217 1.257
0.779848 1.2565
0.775459 1.256
0.770979 1.2555
0.766573 1.255
0.762179 1.2545
0.757742 1.254
0.753309 1.2535
0.748933 1.253
0.744547 1.2525
0.740172 1.252
0.735757 1.2515
0.731288 1.251
0.726901 1.2505
0.722484 1.25
0.718121 1.2495
0.71374 1.249
0.709365 1.2485
0.704949 1.248
0.700505 1.2475
0.696103 1.247
0.691752 1.2465
0.687344 1.246
0.682914 1.2455
0.67855 1.245
0.674188 1.2445
0.66976 1.244
0.665401 1.2435
0.660995 1.243
0.656581 1.2425
0.652149 1.242
0.647749 1.2415
0.643379 1.241
0.638954 1.2405
0.634543 1.24
0.630137 1.2395
0.625778 1.239
0.621438 1.2385
0.617058 1.238
0.612721 1.2375
0.608331 1.237
0.603953 1.2365
0.59953 1.236
0.595129 1.2355
0.590688 1.235
0.586283 1.2345
0.58182 1.234
0.577447 1.2335
0.573053 1.233
0.568704 1.2325
0.564332 1.232
0.559922 1.2315
0.555533 1.231
0.551083 1.2305
0.546685 1.23
0.542268 1.2295
0.53787 1.229
0.533459 1.2285
0.529037 1.228
0.524648 1.2275
0.52027 1.227
0.515893 1.2265
0.511541 1.226
0.507206 1.2255
0.50284 1.225
0.498472 1.2245
0.494129 1.224
0.489764 1.2235
0.485372 1.223
0.480963 1.2225
0.476603 1.222
0.472212 1.2215
0.467866 1.221
0.463453 1.2205
0.459113 1.22
0.454763 1.2195
0.450336 1.219
0.445884 1.2185
0.441492 1.218
0.437139 1.2175
0.432769 1.217
0.428408 1.2165
0.424054 1.216
0.419722 1.2155
0.415357 1.215
0.410967 1.2145
0.406596 1.214
0.402219 1.2135
0.397846 1.213
0.393454 1.2125
0.389036 1.212
0.384656 1.2115
0.380257 1.211
0.375861 1.2105
0.371485 1.21
0.367144 1.2095
0.362755 1.209
0.358359 1.2085
0.353991 1.208
0.349606 1.2075
0.34524 1.207
0.340881 1.2065
0.336523 1.206
0.33215 1.2055
0.327766 1.205
0.323364 1.2045
0.319017 1.204
0.31466 1.2035
0.310279 1.203
0.305859 1.2025
0.301532 1.202
0.297166 1.2015
0.292831 1.201
0.288412 1.2005
0.284059 1.2
0.279711 1.1995
0.27537 1.199
0.271019 1.1985
0.266652 1.198
0.262311 1.1975
0.257945 1.197
0.253534 1.1965
0.249142 1.196
0.244776 1.1955
0.240368 1.195
0.235988 1.1945
0.23165 1.194
0.227284 1.1935
0.222954 1.193
0.218567 1.1925
0.214202 1.192
0.209798 1.1915
0.205451 1.191
0.201078 1.1905
0.196719 1.19
0.192363 1.1895
0.187947 1.189
0.183583 1.1885
0.179167 1.188
0.174821 1.1875
0.170451 1.187
0.166125 1.1865
0.161751 1.186
0.157398 1.1855
0.153075 1.185
0.148717 1.1845
0.144323 1.184
0.139935 1.1835
0.135573 1.183
0.131185 1.1825
0.126795 1.182
0.122401 1.1815
0.118075 1.181
0.113746 1.1805
0.109383 1.18
0.105007 1.1795
0.100676 1.179
0.096329 1.1785
0.0919686 1.178
0.0876148 1.1775
0.0832654 1.177
0.0788994 1.1765
0.0745481 1.176
0.0702251 1.1755
0.0659069 1.175
0.0615814 1.1745
0.0572047 1.174
0.0528633 1.1735
0.0485108 1.173
0.0441429 1.1725
0.0397908 1.172
0.0354627 1.1715
0.0311162 1.171
0.0267508 1.1705
0.022404 1.17
0.0180611 1.1695
0.0136466 1.169
0.00927544 1.1685
0.00482448 1.168
0.000474776 1.1675
-0.00384297 1.167
-0.00817255 1.1665
-0.012508 1.166
-0.0168736 1.1655
-0.0212058 1.165
-0.0255483 1.1645
-0.0299118 1.164
-0.0342935 1.1635
-0.0386236 1.163
-0.0429826 1.1625
-0.0473769 1.162
-0.0517316 1.1615
-0.0561543 1.161
-0.060493 1.1605
-0.0648258 1.16
-0.0691959 1.1595
-0.0735304 1.159
-0.0779517 1.1585
-0.0822914 1.158
-0.0866414 1.1575
-0.090994 1.157
-0.095387 1.1565
-0.0997327 1.156
-0.104063 1.1555
-0.108384 1.155
-0.112706 1.1545
-0.117076 1.154
-0.121412 1.1535
-0.125748 1.153
-0.130082 1.1525
-0.134424 1.152
-0.13876 1.1515
-0.143097 1.151
-0.147442 1.1505
-0.151785 1.15
-0.156117 1.1495
-0.160448 1.149
-0.164819 1.1485
-0.169163 1.148
-0.173466 1.1475
-0.177817 1.147
-0.182165 1.1465
-0.18662 1.146
-0.190985 1.1455
-0.195333 1.145
-0.199669 1.1445
-0.204016 1.144
-0.208422 1.1435
-0.212769 1.143
-0.21711 1.1425
-0.221437 1.142
-0.225776 1.1415
-0.230093 1.141
-0.234477 1.1405
-0.238853 1.14
-0.243218 1.1395
-0.247565 1.139
-0.251909 1.1385
-0.256269 1.138
-0.260645 1.1375
-0.264982 1.137
-0.269325 1.1365
-0.273737 1.136
-0.278104 1.1355
-0.28244 1.135
-0.286772 1.1345
-0.291133 1.134
-0.295487 1.1335
-0.299853 1.133
-0.304182 1.1325
-0.308524 1.132
-0.312838 1.1315
-0.317178 1.131
-0.321519 1.1305
-0.325851 1.13
-0.330177 1.1295
-0.33456 1.129
-0.338913 1.1285
-0.343269 1.128
-0.347611 1.1275
-0.351932 1.127
-0.35628 1.1265
-0.360626 1.126
-0.364988 1.1255
-0.369362 1.125
-0.373683 1.1245
-0.378018 1.124
-0.382344 1.1235
-0.386686 1.123
-0.391062 1.1225
-0.395396 1.122
-0.399722 1.1215
-0.404067 1.121
-0.40839 1.1205
-0.412699 1.12
-0.417048 1.1195
-0.421401 1.119
-0.42574 1.1185
-0.430069 1.118
-0.434458 1.1175
-0.438787 1.117
-0.443145 1.1165
-0.447491 1.116
-0.451819 1.1155
-0.456141 1.115
-0.460516 1.1145
-0.464844 1.114
-0.469166 1.1135
-0.473494 1.113
-0.477821 1.1125
-0.482129 1.112
-0.486462 1.1115
-0.490803 1.111
-0.495105 1.1105
-0.499436 1.11
-0.503792 1.1095
-0.508126 1.109
-0.512531 1.1085
-0.516868 1.108
-0.521182 1.1075
-0.525507 1.107
-0.529849 1.1065
-0.534184 1.106
-0.538517 1.1055
-0.54293 1.105
-0.547249 1.1045
-0.551564 1.104
-0.555914 1.1035
-0.560238 1.103
-0.564564 1.1025
-0.568888 1.102
-0.573221 1.1015
-0.57756 1.101
-0.581935 1.1005
-0.586315 1.1
-0.590678 1.0995
-0.594989 1.099
-0.599374 1.0985
-0.603706 1.098
-0.608033 1.0975
-0.612369 1.097
-0.616702 1.0965
-0.621025 1.096
-0.625379 1.0955
-0.629699 1.095
-0.634025 1.0945
-0.638498 1.094
-0.642828 1.0935
-0.647145 1.093
-0.651445 1.0925
-0.655801 1.092
-0.66014 1.0915
-0.664454 1.091
-0.66883 1.0905
-0.673155 1.09
-0.677487 1.0895
-0.681836 1.089
-0.686145 1.0885
-0.690491 1.088
-0.694837 1.0875
-0.699174 1.087
-0.703562 1.0865
-0.707908 1.086
-0.71225 1.0855
-0.716577 1.085
-0.720924 1.0845
-0.725254 1.084
-0.729584 1.0835
-0.733916 1.083
-0.738266 1.0825
-0.742587 1.082
-0.746935 1.0815
-0.751282 1.081
-0.755618 1.0805
-0.759949 1.08
-0.764314 1.0795
-0.768637 1.079
-0.772977 1.0785
-0.777303 1.078
-0.781627 1.0775
-0.786007 1.077
-0.790346 1.0765
-0.794682 1.076
-0.799013 1.0755
-0.803333 1.075
-0.807691 1.0745
-0.812019 1.074
-0.816381 1.0735
-0.820728 1.073
-0.825068 1.0725
-0.829415 1.072
-0.833737 1.0715
-0.838039 1.071
-0.842366 1.0705
-0.846686 1.07
-0.851019 1.0695
-0.855378 1.069
-0.859716 1.0685
-0.864066 1.068
-0.868406 1.0675
-0.872725 1.067
-0.877045 1.0665
-0.881374 1.066
-0.885726 1.0655
-0.890035 1.065
-0.894373 1.0645
-0.898695 1.064
-0.903008 1.0635
-0.907322 1.063
-0.911641 1.0625
-0.91598 1.062
-0.920302 1.0615
-0.92462 1.061
-0.928974 1.0605
-0.933315 1.06
-0.937679 1.0595
-0.942058 1.059
-0.946411 1.0585
-0.950758 1.058
-0.955116 1.0575
-0.959472 1.057
-0.963812 1.0565
-0.968135 1.056
-0.972442 1.0555
-0.976831 1.055
-0.981132 1.0545
-0.985452 1.054
-0.989803 1.0535
-0.994148 1.053
-0.998456 1.0525
-1.00277 1.052
-1.00713 1.0515
-1.01145 1.051
-1.01577 1.0505
-1.02009 1.05
-1.02443 1.0495
-1.02877 1.049
-1.03309 1.0485
-1.0374 1.048
-1.04172 1.0475
-1.04604 1.047
-1.05035 1.0465
-1.0547 1.046
-1.05904 1.0455
-1.06338 1.045
-1.0677 1.0445
-1.07202 1.044
-1.07634 1.0435
-1.08068 1.043
-1.08498 1.0425
-1.08932 1.042
-1.09365 1.0415
-1.09797 1.041
-1.10235 1.0405
-1.10665 1.04
-1.11103 1.0395
-1.11536 1.039
-1.11969 1.0385
-1.124 1.038
-1.12832 1.0375
-1.13263 1.037
-1.13695 1.0365
-1.14127 1.036
-1.14562 1.0355
-1.14997 1.035
-1.1543 1.0345
-1.15862 1.034
-1.16293 1.0335
-1.16727 1.033
-1.17161 1.0325
-1.17597 1.032
-1.18031 1.0315
-1.18463 1.031
-1.18895 1.0305
-1.19327 1.03
-1.19757 1.0295
-1.2019 1.029
-1.20625 1.0285
-1.21061 1.028
-1.21493 1.0275
-1.21926 1.027
-1.22358 1.0265
-1.22793 1.026
-1.23223 1.0255
-1.23658 1.025
-1.24091 1.0245
-1.24526 1.024
-1.2496 1.0235
-1.25393 1.023
-1.25824 1.0225
-1.26256 1.022
-1.26691 1.0215
-1.27124 1.021
-1.27556 1.0205
-1.27988 1.02
-1.28422 1.0195
-1.28854 1.019
-1.29286 1.0185
-1.29721 1.018
-1.30157 1.0175
-1.30588 1.017
-1.31019 1.0165
-1.31452 1.016
-1.31883 1.0155
-1.32317 1.015
-1.32748 1.0145
-1.33182 1.014
-1.33616 1.0135
-1.34048 1.013
-1.34481 1.0125
-1.34914 1.012
-1.35347 1.0115
-1.35781 1.011
-1.36216 1.0105
-1.36647 1.01
-1.37078 1.0095
-1.37511 1.009
-1.37944 1.0085
-1.38376 1.008
-1.38807 1.0075
-1.39242 1.007
-1.39676 1.0065
-1.40108 1.006
-1.40543 1.0055
-1.40976 1.005
-1.4141 1.0045
-1.41843 1.004
-1.42273 1.0035
-1.42707 1.003
-1.4314 1.0025
-1.43571 1.002
-1.44005 1.0015
-1.44437 1.001
-1.44869 1.0005
-1.453 1
