Man
0 0
0.00518485 0.001
0.0223243 0.002
-0.000525303 0.003
-0.00760102 0.004
0.00846036 0.005
0.0452381 0.006
0.0613756 0.007
0.0267625 0.008
0.0343809 0.009
-0.000796728 0.01
-0.0128375 0.011
-0.0277468 0.012
-0.00175018 0.013
-0.00761524 0.014
0.00773874 0.015
0.000216818 0.016
-0.00798578 0.017
-0.0172104 0.018
-0.0428375 0.019
-0.0475001 0.02
-0.0419122 0.021
-0.0367031 0.022
-0.0573301 0.023
-0.0589052 0.024
-0.0487409 0.025
-0.0334835 0.026
-0.0539964 0.027
-0.0505594 0.028
-0.0683184 0.029
-0.0642353 0.03
-0.0922062 0.031
-0.0956987 0.032
-0.0847882 0.033
-0.0968111 0.034
-0.0999671 0.035
-0.094055 0.036
-0.109318 0.037
-0.130048 0.038
-0.124685 0.039
-0.128866 0.04
-0.168607 0.041
-0.160996 0.042
-0.189311 0.043
-0.176441 0.044
-0.167528 0.045
-0.147813 0.046
-0.15597 0.047
-0.146451 0.048
-0.148833 0.049
-0.142865 0.05
-0.156208 0.051
-0.169141 0.052
-0.181072 0.053
-0.187558 0.054
-0.21999 0.055
-0.264089 0.056
-0.254926 0.057
-0.249407 0.058
-0.256702 0.059
-0.293666 0.06
-0.308041 0.061
-0.305854 0.062
-0.31098 0.063
-0.311824 0.064
-0.315729 0.065
-0.320511 0.066
-0.328051 0.067
-0.336585 0.068
-0.331549 0.069
-0.336804 0.07
-0.344064 0.071
-0.348244 0.072
-0.35286 0.073
-0.367382 0.074
-0.370519 0.075
-0.371984 0.076
-0.375277 0.077
-0.378861 0.078
-0.388093 0.079
-0.392495 0.08
-0.38841 0.081
-0.391567 0.082
-0.395959 0.083
-0.401495 0.084
-0.409792 0.085
-0.420782 0.086
-0.431447 0.087
-0.4376 0.088
-0.44139 0.089
-0.445924 0.09
-0.449127 0.091
-0.458135 0.092
-0.462744 0.093
-0.46593 0.094
-0.469198 0.095
-0.474316 0.096
-0.481254 0.097
-0.48713 0.098
-0.496673 0.099
-0.499825 0.1
-0.507488 0.101
-0.51246 0.102
-0.515642 0.103
-0.520846 0.104
-0.522169 0.105
-0.528456 0.106
-0.530279 0.107
-0.538728 0.108
-0.546985 0.109
-0.554407 0.11
-0.557381 0.111
-0.562176 0.112
-0.570224 0.113
-0.573222 0.114
-0.580024 0.115
-0.584888 0.116
-0.591363 0.117
-0.59523 0.118
-0.599946 0.119
-0.605307 0.12
-0.611235 0.121
-0.618038 0.122
-0.622816 0.123
-0.627082 0.124
-0.633836 0.125
-0.639399 0.126
-0.644524 0.127
-0.648359 0.128
-0.654156 0.129
-0.658138 0.13
-0.664571 0.131
-0.67 0.132
-0.67747 0.133
-0.683254 0.134
-0.687823 0.135
-0.692585 0.136
-0.697886 0.137
-0.704825 0.138
-0.71085 0.139
-0.716789 0.14
-0.723248 0.141
-0.727963 0.142
-0.733895 0.143
-0.739367 0.144
-0.74505 0.145
-0.751844 0.146
-0.757891 0.147
-0.762972 0.148
-0.769443 0.149
-0.773888 0.15
-0.781213 0.151
-0.786474 0.152
-0.792401 0.153
-0.798765 0.154
-0.805804 0.155
-0.809883 0.156
-0.817084 0.157
-0.823044 0.158
-0.830225 0.159
-0.836091 0.16
-0.841202 0.161
-0.848789 0.162
-0.855786 0.163
-0.862966 0.164
-0.869871 0.165
-0.876434 0.166
-0.882444 0.167
-0.88902 0.168
-0.895924 0.169
-0.90253 0.17
-0.909696 0.171
-0.914803 0.172
-0.922379 0.173
-0.929857 0.174
-0.937289 0.175
-0.943878 0.176
-0.951083 0.177
-0.957094 0.178
-0.965165 0.179
-0.97286 0.18
-0.98046 0.181
-0.987765 0.182
-0.995067 0.183
-1.00223 0.184
-1.01011 0.185
-1.01672 0.186
-1.02357 0.187
-1.03058 0.188
-1.03672 0.189
-1.04293 0.19
-1.0503 0.191
-1.05619 0.192
-1.06199 0.193
-1.06775 0.194
-1.07359 0.195
-1.07962 0.196
-1.08487 0.197
-1.0909 0.198
-1.09694 0.199
-1.10183 0.2
-1.10714 0.201
-1.11177 0.202
-1.11677 0.203
-1.12287 0.204
-1.12775 0.205
-1.13269 0.206
-1.13776 0.207
-1.14248 0.208
-1.14692 0.209
-1.15186 0.21
-1.15638 0.211
-1.16098 0.212
-1.16589 0.213
-1.16997 0.214
-1.17428 0.215
-1.17829 0.216
-1.18214 0.217
-1.18622 0.218
-1.19066 0.219
-1.19492 0.22
-1.19855 0.221
-1.20283 0.222
-1.20623 0.223
-1.21036 0.224
-1.21395 0.225
-1.21817 0.226
-1.22163 0.227
-1.22564 0.228
-1.2295 0.229
-1.233 0.23
-1.23664 0.231
-1.24053 0.232
-1.24391 0.233
-1.24766 0.234
-1.25138 0.235
-1.25532 0.236
-1.25832 0.237
-1.26154 0.238
-1.26476 0.239
-1.26819 0.24
-1.27118 0.241
-1.27428 0.242
-1.27738 0.243
-1.28026 0.244
-1.28329 0.245
-1.28655 0.246
-1.28966 0.247
-1.29258 0.248
-1.29575 0.249
-1.29853 0.25
-1.30175 0.251
-1.30465 0.252
-1.30749 0.253
-1.31036 0.254
-1.31334 0.255
-1.31625 0.256
-1.31885 0.257
-1.3214 0.258
-1.32439 0.259
-1.32728 0.26
-1.32994 0.261
-1.33286 0.262
-1.33511 0.263
-1.33766 0.264
-1.34023 0.265
-1.34289 0.266
-1.34511 0.267
-1.34717 0.268
-1.34938 0.269
-1.35166 0.27
-1.35407 0.271
-1.35642 0.272
-1.35885 0.273
-1.36111 0.274
-1.36329 0.275
-1.36548 0.276
-1.36801 0.277
-1.37032 0.278
-1.37259 0.279
-1.37471 0.28
-1.37682 0.281
-1.37913 0.282
-1.38117 0.283
-1.38363 0.284
-1.38574 0.285
-1.38778 0.286
-1.38979 0.287
-1.39167 0.288
-1.39371 0.289
-1.39552 0.29
-1.39772 0.291
-1.39957 0.292
-1.40165 0.293
-1.4034 0.294
-1.40535 0.295
-1.40727 0.296
-1.40952 0.297
-1.41153 0.298
-1.41337 0.299
-1.41523 0.3
-1.41712 0.301
-1.41892 0.302
-1.42059 0.303
-1.42246 0.304
-1.42433 0.305
-1.42624 0.306
-1.42826 0.307
-1.43004 0.308
-1.43184 0.309
-1.43342 0.31
-1.43525 0.311
-1.43694 0.312
-1.43873 0.313
-1.4405 0.314
-1.44219 0.315
-1.44372 0.316
-1.44546 0.317
-1.4471 0.318
-1.44882 0.319
-1.45048 0.32
-1.45204 0.321
-1.45363 0.322
-1.45534 0.323
-1.45699 0.324
-1.45854 0.325
-1.46028 0.326
-1.46191 0.327
-1.46356 0.328
-1.46494 0.329
-1.46629 0.33
-1.46762 0.331
-1.46923 0.332
-1.47079 0.333
-1.47223 0.334
-1.47365 0.335
-1.47511 0.336
-1.47652 0.337
-1.47785 0.338
-1.47911 0.339
-1.48051 0.34
-1.48185 0.341
-1.48324 0.342
-1.48469 0.343
-1.48602 0.344
-1.4873 0.345
-1.4889 0.346
-1.49027 0.347
-1.49157 0.348
-1.49296 0.349
-1.4945 0.35
-1.49594 0.351
-1.49726 0.352
-1.49862 0.353
-1.49989 0.354
-1.50097 0.355
-1.50237 0.356
-1.50362 0.357
-1.5049 0.358
-1.50624 0.359
-1.50759 0.36
-1.5088 0.361
-1.50996 0.362
-1.51117 0.363
-1.51235 0.364
-1.51346 0.365
-1.51466 0.366
-1.51575 0.367
-1.51682 0.368
-1.51783 0.369
-1.51909 0.37
-1.52033 0.371
-1.52161 0.372
-1.52259 0.373
-1.52359 0.374
-1.52482 0.375
-1.52614 0.376
-1.52725 0.377
-1.52841 0.378
-1.52944 0.379
-1.53052 0.38
-1.53146 0.381
-1.5326 0.382
-1.53376 0.383
-1.53478 0.384
-1.53594 0.385
-1.53699 0.386
-1.53803 0.387
-1.53927 0.388
-1.54034 0.389
-1.54139 0.39
-1.54243 0.391
-1.54358 0.392
-1.54468 0.393
-1.54557 0.394
-1.5465 0.395
-1.5476 0.396
-1.54874 0.397
-1.54983 0.398
-1.55097 0.399
-1.55189 0.4
-1.55275 0.401
-1.55367 0.402
-1.55477 0.403
-1.55577 0.404
-1.55666 0.405
-1.55776 0.406
-1.55857 0.407
-1.5595 0.408
-1.56047 0.409
-1.5613 0.41
-1.56218 0.411
-1.56304 0.412
-1.56396 0.413
-1.56484 0.414
-1.56565 0.415
-1.56651 0.416
-1.56756 0.417
-1.5684 0.418
-1.56941 0.419
-1.57024 0.42
-1.5712 0.421
-1.57211 0.422
-1.57302 0.423
-1.57389 0.424
-1.57481 0.425
-1.57576 0.426
-1.57656 0.427
-1.5774 0.428
-1.57816 0.429
-1.579 0.43
-1.57983 0.431
-1.58068 0.432
-1.58154 0.433
-1.5824 0.434
-1.58332 0.435
-1.58411 0.436
-1.58493 0.437
-1.58565 0.438
-1.58649 0.439
-1.58724 0.44
-1.58792 0.441
-1.58867 0.442
-1.58948 0.443
-1.5903 0.444
-1.59123 0.445
-1.59211 0.446
-1.59298 0.447
-1.5935 0.448
-1.59421 0.449
-1.59491 0.45
-1.59564 0.451
-1.59655 0.452
-1.59724 0.453
-1.59802 0.454
-1.59883 0.455
-1.59954 0.456
-1.60026 0.457
-1.60095 0.458
-1.60167 0.459
-1.6024 0.46
-1.60314 0.461
-1.60383 0.462
-1.6044 0.463
-1.60514 0.464
-1.60577 0.465
-1.60649 0.466
-1.60717 0.467
-1.60784 0.468
-1.60856 0.469
-1.60914 0.47
-1.60979 0.471
-1.61043 0.472
-1.61112 0.473
-1.6119 0.474
-1.61263 0.475
-1.61327 0.476
-1.61389 0.477
-1.61456 0.478
-1.61509 0.479
-1.61572 0.48
-1.61637 0.481
-1.61704 0.482
-1.61775 0.483
-1.61843 0.484
-1.61912 0.485
-1.61981 0.486
-1.62047 0.487
-1.62104 0.488
-1.62163 0.489
-1.62239 0.49
-1.623 0.491
-1.62382 0.492
-1.62435 0.493
-1.62501 0.494
-1.62562 0.495
-1.62629 0.496
-1.62691 0.497
-1.62756 0.498
-1.62808 0.499
-1.62862 0.5
-1.62916 0.501
-1.62989 0.502
-1.63043 0.503
-1.63111 0.504
-1.63167 0.505
-1.63227 0.506
-1.63281 0.507
-1.63347 0.508
-1.63412 0.509
-1.63466 0.51
-1.6352 0.511
-1.63571 0.512
-1.63628 0.513
-1.63685 0.514
-1.63754 0.515
-1.63806 0.516
-1.6386 0.517
-1.63909 0.518
-1.63968 0.519
-1.64019 0.52
-1.64076 0.521
-1.64139 0.522
-1.64194 0.523
-1.6425 0.524
-1.64306 0.525
-1.64357 0.526
-1.64416 0.527
-1.64477 0.528
-1.64534 0.529
-1.64596 0.53
-1.64661 0.531
-1.64716 0.532
-1.64772 0.533
-1.64825 0.534
-1.64884 0.535
-1.64932 0.536
-1.64991 0.537
-1.65039 0.538
-1.6509 0.539
-1.65131 0.54
-1.65191 0.541
-1.65247 0.542
-1.65292 0.543
-1.65347 0.544
-1.65402 0.545
-1.65458 0.546
-1.65501 0.547
-1.65561 0.548
-1.65603 0.549
-1.6565 0.55
-1.65714 0.551
-1.65769 0.552
-1.6583 0.553
-1.65892 0.554
-1.65949 0.555
-1.65998 0.556
-1.66043 0.557
-1.6609 0.558
-1.6615 0.559
-1.66193 0.56
-1.66238 0.561
-1.66287 0.562
-1.66332 0.563
-1.6638 0.564
-1.66426 0.565
-1.66474 0.566
-1.66528 0.567
-1.66587 0.568
-1.66634 0.569
-1.66674 0.57
-1.66725 0.571
-1.66768 0.572
-1.66808 0.573
-1.66854 0.574
-1.66899 0.575
-1.66948 0.576
-1.67 0.577
-1.67049 0.578
-1.67095 0.579
-1.6713 0.58
-1.67172 0.581
-1.6721 0.582
-1.67246 0.583
-1.67304 0.584
-1.67343 0.585
-1.67395 0.586
-1.67448 0.587
-1.67503 0.588
-1.67552 0.589
-1.67594 0.59
-1.67635 0.591
-1.6768 0.592
-1.67724 0.593
-1.67767 0.594
-1.67808 0.595
-1.67858 0.596
-1.67898 0.597
-1.67945 0.598
-1.67986 0.599
-1.68027 0.6
-1.68073 0.601
-1.6812 0.602
-1.68165 0.603
-1.68214 0.604
-1.68259 0.605
-1.68293 0.606
-1.68328 0.607
-1.68369 0.608
-1.68409 0.609
-1.68447 0.61
-1.68483 0.611
-1.68528 0.612
-1.6857 0.613
-1.68607 0.614
-1.68641 0.615
-1.68676 0.616
-1.68716 0.617
-1.68753 0.618
-1.68801 0.619
-1.68843 0.62
-1.68874 0.621
-1.68911 0.622
-1.68947 0.623
-1.68983 0.624
-1.69022 0.625
-1.69067 0.626
-1.69109 0.627
-1.69141 0.628
-1.69181 0.629
-1.69225 0.63
-1.69258 0.631
-1.69296 0.632
-1.6934 0.633
-1.69378 0.634
-1.69415 0.635
-1.69455 0.636
-1.69497 0.637
-1.69537 0.638
-1.69579 0.639
-1.69607 0.64
-1.69644 0.641
-1.69679 0.642
-1.69718 0.643
-1.69762 0.644
-1.69793 0.645
-1.69833 0.646
-1.69875 0.647
-1.69911 0.648
-1.69949 0.649
-1.69986 0.65
-1.70024 0.651
-1.70062 0.652
-1.701 0.653
-1.70136 0.654
-1.70176 0.655
-1.70212 0.656
-1.7024 0.657
-1.70269 0.658
-1.70306 0.659
-1.70335 0.66
-1.70367 0.661
-1.70396 0.662
-1.70433 0.663
-1.70473 0.664
-1.70502 0.665
-1.70539 0.666
-1.70575 0.667
-1.70607 0.668
-1.70632 0.669
-1.70659 0.67
-1.70696 0.671
-1.70725 0.672
-1.70765 0.673
-1.70794 0.674
-1.70831 0.675
-1.70865 0.676
-1.70901 0.677
-1.70924 0.678
-1.70948 0.679
-1.70987 0.68
-1.71014 0.681
-1.71049 0.682
-1.7108 0.683
-1.71111 0.684
-1.71146 0.685
-1.71174 0.686
-1.71211 0.687
-1.71245 0.688
-1.71274 0.689
-1.71307 0.69
-1.71341 0.691
-1.71376 0.692
-1.71401 0.693
-1.71431 0.694
-1.71455 0.695
-1.71489 0.696
-1.71519 0.697
-1.71554 0.698
-1.71591 0.699
-1.71617 0.7
-1.71654 0.701
-1.71693 0.702
-1.71726 0.703
-1.71757 0.704
-1.71783 0.705
-1.71805 0.706
-1.71826 0.707
-1.71849 0.708
-1.71886 0.709
-1.71917 0.71
-1.71945 0.711
-1.71978 0.712
-1.72006 0.713
-1.72037 0.714
-1.72064 0.715
-1.72092 0.716
-1.72123 0.717
-1.7215 0.718
-1.72177 0.719
-1.72205 0.72
-1.72235 0.721
-1.72267 0.722
-1.7229 0.723
-1.72324 0.724
-1.72354 0.725
-1.72389 0.726
-1.72412 0.727
-1.72442 0.728
-1.72473 0.729
-1.72497 0.73
-1.72524 0.731
-1.72549 0.732
-1.72576 0.733
-1.72606 0.734
-1.72633 0.735
-1.72657 0.736
-1.72687 0.737
-1.72718 0.738
-1.72746 0.739
-1.72769 0.74
-1.72793 0.741
-1.72816 0.742
-1.72849 0.743
-1.72868 0.744
-1.72895 0.745
-1.72921 0.746
-1.72949 0.747
-1.72979 0.748
-1.73 0.749
-1.73026 0.75
-1.73049 0.751
-1.73077 0.752
-1.73109 0.753
-1.73131 0.754
-1.73156 0.755
-1.73184 0.756
-1.73209 0.757
-1.73233 0.758
-1.73261 0.759
-1.73285 0.76
-1.73313 0.761
-1.7334 0.762
-1.73362 0.763
-1.7339 0.764
-1.73421 0.765
-1.73444 0.766
-1.73463 0.767
-1.7349 0.768
-1.7352 0.769
-1.73546 0.77
-1.7357 0.771
-1.73602 0.772
-1.73622 0.773
-1.73643 0.774
-1.73663 0.775
-1.73687 0.776
-1.73709 0.777
-1.73727 0.778
-1.73758 0.779
-1.73781 0.78
-1.73802 0.781
-1.73822 0.782
-1.73842 0.783
-1.73864 0.784
-1.73893 0.785
-1.73921 0.786
-1.73936 0.787
-1.73956 0.788
-1.73976 0.789
-1.73995 0.79
-1.74015 0.791
-1.74038 0.792
-1.7406 0.793
-1.74087 0.794
-1.74113 0.795
-1.74134 0.796
-1.74161 0.797
-1.74188 0.798
-1.74212 0.799
-1.74236 0.8
-1.74253 0.801
-1.74282 0.802
-1.74308 0.803
-1.74326 0.804
-1.74348 0.805
-1.74367 0.806
-1.74386 0.807
-1.74411 0.808
-1.74433 0.809
-1.74455 0.81
-1.74475 0.811
-1.74496 0.812
-1.74522 0.813
-1.74539 0.814
-1.74564 0.815
-1.74587 0.816
-1.74608 0.817
-1.74633 0.818
-1.74656 0.819
-1.74682 0.82
-1.74706 0.821
-1.74725 0.822
-1.74744 0.823
-1.74765 0.824
-1.74787 0.825
-1.74807 0.826
-1.74834 0.827
-1.74848 0.828
-1.7486 0.829
-1.74888 0.83
-1.74912 0.831
-1.7493 0.832
-1.74952 0.833
-1.74975 0.834
-1.74992 0.835
-1.75005 0.836
-1.75028 0.837
-1.75046 0.838
-1.75063 0.839
-1.75087 0.84
-1.7511 0.841
-1.75126 0.842
-1.75142 0.843
-1.75165 0.844
-1.75183 0.845
-1.75204 0.846
-1.75224 0.847
-1.75244 0.848
-1.75264 0.849
-1.75286 0.85
-1.75303 0.851
-1.75322 0.852
-1.75348 0.853
-1.75368 0.854
-1.75386 0.855
-1.75407 0.856
-1.75426 0.857
-1.75445 0.858
-1.75466 0.859
-1.75482 0.86
-1.75501 0.861
-1.75525 0.862
-1.75544 0.863
-1.75568 0.864
-1.75586 0.865
-1.75602 0.866
-1.7562 0.867
-1.75639 0.868
-1.75666 0.869
-1.75687 0.87
-1.75709 0.871
-1.75734 0.872
-1.75752 0.873
-1.75773 0.874
-1.75791 0.875
-1.75809 0.876
-1.7583 0.877
-1.7586 0.878
-1.75881 0.879
-1.75899 0.88
-1.75915 0.881
-1.75934 0.882
-1.75955 0.883
-1.75978 0.884
-1.75998 0.885
-1.76014 0.886
-1.76036 0.887
-1.76053 0.888
-1.76073 0.889
-1.76092 0.89
-1.76112 0.891
-1.76126 0.892
-1.76146 0.893
-1.76158 0.894
-1.76178 0.895
-1.76194 0.896
-1.7621 0.897
-1.76228 0.898
-1.76246 0.899
-1.76263 0.9
-1.76281 0.901
-1.76296 0.902
-1.76312 0.903
-1.76326 0.904
-1.76347 0.905
-1.76371 0.906
-1.76388 0.907
-1.76407 0.908
-1.7643 0.909
-1.76447 0.91
-1.76466 0.911
-1.7648 0.912
-1.765 0.913
-1.76519 0.914
-1.76537 0.915
-1.76554 0.916
-1.76572 0.917
-1.76583 0.918
-1.76598 0.919
-1.76612 0.92
-1.76633 0.921
-1.76646 0.922
-1.76667 0.923
-1.76683 0.924
-1.767 0.925
-1.76715 0.926
-1.76737 0.927
-1.76748 0.928
-1.76765 0.929
-1.76779 0.93
-1.76797 0.931
-1.7681 0.932
-1.76827 0.933
-1.76839 0.934
-1.76858 0.935
-1.76877 0.936
-1.769 0.937
-1.76917 0.938
-1.76935 0.939
-1.76948 0.94
-1.76964 0.941
-1.7698 0.942
-1.76997 0.943
-1.77017 0.944
-1.77034 0.945
-1.77049 0.946
-1.77067 0.947
-1.77085 0.948
-1.77097 0.949
-1.77112 0.95
-1.77124 0.951
-1.77135 0.952
-1.77156 0.953
-1.77171 0.954
-1.77188 0.955
-1.77204 0.956
-1.77219 0.957
-1.77235 0.958
-1.77251 0.959
-1.77269 0.96
-1.77284 0.961
-1.77299 0.962
-1.77316 0.963
-1.77336 0.964
-1.77355 0.965
-1.77371 0.966
-1.77389 0.967
-1.77399 0.968
-1.77418 0.969
-1.77434 0.97
-1.77448 0.971
-1.77468 0.972
-1.77484 0.973
-1.77501 0.974
-1.77519 0.975
-1.77535 0.976
-1.77549 0.977
-1.77563 0.978
-1.77578 0.979
-1.77597 0.98
-1.77609 0.981
-1.77627 0.982
-1.77645 0.983
-1.77661 0.984
-1.77671 0.985
-1.77689 0.986
-1.77709 0.987
-1.77721 0.988
-1.77737 0.989
-1.77755 0.99
-1.77773 0.991
-1.77782 0.992
-1.77794 0.993
-1.77807 0.994
-1.77821 0.995
-1.7784 0.996
-1.7786 0.997
-1.77878 0.998
-1.77878 0.999
-1.77878 1


Shark
3.14159 1.5
3.13713 1.4995
3.13267 1.499
3.1282 1.4985
3.12374 1.498
3.11927 1.4975
3.11472 1.497
3.11024 1.4965
3.10563 1.496
3.10116 1.4955
3.09646 1.495
3.09196 1.4945
3.08744 1.494
3.08275 1.4935
3.07828 1.493
3.07371 1.4925
3.06922 1.492
3.06472 1.4915
3.0602 1.491
3.05526 1.4905
3.05078 1.49
3.0463 1.4895
3.04181 1.489
3.03689 1.4885
3.03243 1.488
3.02783 1.4875
3.02305 1.487
3.01797 1.4865
3.01349 1.486
3.00849 1.4855
3.004 1.485
2.99814 1.4845
2.99365 1.484
2.98892 1.4835
2.98411 1.483
2.97962 1.4825
2.97507 1.482
2.96996 1.4815
2.96431 1.481
2.95976 1.4805
2.95524 1.48
2.94679 1.4795
2.94211 1.479
2.93513 1.4785
2.93002 1.478
2.92522 1.4775
2.91923 1.477
2.91446 1.4765
2.90957 1.476
2.90508 1.4755
2.90043 1.475
2.89505 1.4745
2.88969 1.474
2.88443 1.4735
2.87971 1.473
2.87065 1.4725
2.85886 1.472
2.85384 1.4715
2.84916 1.471
2.84431 1.4705
2.83353 1.47
2.82762 1.4695
2.82312 1.469
2.81844 1.4685
2.81397 1.468
2.80937 1.4675
2.8047 1.467
2.79971 1.4665
2.79456 1.466
2.78985 1.4655
2.7851 1.465
2.78009 1.4645
2.77543 1.464
2.77073 1.4635
2.76421 1.463
2.75963 1.4625
2.75514 1.462
2.75054 1.4615
2.74591 1.461
2.7404 1.4605
2.73568 1.46
2.73098 1.4595
2.72638 1.459
2.72164 1.4585
2.71672 1.458
2.71127 1.4575
2.70515 1.457
2.69909 1.4565
2.69402 1.456
2.68932 1.4555
2.6845 1.455
2.67986 1.4545
2.67408 1.454
2.66923 1.4535
2.66458 1.453
2.65991 1.4525
2.65495 1.452
2.64958 1.4515
2.64444 1.451
2.63832 1.4505
2.63364 1.45
2.62801 1.4495
2.62302 1.449
2.61833 1.4485
2.61326 1.448
2.60876 1.4475
2.60341 1.447
2.59886 1.4465
2.59284 1.446
2.58685 1.4455
2.5811 1.445
2.57641 1.4445
2.57135 1.444
2.56534 1.4435
2.56062 1.443
2.55497 1.4425
2.54986 1.442
2.54427 1.4415
2.53937 1.441
2.53426 1.4405
2.52896 1.44
2.52348 1.4395
2.5177 1.439
2.51253 1.4385
2.50749 1.438
2.50166 1.4375
2.49622 1.437
2.49091 1.4365
2.48594 1.436
2.48038 1.4355
2.47536 1.435
2.46954 1.4345
2.46406 1.434
2.45778 1.4335
2.45215 1.433
2.44691 1.4325
2.44161 1.432
2.4361 1.4315
2.42994 1.431
2.42413 1.4305
2.41834 1.43
2.41231 1.4295
2.40695 1.429
2.40111 1.4285
2.39544 1.428
2.38967 1.4275
2.3834 1.427
2.37744 1.4265
2.37187 1.426
2.36568 1.4255
2.36033 1.425
2.35369 1.4245
2.34799 1.424
2.34197 1.4235
2.33574 1.423
2.32915 1.4225
2.32387 1.422
2.31715 1.4215
2.31103 1.421
2.30427 1.4205
2.29817 1.42
2.2924 1.4195
2.28534 1.419
2.27859 1.4185
2.27171 1.418
2.26496 1.4175
2.25838 1.417
2.25207 1.4165
2.24543 1.416
2.23859 1.4155
2.2319 1.415
2.22485 1.4145
2.21893 1.414
2.21159 1.4135
2.20428 1.413
2.19698 1.4125
2.19016 1.412
2.18294 1.4115
2.17642 1.411
2.1686 1.4105
2.16099 1.41
2.15342 1.4095
2.14602 1.409
2.13859 1.4085
2.13122 1.408
2.12335 1.4075
2.11629 1.407
2.10905 1.4065
2.10169 1.406
2.09487 1.4055
2.08798 1.405
2.0803 1.4045
2.07357 1.404
2.06689 1.4035
2.06021 1.403
2.05346 1.4025
2.04657 1.402
2.04016 1.4015
2.03322 1.401
2.02626 1.4005
2.02003 1.4
2.01351 1.3995
2.00741 1.399
2.00107 1.3985
1.99396 1.398
1.98766 1.3975
1.9813 1.397
1.97484 1.3965
1.9686 1.396
1.96252 1.3955
1.9561 1.395
1.94995 1.3945
1.94372 1.394
1.93728 1.3935
1.93136 1.393
1.92529 1.3925
1.9194 1.392
1.91359 1.3915
1.90763 1.391
1.90141 1.3905
1.89531 1.39
1.8896 1.3895
1.88345 1.389
1.87786 1.3885
1.87179 1.388
1.86606 1.3875
1.8599 1.387
1.85424 1.3865
1.8482 1.386
1.84225 1.3855
1.83653 1.385
1.83071 1.3845
1.82471 1.384
1.81904 1.3835
1.81311 1.383
1.80719 1.3825
1.80111 1.382
1.79564 1.3815
1.79002 1.381
1.7844 1.3805
1.77863 1.38
1.77313 1.3795
1.76756 1.379
1.76198 1.3785
1.75654 1.378
1.75099 1.3775
1.74527 1.377
1.73965 1.3765
1.73415 1.376
1.72847 1.3755
1.72304 1.375
1.71732 1.3745
1.7118 1.374
1.7063 1.3735
1.70079 1.373
1.69519 1.3725
1.68963 1.372
1.68427 1.3715
1.67894 1.371
1.6733 1.3705
1.66773 1.37
1.6623 1.3695
1.65669 1.369
1.65151 1.3685
1.64614 1.368
1.64074 1.3675
1.63528 1.367
1.6301 1.3665
1.62501 1.366
1.61982 1.3655
1.61459 1.365
1.60927 1.3645
1.60397 1.364
1.59862 1.3635
1.59338 1.363
1.58818 1.3625
1.58297 1.362
1.57753 1.3615
1.57223 1.361
1.56696 1.3605
1.56178 1.36
1.55659 1.3595
1.55127 1.359
1.54612 1.3585
1.54069 1.358
1.53548 1.3575
1.53032 1.357
1.52518 1.3565
1.52011 1.356
1.51493 1.3555
1.5099 1.355
1.5046 1.3545
1.49954 1.354
1.49431 1.3535
1.4893 1.353
1.48416 1.3525
1.47903 1.352
1.47367 1.3515
1.46847 1.351
1.46338 1.3505
1.45828 1.35
1.45315 1.3495
1.44807 1.349
1.44308 1.3485
1.43795 1.348
1.43282 1.3475
1.42765 1.347
1.42241 1.3465
1.41732 1.346
1.41222 1.3455
1.40726 1.345
1.40213 1.3445
1.39709 1.344
1.39197 1.3435
1.38688 1.343
1.38182 1.3425
1.37687 1.342
1.37178 1.3415
1.36675 1.341
1.36167 1.3405
1.35662 1.34
1.35163 1.3395
1.34662 1.339
1.34153 1.3385
1.33647 1.338
1.33148 1.3375
1.32636 1.337
1.3213 1.3365
1.31623 1.336
1.31134 1.3355
1.30646 1.335
1.30158 1.3345
1.29653 1.334
1.2915 1.3335
1.28656 1.333
1.28162 1.3325
1.27666 1.332
1.27171 1.3315
1.26683 1.331
1.26198 1.3305
1.25704 1.33
1.25214 1.3295
1.2472 1.329
1.24222 1.3285
1.23732 1.328
1.23244 1.3275
1.22735 1.327
1.22241 1.3265
1.21752 1.326
1.21256 1.3255
1.2075 1.325
1.2025 1.3245
1.19759 1.324
1.19264 1.3235
1.18775 1.323
1.18297 1.3225
1.17799 1.322
1.17311 1.3215
1.1682 1.321
1.16326 1.3205
1.1583 1.32
1.15343 1.3195
1.1486 1.319
1.14372 1.3185
1.13887 1.318
1.13406 1.3175
1.12919 1.317
1.12439 1.3165
1.1196 1.316
1.11484 1.3155
1.10992 1.315
1.10501 1.3145
1.10007 1.314
1.09532 1.3135
1.09056 1.313
1.08565 1.3125
1.08067 1.312
1.07584 1.3115
1.07097 1.311
1.06618 1.3105
1.06137 1.31
1.05663 1.3095
1.05177 1.309
1.04689 1.3085
1.0421 1.308
1.03721 1.3075
1.0324 1.307
1.0276 1.3065
1.02265 1.306
1.01782 1.3055
1.013 1.305
1.00818 1.3045
1.00329 1.304
0.998433 1.3035
0.993708 1.303
0.988958 1.3025
0.984097 1.302
0.9792 1.3015
0.974337 1.301
0.969439 1.3005
0.964688 1.3
0.959974 1.2995
0.955218 1.299
0.950341 1.2985
0.94553 1.298
0.940791 1.2975
0.935909 1.297
0.931212 1.2965
0.926445 1.296
0.921647 1.2955
0.916934 1.295
0.912191 1.2945
0.907461 1.294
0.902689 1.2935
0.897945 1.293
0.893239 1.2925
0.888504 1.292
0.883637 1.2915
0.878911 1.291
0.874069 1.2905
0.869346 1.29
0.864535 1.2895
0.859758 1.289
0.85498 1.2885
0.850224 1.288
0.845439 1.2875
0.840632 1.287
0.835916 1.2865
0.831178 1.286
0.826487 1.2855
0.821744 1.285
0.817009 1.2845
0.812258 1.284
0.807503 1.2835
0.802743 1.283
0.797941 1.2825
0.793223 1.282
0.788482 1.2815
0.783806 1.281
0.779057 1.2805
0.77436 1.28
0.769701 1.2795
0.765007 1.279
0.760268 1.2785
0.755523 1.278
0.750695 1.2775
0.745906 1.277
0.741122 1.2765
0.736543 1.276
0.731859 1.2755
0.727185 1.275
0.722488 1.2745
0.71767 1.274
0.712998 1.2735
0.708265 1.273
0.703511 1.2725
0.698829 1.272
0.694133 1.2715
0.689457 1.271
0.684755 1.2705
0.680054 1.27
0.675344 1.2695
0.670658 1.269
0.666047 1.2685
0.661333 1.268
0.656686 1.2675
0.651984 1.267
0.647304 1.2665
0.642632 1.266
0.637924 1.2655
0.633299 1.265
0.62864 1.2645
0.62398 1.264
0.619285 1.2635
0.614533 1.263
0.60981 1.2625
0.605153 1.262
0.600498 1.2615
0.595819 1.261
0.591215 1.2605
0.58656 1.26
0.581887 1.2595
0.577201 1.259
0.572485 1.2585
0.567787 1.258
0.56309 1.2575
0.558382 1.257
0.553702 1.2565
0.549071 1.256
0.544429 1.2555
0.539673 1.255
0.535013 1.2545
0.530211 1.254
0.525598 1.2535
0.520912 1.253
0.516248 1.2525
0.511549 1.252
0.506887 1.2515
0.502199 1.251
0.497592 1.2505
0.49297 1.25
0.48835 1.2495
0.4836 1.249
0.478979 1.2485
0.474268 1.248
0.469634 1.2475
0.464969 1.247
0.460348 1.2465
0.455643 1.246
0.450947 1.2455
0.446323 1.245
0.441695 1.2445
0.437082 1.244
0.432437 1.2435
0.427788 1.243
0.423061 1.2425
0.418445 1.242
0.413812 1.2415
0.409212 1.241
0.404547 1.2405
0.399931 1.24
0.395278 1.2395
0.390587 1.239
0.385944 1.2385
0.381297 1.238
0.376647 1.2375
0.372031 1.237
0.367364 1.2365
0.362675 1.236
0.358022 1.2355
0.353324 1.235
0.348605 1.2345
0.343959 1.234
0.339307 1.2335
0.334673 1.233
0.329997 1.2325
0.32539 1.232
0.320712 1.2315
0.316105 1.231
0.31148 1.2305
0.306913 1.23
0.302223 1.2295
0.297566 1.229
0.292975 1.2285
0.288314 1.228
0.283662 1.2275
0.278994 1.227
0.274417 1.2265
0.269721 1.226
0.265146 1.2255
0.260539 1.225
0.255806 1.2245
0.251146 1.224
0.246442 1.2235
0.241725 1.223
0.237049 1.2225
0.232424 1.222
0.227826 1.2215
0.223215 1.221
0.218511 1.2205
0.213924 1.22
0.209329 1.2195
0.204697 1.219
0.200099 1.2185
0.195478 1.218
0.190873 1.2175
0.186247 1.217
0.181589 1.2165
0.176886 1.216
0.17227 1.2155
0.167692 1.215
0.163051 1.2145
0.158459 1.214
0.153882 1.2135
0.149267 1.213
0.144661 1.2125
0.140029 1.212
0.135372 1.2115
0.130736 1.211
0.126121 1.2105
0.121569 1.21
0.116978 1.2095
0.112412 1.209
0.107853 1.2085
0.10315 1.208
0.0985745 1.2075
0.093914 1.207
0.0892384 1.2065
0.0845552 1.206
0.0799124 1.2055
0.0753186 1.205
0.0707256 1.2045
0.0661103 1.204
0.0615027 1.2035
0.0569032 1.203
0.0523107 1.2025
0.0476581 1.202
0.04307 1.2015
0.0384427 1.201
0.0338471 1.2005
0.0292524 1.2
0.0246258 1.1995
0.0199943 1.199
0.0153728 1.1985
0.0107185 1.198
0.00610018 1.1975
0.00154468 1.197
-0.0030156 1.1965
-0.00760851 1.196
-0.0121983 1.1955
-0.016777 1.195
-0.0213458 1.1945
-0.0259713 1.194
-0.0305774 1.1935
-0.03515 1.193
-0.0397054 1.1925
-0.0442686 1.192
-0.0488582 1.1915
-0.0534378 1.191
-0.0580831 1.1905
-0.0626928 1.19
-0.0672346 1.1895
-0.0718118 1.189
-0.0763807 1.1885
-0.0809536 1.188
-0.0855427 1.1875
-0.0901758 1.187
-0.0947879 1.1865
-0.0993382 1.186
-0.103936 1.1855
-0.108569 1.185
-0.113122 1.1845
-0.117709 1.184
-0.122341 1.1835
-0.126926 1.183
-0.131507 1.1825
-0.136106 1.182
-0.140723 1.1815
-0.145326 1.181
-0.149944 1.1805
-0.154475 1.18
-0.159063 1.1795
-0.163632 1.179
-0.168228 1.1785
-0.172864 1.178
-0.177412 1.1775
-0.182017 1.177
-0.186642 1.1765
-0.191219 1.176
-0.195814 1.1755
-0.200403 1.175
-0.204998 1.1745
-0.209587 1.174
-0.214187 1.1735
-0.218766 1.173
-0.223379 1.1725
-0.227963 1.172
-0.232497 1.1715
-0.237034 1.171
-0.241624 1.1705
-0.246165 1.17
-0.250727 1.1695
-0.255266 1.169
-0.259862 1.1685
-0.264476 1.168
-0.269019 1.1675
-0.27361 1.167
-0.278194 1.1665
-0.282757 1.166
-0.287278 1.1655
-0.29181 1.165
-0.296409 1.1645
-0.300951 1.164
-0.305572 1.1635
-0.310112 1.163
-0.314714 1.1625
-0.319284 1.162
-0.323881 1.1615
-0.328393 1.161
-0.332913 1.1605
-0.337525 1.16
-0.342061 1.1595
-0.346644 1.159
-0.351203 1.1585
-0.355764 1.158
-0.360346 1.1575
-0.364889 1.157
-0.369493 1.1565
-0.374073 1.156
-0.378621 1.1555
-0.383194 1.155
-0.387772 1.1545
-0.392363 1.154
-0.396888 1.1535
-0.401448 1.153
-0.405967 1.1525
-0.410551 1.152
-0.415109 1.1515
-0.4197 1.151
-0.424302 1.1505
-0.428837 1.15
-0.433443 1.1495
-0.438067 1.149
-0.442646 1.1485
-0.447215 1.148
-0.451748 1.1475
-0.456258 1.147
-0.460768 1.1465
-0.465288 1.146
-0.469898 1.1455
-0.474465 1.145
-0.479013 1.1445
-0.483593 1.144
-0.48814 1.1435
-0.49271 1.143
-0.497249 1.1425
-0.501799 1.142
-0.506367 1.1415
-0.51091 1.141
-0.515453 1.1405
-0.520004 1.14
-0.524568 1.1395
-0.529146 1.139
-0.533665 1.1385
-0.538257 1.138
-0.542824 1.1375
-0.547424 1.137
-0.551947 1.1365
-0.556508 1.136
-0.561087 1.1355
-0.565612 1.135
-0.570158 1.1345
-0.57469 1.134
-0.579238 1.1335
-0.583804 1.133
-0.588355 1.1325
-0.592883 1.132
-0.597452 1.1315
-0.602023 1.131
-0.606577 1.1305
-0.6111 1.13
-0.615632 1.1295
-0.620157 1.129
-0.624745 1.1285
-0.62925 1.128
-0.6338 1.1275
-0.638343 1.127
-0.642902 1.1265
-0.647469 1.126
-0.651986 1.1255
-0.656531 1.125
-0.661058 1.1245
-0.665611 1.124
-0.670197 1.1235
-0.674719 1.123
-0.679258 1.1225
-0.68382 1.122
-0.688359 1.1215
-0.692892 1.121
-0.697446 1.1205
-0.701983 1.12
-0.706542 1.1195
-0.711095 1.119
-0.71562 1.1185
-0.720175 1.118
-0.724758 1.1175
-0.729288 1.117
-0.733797 1.1165
-0.738353 1.116
-0.742929 1.1155
-0.747477 1.115
-0.752012 1.1145
-0.756608 1.114
-0.761117 1.1135
-0.765641 1.113
-0.77015 1.1125
-0.774689 1.112
-0.779211 1.1115
-0.783718 1.111
-0.788306 1.1105
-0.792836 1.11
-0.797354 1.1095
-0.801868 1.109
-0.806386 1.1085
-0.810908 1.108
-0.815483 1.1075
-0.820051 1.107
-0.824542 1.1065
-0.829057 1.106
-0.833573 1.1055
-0.838083 1.105
-0.842595 1.1045
-0.847133 1.104
-0.851658 1.1035
-0.856215 1.103
-0.860773 1.1025
-0.865296 1.102
-0.869855 1.1015
-0.874417 1.101
-0.878958 1.1005
-0.883498 1.1
-0.888002 1.0995
-0.892583 1.099
-0.897137 1.0985
-0.901646 1.098
-0.906172 1.0975
-0.910686 1.097
-0.915197 1.0965
-0.919744 1.096
-0.924274 1.0955
-0.928804 1.095
-0.933323 1.0945
-0.937847 1.094
-0.942404 1.0935
-0.946908 1.093
-0.951457 1.0925
-0.955995 1.092
-0.960524 1.0915
-0.965076 1.091
-0.96961 1.0905
-0.974176 1.09
-0.978717 1.0895
-0.983236 1.089
-0.98775 1.0885
-0.992271 1.088
-0.996803 1.0875
-1.00133 1.087
-1.00589 1.0865
-1.01039 1.086
-1.01487 1.0855
-1.01945 1.085
-1.024 1.0845
-1.02851 1.084
-1.03304 1.0835
-1.03758 1.083
-1.04209 1.0825
-1.04657 1.082
-1.05111 1.0815
-1.05562 1.081
-1.06013 1.0805
-1.06468 1.08
-1.06922 1.0795
-1.07372 1.079
-1.07822 1.0785
-1.08277 1.078
-1.08728 1.0775
-1.09181 1.077
-1.09633 1.0765
-1.10085 1.076
-1.10538 1.0755
-1.10992 1.075
-1.11442 1.0745
-1.11894 1.074
-1.12351 1.0735
-1.12803 1.073
-1.13254 1.0725
-1.13707 1.072
-1.14159 1.0715
-1.14612 1.071
-1.15064 1.0705
-1.15515 1.07
-1.15967 1.0695
-1.16422 1.069
-1.16874 1.0685
-1.1733 1.068
-1.17781 1.0675
-1.18231 1.067
-1.18683 1.0665
-1.19135 1.066
-1.19593 1.0655
-1.20046 1.065
-1.205 1.0645
-1.20957 1.064
-1.21408 1.0635
-1.21862 1.063
-1.22313 1.0625
-1.22765 1.062
-1.23218 1.0615
-1.23679 1.061
-1.24133 1.0605
-1.24584 1.06
-1.25035 1.0595
-1.25487 1.059
-1.2594 1.0585
-1.26396 1.058
-1.26849 1.0575
-1.27299 1.057
-1.27754 1.0565
-1.28205 1.056
-1.28658 1.0555
-1.2911 1.055
-1.29563 1.0545
-1.30012 1.054
-1.30465 1.0535
-1.30914 1.053
-1.31367 1.0525
-1.31817 1.052
-1.32268 1.0515
-1.3272 1.051
-1.33172 1.0505
-1.33623 1.05
-1.34075 1.0495
-1.34525 1.049
-1.34976 1.0485
-1.35425 1.048
-1.35879 1.0475
-1.36335 1.047
-1.36786 1.0465
-1.37239 1.046
-1.37695 1.0455
-1.38146 1.045
-1.38598 1.0445
-1.39048 1.044
-1.39501 1.0435
-1.39954 1.043
-1.40406 1.0425
-1.40858 1.042
-1.41309 1.0415
-1.41758 1.041
-1.42208 1.0405
-1.42658 1.04
-1.43112 1.0395
-1.43561 1.039
-1.44015 1.0385
-1.44466 1.038
-1.44917 1.0375
-1.45368 1.037
-1.45823 1.0365
-1.46271 1.036
-1.46723 1.0355
-1.47173 1.035
-1.47625 1.0345
-1.48074 1.034
-1.48525 1.0335
-1.48974 1.033
-1.49427 1.0325
-1.4988 1.032
-1.50336 1.0315
-1.50788 1.031
-1.5124 1.0305
-1.5169 1.03
-1.5214 1.0295
-1.52592 1.029
-1.53043 1.0285
-1.53497 1.028
-1.53949 1.0275
-1.544 1.027
-1.54852 1.0265
-1.55304 1.026
-1.55753 1.0255
-1.56204 1.025
-1.56652 1.0245
-1.57101 1.024
-1.57556 1.0235
-1.58006 1.023
-1.58458 1.0225
-1.58909 1.022
-1.5936 1.0215
-1.59811 1.021
-1.60262 1.0205
-1.60715 1.02
-1.61166 1.0195
-1.61616 1.019
-1.62068 1.0185
-1.62522 1.018
-1.62975 1.0175
-1.63427 1.017
-1.6388 1.0165
-1.64328 1.016
-1.64781 1.0155
-1.65233 1.015
-1.65683 1.0145
-1.66137 1.014
-1.66588 1.0135
-1.6704 1.013
-1.67494 1.0125
-1.67945 1.012
-1.68395 1.0115
-1.68845 1.011
-1.69296 1.0105
-1.69749 1.01
-1.70199 1.0095
-1.70651 1.009
-1.71104 1.0085
-1.71556 1.008
-1.72004 1.0075
-1.72457 1.007
-1.72912 1.0065
-1.73361 1.006
-1.73812 1.0055
-1.74265 1.005
-1.74718 1.0045
-1.75166 1.004
-1.75615 1.0035
-1.76065 1.003
-1.76515 1.0025
-1.76969 1.002
-1.77424 1.0015
-1.77877 1.001
-1.77878 1.0005
-1.77878 1
