Man
0 0
0.0100424 0.0005
0.0113756 0.001
0.00939411 0.0015
0.00365717 0.002
0.00212525 0.0025
0.000959686 0.003
0.000956682 0.0035
-0.00318785 0.004
-0.00228198 0.0045
-0.00800206 0.005
-0.0113812 0.0055
-0.0191532 0.006
-0.0132285 0.0065
-0.00699053 0.007
-0.00757944 0.0075
-0.0105952 0.008
-0.0138588 0.0085
-0.0194465 0.009
-0.0243209 0.0095
-0.0248418 0.01
-0.0268943 0.0105
-0.0289506 0.011
-0.0310814 0.0115
-0.0311951 0.012
-0.032499 0.0125
-0.0339581 0.013
-0.0363089 0.0135
-0.0360626 0.014
-0.0369559 0.0145
-0.0328976 0.015
-0.0310458 0.0155
-0.0332137 0.016
-0.0311552 0.0165
-0.0362225 0.017
-0.03784 0.0175
-0.0459586 0.018
-0.0480094 0.0185
-0.0450551 0.019
-0.0488533 0.0195
-0.0548372 0.02
-0.0540413 0.0205
-0.0560215 0.021
-0.05496 0.0215
-0.0600153 0.022
-0.0583288 0.0225
-0.0634075 0.023
-0.0676331 0.0235
-0.0682874 0.024
-0.0592312 0.0245
-0.0548543 0.025
-0.0491198 0.0255
-0.0526705 0.026
-0.0557607 0.0265
-0.0506135 0.027
-0.0537157 0.0275
-0.0503522 0.028
-0.0520204 0.0285
-0.0487015 0.029
-0.0527877 0.0295
-0.0525199 0.03
-0.0623058 0.0305
-0.0614435 0.031
-0.0681018 0.0315
-0.0706167 0.032
-0.0787984 0.0325
-0.0806689 0.033
-0.0818825 0.0335
-0.0839237 0.034
-0.0926146 0.0345
-0.0939142 0.035
-0.0961321 0.0355
-0.0995771 0.036
-0.105094 0.0365
-0.109331 0.037
-0.109139 0.0375
-0.111266 0.038
-0.116037 0.0385
-0.120242 0.039
-0.123512 0.0395
-0.127284 0.04
-0.137103 0.0405
-0.140106 0.041
-0.138594 0.0415
-0.140437 0.042
-0.143253 0.0425
-0.15019 0.043
-0.156658 0.0435
-0.157361 0.044
-0.164455 0.0445
-0.162604 0.045
-0.168994 0.0455
-0.173013 0.046
-0.175226 0.0465
-0.172942 0.047
-0.170581 0.0475
-0.176678 0.048
-0.176513 0.0485
-0.178304 0.049
-0.182739 0.0495
-0.187177 0.05
-0.18787 0.0505
-0.192726 0.051
-0.190618 0.0515
-0.187069 0.052
-0.183886 0.0525
-0.18496 0.053
-0.186943 0.0535
-0.190033 0.054
-0.18872 0.0545
-0.193091 0.055
-0.194839 0.0555
-0.203932 0.056
-0.204127 0.0565
-0.207212 0.057
-0.202647 0.0575
-0.209491 0.058
-0.213625 0.0585
-0.212514 0.059
-0.219741 0.0595
-0.218695 0.06
-0.220688 0.0605
-0.225745 0.061
-0.23228 0.0615
-0.234848 0.062
-0.233536 0.0625
-0.232543 0.063
-0.233137 0.0635
-0.241693 0.064
-0.246359 0.0645
-0.243037 0.065
-0.243728 0.0655
-0.246702 0.066
-0.249091 0.0665
-0.252928 0.067
-0.260729 0.0675
-0.261921 0.068
-0.269679 0.0685
-0.276926 0.069
-0.285153 0.0695
-0.287879 0.07
-0.291285 0.0705
-0.291332 0.071
-0.289484 0.0715
-0.289538 0.072
-0.29399 0.0725
-0.295508 0.073
-0.29442 0.0735
-0.289704 0.074
-0.292962 0.0745
-0.295128 0.075
-0.294503 0.0755
-0.292225 0.076
-0.298216 0.0765
-0.309746 0.077
-0.316521 0.0775
-0.324369 0.078
-0.32278 0.0785
-0.32379 0.079
-0.325254 0.0795
-0.330877 0.08
-0.335462 0.0805
-0.339513 0.081
-0.342827 0.0815
-0.343626 0.082
-0.352695 0.0825
-0.353342 0.083
-0.355785 0.0835
-0.355381 0.084
-0.354713 0.0845
-0.357792 0.085
-0.361098 0.0855
-0.364615 0.086
-0.364624 0.0865
-0.365218 0.087
-0.365376 0.0875
-0.366293 0.088
-0.368015 0.0885
-0.366915 0.089
-0.370004 0.0895
-0.371774 0.09
-0.374904 0.0905
-0.375519 0.091
-0.374997 0.0915
-0.378288 0.092
-0.381591 0.0925
-0.379386 0.093
-0.380653 0.0935
-0.382794 0.094
-0.390258 0.0945
-0.39749 0.095
-0.401894 0.0955
-0.409867 0.096
-0.412102 0.0965
-0.413888 0.097
-0.419236 0.0975
-0.425456 0.098
-0.428646 0.0985
-0.429959 0.099
-0.43033 0.0995
-0.428099 0.1
-0.424399 0.1005
-0.427441 0.101
-0.428288 0.1015
-0.429857 0.102
-0.435534 0.1025
-0.442926 0.103
-0.444894 0.1035
-0.445907 0.104
-0.449715 0.1045
-0.453303 0.105
-0.453931 0.1055
-0.456261 0.106
-0.45029 0.1065
-0.455019 0.107
-0.457644 0.1075
-0.464224 0.108
-0.47191 0.1085
-0.475641 0.109
-0.478211 0.1095
-0.481969 0.11
-0.486144 0.1105
-0.486853 0.111
-0.48877 0.1115
-0.490502 0.112
-0.495587 0.1125
-0.49272 0.113
-0.496283 0.1135
-0.506838 0.114
-0.502747 0.1145
-0.505754 0.115
-0.508265 0.1155
-0.507889 0.116
-0.51216 0.1165
-0.513128 0.117
-0.513729 0.1175
-0.517925 0.118
-0.521852 0.1185
-0.520752 0.119
-0.521178 0.1195
-0.523392 0.12
-0.522733 0.1205
-0.525315 0.121
-0.52964 0.1215
-0.535753 0.122
-0.543626 0.1225
-0.547302 0.123
-0.550377 0.1235
-0.552822 0.124
-0.557191 0.1245
-0.563156 0.125
-0.569382 0.1255
-0.570862 0.126
-0.572066 0.1265
-0.574211 0.127
-0.575694 0.1275
-0.576745 0.128
-0.573625 0.1285
-0.577237 0.129
-0.580067 0.1295
-0.583164 0.13
-0.585873 0.1305
-0.589507 0.131
-0.592756 0.1315
-0.594665 0.132
-0.596309 0.1325
-0.599542 0.133
-0.601449 0.1335
-0.609314 0.134
-0.612649 0.1345
-0.614932 0.135
-0.617089 0.1355
-0.618902 0.136
-0.624192 0.1365
-0.626137 0.137
-0.627092 0.1375
-0.633097 0.138
-0.635784 0.1385
-0.637109 0.139
-0.637454 0.1395
-0.639022 0.14
-0.64146 0.1405
-0.643798 0.141
-0.647557 0.1415
-0.649194 0.142
-0.651204 0.1425
-0.653094 0.143
-0.654796 0.1435
-0.656995 0.144
-0.659534 0.1445
-0.662411 0.145
-0.664269 0.1455
-0.66109 0.146
-0.663432 0.1465
-0.666465 0.147
-0.669427 0.1475
-0.672141 0.148
-0.674919 0.1485
-0.67605 0.149
-0.675514 0.1495
-0.679402 0.15
-0.682759 0.1505
-0.684008 0.151
-0.685888 0.1515
-0.687352 0.152
-0.690473 0.1525
-0.692525 0.153
-0.695802 0.1535
-0.698858 0.154
-0.700546 0.1545
-0.696332 0.155
-0.694912 0.1555
-0.69718 0.156
-0.700084 0.1565
-0.70211 0.157
-0.704292 0.1575
-0.702489 0.158
-0.704658 0.1585
-0.707481 0.159
-0.709035 0.1595
-0.710494 0.16
-0.71333 0.1605
-0.715556 0.161
-0.717955 0.1615
-0.719139 0.162
-0.72136 0.1625
-0.722945 0.163
-0.725612 0.1635
-0.727389 0.164
-0.728782 0.1645
-0.731027 0.165
-0.733149 0.1655
-0.736093 0.166
-0.737981 0.1665
-0.739401 0.167
-0.74033 0.1675
-0.742003 0.168
-0.743128 0.1685
-0.744379 0.169
-0.745807 0.1695
-0.747068 0.17
-0.748497 0.1705
-0.749731 0.171
-0.751253 0.1715
-0.752533 0.172
-0.753452 0.1725
-0.754946 0.173
-0.755994 0.1735
-0.757633 0.174
-0.759351 0.1745
-0.760624 0.175
-0.761582 0.1755
-0.763062 0.176
-0.764024 0.1765
-0.765037 0.177
-0.766402 0.1775
-0.767443 0.178
-0.768343 0.1785
-0.769728 0.179
-0.770987 0.1795
-0.772248 0.18
-0.773012 0.1805
-0.77395 0.181
-0.775347 0.1815
-0.776402 0.182
-0.777165 0.1825
-0.778594 0.183
-0.779778 0.1835
-0.780888 0.184
-0.781933 0.1845
-0.783164 0.185
-0.784205 0.1855
-0.785291 0.186
-0.786241 0.1865
-0.787312 0.187
-0.788522 0.1875
-0.78979 0.188
-0.791361 0.1885
-0.792573 0.189
-0.793737 0.1895
-0.794856 0.19
-0.796094 0.1905
-0.796499 0.191
-0.797843 0.1915
-0.799005 0.192
-0.797054 0.1925
-0.792564 0.193
-0.793658 0.1935
-0.794863 0.194
-0.795582 0.1945
-0.796065 0.195
-0.79688 0.1955
-0.798076 0.196
-0.798736 0.1965
-0.799789 0.197
-0.800477 0.1975
-0.801397 0.198
-0.802477 0.1985
-0.803664 0.199
-0.804636 0.1995
-0.805388 0.2
-0.806056 0.2005
-0.807046 0.201
-0.807988 0.2015
-0.809008 0.202
-0.80964 0.2025
-0.810323 0.203
-0.811451 0.2035
-0.81254 0.204
-0.813222 0.2045
-0.813891 0.205
-0.814243 0.2055
-0.815477 0.206
-0.816059 0.2065
-0.81676 0.207
-0.817972 0.2075
-0.818156 0.208
-0.819152 0.2085
-0.819903 0.209
-0.820581 0.2095
-0.821433 0.21
-0.822348 0.2105
-0.823012 0.211
-0.823998 0.2115
-0.824881 0.212
-0.825686 0.2125
-0.826311 0.213
-0.827316 0.2135
-0.82793 0.214
-0.828644 0.2145
-0.829384 0.215
-0.829859 0.2155
-0.830585 0.216
-0.830918 0.2165
-0.831614 0.217
-0.832396 0.2175
-0.833192 0.218
-0.834032 0.2185
-0.834726 0.219
-0.835564 0.2195
-0.836511 0.22
-0.83709 0.2205
-0.837806 0.221
-0.838225 0.2215
-0.838918 0.222
-0.839685 0.2225
-0.84068 0.223
-0.841445 0.2235
-0.842154 0.224
-0.842964 0.2245
-0.843285 0.225
-0.844131 0.2255
-0.845061 0.226
-0.845646 0.2265
-0.84612 0.227
-0.846809 0.2275
-0.847416 0.228
-0.848077 0.2285
-0.848526 0.229
-0.849021 0.2295
-0.849442 0.23
-0.850155 0.2305
-0.850664 0.231
-0.851098 0.2315
-0.851608 0.232
-0.852327 0.2325
-0.853064 0.233
-0.853702 0.2335
-0.8543 0.234
-0.855115 0.2345
-0.855752 0.235
-0.856457 0.2355
-0.85702 0.236
-0.857531 0.2365
-0.858303 0.237
-0.858616 0.2375
-0.859033 0.238
-0.859445 0.2385
-0.860073 0.239
-0.860397 0.2395
-0.860783 0.24
-0.861309 0.2405
-0.861796 0.241
-0.862188 0.2415
-0.862905 0.242
-0.863466 0.2425
-0.864007 0.243
-0.864773 0.2435
-0.865416 0.244
-0.865993 0.2445
-0.866675 0.245
-0.867312 0.2455
-0.86614 0.246
-0.866495 0.2465
-0.867133 0.247
-0.867794 0.2475
-0.868643 0.248
-0.869157 0.2485
-0.869821 0.249
-0.870265 0.2495
-0.870674 0.25
-0.871158 0.2515
-0.87336 0.253
-0.875419 0.2545
-0.874879 0.256
-0.87677 0.2575
-0.878159 0.259
-0.8797 0.2605
-0.881323 0.262
-0.883182 0.2635
-0.884862 0.265
-0.886539 0.2665
-0.887722 0.268
-0.888755 0.2695
-0.890389 0.271
-0.891757 0.2725
-0.893655 0.274
-0.895029 0.2755
-0.896164 0.277
-0.897458 0.2785
-0.898889 0.28
-0.900721 0.2815
-0.902186 0.283
-0.902957 0.2845
-0.904404 0.286
-0.905335 0.2875
-0.906838 0.289
-0.907854 0.2905
-0.90938 0.292
-0.910516 0.2935
-0.906224 0.295
-0.907578 0.2965
-0.9086 0.298
-0.90876 0.2995
-0.910177 0.301
-0.910998 0.3025
-0.912127 0.304
-0.913731 0.3055
-0.914636 0.307
-0.915788 0.3085
-0.916907 0.31
-0.918018 0.3115
-0.919266 0.313
-0.920389 0.3145
-0.921374 0.316
-0.922382 0.3175
-0.923526 0.319
-0.924522 0.3205
-0.925276 0.322
-0.926021 0.3235
-0.927193 0.325
-0.928173 0.3265
-0.929391 0.328
-0.930434 0.3295
-0.931362 0.331
-0.93229 0.3325
-0.933222 0.334
-0.934107 0.3355
-0.934973 0.337
-0.935805 0.3385
-0.936695 0.34
-0.937611 0.3415
-0.938722 0.343
-0.937061 0.3445
-0.938083 0.346
-0.938898 0.3475
-0.939914 0.349
-0.940818 0.3505
-0.941613 0.352
-0.942361 0.3535
-0.942968 0.355
-0.943848 0.3565
-0.944774 0.358
-0.945913 0.3595
-0.946687 0.361
-0.947383 0.3625
-0.948228 0.364
-0.948718 0.3655
-0.949312 0.367
-0.949901 0.3685
-0.949148 0.37
-0.949978 0.3715
-0.950716 0.373
-0.951675 0.3745
-0.95261 0.376
-0.953351 0.3775
-0.953998 0.379
-0.95468 0.3805
-0.955273 0.382
-0.956052 0.3835
-0.956859 0.385
-0.957562 0.3865
-0.958048 0.388
-0.958892 0.3895
-0.959591 0.391
-0.960212 0.3925
-0.960762 0.394
-0.961393 0.3955
-0.961998 0.397
-0.962604 0.3985
-0.963349 0.4
-0.963918 0.4015
-0.964324 0.403
-0.964994 0.4045
-0.965664 0.406
-0.966365 0.4075
-0.966654 0.409
-0.967352 0.4105
-0.967996 0.412
-0.968456 0.4135
-0.968948 0.415
-0.969591 0.4165
-0.969967 0.418
-0.970613 0.4195
-0.971115 0.421
-0.970679 0.4225
-0.971433 0.424
-0.97213 0.4255
-0.972673 0.427
-0.973084 0.4285
-0.973512 0.43
-0.973977 0.4315
-0.974574 0.433
-0.975159 0.4345
-0.975678 0.436
-0.976359 0.4375
-0.976896 0.439
-0.97735 0.4405
-0.977726 0.442
-0.978315 0.4435
-0.978765 0.445
-0.979275 0.4465
-0.979668 0.448
-0.980459 0.4495
-0.980498 0.451
-0.981136 0.4525
-0.981556 0.454
-0.981913 0.4555
-0.982226 0.457
-0.982777 0.4585
-0.983067 0.46
-0.983424 0.4615
-0.983905 0.463
-0.984176 0.4645
-0.984652 0.466
-0.985028 0.4675
-0.985592 0.469
-0.986095 0.4705
-0.986608 0.472
-0.986971 0.4735
-0.987354 0.475
-0.987685 0.4765
-0.988103 0.478
-0.985892 0.4795
-0.986296 0.481
-0.986676 0.4825
-0.98717 0.484
-0.987584 0.4855
-0.987926 0.487
-0.988357 0.4885
-0.988698 0.49
-0.98902 0.4915
-0.989419 0.493
-0.989815 0.4945
-0.990216 0.496
-0.990627 0.4975
-0.991055 0.499
-0.991293 0.5005
-0.991667 0.502
-0.991868 0.5035
-0.992186 0.505
-0.992449 0.5065
-0.992899 0.508
-0.993333 0.5095
-0.993787 0.511
-0.994202 0.5125
-0.994586 0.514
-0.99481 0.5155
-0.995144 0.517
-0.995464 0.5185
-0.996062 0.52
-0.996505 0.5215
-0.996818 0.523
-0.996979 0.5245
-0.997195 0.526
-0.997583 0.5275
-0.997885 0.529
-0.998122 0.5305
-0.998302 0.532
-0.998608 0.5335
-0.998867 0.535
-0.999287 0.5365
-0.999617 0.538
-0.999961 0.5395
-1.00036 0.541
-1.00065 0.5425
-1.00095 0.544
-1.00134 0.5455
-1.00163 0.547
-1.00196 0.5485
-1.00227 0.55
-1.0023 0.5515
-1.00251 0.553
-1.00283 0.5545
-1.00309 0.556
-1.00334 0.5575
-1.00364 0.559
-1.00403 0.5605
-1.00433 0.562
-1.00436 0.5635
-1.00482 0.565
-1.00511 0.5665
-1.00539 0.568
-1.00577 0.5695
-1.00482 0.571
-1.00524 0.5725
-1.00564 0.574
-1.00596 0.5755
-1.00623 0.577
-1.00663 0.5785
-1.00703 0.58
-1.00731 0.5815
-1.00754 0.583
-1.00779 0.5845
-1.0081 0.586
-1.00838 0.5875
-1.00868 0.589
-1.00905 0.5905
-1.00932 0.592
-1.00942 0.5935
-1.00962 0.595
-1.00986 0.5965
-1.01006 0.598
-1.01024 0.5995
-1.01055 0.601
-1.01087 0.6025
-1.01129 0.604
-1.01159 0.6055
-1.01188 0.607
-1.01211 0.6085
-1.01234 0.61
-1.01267 0.6115
-1.01298 0.613
-1.01323 0.6145
-1.01357 0.616
-1.01376 0.6175
-1.01399 0.619
-1.01424 0.6205
-1.01391 0.622
-1.01402 0.6235
-1.01415 0.625
-1.01431 0.6265
-1.01452 0.628
-1.01491 0.6295
-1.01516 0.631
-1.01538 0.6325
-1.01556 0.634
-1.01576 0.6355
-1.01602 0.637
-1.01638 0.6385
-1.01661 0.64
-1.01684 0.6415
-1.01702 0.643
-1.01722 0.6445
-1.01735 0.646
-1.01768 0.6475
-1.0178 0.649
-1.01783 0.6505
-1.01795 0.652
-1.0182 0.6535
-1.01837 0.655
-1.01868 0.6565
-1.0188 0.658
-1.01905 0.6595
-1.01919 0.661
-1.02321 0.6625
-1.02328 0.664
-1.02355 0.6655
-1.02382 0.667
-1.02405 0.6685
-1.02429 0.67
-1.02456 0.6715
-1.0249 0.673
-1.02501 0.6745
-1.02521 0.676
-1.02539 0.6775
-1.02549 0.679
-1.02574 0.6805
-1.02585 0.682
-1.026 0.6835
-1.02612 0.685
-1.02634 0.6865
-1.0265 0.688
-1.02667 0.6895
-1.02689 0.691
-1.02726 0.6925
-1.03217 0.694
-1.03249 0.6955
-1.03261 0.697
-1.03289 0.6985
-1.03313 0.7
-1.0333 0.7015
-1.03344 0.703
-1.03349 0.7045
-1.03376 0.706
-1.03403 0.7075
-1.03408 0.709
-1.03437 0.7105
-1.03452 0.712
-1.03474 0.7135
-1.03482 0.715
-1.03507 0.7165
-1.03524 0.718
-1.03539 0.7195
-1.03552 0.721
-1.03564 0.7225
-1.03585 0.724
-1.03605 0.7255
-1.0363 0.727
-1.03636 0.7285
-1.03656 0.73
-1.03673 0.7315
-1.03704 0.733
-1.03727 0.7345
-1.03735 0.736
-1.03746 0.7375
-1.03768 0.739
-1.03798 0.7405
-1.03812 0.742
-1.03828 0.7435
-1.0384 0.745
-1.03861 0.7465
-1.03875 0.748
-1.03899 0.7495
-1.03921 0.751
-1.03949 0.7525
-1.0397 0.754
-1.03988 0.7555
-1.04017 0.757
-1.04019 0.7585
-1.04024 0.76
-1.04031 0.7615
-1.04054 0.763
-1.04063 0.7645
-1.04073 0.766
-1.04091 0.7675
-1.04111 0.769
-1.04122 0.7705
-1.04133 0.772
-1.04152 0.7735
-1.04163 0.775
-1.0417 0.7765
-1.04185 0.778
-1.04198 0.7795
-1.04135 0.781
-1.04151 0.7825
-1.04159 0.784
-1.04172 0.7855
-1.0419 0.787
-1.04204 0.7885
-1.0421 0.79
-1.04214 0.7915
-1.04241 0.793
-1.04243 0.7945
-1.04264 0.796
-1.04282 0.7975
-1.04296 0.799
-1.04317 0.8005
-1.04333 0.802
-1.04344 0.8035
-1.04346 0.805
-1.04363 0.8065
-1.04383 0.808
-1.04405 0.8095
-1.04425 0.811
-1.04435 0.8125
-1.04445 0.814
-1.04456 0.8155
-1.04466 0.817
-1.04477 0.8185
-1.04498 0.82
-1.04525 0.8215
-1.04535 0.823
-1.04549 0.8245
-1.04562 0.826
-1.04578 0.8275
-1.04586 0.829
-1.04593 0.8305
-1.04595 0.832
-1.04605 0.8335
-1.04618 0.835
-1.04628 0.8365
-1.04636 0.838
-1.04653 0.8395
-1.04672 0.841
-1.04677 0.8425
-1.04688 0.844
-1.04698 0.8455
-1.04706 0.847
-1.04725 0.8485
-1.04734 0.85
-1.04739 0.8515
-1.04687 0.853
-1.04694 0.8545
-1.04709 0.856
-1.0472 0.8575
-1.05031 0.859
-1.05058 0.8605
-1.0507 0.862
-1.05083 0.8635
-1.05098 0.865
-1.05114 0.8665
-1.05131 0.868
-1.05139 0.8695
-1.05157 0.871
-1.05177 0.8725
-1.05184 0.874
-1.05187 0.8755
-1.05189 0.877
-1.05204 0.8785
-1.05216 0.88
-1.05234 0.8815
-1.0524 0.883
-1.05214 0.8845
-1.0523 0.886
-1.05235 0.8875
-1.05243 0.889
-1.05255 0.8905
-1.05267 0.892
-1.05275 0.8935
-1.05124 0.895
-1.05138 0.8965
-1.05148 0.898
-1.05159 0.8995
-1.05173 0.901
-1.05186 0.9025
-1.05198 0.904
-1.05142 0.9055
-1.05152 0.907
-1.05167 0.9085
-1.05181 0.91
-1.05199 0.9115
-1.05208 0.913
-1.05216 0.9145
-1.05227 0.916
-1.05235 0.9175
-1.05242 0.919
-1.05254 0.9205
-1.05272 0.922
-1.05278 0.9235
-1.05293 0.925
-1.05295 0.9265
-1.05309 0.928
-1.0523 0.9295
-1.05241 0.931
-1.05412 0.9325
-1.05427 0.934
-1.05432 0.9355
-1.05442 0.937
-1.05461 0.9385
-1.05467 0.94
-1.05475 0.9415
-1.05386 0.943
-1.05394 0.9445
-1.05408 0.946
-1.05422 0.9475
-1.05431 0.949
-1.05441 0.9505
-1.05441 0.952
-1.05452 0.9535
-1.0546 0.955
-1.05474 0.9565
-1.05486 0.958
-1.05487 0.9595
-1.05496 0.961
-1.05372 0.9625
-1.05374 0.964
-1.05387 0.9655
-1.05395 0.967
-1.05405 0.9685
-1.05406 0.97
-1.05397 0.9715
-1.05406 0.973
-1.05417 0.9745
-1.05408 0.976
-1.05372 0.9775
-1.05311 0.979
-1.05324 0.9805
-1.05332 0.982
-1.05343 0.9835
-1.05349 0.985
-1.05361 0.9865
-1.05378 0.988
-1.05377 0.9895
-1.05391 0.991
-1.05404 0.9925
-1.05413 0.994
-1.05428 0.9955
-1.05433 0.997
-1.05452 0.9985
-1.05461 1


Shark
3.14159 1.5
3.13959 1.4995
3.13759 1.499
3.13559 1.4985
3.13359 1.498
3.13159 1.4975
3.12959 1.497
3.12759 1.4965
3.12559 1.496
3.12359 1.4955
3.12159 1.495
3.11959 1.4945
3.11758 1.494
3.11557 1.4935
3.11357 1.493
3.11157 1.4925
3.10956 1.492
3.10756 1.4915
3.10555 1.491
3.10354 1.4905
3.10154 1.49
3.09954 1.4895
3.09754 1.489
3.09554 1.4885
3.09354 1.488
3.09154 1.4875
3.08954 1.487
3.08753 1.4865
3.08553 1.486
3.08353 1.4855
3.08152 1.485
3.07951 1.4845
3.07751 1.484
3.0755 1.4835
3.07348 1.483
3.07147 1.4825
3.06939 1.482
3.06739 1.4815
3.06537 1.481
3.06335 1.4805
3.0613 1.48
3.0593 1.4795
3.05729 1.479
3.05529 1.4785
3.05324 1.478
3.05123 1.4775
3.04918 1.477
3.04714 1.4765
3.04514 1.476
3.04296 1.4755
3.04091 1.475
3.03883 1.4745
3.0368 1.474
3.03477 1.4735
3.03269 1.473
3.03067 1.4725
3.02863 1.472
3.02662 1.4715
3.02459 1.471
3.02253 1.4705
3.02053 1.47
3.01821 1.4695
3.0162 1.469
3.01404 1.4685
3.01201 1.468
3.00975 1.4675
3.00774 1.467
3.00573 1.4665
3.00371 1.466
3.00138 1.4655
2.99937 1.465
2.99735 1.4645
2.99529 1.464
2.99314 1.4635
2.99104 1.463
2.98904 1.4625
2.98702 1.462
2.98489 1.4615
2.98278 1.461
2.98072 1.4605
2.97863 1.46
2.97608 1.4595
2.97402 1.459
2.97201 1.4585
2.96998 1.458
2.96793 1.4575
2.9656 1.457
2.96331 1.4565
2.96131 1.456
2.95894 1.4555
2.95692 1.455
2.95461 1.4545
2.95248 1.454
2.95043 1.4535
2.94839 1.453
2.94634 1.4525
2.94403 1.452
2.94203 1.4515
2.94 1.451
2.93781 1.4505
2.93563 1.45
2.93362 1.4495
2.93139 1.449
2.92935 1.4485
2.92722 1.448
2.92511 1.4475
2.92309 1.447
2.92105 1.4465
2.91894 1.446
2.91692 1.4455
2.91471 1.445
2.91267 1.4445
2.90982 1.444
2.90782 1.4435
2.9057 1.443
2.90344 1.4425
2.9009 1.442
2.89868 1.4415
2.89666 1.441
2.89403 1.4405
2.89201 1.44
2.88995 1.4395
2.88761 1.439
2.88504 1.4385
2.88295 1.438
2.88092 1.4375
2.8789 1.437
2.8769 1.4365
2.87394 1.436
2.87161 1.4355
2.86943 1.435
2.86742 1.4345
2.86527 1.434
2.86318 1.4335
2.86093 1.433
2.85803 1.4325
2.856 1.432
2.85309 1.4315
2.85027 1.431
2.84723 1.4305
2.8451 1.43
2.84288 1.4295
2.84088 1.429
2.83881 1.4285
2.83681 1.428
2.83443 1.4275
2.83238 1.427
2.83036 1.4265
2.82792 1.426
2.8257 1.4255
2.8236 1.425
2.82159 1.4245
2.81947 1.424
2.81676 1.4235
2.8127 1.423
2.8098 1.4225
2.80665 1.422
2.80459 1.4215
2.80256 1.421
2.80051 1.4205
2.79782 1.42
2.79534 1.4195
2.79295 1.419
2.79068 1.4185
2.78866 1.418
2.78507 1.4175
2.78306 1.417
2.7809 1.4165
2.77889 1.416
2.77688 1.4155
2.77462 1.415
2.77233 1.4145
2.76999 1.414
2.76799 1.4135
2.76598 1.413
2.76398 1.4125
2.76196 1.412
2.75987 1.4115
2.75783 1.411
2.75554 1.4105
2.75345 1.41
2.75115 1.4095
2.74914 1.409
2.74713 1.4085
2.74479 1.408
2.74245 1.4075
2.74029 1.407
2.73823 1.4065
2.73608 1.406
2.73262 1.4055
2.72923 1.405
2.72662 1.4045
2.72297 1.404
2.72079 1.4035
2.71868 1.403
2.71579 1.4025
2.71264 1.402
2.71028 1.4015
2.70822 1.401
2.70621 1.4005
2.70402 1.4
2.70153 1.3995
2.69919 1.399
2.69716 1.3985
2.69506 1.398
2.69199 1.3975
2.68836 1.397
2.6862 1.3965
2.68415 1.396
2.6816 1.3955
2.6791 1.395
2.67708 1.3945
2.67485 1.394
2.67162 1.3935
2.66878 1.393
2.66648 1.3925
2.66301 1.392
2.65913 1.3915
2.65655 1.391
2.65426 1.3905
2.65167 1.39
2.64895 1.3895
2.64692 1.389
2.64475 1.3885
2.6426 1.388
2.63957 1.3875
2.63719 1.387
2.63462 1.3865
2.62942 1.386
2.62668 1.3855
2.62425 1.385
2.62194 1.3845
2.61993 1.384
2.61711 1.3835
2.61506 1.383
2.61304 1.3825
2.61023 1.382
2.6075 1.3815
2.60543 1.381
2.60342 1.3805
2.60116 1.38
2.59913 1.3795
2.59678 1.379
2.59388 1.3785
2.59029 1.378
2.58595 1.3775
2.58326 1.377
2.58075 1.3765
2.57841 1.376
2.57546 1.3755
2.57187 1.375
2.56817 1.3745
2.56603 1.374
2.56394 1.3735
2.56167 1.373
2.55953 1.3725
2.55746 1.372
2.5549 1.3715
2.55217 1.371
2.54969 1.3705
2.54712 1.37
2.54467 1.3695
2.54192 1.369
2.53929 1.3685
2.53705 1.368
2.53487 1.3675
2.53223 1.367
2.52999 1.3665
2.52533 1.366
2.52264 1.3655
2.5203 1.365
2.51798 1.3645
2.51575 1.364
2.51224 1.3635
2.50998 1.363
2.50791 1.3625
2.50404 1.362
2.50155 1.3615
2.49942 1.361
2.49741 1.3605
2.49523 1.36
2.49281 1.3595
2.49041 1.359
2.48749 1.3585
2.48529 1.358
2.48299 1.3575
2.48071 1.357
2.47849 1.3565
2.47612 1.356
2.47364 1.3555
2.47104 1.355
2.46877 1.3545
2.46604 1.354
2.46362 1.3535
2.46094 1.353
2.45828 1.3525
2.45572 1.352
2.45313 1.3515
2.45102 1.351
2.44899 1.3505
2.44592 1.35
2.44308 1.3495
2.44095 1.349
2.43865 1.3485
2.43646 1.348
2.4337 1.3475
2.43134 1.347
2.4285 1.3465
2.42576 1.346
2.4235 1.3455
2.42022 1.345
2.41803 1.3445
2.41558 1.344
2.41288 1.3435
2.41051 1.343
2.40809 1.3425
2.40578 1.342
2.40336 1.3415
2.40067 1.341
2.39844 1.3405
2.39623 1.34
2.39353 1.3395
2.39107 1.339
2.38854 1.3385
2.3864 1.338
2.38394 1.3375
2.38169 1.337
2.37903 1.3365
2.37672 1.336
2.37452 1.3355
2.37203 1.335
2.36959 1.3345
2.3668 1.334
2.36443 1.3335
2.36222 1.333
2.36013 1.3325
2.35783 1.332
2.3557 1.3315
2.35352 1.331
2.3513 1.3305
2.34913 1.33
2.3469 1.3295
2.34473 1.329
2.34248 1.3285
2.34029 1.328
2.33819 1.3275
2.33594 1.327
2.33382 1.3265
2.33151 1.326
2.32918 1.3255
2.32699 1.325
2.32488 1.3245
2.32263 1.324
2.32052 1.3235
2.31839 1.323
2.31617 1.3225
2.31404 1.322
2.31194 1.3215
2.30971 1.321
2.30751 1.3205
2.30532 1.32
2.30324 1.3195
2.30113 1.319
2.29889 1.3185
2.29675 1.318
2.29467 1.3175
2.29241 1.317
2.29023 1.3165
2.28807 1.316
2.28593 1.3155
2.28373 1.315
2.28159 1.3145
2.27943 1.314
2.27731 1.3135
2.27516 1.313
2.27296 1.3125
2.27075 1.312
2.26842 1.3115
2.26622 1.311
2.26404 1.3105
2.26187 1.31
2.25966 1.3095
2.25763 1.309
2.25538 1.3085
2.25319 1.308
2.25069 1.3075
2.24669 1.307
2.24452 1.3065
2.24232 1.306
2.24024 1.3055
2.2382 1.305
2.2361 1.3045
2.2339 1.304
2.23183 1.3035
2.22967 1.303
2.22759 1.3025
2.22546 1.302
2.22329 1.3015
2.22108 1.301
2.21893 1.3005
2.21684 1.3
2.21477 1.2995
2.21262 1.299
2.21048 1.2985
2.20832 1.298
2.20626 1.2975
2.20418 1.297
2.20198 1.2965
2.19979 1.296
2.19772 1.2955
2.19564 1.295
2.19362 1.2945
2.19138 1.294
2.18932 1.2935
2.18724 1.293
2.185 1.2925
2.183 1.292
2.18083 1.2915
2.17873 1.291
2.17666 1.2905
2.17453 1.29
2.17239 1.2895
2.17031 1.289
2.16814 1.2885
2.16601 1.288
2.1639 1.2875
2.16183 1.287
2.15965 1.2865
2.15758 1.286
2.15549 1.2855
2.15339 1.285
2.15135 1.2845
2.14926 1.284
2.14723 1.2835
2.14515 1.283
2.14303 1.2825
2.14092 1.282
2.13879 1.2815
2.1367 1.281
2.13457 1.2805
2.1324 1.28
2.13034 1.2795
2.12824 1.279
2.1262 1.2785
2.12411 1.278
2.122 1.2775
2.11981 1.277
2.1177 1.2765
2.1156 1.276
2.11347 1.2755
2.11145 1.275
2.10931 1.2745
2.10714 1.274
2.10507 1.2735
2.10303 1.273
2.10093 1.2725
2.09886 1.272
2.09677 1.2715
2.09472 1.271
2.09267 1.2705
2.09064 1.27
2.08853 1.2695
2.08648 1.269
2.08444 1.2685
2.08238 1.268
2.08027 1.2675
2.07816 1.267
2.07607 1.2665
2.074 1.266
2.07186 1.2655
2.06977 1.265
2.06766 1.2645
2.06559 1.264
2.06353 1.2635
2.0614 1.263
2.05938 1.2625
2.05734 1.262
2.05531 1.2615
2.05322 1.261
2.05119 1.2605
2.04916 1.26
2.0471 1.2595
2.04504 1.259
2.04301 1.2585
2.04089 1.258
2.03882 1.2575
2.03675 1.257
2.03462 1.2565
2.03252 1.256
2.03044 1.2555
2.02833 1.255
2.02624 1.2545
2.02393 1.254
2.0219 1.2535
2.0198 1.253
2.0177 1.2525
2.01553 1.252
2.01346 1.2515
2.01136 1.251
2.00931 1.2505
2.00727 1.25
2.00125 1.2495
1.99485 1.249
1.9885 1.2485
1.98247 1.248
1.97617 1.2475
1.97 1.247
1.96379 1.2465
1.95755 1.246
1.95124 1.2455
1.94498 1.245
1.93872 1.2445
1.93259 1.244
1.92649 1.2435
1.92024 1.243
1.91405 1.2425
1.90771 1.242
1.90152 1.2415
1.89539 1.241
1.88922 1.2405
1.88301 1.24
1.87667 1.2395
1.87044 1.239
1.86438 1.2385
1.85816 1.238
1.85206 1.2375
1.84582 1.237
1.8397 1.2365
1.83344 1.236
1.8273 1.2355
1.81946 1.235
1.81325 1.2345
1.80712 1.234
1.80112 1.2335
1.79488 1.233
1.7888 1.2325
1.78265 1.232
1.77634 1.2315
1.77024 1.231
1.76407 1.2305
1.75791 1.23
1.75176 1.2295
1.74556 1.229
1.7394 1.2285
1.73327 1.228
1.72713 1.2275
1.72096 1.227
1.71483 1.2265
1.70875 1.226
1.70267 1.2255
1.69648 1.225
1.69035 1.2245
1.68414 1.224
1.67798 1.2235
1.67186 1.223
1.66574 1.2225
1.65961 1.222
1.65349 1.2215
1.64738 1.221
1.64128 1.2205
1.63516 1.22
1.62903 1.2195
1.62284 1.219
1.61642 1.2185
1.61025 1.218
1.60415 1.2175
1.59798 1.217
1.59185 1.2165
1.58575 1.216
1.57966 1.2155
1.57359 1.215
1.56747 1.2145
1.56132 1.214
1.5551 1.2135
1.549 1.213
1.54292 1.2125
1.53679 1.212
1.53075 1.2115
1.52469 1.211
1.51862 1.2105
1.51252 1.21
1.5064 1.2095
1.5003 1.209
1.49413 1.2085
1.48797 1.208
1.48186 1.2075
1.47578 1.207
1.4697 1.2065
1.46363 1.206
1.45751 1.2055
1.45138 1.205
1.44529 1.2045
1.43924 1.204
1.4331 1.2035
1.427 1.203
1.42092 1.2025
1.41486 1.202
1.40878 1.2015
1.4027 1.201
1.39662 1.2005
1.39051 1.2
1.38444 1.1995
1.3784 1.199
1.3723 1.1985
1.36621 1.198
1.3601 1.1975
1.35408 1.197
1.34797 1.1965
1.34188 1.196
1.33583 1.1955
1.32978 1.195
1.32368 1.1945
1.31765 1.194
1.31155 1.1935
1.30549 1.193
1.29945 1.1925
1.29331 1.192
1.2872 1.1915
1.28113 1.191
1.27509 1.1905
1.26904 1.19
1.26299 1.1895
1.2569 1.189
1.25082 1.1885
1.24475 1.188
1.23863 1.1875
1.23256 1.187
1.2265 1.1865
1.22047 1.186
1.21438 1.1855
1.20833 1.185
1.20226 1.1845
1.19622 1.184
1.19005 1.1835
1.18405 1.183
1.17794 1.1825
1.17189 1.182
1.16586 1.1815
1.15983 1.181
1.15374 1.1805
1.14772 1.18
1.14169 1.1795
1.13562 1.179
1.1296 1.1785
1.12353 1.178
1.11749 1.1775
1.1114 1.177
1.10533 1.1765
1.09925 1.176
1.09321 1.1755
1.08717 1.175
1.08113 1.1745
1.07508 1.174
1.06774 1.1735
1.06169 1.173
1.05564 1.1725
1.04957 1.172
1.04351 1.1715
1.03748 1.171
1.03142 1.1705
1.02538 1.17
1.01935 1.1695
1.0133 1.169
1.00725 1.1685
1.00119 1.168
0.995139 1.1675
0.989078 1.167
0.983059 1.1665
0.977013 1.166
0.970999 1.1655
0.964965 1.165
0.958941 1.1645
0.952872 1.164
0.946808 1.1635
0.940736 1.163
0.934677 1.1625
0.928625 1.162
0.922607 1.1615
0.916568 1.161
0.910531 1.1605
0.904404 1.16
0.898334 1.1595
0.892298 1.159
0.886289 1.1585
0.880272 1.158
0.874216 1.1575
0.868182 1.157
0.862161 1.1565
0.856149 1.156
0.850114 1.1555
0.844088 1.155
0.838021 1.1545
0.83198 1.154
0.825934 1.1535
0.819872 1.153
0.813839 1.1525
0.807803 1.152
0.801745 1.1515
0.795712 1.151
0.789666 1.1505
0.783629 1.15
0.777629 1.1495
0.771611 1.149
0.765569 1.1485
0.759542 1.148
0.753516 1.1475
0.747479 1.147
0.741414 1.1465
0.735376 1.146
0.729376 1.1455
0.723286 1.145
0.71725 1.1445
0.711217 1.144
0.705154 1.1435
0.698771 1.143
0.692694 1.1425
0.686622 1.142
0.680578 1.1415
0.674546 1.141
0.668476 1.1405
0.662405 1.14
0.656369 1.1395
0.650346 1.139
0.644317 1.1385
0.638273 1.138
0.632238 1.1375
0.626196 1.137
0.620134 1.1365
0.614098 1.136
0.608094 1.1355
0.602076 1.135
0.596049 1.1345
0.590029 1.134
0.584014 1.1335
0.577968 1.133
0.571918 1.1325
0.565833 1.132
0.55979 1.1315
0.553749 1.131
0.547721 1.1305
0.541696 1.13
0.535642 1.1295
0.529595 1.129
0.523563 1.1285
0.517505 1.128
0.511487 1.1275
0.50546 1.127
0.499428 1.1265
0.493372 1.126
0.487365 1.1255
0.481356 1.125
0.475343 1.1245
0.469321 1.124
0.463239 1.1235
0.457207 1.123
0.451181 1.1225
0.445163 1.122
0.439142 1.1215
0.433105 1.121
0.427038 1.1205
0.421008 1.12
0.41498 1.1195
0.408962 1.119
0.40294 1.1185
0.396931 1.118
0.390869 1.1175
0.384861 1.117
0.378861 1.1165
0.372853 1.116
0.366818 1.1155
0.3608 1.115
0.354745 1.1145
0.348737 1.114
0.342702 1.1135
0.33669 1.113
0.324485 1.1125
0.318482 1.112
0.312439 1.1115
0.306397 1.111
0.300365 1.1105
0.29433 1.11
0.288288 1.1095
0.282218 1.109
0.27621 1.1085
0.270187 1.108
0.264166 1.1075
0.25816 1.107
0.25212 1.1065
0.246113 1.106
0.240098 1.1055
0.23409 1.105
0.228059 1.1045
0.222043 1.104
0.216024 1.1035
0.209994 1.103
0.203909 1.1025
0.189012 1.102
0.182949 1.1015
0.176939 1.101
0.170887 1.1005
0.164852 1.1
0.158832 1.0995
0.15282 1.099
0.146818 1.0985
0.14077 1.098
0.134723 1.0975
0.128721 1.097
0.122667 1.0965
0.116653 1.096
0.110619 1.0955
0.104614 1.095
0.0985726 1.0945
0.0925515 1.094
0.0865359 1.0935
0.0805244 1.093
0.0745137 1.0925
0.0684842 1.092
0.0624576 1.0915
0.0564111 1.091
0.0504085 1.0905
0.0443825 1.09
0.0383608 1.0895
0.0322909 1.089
0.0262556 1.0885
0.0202503 1.088
0.0142418 1.0875
0.00820547 1.087
0.00214037 1.0865
-0.00387242 1.086
-0.00989193 1.0855
-0.0159022 1.085
-0.0219341 1.0845
-0.0279504 1.084
-0.0339926 1.0835
-0.0400282 1.083
-0.0460853 1.0825
-0.0521205 1.082
-0.0581435 1.0815
-0.0642101 1.081
-0.0702103 1.0805
-0.0762127 1.08
-0.0822155 1.0795
-0.0882574 1.079
-0.0942642 1.0785
-0.100272 1.078
-0.106297 1.0775
-0.112329 1.077
-0.118338 1.0765
-0.124349 1.076
-0.130375 1.0755
-0.136385 1.075
-0.142389 1.0745
-0.148409 1.074
-0.154422 1.0735
-0.160732 1.073
-0.166753 1.0725
-0.172757 1.072
-0.178772 1.0715
-0.184797 1.071
-0.190814 1.0705
-0.196817 1.07
-0.202819 1.0695
-0.208878 1.069
-0.214879 1.0685
-0.220919 1.068
-0.226944 1.0675
-0.232962 1.067
-0.238997 1.0665
-0.245019 1.066
-0.251031 1.0655
-0.257032 1.065
-0.263056 1.0645
-0.269093 1.064
-0.275132 1.0635
-0.281167 1.063
-0.287177 1.0625
-0.293185 1.062
-0.299197 1.0615
-0.305205 1.061
-0.311217 1.0605
-0.317255 1.06
-0.323322 1.0595
-0.329331 1.059
-0.335348 1.0585
-0.341363 1.058
-0.347385 1.0575
-0.353391 1.057
-0.359395 1.0565
-0.365396 1.056
-0.371406 1.0555
-0.377421 1.055
-0.38343 1.0545
-0.389435 1.054
-0.395464 1.0535
-0.401498 1.053
-0.407501 1.0525
-0.413511 1.052
-0.419522 1.0515
-0.425527 1.051
-0.431561 1.0505
-0.43757 1.05
-0.443572 1.0495
-0.44982 1.049
-0.455825 1.0485
-0.461847 1.048
-0.467858 1.0475
-0.48013 1.047
-0.486197 1.0465
-0.492212 1.046
-0.498228 1.0455
-0.50425 1.045
-0.510276 1.0445
-0.516305 1.044
-0.522312 1.0435
-0.528343 1.043
-0.534386 1.0425
-0.540391 1.042
-0.546391 1.0415
-0.552392 1.041
-0.558415 1.0405
-0.56443 1.04
-0.570464 1.0395
-0.576468 1.039
-0.582538 1.0385
-0.588563 1.038
-0.594566 1.0375
-0.600573 1.037
-0.606588 1.0365
-0.612603 1.036
-0.61861 1.0355
-0.626695 1.035
-0.632716 1.0345
-0.638728 1.034
-0.644741 1.0335
-0.650761 1.033
-0.656779 1.0325
-0.662794 1.032
-0.66912 1.0315
-0.675129 1.031
-0.681155 1.0305
-0.687176 1.03
-0.693211 1.0295
-0.69922 1.029
-0.705229 1.0285
-0.711241 1.028
-0.717248 1.0275
-0.723253 1.027
-0.729271 1.0265
-0.735306 1.026
-0.74131 1.0255
-0.747335 1.025
-0.753335 1.0245
-0.759358 1.024
-0.766041 1.0235
-0.772056 1.023
-0.780801 1.0225
-0.786826 1.022
-0.79283 1.0215
-0.798842 1.021
-0.804884 1.0205
-0.810888 1.02
-0.816895 1.0195
-0.823771 1.019
-0.829779 1.0185
-0.835803 1.018
-0.841825 1.0175
-0.847834 1.017
-0.853848 1.0165
-0.859848 1.016
-0.865861 1.0155
-0.871869 1.015
-0.877894 1.0145
-0.883912 1.014
-0.889912 1.0135
-0.895922 1.013
-0.903574 1.0125
-0.909575 1.012
-0.915598 1.0115
-0.921606 1.011
-0.927617 1.0105
-0.933617 1.01
-0.939628 1.0095
-0.945639 1.009
-0.951653 1.0085
-0.957661 1.008
-0.963823 1.0075
-0.970292 1.007
-0.976316 1.0065
-0.982323 1.006
-0.98834 1.0055
-0.994344 1.005
-1.00036 1.0045
-1.0064 1.004
-1.0124 1.0035
-1.01843 1.003
-1.02445 1.0025
-1.03046 1.002
-1.03649 1.0015
-1.0425 1.001
-1.04854 1.0005
-1.05455 1
