Man
0 0
0.00393918 0.001
0.000294419 0.002
-0.00392453 0.003
-0.00738088 0.004
-0.0118888 0.005
-0.0165197 0.006
-0.0202347 0.007
-0.0263527 0.008
-0.024007 0.009
-0.0301218 0.01
-0.0370859 0.011
-0.0417201 0.012
-0.0434737 0.013
-0.0495846 0.014
-0.0536949 0.015
-0.0566864 0.016
-0.0620332 0.017
-0.0604334 0.018
-0.0634522 0.019
-0.0666534 0.02
-0.0690583 0.021
-0.0793517 0.022
-0.0822153 0.023
-0.0889757 0.024
-0.0913433 0.025
-0.0929154 0.026
-0.0933765 0.027
-0.0929097 0.028
-0.0981832 0.029
-0.103717 0.03
-0.111581 0.031
-0.113975 0.032
-0.1188 0.033
-0.123303 0.034
-0.128681 0.035
-0.1353 0.036
-0.137021 0.037
-0.14151 0.038
-0.142163 0.039
-0.151799 0.04
-0.152131 0.041
-0.153818 0.042
-0.164767 0.043
-0.165939 0.044
-0.169588 0.045
-0.173794 0.046
-0.175237 0.047
-0.180021 0.048
-0.183145 0.049
-0.186944 0.05
-0.192802 0.051
-0.196804 0.052
-0.196331 0.053
-0.193607 0.054
-0.202081 0.055
-0.205804 0.056
-0.206242 0.057
-0.210217 0.058
-0.217676 0.059
-0.223816 0.06
-0.231529 0.061
-0.235198 0.062
-0.242719 0.063
-0.246242 0.064
-0.250272 0.065
-0.255674 0.066
-0.258029 0.067
-0.256237 0.068
-0.258376 0.069
-0.26132 0.07
-0.269342 0.071
-0.278185 0.072
-0.281426 0.073
-0.287478 0.074
-0.289815 0.075
-0.29523 0.076
-0.303213 0.077
-0.306169 0.078
-0.309056 0.079
-0.312053 0.08
-0.316652 0.081
-0.317661 0.082
-0.318896 0.083
-0.326159 0.084
-0.329486 0.085
-0.330951 0.086
-0.341513 0.087
-0.347175 0.088
-0.351838 0.089
-0.352898 0.09
-0.360163 0.091
-0.366917 0.092
-0.367794 0.093
-0.368861 0.094
-0.373529 0.095
-0.380531 0.096
-0.385359 0.097
-0.386763 0.098
-0.389055 0.099
-0.394567 0.1
-0.401855 0.101
-0.408078 0.102
-0.413422 0.103
-0.416057 0.104
-0.416617 0.105
-0.420263 0.106
-0.425916 0.107
-0.429717 0.108
-0.430928 0.109
-0.43744 0.11
-0.440836 0.111
-0.44491 0.112
-0.449204 0.113
-0.455968 0.114
-0.454709 0.115
-0.464587 0.116
-0.472324 0.117
-0.481225 0.118
-0.483913 0.119
-0.487015 0.12
-0.48876 0.121
-0.495214 0.122
-0.497569 0.123
-0.501913 0.124
-0.506793 0.125
-0.511752 0.126
-0.512254 0.127
-0.515721 0.128
-0.518805 0.129
-0.52313 0.13
-0.524673 0.131
-0.527826 0.132
-0.533146 0.133
-0.536853 0.134
-0.53933 0.135
-0.540345 0.136
-0.544891 0.137
-0.549174 0.138
-0.553227 0.139
-0.556252 0.14
-0.560384 0.141
-0.562402 0.142
-0.569372 0.143
-0.571237 0.144
-0.575802 0.145
-0.580332 0.146
-0.58288 0.147
-0.583202 0.148
-0.586357 0.149
-0.587358 0.15
-0.589521 0.151
-0.591586 0.152
-0.593037 0.153
-0.597722 0.154
-0.600396 0.155
-0.603467 0.156
-0.606188 0.157
-0.609005 0.158
-0.610601 0.159
-0.613033 0.16
-0.613799 0.161
-0.617986 0.162
-0.620221 0.163
-0.622556 0.164
-0.625101 0.165
-0.626608 0.166
-0.629183 0.167
-0.628734 0.168
-0.630687 0.169
-0.632852 0.17
-0.637206 0.171
-0.638688 0.172
-0.640712 0.173
-0.641803 0.174
-0.643851 0.175
-0.645417 0.176
-0.647805 0.177
-0.649429 0.178
-0.651132 0.179
-0.652774 0.18
-0.653719 0.181
-0.655231 0.182
-0.656795 0.183
-0.658125 0.184
-0.660648 0.185
-0.662348 0.186
-0.663856 0.187
-0.665509 0.188
-0.666662 0.189
-0.668477 0.19
-0.670348 0.191
-0.671904 0.192
-0.673697 0.193
-0.673672 0.194
-0.67469 0.195
-0.677021 0.196
-0.678618 0.197
-0.680233 0.198
-0.681311 0.199
-0.682729 0.2
-0.685047 0.201
-0.686209 0.202
-0.687606 0.203
-0.689145 0.204
-0.689338 0.205
-0.690958 0.206
-0.691844 0.207
-0.692502 0.208
-0.693385 0.209
-0.694524 0.21
-0.6953 0.211
-0.696434 0.212
-0.697375 0.213
-0.698811 0.214
-0.700055 0.215
-0.700931 0.216
-0.701786 0.217
-0.702944 0.218
-0.703473 0.219
-0.704475 0.22
-0.706145 0.221
-0.706984 0.222
-0.708123 0.223
-0.709165 0.224
-0.710024 0.225
-0.710882 0.226
-0.711935 0.227
-0.712841 0.228
-0.713842 0.229
-0.715117 0.23
-0.71588 0.231
-0.716336 0.232
-0.717129 0.233
-0.717939 0.234
-0.718814 0.235
-0.719699 0.236
-0.72083 0.237
-0.721434 0.238
-0.722015 0.239
-0.722869 0.24
-0.72379 0.241
-0.724328 0.242
-0.725343 0.243
-0.726348 0.244
-0.727195 0.245
-0.728009 0.246
-0.728825 0.247
-0.729627 0.248
-0.730488 0.249
-0.731188 0.25
-0.732096 0.251
-0.732812 0.252
-0.733667 0.253
-0.734434 0.254
-0.735028 0.255
-0.735836 0.256
-0.736469 0.257
-0.736976 0.258
-0.736638 0.259
-0.737347 0.26
-0.737976 0.261
-0.738823 0.262
-0.739174 0.263
-0.739704 0.264
-0.740548 0.265
-0.741524 0.266
-0.74219 0.267
-0.742928 0.268
-0.743631 0.269
-0.74413 0.27
-0.744836 0.271
-0.745234 0.272
-0.745851 0.273
-0.746795 0.274
-0.747374 0.275
-0.748272 0.276
-0.748563 0.277
-0.749544 0.278
-0.749995 0.279
-0.750405 0.28
-0.750671 0.281
-0.751047 0.282
-0.751507 0.283
-0.752032 0.284
-0.752326 0.285
-0.752595 0.286
-0.753032 0.287
-0.753674 0.288
-0.754318 0.289
-0.754561 0.29
-0.755272 0.291
-0.755686 0.292
-0.755902 0.293
-0.756045 0.294
-0.756365 0.295
-0.756509 0.296
-0.756992 0.297
-0.757694 0.298
-0.75803 0.299
-0.758589 0.3
-0.759152 0.301
-0.759454 0.302
-0.759876 0.303
-0.760283 0.304
-0.760712 0.305
-0.761173 0.306
-0.761903 0.307
-0.762406 0.308
-0.762916 0.309
-0.763406 0.31
-0.763736 0.311
-0.763382 0.312
-0.763975 0.313
-0.764506 0.314
-0.7651 0.315
-0.765084 0.316
-0.765427 0.317
-0.765876 0.318
-0.766071 0.319
-0.766434 0.32
-0.766925 0.321
-0.76734 0.322
-0.767803 0.323
-0.768098 0.324
-0.768599 0.325
-0.769177 0.326
-0.769668 0.327
-0.769905 0.328
-0.770326 0.329
-0.770752 0.33
-0.770901 0.331
-0.771478 0.332
-0.771747 0.333
-0.772075 0.334
-0.772626 0.335
-0.773027 0.336
-0.773319 0.337
-0.773754 0.338
-0.774043 0.339
-0.774438 0.34
-0.774611 0.341
-0.775226 0.342
-0.775374 0.343
-0.775966 0.344
-0.776209 0.345
-0.776448 0.346
-0.776718 0.347
-0.777155 0.348
-0.777407 0.349
-0.777619 0.35
-0.77795 0.351
-0.778431 0.352
-0.77897 0.353
-0.779405 0.354
-0.779695 0.355
-0.780047 0.356
-0.780448 0.357
-0.781036 0.358
-0.781297 0.359
-0.78183 0.36
-0.782088 0.361
-0.782473 0.362
-0.783111 0.363
-0.783356 0.364
-0.78366 0.365
-0.783855 0.366
-0.784113 0.367
-0.784437 0.368
-0.784688 0.369
-0.785043 0.37
-0.785289 0.371
-0.785644 0.372
-0.785796 0.373
-0.786035 0.374
-0.786424 0.375
-0.786797 0.376
-0.786879 0.377
-0.787249 0.378
-0.787503 0.379
-0.787843 0.38
-0.788002 0.381
-0.788112 0.382
-0.78833 0.383
-0.788634 0.384
-0.788771 0.385
-0.789144 0.386
-0.789366 0.387
-0.789781 0.388
-0.789766 0.389
-0.790222 0.39
-0.790315 0.391
-0.790569 0.392
-0.790958 0.393
-0.79118 0.394
-0.791385 0.395
-0.791505 0.396
-0.791846 0.397
-0.791973 0.398
-0.792184 0.399
-0.792265 0.4
-0.792443 0.401
-0.7927 0.402
-0.792824 0.403
-0.793007 0.404
-0.793215 0.405
-0.793379 0.406
-0.79366 0.407
-0.794072 0.408
-0.794073 0.409
-0.794124 0.41
-0.794305 0.411
-0.794581 0.412
-0.794801 0.413
-0.795061 0.414
-0.795237 0.415
-0.795425 0.416
-0.795806 0.417
-0.795896 0.418
-0.796195 0.419
-0.796517 0.42
-0.796722 0.421
-0.796944 0.422
-0.797144 0.423
-0.797319 0.424
-0.7976 0.425
-0.797768 0.426
-0.797978 0.427
-0.798176 0.428
-0.798336 0.429
-0.798553 0.43
-0.798638 0.431
-0.798824 0.432
-0.799067 0.433
-0.799196 0.434
-0.799376 0.435
-0.799548 0.436
-0.79869 0.437
-0.799054 0.438
-0.799222 0.439
-0.799561 0.44
-0.799567 0.441
-0.799854 0.442
-0.800031 0.443
-0.800227 0.444
-0.800303 0.445
-0.800455 0.446
-0.800467 0.447
-0.800665 0.448
-0.799897 0.449
-0.800066 0.45
-0.800039 0.451
-0.80025 0.452
-0.800441 0.453
-0.800576 0.454
-0.800588 0.455
-0.800718 0.456
-0.800834 0.457
-0.800785 0.458
-0.800887 0.459
-0.800982 0.46
-0.801145 0.461
-0.801325 0.462
-0.801541 0.463
-0.801839 0.464
-0.802039 0.465
-0.802322 0.466
-0.802423 0.467
-0.802474 0.468
-0.80264 0.469
-0.803009 0.47
-0.803312 0.471
-0.803462 0.472
-0.803553 0.473
-0.803586 0.474
-0.803757 0.475
-0.804017 0.476
-0.804159 0.477
-0.804308 0.478
-0.804505 0.479
-0.804699 0.48
-0.804926 0.481
-0.805129 0.482
-0.805198 0.483
-0.805517 0.484
-0.805575 0.485
-0.805775 0.486
-0.806029 0.487
-0.806162 0.488
-0.806385 0.489
-0.806546 0.49
-0.806809 0.491
-0.807147 0.492
-0.807347 0.493
-0.80746 0.494
-0.807607 0.495
-0.807954 0.496
-0.808033 0.497
-0.808202 0.498
-0.808252 0.499
-0.808554 0.5
-0.808719 0.501
-0.80888 0.502
-0.809068 0.503
-0.80928 0.504
-0.809317 0.505
-0.809504 0.506
-0.809593 0.507
-0.809944 0.508
-0.810076 0.509
-0.810031 0.51
-0.810087 0.511
-0.810196 0.512
-0.810187 0.513
-0.810416 0.514
-0.810513 0.515
-0.810588 0.516
-0.810738 0.517
-0.81093 0.518
-0.810994 0.519
-0.811172 0.52
-0.811441 0.521
-0.811515 0.522
-0.811561 0.523
-0.811539 0.524
-0.811623 0.525
-0.811806 0.526
-0.811867 0.527
-0.812054 0.528
-0.812205 0.529
-0.812379 0.53
-0.811998 0.531
-0.812257 0.532
-0.812396 0.533
-0.812388 0.534
-0.812488 0.535
-0.812451 0.536
-0.81259 0.537
-0.812674 0.538
-0.812902 0.539
-0.812885 0.54
-0.812927 0.541
-0.813023 0.542
-0.813293 0.543
-0.813483 0.544
-0.813635 0.545
-0.813783 0.546
-0.813942 0.547
-0.814099 0.548
-0.814127 0.549
-0.814261 0.55
-0.814388 0.551
-0.814361 0.552
-0.814474 0.553
-0.814473 0.554
-0.814521 0.555
-0.814686 0.556
-0.81478 0.557
-0.814811 0.558
-0.814948 0.559
-0.815138 0.56
-0.815209 0.561
-0.815389 0.562
-0.815588 0.563
-0.815688 0.564
-0.815887 0.565
-0.816025 0.566
-0.816217 0.567
-0.816245 0.568
-0.816374 0.569
-0.816411 0.57
-0.816584 0.571
-0.816648 0.572
-0.816877 0.573
-0.816893 0.574
-0.817062 0.575
-0.817209 0.576
-0.817309 0.577
-0.817385 0.578
-0.817406 0.579
-0.817584 0.58
-0.817659 0.581
-0.817689 0.582
-0.817821 0.583
-0.818046 0.584
-0.818125 0.585
-0.817867 0.586
-0.817905 0.587
-0.817923 0.588
-0.817951 0.589
-0.81813 0.59
-0.818211 0.591
-0.818361 0.592
-0.818431 0.593
-0.818379 0.594
-0.818357 0.595
-0.818378 0.596
-0.818555 0.597
-0.818621 0.598
-0.818804 0.599
-0.818986 0.6
-0.818973 0.601
-0.819065 0.602
-0.819074 0.603
-0.819223 0.604
-0.81917 0.605
-0.819316 0.606
-0.819421 0.607
-0.819565 0.608
-0.819636 0.609
-0.819605 0.61
-0.819729 0.611
-0.819728 0.612
-0.819785 0.613
-0.819915 0.614
-0.819539 0.615
-0.819642 0.616
-0.819579 0.617
-0.819715 0.618
-0.819802 0.619
-0.819851 0.62
-0.819927 0.621
-0.820026 0.622
-0.820053 0.623
-0.820121 0.624
-0.820162 0.625
-0.820249 0.626
-0.820365 0.627
-0.820384 0.628
-0.820536 0.629
-0.820593 0.63
-0.820659 0.631
-0.820736 0.632
-0.820808 0.633
-0.820918 0.634
-0.82099 0.635
-0.821007 0.636
-0.821082 0.637
-0.821257 0.638
-0.821366 0.639
-0.82146 0.64
-0.821416 0.641
-0.821658 0.642
-0.821779 0.643
-0.821941 0.644
-0.822066 0.645
-0.822017 0.646
-0.822195 0.647
-0.822386 0.648
-0.822478 0.649
-0.82265 0.65
-0.822725 0.651
-0.822867 0.652
-0.822897 0.653
-0.823008 0.654
-0.82306 0.655
-0.823072 0.656
-0.823114 0.657
-0.823234 0.658
-0.823257 0.659
-0.823351 0.66
-0.823437 0.661
-0.823551 0.662
-0.823805 0.663
-0.823907 0.664
-0.824 0.665
-0.82404 0.666
-0.824086 0.667
-0.824181 0.668
-0.824279 0.669
-0.824319 0.67
-0.824405 0.671
-0.824599 0.672
-0.824646 0.673
-0.824708 0.674
-0.824855 0.675
-0.824955 0.676
-0.824996 0.677
-0.825058 0.678
-0.825086 0.679
-0.825069 0.68
-0.825193 0.681
-0.825298 0.682
-0.825505 0.683
-0.825613 0.684
-0.825684 0.685
-0.825757 0.686
-0.825841 0.687
-0.825824 0.688
-0.825907 0.689
-0.825931 0.69
-0.826054 0.691
-0.826179 0.692
-0.826283 0.693
-0.826365 0.694
-0.826464 0.695
-0.826041 0.696
-0.826062 0.697
-0.826196 0.698
-0.826296 0.699
-0.826344 0.7
-0.826472 0.701
-0.826626 0.702
-0.826615 0.703
-0.826687 0.704
-0.826737 0.705
-0.826732 0.706
-0.826756 0.707
-0.826785 0.708
-0.826789 0.709
-0.826951 0.71
-0.827013 0.711
-0.827 0.712
-0.827139 0.713
-0.827217 0.714
-0.827243 0.715
-0.827358 0.716
-0.827437 0.717
-0.827583 0.718
-0.827642 0.719
-0.827754 0.72
-0.82783 0.721
-0.827992 0.722
-0.828054 0.723
-0.828131 0.724
-0.828197 0.725
-0.828241 0.726
-0.828317 0.727
-0.827977 0.728
-0.827987 0.729
-0.828071 0.73
-0.828136 0.731
-0.828252 0.732
-0.828307 0.733
-0.8284 0.734
-0.828428 0.735
-0.828578 0.736
-0.828668 0.737
-0.828747 0.738
-0.828854 0.739
-0.829057 0.74
-0.829158 0.741
-0.829294 0.742
-0.82934 0.743
-0.829487 0.744
-0.829577 0.745
-0.829625 0.746
-0.829672 0.747
-0.829689 0.748
-0.829648 0.749
-0.829662 0.75
-0.829789 0.751
-0.829797 0.752
-0.829892 0.753
-0.830039 0.754
-0.830189 0.755
-0.830254 0.756
-0.830299 0.757
-0.830223 0.758
-0.830348 0.759
-0.83036 0.76
-0.830364 0.761
-0.83035 0.762
-0.830415 0.763
-0.830499 0.764
-0.830536 0.765
-0.829328 0.766
-0.829437 0.767
-0.829437 0.768
-0.829567 0.769
-0.829593 0.77
-0.829607 0.771
-0.829575 0.772
-0.829572 0.773
-0.829657 0.774
-0.829701 0.775
-0.829593 0.776
-0.829662 0.777
-0.829757 0.778
-0.829883 0.779
-0.829962 0.78
-0.830101 0.781
-0.830147 0.782
-0.830153 0.783
-0.830196 0.784
-0.830291 0.785
-0.83027 0.786
-0.830342 0.787
-0.830497 0.788
-0.830441 0.789
-0.830549 0.79
-0.830627 0.791
-0.830665 0.792
-0.830751 0.793
-0.830732 0.794
-0.830777 0.795
-0.830758 0.796
-0.830875 0.797
-0.83096 0.798
-0.830989 0.799
-0.831037 0.8
-0.831013 0.801
-0.83105 0.802
-0.83113 0.803
-0.831234 0.804
-0.831377 0.805
-0.831436 0.806
-0.831537 0.807
-0.83152 0.808
-0.831561 0.809
-0.831582 0.81
-0.831704 0.811
-0.831731 0.812
-0.831825 0.813
-0.83188 0.814
-0.831968 0.815
-0.83201 0.816
-0.832077 0.817
-0.832152 0.818
-0.832261 0.819
-0.832411 0.82
-0.832508 0.821
-0.832563 0.822
-0.832616 0.823
-0.832646 0.824
-0.832623 0.825
-0.832671 0.826
-0.832677 0.827
-0.832786 0.828
-0.832807 0.829
-0.832759 0.83
-0.832889 0.831
-0.832971 0.832
-0.833139 0.833
-0.833157 0.834
-0.833252 0.835
-0.833332 0.836
-0.83338 0.837
-0.835662 0.838
-0.835676 0.839
-0.835751 0.84
-0.835828 0.841
-0.835813 0.842
-0.837673 0.843
-0.837765 0.844
-0.837646 0.845
-0.837709 0.846
-0.837765 0.847
-0.837888 0.848
-0.836467 0.849
-0.8365 0.85
-0.836489 0.851
-0.836603 0.852
-0.836691 0.853
-0.836795 0.854
-0.836841 0.855
-0.836891 0.856
-0.836881 0.857
-0.836822 0.858
-0.836875 0.859
-0.836849 0.86
-0.836849 0.861
-0.836934 0.862
-0.837011 0.863
-0.837131 0.864
-0.837193 0.865
-0.837292 0.866
-0.837348 0.867
-0.837393 0.868
-0.837486 0.869
-0.837523 0.87
-0.837526 0.871
-0.837563 0.872
-0.837622 0.873
-0.837675 0.874
-0.837709 0.875
-0.837726 0.876
-0.8378 0.877
-0.837765 0.878
-0.83776 0.879
-0.837795 0.88
-0.837881 0.881
-0.839578 0.882
-0.839637 0.883
-0.839676 0.884
-0.839739 0.885
-0.839733 0.886
-0.83981 0.887
-0.839848 0.888
-0.839879 0.889
-0.839948 0.89
-0.840032 0.891
-0.840137 0.892
-0.840151 0.893
-0.840217 0.894
-0.840196 0.895
-0.840225 0.896
-0.840294 0.897
-0.840356 0.898
-0.840356 0.899
-0.840412 0.9
-0.840537 0.901
-0.840442 0.902
-0.840459 0.903
-0.840524 0.904
-0.840566 0.905
-0.840624 0.906
-0.840689 0.907
-0.840727 0.908
-0.840801 0.909
-0.840839 0.91
-0.840908 0.911
-0.841009 0.912
-0.84104 0.913
-0.841103 0.914
-0.84118 0.915
-0.841185 0.916
-0.841181 0.917
-0.841247 0.918
-0.841231 0.919
-0.841304 0.92
-0.841359 0.921
-0.841391 0.922
-0.841404 0.923
-0.841451 0.924
-0.841517 0.925
-0.841592 0.926
-0.841646 0.927
-0.84173 0.928
-0.841716 0.929
-0.841786 0.93
-0.841872 0.931
-0.841944 0.932
-0.841931 0.933
-0.841991 0.934
-0.842107 0.935
-0.842143 0.936
-0.842235 0.937
-0.842299 0.938
-0.842315 0.939
-0.842374 0.94
-0.842436 0.941
-0.842488 0.942
-0.842609 0.943
-0.842628 0.944
-0.842625 0.945
-0.842671 0.946
-0.842721 0.947
-0.842834 0.948
-0.842834 0.949
-0.84281 0.95
-0.842837 0.951
-0.842848 0.952
-0.842926 0.953
-0.84293 0.954
-0.843052 0.955
-0.843031 0.956
-0.843087 0.957
-0.843127 0.958
-0.843136 0.959
-0.843128 0.96
-0.84248 0.961
-0.842517 0.962
-0.842526 0.963
-0.842314 0.964
-0.842311 0.965
-0.842362 0.966
-0.842396 0.967
-0.842359 0.968
-0.842429 0.969
-0.842464 0.97
-0.84253 0.971
-0.842583 0.972
-0.842635 0.973
-0.842677 0.974
-0.842732 0.975
-0.842734 0.976
-0.842727 0.977
-0.842816 0.978
-0.842791 0.979
-0.842842 0.98
-0.84288 0.981
-0.842835 0.982
-0.84285 0.983
-0.842874 0.984
-0.842878 0.985
-0.842922 0.986
-0.843004 0.987
-0.843062 0.988
-0.843087 0.989
-0.843124 0.99
-0.843155 0.991
-0.843216 0.992
-0.843202 0.993
-0.843293 0.994
-0.843382 0.995
-0.843357 0.996
-0.843411 0.997
-0.843431 0.998
-0.843445 0.999
-0.843528 1


Shark
3.14159 1.5
3.13769 1.4995
3.13379 1.499
3.12989 1.4985
3.12599 1.498
3.12209 1.4975
3.11819 1.497
3.11429 1.4965
3.11038 1.496
3.10648 1.4955
3.10258 1.495
3.09867 1.4945
3.09476 1.494
3.09086 1.4935
3.08695 1.493
3.08304 1.4925
3.07914 1.492
3.07522 1.4915
3.07132 1.491
3.06741 1.4905
3.06351 1.49
3.0596 1.4895
3.05561 1.489
3.0517 1.4885
3.04775 1.488
3.04384 1.4875
3.03994 1.487
3.03604 1.4865
3.03214 1.486
3.0282 1.4855
3.02424 1.485
3.02023 1.4845
3.01632 1.484
3.01238 1.4835
3.00843 1.483
3.00446 1.4825
3.00046 1.482
2.99655 1.4815
2.9926 1.481
2.98869 1.4805
2.98452 1.48
2.98062 1.4795
2.97671 1.479
2.97241 1.4785
2.96851 1.478
2.96455 1.4775
2.96058 1.477
2.95667 1.4765
2.95267 1.476
2.94873 1.4755
2.94476 1.475
2.9407 1.4745
2.93671 1.474
2.93281 1.4735
2.92887 1.473
2.92457 1.4725
2.92059 1.472
2.91669 1.4715
2.91269 1.471
2.90844 1.4705
2.90428 1.47
2.89998 1.4695
2.89598 1.469
2.89167 1.4685
2.88768 1.468
2.88365 1.4675
2.87951 1.467
2.87556 1.4665
2.87163 1.466
2.86769 1.4655
2.86371 1.465
2.85923 1.4645
2.85462 1.464
2.85061 1.4635
2.84634 1.463
2.84238 1.4625
2.83817 1.462
2.8336 1.4615
2.8296 1.461
2.8256 1.4605
2.82159 1.46
2.81743 1.4595
2.81352 1.459
2.8096 1.4585
2.80504 1.458
2.80099 1.4575
2.79706 1.457
2.79177 1.4565
2.78742 1.456
2.7832 1.4555
2.77929 1.455
2.77462 1.4545
2.77003 1.454
2.76612 1.4535
2.7622 1.453
2.75794 1.4525
2.75325 1.452
2.74894 1.4515
2.74501 1.451
2.74101 1.4505
2.73656 1.45
2.73173 1.4495
2.72711 1.449
2.72267 1.4485
2.71863 1.448
2.71472 1.4475
2.71054 1.447
2.70599 1.4465
2.70178 1.446
2.69784 1.4455
2.69305 1.445
2.68889 1.4445
2.6846 1.444
2.68027 1.4435
2.67535 1.443
2.67141 1.4425
2.6655 1.442
2.66025 1.4415
2.6546 1.441
2.65051 1.4405
2.64635 1.44
2.64237 1.4395
2.63741 1.439
2.63335 1.4385
2.62893 1.438
2.62436 1.4375
2.61977 1.437
2.61586 1.4365
2.6116 1.436
2.6074 1.4355
2.60293 1.435
2.59895 1.4345
2.59473 1.434
2.58996 1.4335
2.58561 1.433
2.5815 1.4325
2.57756 1.432
2.57297 1.4315
2.56844 1.431
2.56397 1.4305
2.55974 1.43
2.55523 1.4295
2.55117 1.429
2.54568 1.4285
2.54164 1.428
2.53697 1.4275
2.5323 1.427
2.52813 1.4265
2.52423 1.426
2.51992 1.4255
2.51598 1.425
2.51188 1.4245
2.50779 1.424
2.5038 1.4235
2.49899 1.423
2.49477 1.4225
2.49045 1.422
2.48621 1.4215
2.48195 1.421
2.47792 1.4205
2.47374 1.42
2.46981 1.4195
2.4651 1.419
2.46095 1.4185
2.45678 1.418
2.45255 1.4175
2.44853 1.417
2.44429 1.4165
2.44038 1.416
2.43627 1.4155
2.43212 1.415
2.42726 1.4145
2.42324 1.414
2.41911 1.4135
2.41514 1.413
2.41099 1.4125
2.40695 1.412
2.40272 1.4115
2.39866 1.411
2.39458 1.4105
2.39052 1.41
2.38656 1.4095
2.38252 1.409
2.37846 1.4085
2.37445 1.408
2.37014 1.4075
2.36606 1.407
2.362 1.4065
2.35792 1.406
2.35393 1.4055
2.34981 1.405
2.34567 1.4045
2.3416 1.404
2.33747 1.4035
2.33357 1.403
2.32959 1.4025
2.32531 1.402
2.32122 1.4015
2.31713 1.401
2.31314 1.4005
2.30909 1.4
2.30479 1.3995
2.30078 1.399
2.29673 1.3985
2.29264 1.398
2.28874 1.3975
2.28463 1.397
2.28066 1.3965
2.27673 1.396
2.27276 1.3955
2.26875 1.395
2.2648 1.3945
2.26079 1.394
2.25681 1.3935
2.25273 1.393
2.2487 1.3925
2.24473 1.392
2.24076 1.3915
2.23674 1.391
2.23281 1.3905
2.22882 1.39
2.22466 1.3895
2.2207 1.389
2.21667 1.3885
2.21267 1.388
2.2087 1.3875
2.20472 1.387
2.20072 1.3865
2.19673 1.386
2.19273 1.3855
2.18867 1.385
2.18471 1.3845
2.18079 1.384
2.17682 1.3835
2.17285 1.383
2.16887 1.3825
2.16489 1.382
2.16085 1.3815
2.15691 1.381
2.15297 1.3805
2.14899 1.38
2.145 1.3795
2.14107 1.379
2.13705 1.3785
2.13303 1.378
2.12905 1.3775
2.12507 1.377
2.1211 1.3765
2.11712 1.376
2.11313 1.3755
2.10917 1.375
2.10517 1.3745
2.10121 1.374
2.09722 1.3735
2.09325 1.373
2.0893 1.3725
2.08532 1.372
2.08137 1.3715
2.07744 1.371
2.07352 1.3705
2.06956 1.37
2.0656 1.3695
2.06161 1.369
2.05769 1.3685
2.05376 1.368
2.04976 1.3675
2.04573 1.367
2.04177 1.3665
2.03779 1.366
2.03383 1.3655
2.02989 1.365
2.02592 1.3645
2.022 1.364
2.01804 1.3635
2.01401 1.363
2.01007 1.3625
2.00605 1.362
2.00214 1.3615
1.99809 1.361
1.99416 1.3605
1.99024 1.36
1.98633 1.3595
1.9824 1.359
1.97847 1.3585
1.97453 1.358
1.97062 1.3575
1.9667 1.357
1.96277 1.3565
1.95881 1.356
1.95484 1.3555
1.95093 1.355
1.94695 1.3545
1.94302 1.354
1.93911 1.3535
1.93521 1.353
1.93129 1.3525
1.92739 1.352
1.92345 1.3515
1.91946 1.351
1.91554 1.3505
1.91159 1.35
1.90763 1.3495
1.90372 1.349
1.89979 1.3485
1.89586 1.348
1.89192 1.3475
1.88799 1.347
1.88399 1.3465
1.88004 1.346
1.8761 1.3455
1.87215 1.345
1.86823 1.3445
1.86431 1.344
1.86034 1.3435
1.85639 1.343
1.85242 1.3425
1.84852 1.342
1.8446 1.3415
1.84066 1.341
1.83675 1.3405
1.83282 1.34
1.82888 1.3395
1.82494 1.339
1.821 1.3385
1.81708 1.338
1.81313 1.3375
1.80916 1.337
1.80521 1.3365
1.8013 1.336
1.79736 1.3355
1.79342 1.335
1.78952 1.3345
1.78555 1.334
1.78163 1.3335
1.77771 1.333
1.77374 1.3325
1.76981 1.332
1.76589 1.3315
1.76195 1.331
1.75803 1.3305
1.75409 1.33
1.75019 1.3295
1.7462 1.329
1.7423 1.3285
1.73832 1.328
1.7344 1.3275
1.73049 1.327
1.72657 1.3265
1.72263 1.326
1.71871 1.3255
1.7148 1.325
1.71088 1.3245
1.70692 1.324
1.70295 1.3235
1.69901 1.323
1.69509 1.3225
1.69115 1.322
1.68722 1.3215
1.68323 1.321
1.67931 1.3205
1.67534 1.32
1.67142 1.3195
1.66749 1.319
1.66348 1.3185
1.65957 1.318
1.65565 1.3175
1.65174 1.317
1.64782 1.3165
1.64389 1.316
1.63997 1.3155
1.63604 1.315
1.63212 1.3145
1.62819 1.314
1.62428 1.3135
1.62037 1.313
1.61643 1.3125
1.61249 1.312
1.60859 1.3115
1.60465 1.311
1.60073 1.3105
1.5968 1.31
1.59289 1.3095
1.58899 1.309
1.58507 1.3085
1.58115 1.308
1.57724 1.3075
1.5733 1.307
1.56939 1.3065
1.56544 1.306
1.56154 1.3055
1.55758 1.305
1.55367 1.3045
1.54976 1.304
1.54581 1.3035
1.5419 1.303
1.53798 1.3025
1.53408 1.302
1.53014 1.3015
1.52624 1.301
1.52232 1.3005
1.51842 1.3
1.51451 1.2995
1.51059 1.299
1.50669 1.2985
1.50278 1.298
1.49886 1.2975
1.49495 1.297
1.49103 1.2965
1.48707 1.296
1.48317 1.2955
1.47927 1.295
1.47536 1.2945
1.47144 1.294
1.46752 1.2935
1.4636 1.293
1.45969 1.2925
1.45578 1.292
1.45183 1.2915
1.44792 1.291
1.44399 1.2905
1.44006 1.29
1.43614 1.2895
1.43223 1.289
1.42831 1.2885
1.4244 1.288
1.42048 1.2875
1.41657 1.287
1.41265 1.2865
1.40874 1.286
1.40483 1.2855
1.40091 1.285
1.39701 1.2845
1.39309 1.284
1.38917 1.2835
1.38527 1.283
1.38136 1.2825
1.37744 1.282
1.37328 1.2815
1.36933 1.281
1.36542 1.2805
1.36148 1.28
1.35758 1.2795
1.35365 1.279
1.34973 1.2785
1.34582 1.278
1.34192 1.2775
1.33801 1.277
1.33411 1.2765
1.33019 1.276
1.32607 1.2755
1.32216 1.275
1.31826 1.2745
1.31434 1.274
1.31042 1.2735
1.30652 1.273
1.30262 1.2725
1.29871 1.272
1.2948 1.2715
1.2909 1.271
1.287 1.2705
1.28309 1.27
1.27918 1.2695
1.27527 1.269
1.27135 1.2685
1.26741 1.268
1.2635 1.2675
1.25956 1.267
1.25566 1.2665
1.25176 1.266
1.24785 1.2655
1.24389 1.265
1.23995 1.2645
1.23604 1.264
1.23214 1.2635
1.22824 1.263
1.22432 1.2625
1.22039 1.262
1.21648 1.2615
1.21257 1.261
1.20866 1.2605
1.20474 1.26
1.20082 1.2595
1.1969 1.259
1.193 1.2585
1.18905 1.258
1.18515 1.2575
1.18123 1.257
1.1773 1.2565
1.17339 1.256
1.16947 1.2555
1.16556 1.255
1.16162 1.2545
1.15767 1.254
1.15375 1.2535
1.14985 1.253
1.14594 1.2525
1.14198 1.252
1.13808 1.2515
1.13416 1.251
1.13026 1.2505
1.12632 1.25
1.1224 1.2495
1.11849 1.249
1.11457 1.2485
1.11065 1.248
1.10675 1.2475
1.10283 1.247
1.09893 1.2465
1.09497 1.246
1.09106 1.2455
1.08716 1.245
1.08326 1.2445
1.07935 1.244
1.07545 1.2435
1.07152 1.243
1.06762 1.2425
1.06372 1.242
1.0598 1.2415
1.05588 1.241
1.05198 1.2405
1.04807 1.24
1.04413 1.2395
1.04022 1.239
1.03632 1.2385
1.03242 1.238
1.02852 1.2375
1.0246 1.237
1.0207 1.2365
1.01678 1.236
1.01287 1.2355
1.00895 1.235
1.00497 1.2345
1.00104 1.234
0.997125 1.2335
0.993225 1.233
0.98932 1.2325
0.985419 1.232
0.981508 1.2315
0.977604 1.231
0.973675 1.2305
0.969775 1.23
0.965874 1.2295
0.961969 1.229
0.958027 1.2285
0.954106 1.228
0.950193 1.2275
0.94628 1.227
0.942365 1.2265
0.938451 1.226
0.934551 1.2255
0.93064 1.225
0.92673 1.2245
0.92283 1.224
0.918922 1.2235
0.915022 1.223
0.911121 1.2225
0.907205 1.222
0.903299 1.2215
0.899399 1.221
0.895487 1.2205
0.891565 1.22
0.887662 1.2195
0.883742 1.219
0.879818 1.2185
0.875912 1.218
0.871987 1.2175
0.868075 1.217
0.864153 1.2165
0.860252 1.216
0.856342 1.2155
0.852441 1.215
0.848522 1.2145
0.844619 1.214
0.840686 1.2135
0.836786 1.213
0.832868 1.2125
0.828953 1.212
0.825047 1.2115
0.821143 1.211
0.817243 1.2105
0.813322 1.21
0.809419 1.2095
0.805518 1.209
0.801606 1.2085
0.797673 1.208
0.793769 1.2075
0.789825 1.207
0.785924 1.2065
0.782024 1.206
0.778123 1.2055
0.774201 1.205
0.770297 1.2045
0.766381 1.204
0.762478 1.2035
0.758576 1.203
0.754676 1.2025
0.750776 1.202
0.746854 1.2015
0.742951 1.201
0.739028 1.2005
0.735104 1.2
0.731204 1.1995
0.727298 1.199
0.723398 1.1985
0.719482 1.198
0.71558 1.1975
0.711665 1.197
0.707757 1.1965
0.703842 1.196
0.699939 1.1955
0.696038 1.195
0.692127 1.1945
0.688227 1.194
0.684325 1.1935
0.680412 1.193
0.67641 1.1925
0.672502 1.192
0.668599 1.1915
0.664685 1.191
0.660779 1.1905
0.656878 1.19
0.652973 1.1895
0.649066 1.189
0.645165 1.1885
0.641262 1.188
0.637361 1.1875
0.633455 1.187
0.629544 1.1865
0.625644 1.186
0.621726 1.1855
0.617824 1.185
0.613921 1.1845
0.610016 1.184
0.606112 1.1835
0.602202 1.183
0.598298 1.1825
0.594398 1.182
0.590494 1.1815
0.586569 1.181
0.58266 1.1805
0.578753 1.18
0.574851 1.1795
0.570905 1.179
0.566993 1.1785
0.563072 1.178
0.559159 1.1775
0.555257 1.177
0.551332 1.1765
0.547402 1.176
0.543495 1.1755
0.53957 1.175
0.535666 1.1745
0.531749 1.174
0.527848 1.1735
0.523938 1.173
0.520036 1.1725
0.516136 1.172
0.512234 1.1715
0.508322 1.171
0.504422 1.1705
0.500514 1.17
0.496608 1.1695
0.492697 1.169
0.488742 1.1685
0.484833 1.168
0.480926 1.1675
0.477024 1.167
0.473122 1.1665
0.469215 1.166
0.465306 1.1655
0.461405 1.165
0.457498 1.1645
0.453566 1.164
0.449664 1.1635
0.44576 1.163
0.441841 1.1625
0.437932 1.162
0.434031 1.1615
0.430127 1.161
0.426227 1.1605
0.422326 1.16
0.418413 1.1595
0.414503 1.159
0.410564 1.1585
0.406653 1.158
0.402748 1.1575
0.398844 1.157
0.394937 1.1565
0.391037 1.156
0.38713 1.1555
0.38323 1.155
0.379316 1.1545
0.375401 1.154
0.371491 1.1535
0.367585 1.153
0.363676 1.1525
0.35961 1.152
0.35571 1.1515
0.351793 1.151
0.347884 1.1505
0.343981 1.15
0.340066 1.1495
0.336143 1.149
0.332243 1.1485
0.328338 1.148
0.324435 1.1475
0.320535 1.147
0.316635 1.1465
0.312734 1.146
0.308834 1.1455
0.304908 1.145
0.301004 1.1445
0.297104 1.144
0.293185 1.1435
0.289279 1.143
0.285378 1.1425
0.281465 1.142
0.277559 1.1415
0.273637 1.141
0.269734 1.1405
0.265821 1.14
0.261916 1.1395
0.257989 1.139
0.254085 1.1385
0.250179 1.138
0.246275 1.1375
0.242373 1.137
0.238467 1.1365
0.23445 1.136
0.23055 1.1355
0.226642 1.135
0.222738 1.1345
0.218824 1.134
0.214921 1.1335
0.211011 1.133
0.207111 1.1325
0.203187 1.132
0.199279 1.1315
0.195372 1.131
0.19146 1.1305
0.187516 1.13
0.183605 1.1295
0.179685 1.129
0.175783 1.1285
0.17186 1.128
0.167951 1.1275
0.164049 1.127
0.160146 1.1265
0.156246 1.126
0.152344 1.1255
0.148444 1.125
0.144526 1.1245
0.140626 1.124
0.136716 1.1235
0.132792 1.123
0.128867 1.1225
0.124963 1.122
0.12106 1.1215
0.117154 1.121
0.113236 1.1205
0.109336 1.12
0.105436 1.1195
0.101536 1.119
0.0976311 1.1185
0.0937229 1.118
0.0898214 1.1175
0.084509 1.117
0.0805955 1.1165
0.0766955 1.116
0.0727761 1.1155
0.0688754 1.115
0.0649751 1.1145
0.0610739 1.114
0.0571739 1.1135
0.0532656 1.113
0.0493634 1.1125
0.0454497 1.112
0.041544 1.1115
0.0376333 1.111
0.0337146 1.1105
0.0298073 1.11
0.0258845 1.1095
0.0219819 1.109
0.0180819 1.1085
0.0141797 1.108
0.0102688 1.1075
0.00636821 1.107
0.00246179 1.1065
-0.00146692 1.106
-0.00537074 1.1055
-0.00928506 1.105
-0.0131924 1.1045
-0.0170941 1.104
-0.0210032 1.1035
-0.0249036 1.103
-0.028806 1.1025
-0.0327064 1.102
-0.0366233 1.1015
-0.0405323 1.101
-0.0444334 1.1005
-0.0483363 1.1
-0.052237 1.0995
-0.0561386 1.099
-0.0600466 1.0985
-0.0639602 1.098
-0.0678862 1.0975
-0.0717905 1.097
-0.0757034 1.0965
-0.0796038 1.096
-0.0835059 1.0955
-0.0874065 1.095
-0.0913256 1.0945
-0.0952265 1.094
-0.0991379 1.0935
-0.103042 1.093
-0.106952 1.0925
-0.110854 1.092
-0.11476 1.0915
-0.118667 1.091
-0.122583 1.0905
-0.126512 1.09
-0.130425 1.0895
-0.134329 1.089
-0.138232 1.0885
-0.142133 1.088
-0.146034 1.0875
-0.149937 1.087
-0.153837 1.0865
-0.157753 1.086
-0.161654 1.0855
-0.165557 1.085
-0.169479 1.0845
-0.173389 1.084
-0.177327 1.0835
-0.181227 1.083
-0.185139 1.0825
-0.189048 1.082
-0.192951 1.0815
-0.201361 1.081
-0.205262 1.0805
-0.209169 1.08
-0.213078 1.0795
-0.216978 1.079
-0.224227 1.0785
-0.228139 1.078
-0.232059 1.0775
-0.235964 1.077
-0.239869 1.0765
-0.24379 1.076
-0.249899 1.0755
-0.253801 1.075
-0.257701 1.0745
-0.261619 1.074
-0.26553 1.0735
-0.269446 1.073
-0.273349 1.0725
-0.277252 1.072
-0.281152 1.0715
-0.285057 1.071
-0.288961 1.0705
-0.292862 1.07
-0.296762 1.0695
-0.300673 1.069
-0.304581 1.0685
-0.308502 1.068
-0.312408 1.0675
-0.316322 1.067
-0.320226 1.0665
-0.324129 1.066
-0.328042 1.0655
-0.331944 1.065
-0.335844 1.0645
-0.339746 1.064
-0.343651 1.0635
-0.347556 1.063
-0.351457 1.0625
-0.355358 1.062
-0.359266 1.0615
-0.363167 1.061
-0.367068 1.0605
-0.370969 1.06
-0.374881 1.0595
-0.381898 1.059
-0.385803 1.0585
-0.389706 1.058
-0.393612 1.0575
-0.397512 1.057
-0.401421 1.0565
-0.405323 1.056
-0.409225 1.0555
-0.413132 1.055
-0.417043 1.0545
-0.42096 1.054
-0.42486 1.0535
-0.428767 1.053
-0.432668 1.0525
-0.436569 1.052
-0.440477 1.0515
-0.444383 1.051
-0.448283 1.0505
-0.452188 1.05
-0.456112 1.0495
-0.460026 1.049
-0.463927 1.0485
-0.467834 1.048
-0.471736 1.0475
-0.475642 1.047
-0.479548 1.0465
-0.483451 1.046
-0.48736 1.0455
-0.491262 1.045
-0.49517 1.0445
-0.499086 1.044
-0.502988 1.0435
-0.506894 1.043
-0.510804 1.0425
-0.514704 1.042
-0.518604 1.0415
-0.522511 1.041
-0.526411 1.0405
-0.53032 1.04
-0.534225 1.0395
-0.538127 1.039
-0.542027 1.0385
-0.545931 1.038
-0.549838 1.0375
-0.553747 1.037
-0.557652 1.0365
-0.561564 1.036
-0.565465 1.0355
-0.569373 1.035
-0.573285 1.0345
-0.577194 1.034
-0.581094 1.0335
-0.585 1.033
-0.588923 1.0325
-0.592825 1.032
-0.59674 1.0315
-0.600647 1.031
-0.604547 1.0305
-0.608453 1.03
-0.61236 1.0295
-0.616265 1.029
-0.62019 1.0285
-0.62409 1.028
-0.62799 1.0275
-0.631894 1.027
-0.635798 1.0265
-0.639721 1.026
-0.643621 1.0255
-0.647522 1.025
-0.651423 1.0245
-0.655323 1.024
-0.659234 1.0235
-0.663134 1.023
-0.66706 1.0225
-0.670961 1.022
-0.674867 1.0215
-0.67877 1.021
-0.68267 1.0205
-0.68657 1.02
-0.691164 1.0195
-0.695066 1.019
-0.698966 1.0185
-0.702946 1.018
-0.706846 1.0175
-0.710751 1.017
-0.714653 1.0165
-0.718556 1.016
-0.722465 1.0155
-0.726367 1.015
-0.730275 1.0145
-0.73418 1.014
-0.738085 1.0135
-0.741988 1.013
-0.745894 1.0125
-0.749794 1.012
-0.753694 1.0115
-0.757609 1.011
-0.76151 1.0105
-0.765415 1.01
-0.769317 1.0095
-0.773221 1.009
-0.777122 1.0085
-0.781023 1.008
-0.784923 1.0075
-0.788827 1.007
-0.792739 1.0065
-0.796646 1.006
-0.800547 1.0055
-0.804449 1.005
-0.808351 1.0045
-0.812258 1.004
-0.816159 1.0035
-0.820075 1.003
-0.82399 1.0025
-0.827891 1.002
-0.831797 1.0015
-0.835697 1.001
-0.839598 1.0005
-0.843511 1
