Man
0 0
0.015081 0.0005
0.0240346 0.001
0.0464861 0.0015
0.0414741 0.002
0.033934 0.0025
0.0423178 0.003
0.039492 0.0035
0.0286131 0.004
0.0299582 0.0045
0.0418588 0.005
0.0446594 0.0055
0.0346743 0.006
0.0189515 0.0065
0.0384195 0.007
0.0381718 0.0075
0.046275 0.008
0.0395517 0.0085
0.0413743 0.009
0.0334324 0.0095
0.0348279 0.01
0.0251028 0.0105
0.0079138 0.011
0.00852697 0.0115
0.00404422 0.012
-0.0155303 0.0125
-0.0116665 0.013
-0.0105253 0.0135
-0.00518349 0.014
-0.00568334 0.0145
-0.0118353 0.015
-0.0147436 0.0155
-0.01394 0.016
-0.0242976 0.0165
-0.0252676 0.017
-0.0252075 0.0175
-0.0419729 0.018
-0.0356176 0.0185
-0.0259238 0.019
-0.0435866 0.0195
-0.0317914 0.02
-0.021581 0.0205
-0.0367912 0.021
-0.0491979 0.0215
-0.058893 0.022
-0.0559136 0.0225
-0.0578203 0.023
-0.0613844 0.0235
-0.0494373 0.024
-0.0540422 0.0245
-0.0589403 0.025
-0.0478736 0.0255
-0.0290726 0.026
-0.0284337 0.0265
-0.0433099 0.027
-0.0525083 0.0275
-0.0592149 0.028
-0.0708695 0.0285
-0.0737552 0.029
-0.0996749 0.0295
-0.101921 0.03
-0.0962219 0.0305
-0.0961673 0.031
-0.109059 0.0315
-0.116495 0.032
-0.115811 0.0325
-0.111151 0.033
-0.11494 0.0335
-0.121193 0.034
-0.120452 0.0345
-0.13437 0.035
-0.160862 0.0355
-0.15638 0.036
-0.162283 0.0365
-0.175728 0.037
-0.165649 0.0375
-0.16874 0.038
-0.162109 0.0385
-0.151549 0.039
-0.17645 0.0395
-0.177701 0.04
-0.176857 0.0405
-0.194605 0.041
-0.194853 0.0415
-0.195881 0.042
-0.187975 0.0425
-0.197745 0.043
-0.201979 0.0435
-0.207513 0.044
-0.201078 0.0445
-0.214262 0.045
-0.202627 0.0455
-0.207103 0.046
-0.21835 0.0465
-0.20718 0.047
-0.204231 0.0475
-0.196913 0.048
-0.197295 0.0485
-0.201116 0.049
-0.201424 0.0495
-0.205516 0.05
-0.205976 0.0505
-0.220624 0.051
-0.229943 0.0515
-0.21931 0.052
-0.223195 0.0525
-0.216511 0.053
-0.220233 0.0535
-0.222634 0.054
-0.228769 0.0545
-0.229251 0.055
-0.254395 0.0555
-0.260292 0.056
-0.270802 0.0565
-0.276676 0.057
-0.273394 0.0575
-0.272204 0.058
-0.267996 0.0585
-0.279132 0.059
-0.285581 0.0595
-0.29548 0.06
-0.301386 0.0605
-0.296746 0.061
-0.298106 0.0615
-0.300139 0.062
-0.29864 0.0625
-0.297354 0.063
-0.302263 0.0635
-0.298653 0.064
-0.297576 0.0645
-0.303102 0.065
-0.305549 0.0655
-0.307173 0.066
-0.30914 0.0665
-0.311301 0.067
-0.31215 0.0675
-0.324201 0.068
-0.32554 0.0685
-0.317137 0.069
-0.320449 0.0695
-0.337891 0.07
-0.340453 0.0705
-0.342211 0.071
-0.346788 0.0715
-0.351268 0.072
-0.368066 0.0725
-0.374045 0.073
-0.378078 0.0735
-0.38116 0.074
-0.383824 0.0745
-0.382165 0.075
-0.386168 0.0755
-0.389753 0.076
-0.397957 0.0765
-0.399705 0.077
-0.40142 0.0775
-0.404789 0.078
-0.401292 0.0785
-0.405596 0.079
-0.40107 0.0795
-0.406749 0.08
-0.403966 0.0805
-0.407874 0.081
-0.408805 0.0815
-0.411797 0.082
-0.411046 0.0825
-0.421693 0.083
-0.418591 0.0835
-0.423721 0.084
-0.425219 0.0845
-0.42941 0.085
-0.446701 0.0855
-0.451441 0.086
-0.454639 0.0865
-0.458184 0.087
-0.4609 0.0875
-0.462334 0.088
-0.465756 0.0885
-0.465049 0.089
-0.466741 0.0895
-0.468489 0.09
-0.472778 0.0905
-0.476849 0.091
-0.473427 0.0915
-0.476217 0.092
-0.47728 0.0925
-0.479512 0.093
-0.482156 0.0935
-0.480142 0.094
-0.489615 0.0945
-0.49058 0.095
-0.494894 0.0955
-0.497384 0.096
-0.508364 0.0965
-0.51136 0.097
-0.515098 0.0975
-0.513066 0.098
-0.515614 0.0985
-0.518325 0.099
-0.518247 0.0995
-0.517096 0.1
-0.519053 0.1005
-0.521166 0.101
-0.532989 0.1015
-0.536821 0.102
-0.537845 0.1025
-0.541099 0.103
-0.542635 0.1035
-0.550882 0.104
-0.550593 0.1045
-0.550061 0.105
-0.557386 0.1055
-0.560589 0.106
-0.557359 0.1065
-0.557868 0.107
-0.562156 0.1075
-0.574691 0.108
-0.57545 0.1085
-0.579086 0.109
-0.585684 0.1095
-0.587862 0.11
-0.591431 0.1105
-0.593896 0.111
-0.595717 0.1115
-0.599098 0.112
-0.602287 0.1125
-0.60415 0.113
-0.607247 0.1135
-0.61094 0.114
-0.613366 0.1145
-0.617203 0.115
-0.619656 0.1155
-0.622173 0.116
-0.614314 0.1165
-0.622815 0.117
-0.624464 0.1175
-0.630493 0.118
-0.633987 0.1185
-0.636228 0.119
-0.639971 0.1195
-0.642148 0.12
-0.6485 0.1205
-0.649705 0.121
-0.653424 0.1215
-0.656207 0.122
-0.661242 0.1225
-0.664922 0.123
-0.669463 0.1235
-0.671658 0.124
-0.673217 0.1245
-0.674842 0.125
-0.678456 0.1255
-0.680363 0.126
-0.682194 0.1265
-0.688077 0.127
-0.690999 0.1275
-0.694098 0.128
-0.698982 0.1285
-0.701323 0.129
-0.703339 0.1295
-0.707326 0.13
-0.709745 0.1305
-0.711815 0.131
-0.714365 0.1315
-0.715996 0.132
-0.718722 0.1325
-0.72212 0.133
-0.724632 0.1335
-0.727079 0.134
-0.730484 0.1345
-0.733559 0.135
-0.737471 0.1355
-0.740695 0.136
-0.742938 0.1365
-0.74488 0.137
-0.747659 0.1375
-0.750479 0.138
-0.753244 0.1385
-0.756668 0.139
-0.759824 0.1395
-0.762672 0.14
-0.765678 0.1405
-0.76957 0.141
-0.770349 0.1415
-0.773245 0.142
-0.77735 0.1425
-0.779846 0.143
-0.783113 0.1435
-0.786456 0.144
-0.788724 0.1445
-0.791893 0.145
-0.795463 0.1455
-0.796608 0.146
-0.800096 0.1465
-0.803388 0.147
-0.807189 0.1475
-0.810627 0.148
-0.814301 0.1485
-0.817536 0.149
-0.820179 0.1495
-0.823864 0.15
-0.826474 0.1505
-0.829883 0.151
-0.833153 0.1515
-0.83578 0.152
-0.838935 0.1525
-0.842011 0.153
-0.8452 0.1535
-0.847985 0.154
-0.849831 0.1545
-0.853612 0.155
-0.855749 0.1555
-0.859951 0.156
-0.862849 0.1565
-0.866613 0.157
-0.869524 0.1575
-0.872601 0.158
-0.876179 0.1585
-0.879137 0.159
-0.88217 0.1595
-0.885096 0.16
-0.888064 0.1605
-0.891154 0.161
-0.894975 0.1615
-0.898037 0.162
-0.901807 0.1625
-0.905002 0.163
-0.908277 0.1635
-0.910867 0.164
-0.913992 0.1645
-0.917959 0.165
-0.921421 0.1655
-0.924259 0.166
-0.927932 0.1665
-0.930896 0.167
-0.93406 0.1675
-0.936963 0.168
-0.940847 0.1685
-0.944216 0.169
-0.947804 0.1695
-0.95143 0.17
-0.954298 0.1705
-0.958013 0.171
-0.961906 0.1715
-0.96528 0.172
-0.968593 0.1725
-0.972101 0.173
-0.975934 0.1735
-0.979513 0.174
-0.982929 0.1745
-0.986642 0.175
-0.989643 0.1755
-0.99288 0.176
-0.996603 0.1765
-0.999539 0.177
-1.00326 0.1775
-1.00656 0.178
-1.01038 0.1785
-1.01464 0.179
-1.01875 0.1795
-1.02186 0.18
-1.02538 0.1805
-1.0287 0.181
-1.03253 0.1815
-1.03653 0.182
-1.04091 0.1825
-1.04454 0.183
-1.04849 0.1835
-1.05231 0.184
-1.05603 0.1845
-1.06003 0.185
-1.06344 0.1855
-1.06703 0.186
-1.07028 0.1865
-1.07441 0.187
-1.07878 0.1875
-1.08231 0.188
-1.08592 0.1885
-1.08953 0.189
-1.0927 0.1895
-1.09579 0.19
-1.09942 0.1905
-1.10238 0.191
-1.10573 0.1915
-1.10887 0.192
-1.11188 0.1925
-1.11435 0.193
-1.11741 0.1935
-1.12066 0.194
-1.12371 0.1945
-1.12677 0.195
-1.12981 0.1955
-1.13241 0.196
-1.13548 0.1965
-1.13886 0.197
-1.14164 0.1975
-1.14453 0.198
-1.14747 0.1985
-1.14982 0.199
-1.15237 0.1995
-1.15484 0.2
-1.15814 0.2005
-1.16124 0.201
-1.16412 0.2015
-1.16679 0.202
-1.16942 0.2025
-1.17211 0.203
-1.17498 0.2035
-1.17767 0.204
-1.18035 0.2045
-1.18322 0.205
-1.18592 0.2055
-1.18807 0.206
-1.19055 0.2065
-1.19289 0.207
-1.19579 0.2075
-1.19812 0.208
-1.20058 0.2085
-1.20315 0.209
-1.20557 0.2095
-1.20802 0.21
-1.21031 0.2105
-1.21272 0.211
-1.21523 0.2115
-1.21774 0.212
-1.22021 0.2125
-1.22248 0.213
-1.2247 0.2135
-1.22695 0.214
-1.22939 0.2145
-1.23164 0.215
-1.23335 0.2155
-1.23573 0.216
-1.2378 0.2165
-1.23981 0.217
-1.24195 0.2175
-1.24433 0.218
-1.24648 0.2185
-1.24892 0.219
-1.25112 0.2195
-1.25313 0.22
-1.25524 0.2205
-1.25713 0.221
-1.25923 0.2215
-1.26121 0.222
-1.26335 0.2225
-1.26539 0.223
-1.26728 0.2235
-1.26926 0.224
-1.27106 0.2245
-1.27281 0.225
-1.27467 0.2255
-1.27652 0.226
-1.27828 0.2265
-1.28005 0.227
-1.28188 0.2275
-1.28374 0.228
-1.28555 0.2285
-1.28776 0.229
-1.28992 0.2295
-1.29203 0.23
-1.29373 0.2305
-1.29552 0.231
-1.2972 0.2315
-1.29949 0.232
-1.30122 0.2325
-1.30286 0.233
-1.30487 0.2335
-1.30668 0.234
-1.30863 0.2345
-1.31045 0.235
-1.31227 0.2355
-1.31405 0.236
-1.31593 0.2365
-1.31765 0.237
-1.31957 0.2375
-1.32164 0.238
-1.32324 0.2385
-1.32478 0.239
-1.32636 0.2395
-1.32803 0.24
-1.32942 0.2405
-1.33095 0.241
-1.33267 0.2415
-1.33415 0.242
-1.33556 0.2425
-1.33676 0.243
-1.33824 0.2435
-1.33979 0.244
-1.34136 0.2445
-1.34283 0.245
-1.34439 0.2455
-1.34599 0.246
-1.34748 0.2465
-1.34884 0.247
-1.35036 0.2475
-1.35178 0.248
-1.35325 0.2485
-1.35462 0.249
-1.35621 0.2495
-1.35758 0.25
-1.35901 0.2505
-1.36045 0.251
-1.36192 0.2515
-1.36336 0.252
-1.36472 0.2525
-1.36608 0.253
-1.36747 0.2535
-1.36886 0.254
-1.36995 0.2545
-1.37151 0.255
-1.37278 0.2555
-1.37419 0.256
-1.37535 0.2565
-1.37648 0.257
-1.37786 0.2575
-1.37912 0.258
-1.38052 0.2585
-1.38203 0.259
-1.38331 0.2595
-1.38489 0.26
-1.38628 0.2605
-1.38756 0.261
-1.38889 0.2615
-1.3904 0.262
-1.3916 0.2625
-1.39286 0.263
-1.39403 0.2635
-1.39522 0.264
-1.39656 0.2645
-1.39807 0.265
-1.39934 0.2655
-1.40059 0.266
-1.40175 0.2665
-1.40293 0.267
-1.40407 0.2675
-1.4055 0.268
-1.4069 0.2685
-1.40824 0.269
-1.40943 0.2695
-1.41075 0.27
-1.41215 0.2705
-1.41354 0.271
-1.41488 0.2715
-1.41596 0.272
-1.41712 0.2725
-1.4184 0.273
-1.41956 0.2735
-1.42064 0.274
-1.42191 0.2745
-1.42304 0.275
-1.42402 0.2755
-1.42531 0.276
-1.42648 0.2765
-1.42771 0.277
-1.42861 0.2775
-1.42982 0.278
-1.43096 0.2785
-1.43223 0.279
-1.4334 0.2795
-1.43444 0.28
-1.43557 0.2805
-1.43656 0.281
-1.43764 0.2815
-1.43872 0.282
-1.43967 0.2825
-1.44057 0.283
-1.44167 0.2835
-1.44281 0.284
-1.4439 0.2845
-1.44487 0.285
-1.44607 0.2855
-1.44713 0.286
-1.44814 0.2865
-1.44906 0.287
-1.45004 0.2875
-1.45104 0.288
-1.45227 0.2885
-1.45329 0.289
-1.45434 0.2895
-1.45535 0.29
-1.45625 0.2905
-1.45719 0.291
-1.45809 0.2915
-1.45914 0.292
-1.4602 0.2925
-1.46133 0.293
-1.46224 0.2935
-1.4633 0.294
-1.46406 0.2945
-1.46508 0.295
-1.46602 0.2955
-1.46693 0.296
-1.46798 0.2965
-1.46909 0.297
-1.47 0.2975
-1.47105 0.298
-1.47195 0.2985
-1.47313 0.299
-1.47414 0.2995
-1.47516 0.3
-1.4763 0.3005
-1.47721 0.301
-1.47808 0.3015
-1.47893 0.302
-1.47969 0.3025
-1.48058 0.303
-1.48159 0.3035
-1.48242 0.304
-1.48335 0.3045
-1.48432 0.305
-1.4852 0.3055
-1.48602 0.306
-1.48696 0.3065
-1.48788 0.307
-1.48882 0.3075
-1.48971 0.308
-1.4906 0.3085
-1.49133 0.309
-1.49216 0.3095
-1.49319 0.31
-1.49404 0.3105
-1.49491 0.311
-1.49582 0.3115
-1.49676 0.312
-1.49766 0.3125
-1.49856 0.313
-1.49946 0.3135
-1.50027 0.314
-1.50104 0.3145
-1.50184 0.315
-1.50263 0.3155
-1.50347 0.316
-1.5041 0.3165
-1.50497 0.317
-1.50585 0.3175
-1.50662 0.318
-1.50744 0.3185
-1.50829 0.319
-1.50917 0.3195
-1.50992 0.32
-1.5108 0.3205
-1.51153 0.321
-1.51236 0.3215
-1.51326 0.322
-1.51408 0.3225
-1.51475 0.323
-1.51553 0.3235
-1.51638 0.324
-1.51718 0.3245
-1.51802 0.325
-1.5189 0.3255
-1.51979 0.326
-1.52065 0.3265
-1.52133 0.327
-1.52205 0.3275
-1.52284 0.328
-1.52363 0.3285
-1.52434 0.329
-1.52518 0.3295
-1.52591 0.33
-1.52663 0.3305
-1.52737 0.331
-1.52805 0.3315
-1.52871 0.332
-1.5293 0.3325
-1.53014 0.333
-1.53086 0.3335
-1.53176 0.334
-1.53259 0.3345
-1.53332 0.335
-1.534 0.3355
-1.53482 0.336
-1.53562 0.3365
-1.53634 0.337
-1.53713 0.3375
-1.53784 0.338
-1.53856 0.3385
-1.53923 0.339
-1.5399 0.3395
-1.54052 0.34
-1.5413 0.3405
-1.54202 0.341
-1.54273 0.3415
-1.54335 0.342
-1.54399 0.3425
-1.54472 0.343
-1.5454 0.3435
-1.54605 0.344
-1.54688 0.3445
-1.54751 0.345
-1.54819 0.3455
-1.54883 0.346
-1.5495 0.3465
-1.55008 0.347
-1.55082 0.3475
-1.55146 0.348
-1.55213 0.3485
-1.55288 0.349
-1.55356 0.3495
-1.55428 0.35
-1.55497 0.3505
-1.55576 0.351
-1.55638 0.3515
-1.55702 0.352
-1.5576 0.3525
-1.55818 0.353
-1.5588 0.3535
-1.5595 0.354
-1.56014 0.3545
-1.5608 0.355
-1.56154 0.3555
-1.56207 0.356
-1.56265 0.3565
-1.56322 0.357
-1.56399 0.3575
-1.56472 0.358
-1.56531 0.3585
-1.56593 0.359
-1.56646 0.3595
-1.5671 0.36
-1.56769 0.3605
-1.56836 0.361
-1.56901 0.3615
-1.56954 0.362
-1.56998 0.3625
-1.57067 0.363
-1.57117 0.3635
-1.57182 0.364
-1.57236 0.3645
-1.57302 0.365
-1.57358 0.3655
-1.57414 0.366
-1.57478 0.3665
-1.57552 0.367
-1.57608 0.3675
-1.57671 0.368
-1.57733 0.3685
-1.57804 0.369
-1.57863 0.3695
-1.5791 0.37
-1.57977 0.3705
-1.58037 0.371
-1.58108 0.3715
-1.58175 0.372
-1.58222 0.3725
-1.58276 0.373
-1.58342 0.3735
-1.58402 0.374
-1.58455 0.3745
-1.58512 0.375
-1.58564 0.3755
-1.58627 0.376
-1.58688 0.3765
-1.58735 0.377
-1.58803 0.3775
-1.58873 0.378
-1.58925 0.3785
-1.58984 0.379
-1.59044 0.3795
-1.59103 0.38
-1.59153 0.3805
-1.59215 0.381
-1.59275 0.3815
-1.59334 0.382
-1.59388 0.3825
-1.5943 0.383
-1.59494 0.3835
-1.59548 0.384
-1.59608 0.3845
-1.5966 0.385
-1.59709 0.3855
-1.5976 0.386
-1.59811 0.3865
-1.59859 0.387
-1.5991 0.3875
-1.59967 0.388
-1.60034 0.3885
-1.60077 0.389
-1.60138 0.3895
-1.60193 0.39
-1.60242 0.3905
-1.60292 0.391
-1.60338 0.3915
-1.60404 0.392
-1.60452 0.3925
-1.60507 0.393
-1.60553 0.3935
-1.60611 0.394
-1.60662 0.3945
-1.60715 0.395
-1.6076 0.3955
-1.60812 0.396
-1.60863 0.3965
-1.60908 0.397
-1.60967 0.3975
-1.61027 0.398
-1.61076 0.3985
-1.61123 0.399
-1.6117 0.3995
-1.61222 0.4
-1.61272 0.4005
-1.61321 0.401
-1.61377 0.4015
-1.61422 0.402
-1.61467 0.4025
-1.61512 0.403
-1.61558 0.4035
-1.61613 0.404
-1.61669 0.4045
-1.6171 0.405
-1.61752 0.4055
-1.61807 0.406
-1.61857 0.4065
-1.61911 0.407
-1.61962 0.4075
-1.62005 0.408
-1.62047 0.4085
-1.62093 0.409
-1.62135 0.4095
-1.62179 0.41
-1.62227 0.4105
-1.62279 0.411
-1.6233 0.4115
-1.62378 0.412
-1.62424 0.4125
-1.62463 0.413
-1.62502 0.4135
-1.62544 0.414
-1.62595 0.4145
-1.62633 0.415
-1.62667 0.4155
-1.62713 0.416
-1.62751 0.4165
-1.62799 0.417
-1.62848 0.4175
-1.62888 0.418
-1.62934 0.4185
-1.62976 0.419
-1.6302 0.4195
-1.63066 0.42
-1.63111 0.4205
-1.63152 0.421
-1.63199 0.4215
-1.63249 0.422
-1.63296 0.4225
-1.63338 0.423
-1.63393 0.4235
-1.63428 0.424
-1.63474 0.4245
-1.63508 0.425
-1.63554 0.4255
-1.63601 0.426
-1.63643 0.4265
-1.63679 0.427
-1.63718 0.4275
-1.63752 0.428
-1.63798 0.4285
-1.63834 0.429
-1.63878 0.4295
-1.63913 0.43
-1.63956 0.4305
-1.64001 0.431
-1.64042 0.4315
-1.64084 0.432
-1.64119 0.4325
-1.64162 0.433
-1.64202 0.4335
-1.64242 0.434
-1.64285 0.4345
-1.64334 0.435
-1.64377 0.4355
-1.6442 0.436
-1.64461 0.4365
-1.645 0.437
-1.64542 0.4375
-1.64576 0.438
-1.64612 0.4385
-1.64653 0.439
-1.64697 0.4395
-1.64731 0.44
-1.64766 0.4405
-1.64804 0.441
-1.64841 0.4415
-1.64882 0.442
-1.64919 0.4425
-1.64961 0.443
-1.64997 0.4435
-1.65037 0.444
-1.65073 0.4445
-1.65117 0.445
-1.65166 0.4455
-1.65207 0.446
-1.65249 0.4465
-1.65285 0.447
-1.65324 0.4475
-1.65361 0.448
-1.65402 0.4485
-1.65442 0.449
-1.65477 0.4495
-1.65515 0.45
-1.65558 0.4505
-1.65596 0.451
-1.65635 0.4515
-1.65675 0.452
-1.65717 0.4525
-1.65753 0.453
-1.6579 0.4535
-1.65822 0.454
-1.65857 0.4545
-1.65894 0.455
-1.65933 0.4555
-1.65977 0.456
-1.66015 0.4565
-1.66065 0.457
-1.66106 0.4575
-1.66137 0.458
-1.66172 0.4585
-1.66203 0.459
-1.66239 0.4595
-1.66268 0.46
-1.66301 0.4605
-1.66335 0.461
-1.66373 0.4615
-1.66413 0.462
-1.66446 0.4625
-1.66479 0.463
-1.66521 0.4635
-1.6656 0.464
-1.6659 0.4645
-1.66621 0.465
-1.66657 0.4655
-1.66695 0.466
-1.66735 0.4665
-1.66775 0.467
-1.66812 0.4675
-1.66847 0.468
-1.66885 0.4685
-1.66921 0.469
-1.6696 0.4695
-1.66992 0.47
-1.67028 0.4705
-1.67057 0.471
-1.67099 0.4715
-1.67142 0.472
-1.67173 0.4725
-1.67214 0.473
-1.67246 0.4735
-1.67276 0.474
-1.6731 0.4745
-1.67348 0.475
-1.67384 0.4755
-1.67427 0.476
-1.67457 0.4765
-1.67487 0.477
-1.6752 0.4775
-1.6755 0.478
-1.67582 0.4785
-1.67617 0.479
-1.67649 0.4795
-1.67683 0.48
-1.67716 0.4805
-1.67745 0.481
-1.67782 0.4815
-1.67813 0.482
-1.67847 0.4825
-1.67878 0.483
-1.67912 0.4835
-1.67943 0.484
-1.67974 0.4845
-1.6801 0.485
-1.68042 0.4855
-1.68084 0.486
-1.68118 0.4865
-1.68156 0.487
-1.68183 0.4875
-1.68217 0.488
-1.68251 0.4885
-1.68276 0.489
-1.68304 0.4895
-1.68339 0.49
-1.68371 0.4905
-1.68398 0.491
-1.68431 0.4915
-1.68463 0.492
-1.6849 0.4925
-1.68512 0.493
-1.6855 0.4935
-1.68577 0.494
-1.68616 0.4945
-1.68642 0.495
-1.68675 0.4955
-1.68707 0.496
-1.68736 0.4965
-1.68765 0.497
-1.68793 0.4975
-1.68825 0.498
-1.68862 0.4985
-1.68897 0.499
-1.68928 0.4995
-1.68961 0.5
-1.68994 0.5005
-1.69028 0.501
-1.69057 0.5015
-1.69085 0.502
-1.69121 0.5025
-1.69154 0.503
-1.69185 0.5035
-1.69215 0.504
-1.69242 0.5045
-1.69271 0.505
-1.693 0.5055
-1.6933 0.506
-1.69361 0.5065
-1.69388 0.507
-1.69422 0.5075
-1.69447 0.508
-1.69483 0.5085
-1.69514 0.509
-1.69537 0.5095
-1.6957 0.51
-1.69597 0.5105
-1.69624 0.511
-1.69653 0.5115
-1.69677 0.512
-1.69708 0.5125
-1.69738 0.513
-1.69772 0.5135
-1.69801 0.514
-1.69823 0.5145
-1.69861 0.515
-1.69889 0.5155
-1.69915 0.516
-1.69945 0.5165
-1.69976 0.517
-1.70008 0.5175
-1.7004 0.518
-1.70071 0.5185
-1.70096 0.519
-1.70129 0.5195
-1.70156 0.52
-1.70181 0.5205
-1.70214 0.521
-1.7024 0.5215
-1.70268 0.522
-1.70297 0.5225
-1.70329 0.523
-1.70348 0.5235
-1.70377 0.524
-1.70396 0.5245
-1.70427 0.525
-1.70448 0.5255
-1.70471 0.526
-1.70505 0.5265
-1.70536 0.527
-1.70568 0.5275
-1.70591 0.528
-1.70617 0.5285
-1.70643 0.529
-1.7068 0.5295
-1.70706 0.53
-1.70732 0.5305
-1.70758 0.531
-1.70782 0.5315
-1.7081 0.532
-1.70836 0.5325
-1.70863 0.533
-1.70889 0.5335
-1.70917 0.534
-1.70941 0.5345
-1.70977 0.535
-1.71004 0.5355
-1.71029 0.536
-1.71055 0.5365
-1.71094 0.537
-1.71118 0.5375
-1.71142 0.538
-1.71172 0.5385
-1.71191 0.539
-1.71223 0.5395
-1.71259 0.54
-1.71287 0.5405
-1.71314 0.541
-1.71335 0.5415
-1.71362 0.542
-1.71394 0.5425
-1.7142 0.543
-1.71446 0.5435
-1.71471 0.544
-1.71497 0.5445
-1.71522 0.545
-1.71542 0.5455
-1.7157 0.546
-1.7159 0.5465
-1.71613 0.547
-1.7164 0.5475
-1.71666 0.548
-1.7168 0.5485
-1.71707 0.549
-1.71727 0.5495
-1.71761 0.55
-1.71788 0.5505
-1.71815 0.551
-1.71836 0.5515
-1.71864 0.552
-1.71894 0.5525
-1.71918 0.553
-1.71945 0.5535
-1.71971 0.554
-1.71998 0.5545
-1.7202 0.555
-1.72037 0.5555
-1.72062 0.556
-1.72089 0.5565
-1.7211 0.557
-1.72135 0.5575
-1.72159 0.558
-1.72182 0.5585
-1.72212 0.559
-1.72238 0.5595
-1.72256 0.56
-1.72283 0.5605
-1.72306 0.561
-1.72334 0.5615
-1.72371 0.562
-1.72397 0.5625
-1.72419 0.563
-1.72453 0.5635
-1.72481 0.564
-1.72507 0.5645
-1.72527 0.565
-1.72548 0.5655
-1.7257 0.566
-1.72601 0.5665
-1.7263 0.567
-1.72653 0.5675
-1.72671 0.568
-1.72695 0.5685
-1.72716 0.569
-1.72737 0.5695
-1.72764 0.57
-1.72783 0.5705
-1.72802 0.571
-1.72818 0.5715
-1.72838 0.572
-1.72859 0.5725
-1.72878 0.573
-1.72903 0.5735
-1.72926 0.574
-1.72949 0.5745
-1.72971 0.575
-1.72988 0.5755
-1.73014 0.576
-1.73048 0.5765
-1.73066 0.577
-1.73083 0.5775
-1.73109 0.578
-1.73125 0.5785
-1.73149 0.579
-1.73172 0.5795
-1.73193 0.58
-1.73217 0.5805
-1.73236 0.581
-1.73257 0.5815
-1.73277 0.582
-1.733 0.5825
-1.73328 0.583
-1.73357 0.5835
-1.73374 0.584
-1.73399 0.5845
-1.7342 0.585
-1.73445 0.5855
-1.73469 0.586
-1.7349 0.5865
-1.7351 0.587
-1.73538 0.5875
-1.73567 0.588
-1.73594 0.5885
-1.73614 0.589
-1.73636 0.5895
-1.73655 0.59
-1.73672 0.5905
-1.73691 0.591
-1.73713 0.5915
-1.7373 0.592
-1.73748 0.5925
-1.73768 0.593
-1.7379 0.5935
-1.73808 0.594
-1.73833 0.5945
-1.73853 0.595
-1.73877 0.5955
-1.73892 0.596
-1.73908 0.5965
-1.7393 0.597
-1.7395 0.5975
-1.73967 0.598
-1.73986 0.5985
-1.7401 0.599
-1.74023 0.5995
-1.74043 0.6
-1.74061 0.6005
-1.74084 0.601
-1.74104 0.6015
-1.74129 0.602
-1.74158 0.6025
-1.74184 0.603
-1.7421 0.6035
-1.74228 0.604
-1.74247 0.6045
-1.7427 0.605
-1.74287 0.6055
-1.74307 0.606
-1.74327 0.6065
-1.74353 0.607
-1.74378 0.6075
-1.74403 0.608
-1.74422 0.6085
-1.7444 0.609
-1.74461 0.6095
-1.74486 0.61
-1.74506 0.6105
-1.74525 0.611
-1.74544 0.6115
-1.74564 0.612
-1.74585 0.6125
-1.74606 0.613
-1.74623 0.6135
-1.74646 0.614
-1.74667 0.6145
-1.74683 0.615
-1.747 0.6155
-1.74715 0.616
-1.74735 0.6165
-1.74755 0.617
-1.74772 0.6175
-1.74796 0.618
-1.74814 0.6185
-1.7483 0.619
-1.74847 0.6195
-1.74868 0.62
-1.74888 0.6205
-1.74906 0.621
-1.74924 0.6215
-1.74942 0.622
-1.74963 0.6225
-1.74983 0.623
-1.75001 0.6235
-1.75015 0.624
-1.75037 0.6245
-1.75055 0.625
-1.75074 0.6255
-1.75089 0.626
-1.75108 0.6265
-1.75129 0.627
-1.75148 0.6275
-1.75171 0.628
-1.75189 0.6285
-1.75208 0.629
-1.75226 0.6295
-1.75244 0.63
-1.75264 0.6305
-1.75281 0.631
-1.75305 0.6315
-1.75324 0.632
-1.75338 0.6325
-1.75364 0.633
-1.75382 0.6335
-1.75404 0.634
-1.75424 0.6345
-1.75439 0.635
-1.75455 0.6355
-1.75471 0.636
-1.75489 0.6365
-1.75503 0.637
-1.75521 0.6375
-1.75539 0.638
-1.75561 0.6385
-1.75582 0.639
-1.756 0.6395
-1.75616 0.64
-1.75633 0.6405
-1.75656 0.641
-1.75666 0.6415
-1.75682 0.642
-1.757 0.6425
-1.75722 0.643
-1.75739 0.6435
-1.75757 0.644
-1.75777 0.6445
-1.75793 0.645
-1.75818 0.6455
-1.75838 0.646
-1.75852 0.6465
-1.75873 0.647
-1.75893 0.6475
-1.7591 0.648
-1.75928 0.6485
-1.7595 0.649
-1.75964 0.6495
-1.7598 0.65
-1.76 0.6505
-1.76014 0.651
-1.76034 0.6515
-1.76052 0.652
-1.76062 0.6525
-1.76082 0.653
-1.76103 0.6535
-1.7612 0.654
-1.76137 0.6545
-1.76158 0.655
-1.76175 0.6555
-1.76193 0.656
-1.76211 0.6565
-1.7623 0.657
-1.76244 0.6575
-1.76259 0.658
-1.76278 0.6585
-1.7629 0.659
-1.76305 0.6595
-1.7632 0.66
-1.76336 0.6605
-1.76356 0.661
-1.76374 0.6615
-1.76388 0.662
-1.76402 0.6625
-1.76423 0.663
-1.76438 0.6635
-1.76452 0.664
-1.76471 0.6645
-1.76484 0.665
-1.76501 0.6655
-1.76517 0.666
-1.7653 0.6665
-1.76541 0.667
-1.76556 0.6675
-1.76572 0.668
-1.76581 0.6685
-1.76596 0.669
-1.76614 0.6695
-1.76631 0.67
-1.76646 0.6705
-1.76666 0.671
-1.76683 0.6715
-1.76701 0.672
-1.76721 0.6725
-1.7674 0.673
-1.76758 0.6735
-1.76774 0.674
-1.76793 0.6745
-1.7681 0.675
-1.76827 0.6755
-1.76844 0.676
-1.76863 0.6765
-1.76881 0.677
-1.76896 0.6775
-1.76912 0.678
-1.76926 0.6785
-1.76942 0.679
-1.76956 0.6795
-1.76975 0.68
-1.76988 0.6805
-1.77002 0.681
-1.77021 0.6815
-1.77035 0.682
-1.77049 0.6825
-1.77064 0.683
-1.77078 0.6835
-1.77098 0.684
-1.77116 0.6845
-1.77137 0.685
-1.77157 0.6855
-1.77175 0.686
-1.77189 0.6865
-1.77206 0.687
-1.77226 0.6875
-1.77245 0.688
-1.7726 0.6885
-1.77276 0.689
-1.77285 0.6895
-1.77303 0.69
-1.77317 0.6905
-1.77333 0.691
-1.77353 0.6915
-1.77367 0.692
-1.77381 0.6925
-1.77397 0.693
-1.77412 0.6935
-1.77427 0.694
-1.7744 0.6945
-1.77454 0.695
-1.77468 0.6955
-1.77483 0.696
-1.77499 0.6965
-1.77516 0.697
-1.77534 0.6975
-1.7755 0.698
-1.7757 0.6985
-1.77586 0.699
-1.77602 0.6995
-1.77624 0.7
-1.7764 0.7005
-1.77654 0.701
-1.77669 0.7015
-1.77688 0.702
-1.77705 0.7025
-1.77721 0.703
-1.77736 0.7035
-1.77751 0.704
-1.77762 0.7045
-1.77775 0.705
-1.77789 0.7055
-1.77809 0.706
-1.77823 0.7065
-1.77836 0.707
-1.77852 0.7075
-1.77866 0.708
-1.7788 0.7085
-1.77895 0.709
-1.77916 0.7095
-1.77933 0.71
-1.77947 0.7105
-1.77962 0.711
-1.77976 0.7115
-1.77992 0.712
-1.78006 0.7125
-1.78017 0.713
-1.78033 0.7135
-1.78048 0.714
-1.78065 0.7145
-1.78079 0.715
-1.78094 0.7155
-1.78107 0.716
-1.78124 0.7165
-1.78139 0.717
-1.7815 0.7175
-1.78168 0.718
-1.78182 0.7185
-1.78196 0.719
-1.78212 0.7195
-1.78224 0.72
-1.78236 0.7205
-1.7825 0.721
-1.78265 0.7215
-1.78279 0.722
-1.78295 0.7225
-1.78304 0.723
-1.78323 0.7235
-1.78336 0.724
-1.78351 0.7245
-1.78367 0.725
-1.78378 0.7255
-1.78391 0.726
-1.78408 0.7265
-1.78422 0.727
-1.78436 0.7275
-1.78459 0.728
-1.78473 0.7285
-1.78493 0.729
-1.78512 0.7295
-1.78526 0.73
-1.78543 0.7305
-1.78554 0.731
-1.78571 0.7315
-1.78584 0.732
-1.78601 0.7325
-1.78618 0.733
-1.78636 0.7335
-1.78647 0.734
-1.7866 0.7345
-1.78675 0.735
-1.78693 0.7355
-1.78706 0.736
-1.78719 0.7365
-1.78736 0.737
-1.78746 0.7375
-1.7876 0.738
-1.78775 0.7385
-1.78786 0.739
-1.78796 0.7395
-1.78809 0.74
-1.78827 0.7405
-1.78835 0.741
-1.78849 0.7415
-1.78861 0.742
-1.78875 0.7425
-1.78889 0.743
-1.78903 0.7435
-1.78916 0.744
-1.7893 0.7445
-1.78937 0.745
-1.78953 0.7455
-1.78962 0.746
-1.78977 0.7465
-1.78992 0.747
-1.79 0.7475
-1.79019 0.748
-1.79033 0.7485
-1.79044 0.749
-1.79059 0.7495
-1.79071 0.75
-1.79081 0.7505
-1.79092 0.751
-1.79109 0.7515
-1.79122 0.752
-1.79135 0.7525
-1.79148 0.753
-1.79164 0.7535
-1.79176 0.754
-1.79187 0.7545
-1.79204 0.755
-1.79218 0.7555
-1.79232 0.756
-1.79248 0.7565
-1.79261 0.757
-1.79275 0.7575
-1.7929 0.758
-1.79299 0.7585
-1.79315 0.759
-1.79327 0.7595
-1.79345 0.76
-1.79358 0.7605
-1.79372 0.761
-1.79389 0.7615
-1.79398 0.762
-1.79411 0.7625
-1.79421 0.763
-1.79434 0.7635
-1.79448 0.764
-1.79456 0.7645
-1.7947 0.765
-1.79482 0.7655
-1.79493 0.766
-1.79508 0.7665
-1.79524 0.767
-1.79539 0.7675
-1.79552 0.768
-1.79564 0.7685
-1.79575 0.769
-1.79592 0.7695
-1.79607 0.77
-1.79621 0.7705
-1.79632 0.771
-1.79642 0.7715
-1.79654 0.772
-1.79664 0.7725
-1.79672 0.773
-1.79679 0.7735
-1.79691 0.774
-1.79703 0.7745
-1.79716 0.775
-1.7973 0.7755
-1.79742 0.776
-1.79758 0.7765
-1.79771 0.777
-1.79787 0.7775
-1.79798 0.778
-1.79809 0.7785
-1.79823 0.779
-1.79833 0.7795
-1.7985 0.78
-1.79864 0.7805
-1.79874 0.781
-1.79886 0.7815
-1.79899 0.782
-1.7991 0.7825
-1.79918 0.783
-1.79934 0.7835
-1.79945 0.784
-1.79954 0.7845
-1.7997 0.785
-1.7998 0.7855
-1.79992 0.786
-1.80008 0.7865
-1.80017 0.787
-1.80033 0.7875
-1.80042 0.788
-1.80054 0.7885
-1.80064 0.789
-1.80076 0.7895
-1.80089 0.79
-1.80101 0.7905
-1.80108 0.791
-1.80123 0.7915
-1.80137 0.792
-1.80148 0.7925
-1.8016 0.793
-1.80173 0.7935
-1.80185 0.794
-1.80197 0.7945
-1.80214 0.795
-1.80228 0.7955
-1.8024 0.796
-1.8025 0.7965
-1.80266 0.797
-1.8028 0.7975
-1.80292 0.798
-1.80305 0.7985
-1.80319 0.799
-1.80334 0.7995
-1.80343 0.8
-1.80349 0.8005
-1.80363 0.801
-1.80379 0.8015
-1.80392 0.802
-1.80406 0.8025
-1.80418 0.803
-1.80431 0.8035
-1.80442 0.804
-1.80455 0.8045
-1.80466 0.805
-1.80479 0.8055
-1.80489 0.806
-1.80501 0.8065
-1.80514 0.807
-1.80527 0.8075
-1.80538 0.808
-1.8055 0.8085
-1.80565 0.809
-1.80579 0.8095
-1.80589 0.81
-1.80597 0.8105
-1.80607 0.811
-1.80619 0.8115
-1.80628 0.812
-1.80639 0.8125
-1.80653 0.813
-1.80664 0.8135
-1.80673 0.814
-1.80684 0.8145
-1.80694 0.815
-1.80709 0.8155
-1.8072 0.816
-1.80729 0.8165
-1.80739 0.817
-1.80752 0.8175
-1.80762 0.818
-1.80771 0.8185
-1.8078 0.819
-1.8079 0.8195
-1.80799 0.82
-1.80812 0.8205
-1.80819 0.821
-1.80828 0.8215
-1.8084 0.822
-1.80846 0.8225
-1.80855 0.823
-1.8087 0.8235
-1.8088 0.824
-1.80891 0.8245
-1.80903 0.825
-1.80918 0.8255
-1.80933 0.826
-1.80945 0.8265
-1.80956 0.827
-1.80967 0.8275
-1.80977 0.828
-1.80987 0.8285
-1.80998 0.829
-1.81005 0.8295
-1.81016 0.83
-1.81025 0.8305
-1.81034 0.831
-1.81046 0.8315
-1.81059 0.832
-1.81067 0.8325
-1.81082 0.833
-1.81097 0.8335
-1.8111 0.834
-1.81121 0.8345
-1.81127 0.835
-1.81133 0.8355
-1.81141 0.836
-1.81153 0.8365
-1.8116 0.837
-1.81173 0.8375
-1.81189 0.838
-1.81198 0.8385
-1.81205 0.839
-1.81218 0.8395
-1.81235 0.84
-1.81246 0.8405
-1.81261 0.841
-1.81269 0.8415
-1.81276 0.842
-1.81291 0.8425
-1.81298 0.843
-1.81311 0.8435
-1.81318 0.844
-1.81329 0.8445
-1.81339 0.845
-1.81354 0.8455
-1.81365 0.846
-1.81378 0.8465
-1.81384 0.847
-1.81394 0.8475
-1.81402 0.848
-1.81417 0.8485
-1.81431 0.849
-1.81442 0.8495
-1.81451 0.85
-1.81461 0.8505
-1.81473 0.851
-1.81485 0.8515
-1.81492 0.852
-1.81503 0.8525
-1.81517 0.853
-1.8153 0.8535
-1.81538 0.854
-1.81544 0.8545
-1.81554 0.855
-1.81563 0.8555
-1.81574 0.856
-1.81582 0.8565
-1.8159 0.857
-1.81599 0.8575
-1.81611 0.858
-1.81622 0.8585
-1.81631 0.859
-1.8164 0.8595
-1.81647 0.86
-1.81654 0.8605
-1.81666 0.861
-1.81675 0.8615
-1.81686 0.862
-1.81698 0.8625
-1.81714 0.863
-1.81726 0.8635
-1.81737 0.864
-1.81746 0.8645
-1.81756 0.865
-1.81764 0.8655
-1.81772 0.866
-1.81784 0.8665
-1.81792 0.867
-1.81803 0.8675
-1.81812 0.868
-1.81821 0.8685
-1.81833 0.869
-1.81841 0.8695
-1.81851 0.87
-1.81858 0.8705
-1.81871 0.871
-1.81879 0.8715
-1.81889 0.872
-1.81903 0.8725
-1.81912 0.873
-1.81923 0.8735
-1.81936 0.874
-1.81944 0.8745
-1.81956 0.875
-1.81967 0.8755
-1.8198 0.876
-1.81992 0.8765
-1.82003 0.877
-1.82013 0.8775
-1.82024 0.878
-1.82034 0.8785
-1.82043 0.879
-1.82056 0.8795
-1.82068 0.88
-1.82078 0.8805
-1.82088 0.881
-1.82097 0.8815
-1.82109 0.882
-1.82118 0.8825
-1.82129 0.883
-1.82137 0.8835
-1.82148 0.884
-1.82157 0.8845
-1.82167 0.885
-1.8218 0.8855
-1.8219 0.886
-1.822 0.8865
-1.8221 0.887
-1.82223 0.8875
-1.82231 0.888
-1.82241 0.8885
-1.82249 0.889
-1.82257 0.8895
-1.82266 0.89
-1.82276 0.8905
-1.82283 0.891
-1.82291 0.8915
-1.82301 0.892
-1.82312 0.8925
-1.82323 0.893
-1.82331 0.8935
-1.82341 0.894
-1.82348 0.8945
-1.82353 0.895
-1.82364 0.8955
-1.82371 0.896
-1.8238 0.8965
-1.8239 0.897
-1.82398 0.8975
-1.82404 0.898
-1.82416 0.8985
-1.82425 0.899
-1.82434 0.8995
-1.82441 0.9
-1.8245 0.9005
-1.82458 0.901
-1.82466 0.9015
-1.82472 0.902
-1.82481 0.9025
-1.82493 0.903
-1.825 0.9035
-1.82506 0.904
-1.82515 0.9045
-1.82523 0.905
-1.82532 0.9055
-1.82543 0.906
-1.82553 0.9065
-1.82562 0.907
-1.82567 0.9075
-1.8258 0.908
-1.82586 0.9085
-1.82594 0.909
-1.82602 0.9095
-1.82607 0.91
-1.82618 0.9105
-1.82631 0.911
-1.82641 0.9115
-1.82653 0.912
-1.82666 0.9125
-1.82676 0.913
-1.82686 0.9135
-1.82694 0.914
-1.82704 0.9145
-1.82711 0.915
-1.82717 0.9155
-1.82723 0.916
-1.82733 0.9165
-1.82743 0.917
-1.82752 0.9175
-1.82762 0.918
-1.82769 0.9185
-1.82777 0.919
-1.82789 0.9195
-1.82794 0.92
-1.82801 0.9205
-1.82808 0.921
-1.82822 0.9215
-1.82832 0.922
-1.82839 0.9225
-1.8285 0.923
-1.82858 0.9235
-1.82868 0.924
-1.82875 0.9245
-1.82882 0.925
-1.82892 0.9255
-1.82899 0.926
-1.8291 0.9265
-1.82918 0.927
-1.82926 0.9275
-1.82939 0.928
-1.82945 0.9285
-1.8295 0.929
-1.82955 0.9295
-1.82963 0.93
-1.82973 0.9305
-1.82982 0.931
-1.8299 0.9315
-1.83004 0.932
-1.83013 0.9325
-1.83022 0.933
-1.83031 0.9335
-1.83039 0.934
-1.83051 0.9345
-1.83061 0.935
-1.83071 0.9355
-1.8308 0.936
-1.83091 0.9365
-1.831 0.937
-1.83106 0.9375
-1.83117 0.938
-1.83124 0.9385
-1.83134 0.939
-1.83142 0.9395
-1.83152 0.94
-1.83163 0.9405
-1.83172 0.941
-1.83178 0.9415
-1.83183 0.942
-1.83193 0.9425
-1.83204 0.943
-1.83212 0.9435
-1.83221 0.944
-1.83229 0.9445
-1.83236 0.945
-1.83244 0.9455
-1.83256 0.946
-1.83267 0.9465
-1.83276 0.947
-1.83283 0.9475
-1.83289 0.948
-1.83297 0.9485
-1.83305 0.949
-1.83316 0.9495
-1.83323 0.95
-1.83331 0.9505
-1.83339 0.951
-1.83346 0.9515
-1.83353 0.952
-1.83362 0.9525
-1.83371 0.953
-1.83379 0.9535
-1.83386 0.954
-1.83389 0.9545
-1.83399 0.955
-1.83403 0.9555
-1.83409 0.956
-1.83412 0.9565
-1.8342 0.957
-1.83427 0.9575
-1.83435 0.958
-1.83443 0.9585
-1.83454 0.959
-1.83461 0.9595
-1.8347 0.96
-1.83479 0.9605
-1.83485 0.961
-1.83496 0.9615
-1.83502 0.962
-1.83507 0.9625
-1.83518 0.963
-1.83528 0.9635
-1.83537 0.964
-1.83546 0.9645
-1.83555 0.965
-1.83561 0.9655
-1.83569 0.966
-1.83576 0.9665
-1.83584 0.967
-1.8359 0.9675
-1.83599 0.968
-1.83606 0.9685
-1.83616 0.969
-1.83625 0.9695
-1.83633 0.97
-1.83639 0.9705
-1.8365 0.971
-1.83656 0.9715
-1.83664 0.972
-1.83672 0.9725
-1.83675 0.973
-1.83683 0.9735
-1.8369 0.974
-1.83701 0.9745
-1.83705 0.975
-1.83713 0.9755
-1.83719 0.976
-1.83727 0.9765
-1.83732 0.977
-1.83739 0.9775
-1.83748 0.978
-1.83757 0.9785
-1.83764 0.979
-1.83772 0.9795
-1.83776 0.98
-1.83785 0.9805
-1.83793 0.981
-1.83801 0.9815
-1.83808 0.982
-1.83812 0.9825
-1.83819 0.983
-1.8383 0.9835
-1.83837 0.984
-1.83846 0.9845
-1.83852 0.985
-1.83859 0.9855
-1.83865 0.986
-1.83873 0.9865
-1.8388 0.987
-1.83887 0.9875
-1.83895 0.988
-1.83903 0.9885
-1.83914 0.989
-1.83924 0.9895
-1.83934 0.99
-1.83936 0.9905
-1.83942 0.991
-1.83948 0.9915
-1.83954 0.992
-1.83963 0.9925
-1.83968 0.993
-1.83979 0.9935
-1.83988 0.994
-1.83997 0.9945
-1.84002 0.995
-1.8401 0.9955
-1.84015 0.996
-1.84024 0.9965
-1.84029 0.997
-1.8404 0.9975
-1.84049 0.998
-1.84059 0.9985
-1.84066 0.999
-1.84071 0.9995
-1.84071 1


Shark
3.14159 1.5
3.13936 1.49975
3.13713 1.4995
3.1349 1.49925
3.13267 1.499
3.13044 1.49875
3.12821 1.4985
3.12597 1.49825
3.12374 1.498
3.12151 1.49775
3.11926 1.4975
3.11703 1.49725
3.11479 1.497
3.11251 1.49675
3.11021 1.4965
3.10798 1.49625
3.10573 1.496
3.10349 1.49575
3.10126 1.4955
3.099 1.49525
3.09677 1.495
3.0945 1.49475
3.09212 1.4945
3.08989 1.49425
3.08765 1.494
3.08518 1.49375
3.08293 1.4935
3.0807 1.49325
3.07845 1.493
3.07622 1.49275
3.07395 1.4925
3.07171 1.49225
3.06948 1.492
3.06713 1.49175
3.0649 1.4915
3.06267 1.49125
3.06007 1.491
3.05779 1.49075
3.05541 1.4905
3.05272 1.49025
3.05026 1.49
3.04784 1.48975
3.04521 1.4895
3.04268 1.48925
3.04026 1.489
3.03801 1.48875
3.03578 1.4885
3.03352 1.48825
3.03095 1.488
3.02867 1.48775
3.02637 1.4875
3.02382 1.48725
3.02071 1.487
3.01848 1.48675
3.01563 1.4865
3.01314 1.48625
3.01076 1.486
3.00809 1.48575
3.00583 1.4855
3.00178 1.48525
2.99953 1.485
2.99717 1.48475
2.99494 1.4845
2.99208 1.48425
2.98961 1.484
2.98738 1.48375
2.98505 1.4835
2.98275 1.48325
2.98033 1.483
2.97809 1.48275
2.97499 1.4825
2.97027 1.48225
2.96792 1.482
2.9655 1.48175
2.96236 1.4815
2.95957 1.48125
2.95728 1.481
2.95478 1.48075
2.9519 1.4805
2.94701 1.48025
2.94477 1.48
2.94253 1.47975
2.93861 1.4795
2.93638 1.47925
2.93414 1.479
2.93146 1.47875
2.92855 1.4785
2.92618 1.47825
2.9237 1.478
2.92113 1.47775
2.91768 1.4775
2.91445 1.47725
2.91204 1.477
2.90882 1.47675
2.90559 1.4765
2.90328 1.47625
2.90056 1.476
2.89833 1.47575
2.89595 1.4755
2.89372 1.47525
2.89131 1.475
2.88908 1.47475
2.88508 1.4745
2.882 1.47425
2.87868 1.474
2.87627 1.47375
2.87355 1.4735
2.87115 1.47325
2.86884 1.473
2.86617 1.47275
2.86393 1.4725
2.85735 1.47225
2.85468 1.472
2.85123 1.47175
2.84855 1.4715
2.84616 1.47125
2.84391 1.471
2.84143 1.47075
2.83776 1.4705
2.83495 1.47025
2.8315 1.47
2.82876 1.46975
2.8262 1.4695
2.82394 1.46925
2.82164 1.469
2.81937 1.46875
2.81711 1.4685
2.81449 1.46825
2.81203 1.468
2.80978 1.46775
2.80704 1.4675
2.8047 1.46725
2.80242 1.467
2.80011 1.46675
2.79779 1.4665
2.79555 1.46625
2.79128 1.466
2.78901 1.46575
2.7856 1.4655
2.78315 1.46525
2.77728 1.465
2.77491 1.46475
2.77261 1.4645
2.76995 1.46425
2.7673 1.464
2.76145 1.46375
2.75849 1.4635
2.7559 1.46325
2.75345 1.463
2.75105 1.46275
2.74876 1.4625
2.74615 1.46225
2.74362 1.462
2.74004 1.46175
2.73773 1.4615
2.73543 1.46125
2.73291 1.461
2.73037 1.46075
2.72767 1.4605
2.72493 1.46025
2.72192 1.46
2.71948 1.45975
2.71684 1.4595
2.71459 1.45925
2.7121 1.459
2.70986 1.45875
2.70534 1.4585
2.70283 1.45825
2.69989 1.458
2.69759 1.45775
2.69485 1.4575
2.68791 1.45725
2.68504 1.457
2.68249 1.45675
2.67987 1.4565
2.6774 1.45625
2.6751 1.456
2.6725 1.45575
2.67025 1.4555
2.66792 1.45525
2.66559 1.455
2.66277 1.45475
2.65999 1.4545
2.65736 1.45425
2.65486 1.454
2.65259 1.45375
2.65017 1.4535
2.64769 1.45325
2.6453 1.453
2.64074 1.45275
2.63847 1.4525
2.63558 1.45225
2.63311 1.452
2.6279 1.45175
2.62532 1.4515
2.62256 1.45125
2.62016 1.451
2.61767 1.45075
2.61514 1.4505
2.61291 1.45025
2.61062 1.45
2.60823 1.44975
2.6058 1.4495
2.60002 1.44925
2.59719 1.449
2.59491 1.44875
2.59223 1.4485
2.58989 1.44825
2.58547 1.448
2.58324 1.44775
2.58099 1.4475
2.57689 1.44725
2.5742 1.447
2.57149 1.44675
2.56925 1.4465
2.56622 1.44625
2.5598 1.446
2.55754 1.44575
2.5547 1.4455
2.55078 1.44525
2.54831 1.445
2.54547 1.44475
2.54293 1.4445
2.54053 1.44425
2.53773 1.444
2.53499 1.44375
2.53257 1.4435
2.52985 1.44325
2.52693 1.443
2.52438 1.44275
2.52141 1.4425
2.51885 1.44225
2.51627 1.442
2.51163 1.44175
2.50667 1.4415
2.50428 1.44125
2.50041 1.441
2.49751 1.44075
2.49499 1.4405
2.492 1.44025
2.48948 1.44
2.48541 1.43975
2.48309 1.4395
2.48009 1.43925
2.47739 1.439
2.47385 1.43875
2.47085 1.4385
2.4675 1.43825
2.46496 1.438
2.46257 1.43775
2.46017 1.4375
2.45716 1.43725
2.45469 1.437
2.45223 1.43675
2.44822 1.4365
2.44545 1.43625
2.4426 1.436
2.43903 1.43575
2.43642 1.4355
2.43391 1.43525
2.4307 1.435
2.42806 1.43475
2.42553 1.4345
2.42284 1.43425
2.42042 1.434
2.41767 1.43375
2.41466 1.4335
2.41198 1.43325
2.40932 1.433
2.40629 1.43275
2.4034 1.4325
2.40015 1.43225
2.39719 1.432
2.39457 1.43175
2.39205 1.4315
2.38924 1.43125
2.38642 1.431
2.38361 1.43075
2.38054 1.4305
2.37757 1.43025
2.37472 1.43
2.3718 1.42975
2.36849 1.4295
2.36621 1.42925
2.36332 1.429
2.3599 1.42875
2.35716 1.4285
2.3541 1.42825
2.35101 1.428
2.34835 1.42775
2.34532 1.4275
2.34211 1.42725
2.33976 1.427
2.33657 1.42675
2.33347 1.4265
2.33012 1.42625
2.32694 1.426
2.32364 1.42575
2.32055 1.4255
2.31771 1.42525
2.31439 1.425
2.31155 1.42475
2.30836 1.4245
2.30522 1.42425
2.30237 1.424
2.29928 1.42375
2.29622 1.4235
2.2931 1.42325
2.29016 1.423
2.28759 1.42275
2.28416 1.4225
2.28149 1.42225
2.27781 1.422
2.2748 1.42175
2.27136 1.4215
2.26833 1.42125
2.26522 1.421
2.26185 1.42075
2.2588 1.4205
2.25569 1.42025
2.25264 1.42
2.24956 1.41975
2.24642 1.4195
2.24288 1.41925
2.23974 1.419
2.23622 1.41875
2.233 1.4185
2.22974 1.41825
2.22681 1.418
2.22362 1.41775
2.21995 1.4175
2.21656 1.41725
2.2135 1.417
2.20998 1.41675
2.20684 1.4165
2.20359 1.41625
2.20048 1.416
2.19681 1.41575
2.19343 1.4155
2.18993 1.41525
2.18639 1.415
2.18327 1.41475
2.17967 1.4145
2.17595 1.41425
2.17254 1.414
2.16916 1.41375
2.16565 1.4135
2.16194 1.41325
2.15839 1.413
2.15492 1.41275
2.15127 1.4125
2.14803 1.41225
2.14465 1.412
2.14097 1.41175
2.13776 1.4115
2.13407 1.41125
2.13063 1.411
2.12686 1.41075
2.1228 1.4105
2.11883 1.41025
2.11548 1.41
2.11188 1.40975
2.10839 1.4095
2.10458 1.40925
2.10064 1.409
2.09645 1.40875
2.09274 1.4085
2.08882 1.40825
2.08497 1.408
2.08119 1.40775
2.07721 1.4075
2.07362 1.40725
2.0699 1.407
2.0664 1.40675
2.0623 1.4065
2.05802 1.40625
2.05432 1.406
2.05056 1.40575
2.04679 1.4055
2.0433 1.40525
2.03986 1.405
2.03606 1.40475
2.0327 1.4045
2.02907 1.40425
2.02559 1.404
2.02217 1.40375
2.01909 1.4035
2.01564 1.40325
2.01206 1.403
2.0086 1.40275
2.00513 1.4025
2.00167 1.40225
1.99848 1.402
1.995 1.40175
1.99128 1.4015
1.98797 1.40125
1.98458 1.401
1.98116 1.40075
1.97811 1.4005
1.97493 1.40025
1.97179 1.4
1.9681 1.39975
1.96454 1.3995
1.96113 1.39925
1.95785 1.399
1.9546 1.39875
1.95129 1.3985
1.94787 1.39825
1.94455 1.398
1.94125 1.39775
1.93781 1.3975
1.93448 1.39725
1.9315 1.397
1.92832 1.39675
1.92521 1.3965
1.92172 1.39625
1.91862 1.396
1.91543 1.39575
1.91216 1.3955
1.90898 1.39525
1.90579 1.395
1.90269 1.39475
1.89951 1.3945
1.89626 1.39425
1.893 1.394
1.88977 1.39375
1.88667 1.3935
1.88361 1.39325
1.88051 1.393
1.87728 1.39275
1.87418 1.3925
1.87141 1.39225
1.86822 1.392
1.86522 1.39175
1.86226 1.3915
1.85922 1.39125
1.85601 1.391
1.85295 1.39075
1.84969 1.3905
1.84659 1.39025
1.84361 1.39
1.84057 1.38975
1.83767 1.3895
1.83462 1.38925
1.83165 1.389
1.82857 1.38875
1.82556 1.3885
1.82264 1.38825
1.81967 1.388
1.8168 1.38775
1.81396 1.3875
1.81105 1.38725
1.80814 1.387
1.8053 1.38675
1.80244 1.3865
1.79953 1.38625
1.79661 1.386
1.79372 1.38575
1.79055 1.3855
1.78741 1.38525
1.78431 1.385
1.78147 1.38475
1.77858 1.3845
1.77575 1.38425
1.7725 1.384
1.76964 1.38375
1.76684 1.3835
1.76378 1.38325
1.76086 1.383
1.75784 1.38275
1.75491 1.3825
1.75197 1.38225
1.74906 1.382
1.74608 1.38175
1.7432 1.3815
1.74018 1.38125
1.73706 1.381
1.73425 1.38075
1.73148 1.3805
1.72868 1.38025
1.72583 1.38
1.72315 1.37975
1.72038 1.3795
1.71748 1.37925
1.71474 1.379
1.71204 1.37875
1.70946 1.3785
1.70671 1.37825
1.70391 1.378
1.70111 1.37775
1.69835 1.3775
1.69555 1.37725
1.69271 1.377
1.68995 1.37675
1.68726 1.3765
1.68447 1.37625
1.68175 1.376
1.67898 1.37575
1.67628 1.3755
1.67344 1.37525
1.67074 1.375
1.66799 1.37475
1.66525 1.3745
1.66247 1.37425
1.65971 1.374
1.65701 1.37375
1.6543 1.3735
1.65158 1.37325
1.64885 1.373
1.6463 1.37275
1.64345 1.3725
1.64079 1.37225
1.63804 1.372
1.63545 1.37175
1.63287 1.3715
1.63014 1.37125
1.62748 1.371
1.62472 1.37075
1.6219 1.3705
1.61922 1.37025
1.61633 1.37
1.61358 1.36975
1.6109 1.3695
1.60819 1.36925
1.60534 1.369
1.60271 1.36875
1.60003 1.3685
1.59741 1.36825
1.59478 1.368
1.59205 1.36775
1.5892 1.3675
1.5865 1.36725
1.58382 1.367
1.58121 1.36675
1.57857 1.3665
1.57596 1.36625
1.57315 1.366
1.57036 1.36575
1.56761 1.3655
1.56497 1.36525
1.56222 1.365
1.55943 1.36475
1.55664 1.3645
1.55388 1.36425
1.55129 1.364
1.54866 1.36375
1.54594 1.3635
1.5433 1.36325
1.54071 1.363
1.53799 1.36275
1.53537 1.3625
1.53283 1.36225
1.53009 1.362
1.52744 1.36175
1.52474 1.3615
1.52225 1.36125
1.51956 1.361
1.51692 1.36075
1.51419 1.3605
1.51153 1.36025
1.50895 1.36
1.50631 1.35975
1.50375 1.3595
1.50114 1.35925
1.49854 1.359
1.496 1.35875
1.4935 1.3585
1.49088 1.35825
1.48822 1.358
1.48559 1.35775
1.48305 1.3575
1.48035 1.35725
1.47774 1.357
1.47516 1.35675
1.47264 1.3565
1.47008 1.35625
1.46751 1.356
1.46477 1.35575
1.46219 1.3555
1.45958 1.35525
1.45699 1.355
1.45447 1.35475
1.45194 1.3545
1.44942 1.35425
1.44681 1.354
1.44418 1.35375
1.44151 1.3535
1.43898 1.35325
1.43635 1.353
1.43391 1.35275
1.4313 1.3525
1.42876 1.35225
1.42622 1.352
1.4236 1.35175
1.42093 1.3515
1.41839 1.35125
1.41576 1.351
1.41323 1.35075
1.4105 1.3505
1.4079 1.35025
1.40528 1.35
1.40258 1.34975
1.40004 1.3495
1.39752 1.34925
1.39501 1.349
1.39256 1.34875
1.39003 1.3485
1.38741 1.34825
1.38492 1.348
1.38235 1.34775
1.37976 1.3475
1.37723 1.34725
1.37474 1.347
1.37216 1.34675
1.3696 1.3465
1.36703 1.34625
1.36449 1.346
1.36194 1.34575
1.35949 1.3455
1.35698 1.34525
1.35435 1.345
1.35182 1.34475
1.34929 1.3445
1.34672 1.34425
1.34414 1.344
1.34158 1.34375
1.33902 1.3435
1.33646 1.34325
1.33396 1.343
1.33148 1.34275
1.32899 1.3425
1.3265 1.34225
1.32397 1.342
1.32157 1.34175
1.31902 1.3415
1.31647 1.34125
1.31398 1.341
1.31147 1.34075
1.30894 1.3405
1.30638 1.34025
1.30391 1.34
1.30134 1.33975
1.29888 1.3395
1.29635 1.33925
1.29378 1.339
1.29126 1.33875
1.28882 1.3385
1.28633 1.33825
1.28378 1.338
1.28127 1.33775
1.27873 1.3375
1.27616 1.33725
1.27358 1.337
1.27102 1.33675
1.26858 1.3365
1.26612 1.33625
1.26361 1.336
1.2611 1.33575
1.25864 1.3355
1.25609 1.33525
1.25361 1.335
1.25114 1.33475
1.24866 1.3345
1.24621 1.33425
1.24378 1.334
1.24138 1.33375
1.23883 1.3335
1.23636 1.33325
1.23375 1.333
1.2312 1.33275
1.22872 1.3325
1.22627 1.33225
1.22373 1.332
1.2212 1.33175
1.21871 1.3315
1.21619 1.33125
1.21371 1.331
1.21124 1.33075
1.20879 1.3305
1.20634 1.33025
1.20392 1.33
1.20139 1.32975
1.19891 1.3295
1.19643 1.32925
1.19401 1.329
1.19158 1.32875
1.18908 1.3285
1.18662 1.32825
1.18417 1.328
1.18161 1.32775
1.17918 1.3275
1.17672 1.32725
1.17428 1.327
1.17182 1.32675
1.16941 1.3265
1.16691 1.32625
1.16447 1.326
1.162 1.32575
1.15949 1.3255
1.15702 1.32525
1.15452 1.325
1.15205 1.32475
1.14949 1.3245
1.14707 1.32425
1.14461 1.324
1.14221 1.32375
1.1398 1.3235
1.13736 1.32325
1.13487 1.323
1.13243 1.32275
1.12997 1.3225
1.12744 1.32225
1.12506 1.322
1.12265 1.32175
1.12024 1.3215
1.11769 1.32125
1.11518 1.321
1.11276 1.32075
1.11032 1.3205
1.10793 1.32025
1.10547 1.32
1.10305 1.31975
1.10057 1.3195
1.09811 1.31925
1.09572 1.319
1.09338 1.31875
1.09089 1.3185
1.08852 1.31825
1.08605 1.318
1.08365 1.31775
1.08118 1.3175
1.07876 1.31725
1.07636 1.317
1.0739 1.31675
1.07135 1.3165
1.06894 1.31625
1.06649 1.316
1.06403 1.31575
1.06152 1.3155
1.05909 1.31525
1.05672 1.315
1.05423 1.31475
1.05179 1.3145
1.04927 1.31425
1.04678 1.314
1.04442 1.31375
1.04202 1.3135
1.03953 1.31325
1.03708 1.313
1.03468 1.31275
1.03226 1.3125
1.02987 1.31225
1.0274 1.312
1.02494 1.31175
1.02258 1.3115
1.02007 1.31125
1.01755 1.311
1.01515 1.31075
1.01271 1.3105
1.01026 1.31025
1.00782 1.31
1.00543 1.30975
1.00296 1.3095
1.00052 1.30925
0.99807 1.309
0.995659 1.30875
0.993312 1.3085
0.990831 1.30825
0.988416 1.308
0.985959 1.30775
0.983562 1.3075
0.981175 1.30725
0.978782 1.307
0.976385 1.30675
0.974005 1.3065
0.971605 1.30625
0.969168 1.306
0.966654 1.30575
0.964301 1.3055
0.961833 1.30525
0.959408 1.305
0.95702 1.30475
0.95463 1.3045
0.952255 1.30425
0.949751 1.304
0.947368 1.30375
0.944937 1.3035
0.942564 1.30325
0.94011 1.303
0.937712 1.30275
0.935295 1.3025
0.932927 1.30225
0.930516 1.302
0.928109 1.30175
0.925742 1.3015
0.923274 1.30125
0.920804 1.301
0.918412 1.30075
0.91603 1.3005
0.913649 1.30025
0.911237 1.3
0.90883 1.29975
0.906435 1.2995
0.903994 1.29925
0.901621 1.299
0.899252 1.29875
0.896879 1.2985
0.894498 1.29825
0.89206 1.298
0.889609 1.29775
0.887261 1.2975
0.884904 1.29725
0.882465 1.297
0.880056 1.29675
0.877623 1.2965
0.875207 1.29625
0.872843 1.296
0.870487 1.29575
0.868105 1.2955
0.865744 1.29525
0.863373 1.295
0.860977 1.29475
0.858555 1.2945
0.856136 1.29425
0.853738 1.294
0.85135 1.29375
0.84901 1.2935
0.846667 1.29325
0.844306 1.293
0.841885 1.29275
0.839547 1.2925
0.837229 1.29225
0.834844 1.292
0.832504 1.29175
0.830099 1.2915
0.82769 1.29125
0.825342 1.291
0.822954 1.29075
0.820585 1.2905
0.818207 1.29025
0.815817 1.29
0.813435 1.28975
0.811077 1.2895
0.808677 1.28925
0.806257 1.289
0.803858 1.28875
0.801491 1.2885
0.799033 1.28825
0.796708 1.288
0.794312 1.28775
0.791989 1.2875
0.789596 1.28725
0.787196 1.287
0.784829 1.28675
0.782494 1.2865
0.780142 1.28625
0.77782 1.286
0.775421 1.28575
0.773091 1.2855
0.770708 1.28525
0.768377 1.285
0.765997 1.28475
0.763611 1.2845
0.761244 1.28425
0.758868 1.284
0.75654 1.28375
0.754164 1.2835
0.7518 1.28325
0.749438 1.283
0.747058 1.28275
0.744633 1.2825
0.742254 1.28225
0.739876 1.282
0.737505 1.28175
0.735148 1.2815
0.732776 1.28125
0.730447 1.281
0.728112 1.28075
0.725739 1.2805
0.723346 1.28025
0.721021 1.28
0.718685 1.27975
0.716337 1.2795
0.713988 1.27925
0.711616 1.279
0.709271 1.27875
0.706889 1.2785
0.704552 1.27825
0.702186 1.278
0.699843 1.27775
0.697445 1.2775
0.695015 1.27725
0.692643 1.277
0.690262 1.27675
0.687918 1.2765
0.685553 1.27625
0.683204 1.276
0.68083 1.27575
0.678464 1.2755
0.676122 1.27525
0.673767 1.275
0.671375 1.27475
0.669017 1.2745
0.666655 1.27425
0.664286 1.274
0.661899 1.27375
0.659553 1.2735
0.657201 1.27325
0.654877 1.273
0.652539 1.27275
0.650186 1.2725
0.647817 1.27225
0.645415 1.272
0.643056 1.27175
0.640605 1.2715
0.638223 1.27125
0.635906 1.271
0.633563 1.27075
0.631244 1.2705
0.628895 1.27025
0.626585 1.27
0.624257 1.26975
0.621918 1.2695
0.619555 1.26925
0.617182 1.269
0.614848 1.26875
0.612515 1.2685
0.610122 1.26825
0.607752 1.268
0.605439 1.26775
0.603117 1.2675
0.600765 1.26725
0.5984 1.267
0.596022 1.26675
0.593638 1.2665
0.591278 1.26625
0.588936 1.266
0.586567 1.26575
0.584209 1.2655
0.581841 1.26525
0.579507 1.265
0.577159 1.26475
0.574845 1.2645
0.572448 1.26425
0.570037 1.264
0.567713 1.26375
0.565327 1.2635
0.562996 1.26325
0.560679 1.263
0.558333 1.26275
0.555964 1.2625
0.553605 1.26225
0.551199 1.262
0.548876 1.26175
0.546555 1.2615
0.544217 1.26125
0.541899 1.261
0.539569 1.26075
0.537214 1.2605
0.534883 1.26025
0.532537 1.26
0.530202 1.25975
0.527884 1.2595
0.52552 1.25925
0.523188 1.259
0.520842 1.25875
0.518514 1.2585
0.516169 1.25825
0.513841 1.258
0.511514 1.25775
0.50915 1.2575
0.506817 1.25725
0.504406 1.257
0.502055 1.25675
0.499679 1.2565
0.497371 1.25625
0.495021 1.256
0.492677 1.25575
0.490382 1.2555
0.488065 1.25525
0.485707 1.255
0.483375 1.25475
0.481063 1.2545
0.478723 1.25425
0.476386 1.254
0.474078 1.25375
0.471795 1.2535
0.469413 1.25325
0.467106 1.253
0.464715 1.25275
0.462415 1.2525
0.460067 1.25225
0.457725 1.252
0.455405 1.25175
0.453083 1.2515
0.450773 1.25125
0.448428 1.251
0.446054 1.25075
0.443693 1.2505
0.441356 1.25025
0.439006 1.25
0.436663 1.24975
0.434304 1.2495
0.43198 1.24925
0.429665 1.249
0.427292 1.24875
0.424946 1.2485
0.422611 1.24825
0.420279 1.248
0.417971 1.24775
0.415641 1.2475
0.413322 1.24725
0.410988 1.247
0.40865 1.24675
0.406341 1.2465
0.403978 1.24625
0.401682 1.246
0.399307 1.24575
0.396966 1.2455
0.394673 1.24525
0.392326 1.245
0.390008 1.24475
0.387698 1.2445
0.38537 1.24425
0.383073 1.244
0.380735 1.24375
0.378404 1.2435
0.376041 1.24325
0.373712 1.243
0.371424 1.24275
0.369034 1.2425
0.366714 1.24225
0.364404 1.242
0.362071 1.24175
0.359726 1.2415
0.357379 1.24125
0.355031 1.241
0.35269 1.24075
0.350382 1.2405
0.348025 1.24025
0.345711 1.24
0.343404 1.23975
0.341049 1.2395
0.338741 1.23925
0.336413 1.239
0.334082 1.23875
0.331734 1.2385
0.329458 1.23825
0.327128 1.238
0.324855 1.23775
0.322509 1.2375
0.320227 1.23725
0.317932 1.237
0.315567 1.23675
0.313217 1.2365
0.310863 1.23625
0.308568 1.236
0.30626 1.23575
0.303947 1.2355
0.301547 1.23525
0.299234 1.235
0.296921 1.23475
0.294606 1.2345
0.292308 1.23425
0.289981 1.234
0.287664 1.23375
0.285349 1.2335
0.283033 1.23325
0.280706 1.233
0.2784 1.23275
0.27601 1.2325
0.273691 1.23225
0.271384 1.232
0.269069 1.23175
0.26665 1.2315
0.264344 1.23125
0.262044 1.231
0.259701 1.23075
0.257424 1.2305
0.255066 1.23025
0.252673 1.23
0.25034 1.22975
0.248019 1.2295
0.245731 1.22925
0.243411 1.229
0.241048 1.22875
0.238733 1.2285
0.236416 1.22825
0.234105 1.228
0.231788 1.22775
0.229475 1.2275
0.22719 1.22725
0.224861 1.227
0.222578 1.22675
0.220281 1.2265
0.217953 1.22625
0.215635 1.226
0.213378 1.22575
0.211052 1.2255
0.208771 1.22525
0.206386 1.225
0.204062 1.22475
0.201735 1.2245
0.199446 1.22425
0.19711 1.224
0.194765 1.22375
0.192456 1.2235
0.190126 1.22325
0.187807 1.223
0.185482 1.22275
0.183188 1.2225
0.180918 1.22225
0.178599 1.222
0.176272 1.22175
0.173983 1.2215
0.171665 1.22125
0.169359 1.221
0.167059 1.22075
0.164705 1.2205
0.162381 1.22025
0.160108 1.22
0.157776 1.21975
0.155474 1.2195
0.153137 1.21925
0.150721 1.219
0.148398 1.21875
0.146098 1.2185
0.143715 1.21825
0.141373 1.218
0.139053 1.21775
0.136765 1.2175
0.134471 1.21725
0.132177 1.217
0.129811 1.21675
0.127466 1.2165
0.12516 1.21625
0.122884 1.216
0.120569 1.21575
0.118276 1.2155
0.115987 1.21525
0.113654 1.215
0.111369 1.21475
0.109086 1.2145
0.106822 1.21425
0.104534 1.214
0.102242 1.21375
0.0999566 1.2135
0.097637 1.21325
0.0953347 1.213
0.0930271 1.21275
0.0907232 1.2125
0.0884538 1.21225
0.0861204 1.212
0.0837284 1.21175
0.0814521 1.2115
0.079178 1.21125
0.0768506 1.211
0.0745845 1.21075
0.0722709 1.2105
0.0699606 1.21025
0.0676669 1.21
0.065348 1.20975
0.0630634 1.2095
0.0607733 1.20925
0.0584811 1.209
0.0561709 1.20875
0.0538294 1.2085
0.0514744 1.20825
0.0491985 1.208
0.046878 1.20775
0.0445824 1.2075
0.0422578 1.20725
0.0399402 1.207
0.0376417 1.20675
0.0353549 1.2065
0.0330016 1.20625
0.0306472 1.206
0.0283053 1.20575
0.0260171 1.2055
0.0237118 1.20525
0.0214292 1.205
0.0191529 1.20475
0.0168665 1.2045
0.0145657 1.20425
0.0122898 1.204
0.0100122 1.20375
0.00771435 1.2035
0.00541606 1.20325
0.00313511 1.203
0.000802655 1.20275
-0.00148681 1.2025
-0.00380388 1.20225
-0.00607316 1.202
-0.00834226 1.20175
-0.0106431 1.2015
-0.0129358 1.20125
-0.0152133 1.201
-0.0175006 1.20075
-0.0198185 1.2005
-0.0220751 1.20025
-0.0243686 1.2
-0.0266508 1.19975
-0.028965 1.1995
-0.0312576 1.19925
-0.0335899 1.199
-0.035955 1.19875
-0.0382903 1.1985
-0.0406282 1.19825
-0.0429078 1.198
-0.0451989 1.19775
-0.0475139 1.1975
-0.0497867 1.19725
-0.0520801 1.197
-0.054377 1.19675
-0.0567182 1.1965
-0.0590466 1.19625
-0.0613796 1.196
-0.0636664 1.19575
-0.065948 1.1955
-0.068254 1.19525
-0.0705858 1.195
-0.0728776 1.19475
-0.0751683 1.1945
-0.0774595 1.19425
-0.0797527 1.194
-0.0820568 1.19375
-0.0843559 1.1935
-0.0866354 1.19325
-0.0889534 1.193
-0.091254 1.19275
-0.0935289 1.1925
-0.0958091 1.19225
-0.0980727 1.192
-0.100371 1.19175
-0.102668 1.1915
-0.104945 1.19125
-0.107278 1.191
-0.109561 1.19075
-0.111834 1.1905
-0.114111 1.19025
-0.116416 1.19
-0.118718 1.18975
-0.121 1.1895
-0.123284 1.18925
-0.125568 1.189
-0.127876 1.18875
-0.130171 1.1885
-0.132456 1.18825
-0.134722 1.188
-0.137033 1.18775
-0.139318 1.1875
-0.141613 1.18725
-0.143883 1.187
-0.146174 1.18675
-0.148476 1.1865
-0.150775 1.18625
-0.153091 1.186
-0.15538 1.18575
-0.157673 1.1855
-0.159959 1.18525
-0.162244 1.185
-0.164544 1.18475
-0.166827 1.1845
-0.169154 1.18425
-0.171445 1.184
-0.173712 1.18375
-0.176055 1.1835
-0.178342 1.18325
-0.180659 1.183
-0.18296 1.18275
-0.18523 1.1825
-0.187504 1.18225
-0.18978 1.182
-0.192071 1.18175
-0.194335 1.1815
-0.196621 1.18125
-0.198911 1.181
-0.201229 1.18075
-0.203538 1.1805
-0.205826 1.18025
-0.208101 1.18
-0.210382 1.17975
-0.212707 1.1795
-0.214957 1.17925
-0.217231 1.179
-0.219523 1.17875
-0.221837 1.1785
-0.22412 1.17825
-0.22641 1.178
-0.228717 1.17775
-0.23099 1.1775
-0.233337 1.17725
-0.235639 1.177
-0.237905 1.17675
-0.240216 1.1765
-0.242516 1.17625
-0.244804 1.176
-0.247089 1.17575
-0.249411 1.1755
-0.25168 1.17525
-0.253955 1.175
-0.256259 1.17475
-0.258529 1.1745
-0.260827 1.17425
-0.263121 1.174
-0.26537 1.17375
-0.267672 1.1735
-0.269985 1.17325
-0.27227 1.173
-0.274558 1.17275
-0.276864 1.1725
-0.279149 1.17225
-0.281441 1.172
-0.283731 1.17175
-0.286034 1.1715
-0.2883 1.17125
-0.290576 1.171
-0.292875 1.17075
-0.295129 1.1705
-0.297404 1.17025
-0.299675 1.17
-0.301956 1.16975
-0.304262 1.1695
-0.306554 1.16925
-0.308825 1.169
-0.311093 1.16875
-0.313409 1.1685
-0.315681 1.16825
-0.317947 1.168
-0.320248 1.16775
-0.322513 1.1675
-0.324799 1.16725
-0.327077 1.167
-0.329344 1.16675
-0.331597 1.1665
-0.333871 1.16625
-0.336153 1.166
-0.338399 1.16575
-0.340673 1.1655
-0.342965 1.16525
-0.345251 1.165
-0.347528 1.16475
-0.349838 1.1645
-0.352119 1.16425
-0.354416 1.164
-0.356729 1.16375
-0.359031 1.1635
-0.361325 1.16325
-0.363605 1.163
-0.365907 1.16275
-0.368196 1.1625
-0.370479 1.16225
-0.372769 1.162
-0.375071 1.16175
-0.377365 1.1615
-0.379641 1.16125
-0.381923 1.161
-0.384195 1.16075
-0.386477 1.1605
-0.388746 1.16025
-0.391047 1.16
-0.393312 1.15975
-0.395584 1.1595
-0.397889 1.15925
-0.400158 1.159
-0.402428 1.15875
-0.404702 1.1585
-0.406972 1.15825
-0.409287 1.158
-0.411583 1.15775
-0.413908 1.1575
-0.41622 1.15725
-0.418513 1.157
-0.420783 1.15675
-0.423078 1.1565
-0.42539 1.15625
-0.427692 1.156
-0.429971 1.15575
-0.432256 1.1555
-0.434502 1.15525
-0.436797 1.155
-0.439071 1.15475
-0.441357 1.1545
-0.443666 1.15425
-0.445938 1.154
-0.448212 1.15375
-0.450492 1.1535
-0.452771 1.15325
-0.455052 1.153
-0.457316 1.15275
-0.459585 1.1525
-0.461857 1.15225
-0.464135 1.152
-0.466421 1.15175
-0.468716 1.1515
-0.471011 1.15125
-0.473301 1.151
-0.475609 1.15075
-0.477896 1.1505
-0.48018 1.15025
-0.482515 1.15
-0.4848 1.14975
-0.487073 1.1495
-0.489354 1.14925
-0.491659 1.149
-0.493957 1.14875
-0.496242 1.1485
-0.498519 1.14825
-0.500795 1.148
-0.503055 1.14775
-0.505322 1.1475
-0.507593 1.14725
-0.509912 1.147
-0.512187 1.14675
-0.514449 1.1465
-0.516742 1.14625
-0.519014 1.146
-0.521287 1.14575
-0.523569 1.1455
-0.525895 1.14525
-0.52819 1.145
-0.530464 1.14475
-0.532738 1.1445
-0.535015 1.14425
-0.537301 1.144
-0.539573 1.14375
-0.541834 1.1435
-0.544121 1.14325
-0.5464 1.143
-0.548696 1.14275
-0.55097 1.1425
-0.553253 1.14225
-0.55552 1.142
-0.557813 1.14175
-0.560092 1.1415
-0.56235 1.14125
-0.564652 1.141
-0.566926 1.14075
-0.569205 1.1405
-0.571489 1.14025
-0.573757 1.14
-0.57602 1.13975
-0.57829 1.1395
-0.580577 1.13925
-0.582849 1.139
-0.585138 1.13875
-0.587387 1.1385
-0.589704 1.13825
-0.591972 1.138
-0.59425 1.13775
-0.596545 1.1375
-0.598801 1.13725
-0.601072 1.137
-0.603364 1.13675
-0.605644 1.1365
-0.60792 1.13625
-0.610264 1.136
-0.612545 1.13575
-0.614862 1.1355
-0.617179 1.13525
-0.619454 1.135
-0.621757 1.13475
-0.624014 1.1345
-0.62631 1.13425
-0.628581 1.134
-0.630874 1.13375
-0.633175 1.1335
-0.635479 1.13325
-0.637741 1.133
-0.640008 1.13275
-0.642296 1.1325
-0.644601 1.13225
-0.646869 1.132
-0.649141 1.13175
-0.651443 1.1315
-0.653696 1.13125
-0.655972 1.131
-0.658254 1.13075
-0.660518 1.1305
-0.662769 1.13025
-0.665041 1.13
-0.667348 1.12975
-0.669597 1.1295
-0.671874 1.12925
-0.674138 1.129
-0.676415 1.12875
-0.678692 1.1285
-0.680971 1.12825
-0.683241 1.128
-0.685517 1.12775
-0.68776 1.1275
-0.690051 1.12725
-0.692301 1.127
-0.694588 1.12675
-0.69687 1.1265
-0.699119 1.12625
-0.701431 1.126
-0.703711 1.12575
-0.705972 1.1255
-0.708254 1.12525
-0.71052 1.125
-0.712777 1.12475
-0.715039 1.1245
-0.717334 1.12425
-0.719607 1.124
-0.721879 1.12375
-0.724157 1.1235
-0.72645 1.12325
-0.728712 1.123
-0.730975 1.12275
-0.733277 1.1225
-0.735554 1.12225
-0.737837 1.122
-0.740127 1.12175
-0.7424 1.1215
-0.744682 1.12125
-0.746965 1.121
-0.74922 1.12075
-0.751512 1.1205
-0.753778 1.12025
-0.75609 1.12
-0.758365 1.11975
-0.760644 1.1195
-0.762947 1.11925
-0.765199 1.119
-0.76747 1.11875
-0.769726 1.1185
-0.771998 1.11825
-0.774282 1.118
-0.776529 1.11775
-0.778809 1.1175
-0.781074 1.11725
-0.783336 1.117
-0.785626 1.11675
-0.787918 1.1165
-0.790208 1.11625
-0.79248 1.116
-0.794751 1.11575
-0.797013 1.1155
-0.799312 1.11525
-0.801602 1.115
-0.803883 1.11475
-0.806148 1.1145
-0.808403 1.11425
-0.810669 1.114
-0.812925 1.11375
-0.815174 1.1135
-0.817417 1.11325
-0.819688 1.113
-0.821953 1.11275
-0.824225 1.1125
-0.826507 1.11225
-0.828781 1.112
-0.831077 1.11175
-0.833352 1.1115
-0.835646 1.11125
-0.83791 1.111
-0.840171 1.11075
-0.842459 1.1105
-0.844714 1.11025
-0.847022 1.11
-0.849303 1.10975
-0.851561 1.1095
-0.853826 1.10925
-0.856106 1.109
-0.858366 1.10875
-0.860616 1.1085
-0.86291 1.10825
-0.865176 1.108
-0.867429 1.10775
-0.869721 1.1075
-0.871981 1.10725
-0.874249 1.107
-0.876547 1.10675
-0.878803 1.1065
-0.881099 1.10625
-0.883353 1.106
-0.885622 1.10575
-0.88788 1.1055
-0.890151 1.10525
-0.892426 1.105
-0.894692 1.10475
-0.896938 1.1045
-0.899229 1.10425
-0.901511 1.104
-0.903777 1.10375
-0.906044 1.1035
-0.908322 1.10325
-0.910593 1.103
-0.912865 1.10275
-0.915174 1.1025
-0.917459 1.10225
-0.919725 1.102
-0.921988 1.10175
-0.924283 1.1015
-0.926568 1.10125
-0.928843 1.101
-0.931115 1.10075
-0.933406 1.1005
-0.935699 1.10025
-0.937949 1.1
-0.940191 1.09975
-0.942479 1.0995
-0.944773 1.09925
-0.947051 1.099
-0.949341 1.09875
-0.951613 1.0985
-0.953887 1.09825
-0.956155 1.098
-0.958433 1.09775
-0.960695 1.0975
-0.962976 1.09725
-0.965236 1.097
-0.967503 1.09675
-0.969781 1.0965
-0.972063 1.09625
-0.974328 1.096
-0.9766 1.09575
-0.978892 1.0955
-0.981178 1.09525
-0.983439 1.095
-0.985688 1.09475
-0.987949 1.0945
-0.99022 1.09425
-0.992472 1.094
-0.99474 1.09375
-0.997023 1.0935
-0.999289 1.09325
-1.00154 1.093
-1.00381 1.09275
-1.00607 1.0925
-1.00836 1.09225
-1.01063 1.092
-1.01288 1.09175
-1.01514 1.0915
-1.01742 1.09125
-1.01968 1.091
-1.02193 1.09075
-1.02419 1.0905
-1.02645 1.09025
-1.0287 1.09
-1.03098 1.08975
-1.03323 1.0895
-1.03548 1.08925
-1.03776 1.089
-1.03999 1.08875
-1.04225 1.0885
-1.04455 1.08825
-1.04681 1.088
-1.04907 1.08775
-1.05135 1.0875
-1.05364 1.08725
-1.05594 1.087
-1.05822 1.08675
-1.06048 1.0865
-1.06275 1.08625
-1.06501 1.086
-1.06727 1.08575
-1.06953 1.0855
-1.07178 1.08525
-1.07404 1.085
-1.0763 1.08475
-1.07856 1.0845
-1.08083 1.08425
-1.08311 1.084
-1.08536 1.08375
-1.08766 1.0835
-1.08996 1.08325
-1.09224 1.083
-1.0945 1.08275
-1.09675 1.0825
-1.09899 1.08225
-1.10124 1.082
-1.10351 1.08175
-1.10576 1.0815
-1.10804 1.08125
-1.11034 1.081
-1.1126 1.08075
-1.11485 1.0805
-1.11713 1.08025
-1.11945 1.08
-1.12172 1.07975
-1.12402 1.0795
-1.12626 1.07925
-1.12851 1.079
-1.13081 1.07875
-1.13305 1.0785
-1.13534 1.07825
-1.13758 1.078
-1.13986 1.07775
-1.14212 1.0775
-1.14441 1.07725
-1.14668 1.077
-1.14897 1.07675
-1.15121 1.0765
-1.15347 1.07625
-1.15572 1.076
-1.15802 1.07575
-1.16031 1.0755
-1.16258 1.07525
-1.16484 1.075
-1.1671 1.07475
-1.16937 1.0745
-1.17165 1.07425
-1.1739 1.074
-1.17616 1.07375
-1.17846 1.0735
-1.18074 1.07325
-1.18299 1.073
-1.18523 1.07275
-1.18749 1.0725
-1.18975 1.07225
-1.19202 1.072
-1.19427 1.07175
-1.19652 1.0715
-1.19878 1.07125
-1.20105 1.071
-1.20333 1.07075
-1.20558 1.0705
-1.20784 1.07025
-1.21009 1.07
-1.21233 1.06975
-1.21461 1.0695
-1.21687 1.06925
-1.21913 1.069
-1.22141 1.06875
-1.22372 1.0685
-1.226 1.06825
-1.22827 1.068
-1.23053 1.06775
-1.23279 1.0675
-1.23504 1.06725
-1.23729 1.067
-1.23957 1.06675
-1.24182 1.0665
-1.24409 1.06625
-1.24635 1.066
-1.24861 1.06575
-1.25088 1.0655
-1.25314 1.06525
-1.2554 1.065
-1.25765 1.06475
-1.25994 1.0645
-1.26218 1.06425
-1.26445 1.064
-1.26674 1.06375
-1.269 1.0635
-1.27127 1.06325
-1.27356 1.063
-1.27581 1.06275
-1.27809 1.0625
-1.28036 1.06225
-1.28265 1.062
-1.28493 1.06175
-1.2872 1.0615
-1.28946 1.06125
-1.29173 1.061
-1.294 1.06075
-1.29625 1.0605
-1.29854 1.06025
-1.30082 1.06
-1.30309 1.05975
-1.30535 1.0595
-1.30761 1.05925
-1.30988 1.059
-1.31215 1.05875
-1.31442 1.0585
-1.31667 1.05825
-1.31894 1.058
-1.3212 1.05775
-1.32346 1.0575
-1.32575 1.05725
-1.32802 1.057
-1.33028 1.05675
-1.33255 1.0565
-1.33484 1.05625
-1.33709 1.056
-1.33935 1.05575
-1.3416 1.0555
-1.34386 1.05525
-1.34612 1.055
-1.34838 1.05475
-1.35063 1.0545
-1.35288 1.05425
-1.35514 1.054
-1.35742 1.05375
-1.35969 1.0535
-1.36195 1.05325
-1.36421 1.053
-1.36646 1.05275
-1.3687 1.0525
-1.37097 1.05225
-1.37322 1.052
-1.37547 1.05175
-1.37774 1.0515
-1.38 1.05125
-1.38224 1.051
-1.38451 1.05075
-1.38678 1.0505
-1.38903 1.05025
-1.39128 1.05
-1.39354 1.04975
-1.39579 1.0495
-1.39804 1.04925
-1.40029 1.049
-1.40255 1.04875
-1.40483 1.0485
-1.40708 1.04825
-1.40932 1.048
-1.41158 1.04775
-1.41383 1.0475
-1.41609 1.04725
-1.41837 1.047
-1.42063 1.04675
-1.42289 1.0465
-1.42513 1.04625
-1.42742 1.046
-1.42966 1.04575
-1.43192 1.0455
-1.43417 1.04525
-1.43641 1.045
-1.43868 1.04475
-1.44097 1.0445
-1.44325 1.04425
-1.44552 1.044
-1.44782 1.04375
-1.45009 1.0435
-1.45235 1.04325
-1.45461 1.043
-1.45688 1.04275
-1.45912 1.0425
-1.46137 1.04225
-1.46361 1.042
-1.46587 1.04175
-1.46814 1.0415
-1.4704 1.04125
-1.47267 1.041
-1.47492 1.04075
-1.47718 1.0405
-1.47946 1.04025
-1.4817 1.04
-1.48395 1.03975
-1.48619 1.0395
-1.48849 1.03925
-1.49076 1.039
-1.49301 1.03875
-1.49528 1.0385
-1.49754 1.03825
-1.49981 1.038
-1.50206 1.03775
-1.50431 1.0375
-1.50657 1.03725
-1.50882 1.037
-1.5111 1.03675
-1.51335 1.0365
-1.51561 1.03625
-1.5179 1.036
-1.52014 1.03575
-1.52238 1.0355
-1.52462 1.03525
-1.52688 1.035
-1.52914 1.03475
-1.53141 1.0345
-1.53366 1.03425
-1.53596 1.034
-1.53822 1.03375
-1.54049 1.0335
-1.54275 1.03325
-1.545 1.033
-1.54729 1.03275
-1.54955 1.0325
-1.55182 1.03225
-1.55408 1.032
-1.55637 1.03175
-1.55863 1.0315
-1.56087 1.03125
-1.56315 1.031
-1.5654 1.03075
-1.56767 1.0305
-1.56992 1.03025
-1.57219 1.03
-1.57447 1.02975
-1.57673 1.0295
-1.57898 1.02925
-1.58121 1.029
-1.58348 1.02875
-1.58576 1.0285
-1.58802 1.02825
-1.59028 1.028
-1.59254 1.02775
-1.59478 1.0275
-1.59704 1.02725
-1.59933 1.027
-1.6016 1.02675
-1.60387 1.0265
-1.60611 1.02625
-1.60836 1.026
-1.61062 1.02575
-1.61287 1.0255
-1.61515 1.02525
-1.6174 1.025
-1.61965 1.02475
-1.62191 1.0245
-1.62416 1.02425
-1.62641 1.024
-1.62867 1.02375
-1.63093 1.0235
-1.63319 1.02325
-1.63544 1.023
-1.63767 1.02275
-1.63994 1.0225
-1.64218 1.02225
-1.64442 1.022
-1.64665 1.02175
-1.64891 1.0215
-1.65116 1.02125
-1.65342 1.021
-1.65567 1.02075
-1.65795 1.0205
-1.6602 1.02025
-1.66246 1.02
-1.66473 1.01975
-1.66697 1.0195
-1.66925 1.01925
-1.67149 1.019
-1.67374 1.01875
-1.67601 1.0185
-1.67828 1.01825
-1.68055 1.018
-1.68281 1.01775
-1.68507 1.0175
-1.68732 1.01725
-1.68958 1.017
-1.69183 1.01675
-1.69408 1.0165
-1.69633 1.01625
-1.69859 1.016
-1.70084 1.01575
-1.70311 1.0155
-1.70538 1.01525
-1.70763 1.015
-1.70988 1.01475
-1.71216 1.0145
-1.7144 1.01425
-1.71666 1.014
-1.71892 1.01375
-1.72115 1.0135
-1.7234 1.01325
-1.72566 1.013
-1.72794 1.01275
-1.73017 1.0125
-1.73243 1.01225
-1.73467 1.012
-1.73693 1.01175
-1.73917 1.0115
-1.74143 1.01125
-1.74369 1.011
-1.74595 1.01075
-1.7482 1.0105
-1.75046 1.01025
-1.7527 1.01
-1.75496 1.00975
-1.75722 1.0095
-1.75948 1.00925
-1.76173 1.009
-1.76396 1.00875
-1.76622 1.0085
-1.76849 1.00825
-1.77075 1.008
-1.77301 1.00775
-1.77526 1.0075
-1.77751 1.00725
-1.77975 1.007
-1.78201 1.00675
-1.78426 1.0065
-1.78651 1.00625
-1.78877 1.006
-1.79103 1.00575
-1.79331 1.0055
-1.79558 1.00525
-1.79785 1.005
-1.80008 1.00475
-1.80233 1.0045
-1.80457 1.00425
-1.80682 1.004
-1.80909 1.00375
-1.81133 1.0035
-1.81361 1.00325
-1.81587 1.003
-1.81814 1.00275
-1.82038 1.0025
-1.82264 1.00225
-1.82488 1.002
-1.82715 1.00175
-1.82939 1.0015
-1.83166 1.00125
-1.83393 1.001
-1.8362 1.00075
-1.83846 1.0005
-1.8407 1.00025
-1.84071 1
